# time = 0.05
# Grid points = 160
# Pressure (Pa) = 101325
#             1_pos             2_posf             3_rho             4_dvisc             5_uvel             6_vvel             7_wvel             8_temp             9_mixf            10_chi            11_hr            12_y_H2            13_y_H            14_y_O            15_y_O2            16_y_OH            17_y_H2O            18_y_HO2            19_y_CH2            20_y_CH2(S)            21_y_CH3            22_y_CH4            23_y_CO            24_y_CO2            25_y_HCO            26_y_CH2O            27_y_CH2OH            28_y_N2            29_enth
  -7.2527304643e-01  -7.5000000000e-01   1.1719839921e+00   1.8630700790e-05   6.9783705594e-20   3.3789265836e-92   1.6614132463e-92   3.0000000000e+02  -2.1502453731e-05   1.2527050874e-35  -6.1636514477e-69   1.1572390421e-59   5.7110670122e-86   8.0012347350e-63   2.3300000000e-01   5.1728474064e-63   1.0296530794e-51   4.2067334224e-54  1.1289377927e-110  7.2086026663e-126   1.1509368979e-81   1.7289681001e-79   4.5179429632e-69   7.3792622019e-53  8.3943720783e-102   4.6519322599e-74  6.5318881479e-141   7.6700000000e-01   1.9075768848e+03
  -6.7557489612e-01  -7.0054609287e-01   1.1719839921e+00   1.8630700790e-05   1.0797727797e-18   1.5858564267e-87   6.8675129914e-88   3.0000000000e+02  -2.1502453731e-05   1.5759663573e-35  -6.1011403065e-69   1.1643090527e-55   1.9114177758e-86   1.4877377891e-62   2.3300000000e-01   2.1116218921e-61   2.0060729524e-47   1.4079373621e-54  9.0099971745e-111  4.7493996415e-112   3.9320742047e-77   5.9588336816e-75   1.6888256526e-64   1.9200418645e-48   2.1986898891e-97   1.2184540178e-69  5.7311595507e-137   7.6700000000e-01   1.9075768848e+03
  -6.2563250264e-01  -6.5060369938e-01   1.1719839921e+00   1.8630700790e-05   1.9154754546e-17   7.0899998722e-83   2.7365994892e-83   3.0000000000e+02  -2.1502453731e-05   3.7604579622e-64   1.9848945067e-66   1.0587765851e-51   1.2271397104e-85   2.7565561448e-58   2.3300000000e-01   4.5759377212e-57   4.1071011876e-43   9.0389854268e-54  4.2001413334e-100  -1.4902694447e-97   1.2523782766e-72   1.9132576925e-70   5.9010202207e-60   5.6453380320e-44   6.5195090779e-93   3.6129341533e-65  4.4258433558e-131   7.6700000000e-01   1.9075768848e+03
  -5.7569010915e-01  -6.0066130589e-01   1.1719839921e+00   1.8630700790e-05   2.6882220538e-18   2.7702944575e-78   9.3173245758e-79   3.0000000000e+02  -2.1502453731e-05   1.5699405142e-35   5.5430745841e-62   8.4214458701e-48   1.5438075004e-86   5.2496961686e-54   2.3300000000e-01   8.7919828322e-53   7.1533841690e-39   7.9568854013e-55  -1.5230328628e-90   1.6783856882e-99   3.4866018009e-68   5.3702142098e-66   1.8027134995e-55   1.4112055022e-39   1.6436258947e-88   9.1081469319e-61  1.7386252302e-122   7.6700000000e-01   1.9075768848e+03
  -5.2574771566e-01  -5.5071891240e-01   1.1719839921e+00   1.8630700790e-05   2.3043690632e-17   9.3351555948e-74   2.6517779211e-74   3.0000000000e+02  -2.1502453731e-05   1.9383535621e-35   1.3310887245e-57   5.7834043685e-44   4.1662633301e-83   8.6252729333e-50   2.3300000000e-01   1.4580402110e-48   1.0415099265e-34   7.2374877703e-52   1.1308655419e-91  1.5368807413e-102   8.3725660865e-64   1.3003149496e-61   4.7512463147e-51   2.9465035509e-35   3.4607295323e-84   1.9178419970e-56  6.7789608796e-114   7.6700000000e-01   1.9075768848e+03
  -4.7580532217e-01  -5.0077651892e-01   1.1719839921e+00   1.8630700790e-05   1.8968231550e-17   2.6614206758e-69   6.0950737604e-70   3.0000000000e+02  -2.1502453731e-05   1.7445781462e-36   2.7050088610e-53   3.3661741095e-40   4.0184929270e-79   1.1994801567e-45   2.3300000000e-01   2.0473742633e-44   1.2346473462e-30   1.5949408082e-47  -3.2854188015e-86   7.2023473194e-89   1.7014542334e-59   2.6647825097e-57   1.0599345126e-46   5.0029455403e-31   5.9257876280e-80   3.2839100402e-52  1.9018119491e-105   7.6700000000e-01   1.9075768848e+03
  -4.2586292868e-01  -4.5083412543e-01   1.1719839921e+00   1.8630700790e-05   3.5222971271e-18   6.2451920850e-65   1.0663848012e-65   3.0000000000e+02  -2.1502453731e-05   3.1012058619e-36   4.5263676380e-49   1.6172369060e-36   4.8322162119e-75   1.3738638975e-41   2.3300000000e-01   2.3683603876e-40   1.1445895079e-26   2.8957852621e-43  -7.7536756808e-79  -1.4503391160e-77   2.8470913684e-55   4.4973429693e-53   1.9474191885e-42   6.6300003747e-27   7.9194671633e-76   4.3886045889e-48   3.6325715909e-97   7.6700000000e-01   1.9075768848e+03
  -3.7592053520e-01  -4.0089173194e-01   1.1719839921e+00   1.8630700790e-05   2.2260960690e-17   1.1579240170e-60   1.2535173116e-61   3.0000000000e+02  -2.1502453731e-05   7.7550127258e-37   5.9890345788e-45   6.1708369864e-33   4.1060893272e-70   1.2448309327e-37   2.3300000000e-01   2.1672727280e-36   7.7807927509e-23   4.1566600614e-39  -2.2643352024e-82  -9.1145360379e-86   3.7671108527e-51   6.0029992444e-49   2.8299724314e-38   6.4186905259e-23   7.7310070041e-72   4.2843129196e-44   4.3547642990e-89   7.6700000000e-01   1.9075768848e+03
  -3.2597814171e-01  -3.5094933845e-01   1.1719839921e+00   1.8630700790e-05   2.8615792829e-17   1.5898267211e-56   6.1880261036e-58   3.0000000000e+02  -2.1502453731e-05   4.8454843148e-34   5.8771093961e-41   1.7620506095e-29   7.4851780120e-63   8.3727644951e-34   2.3300000000e-01   1.4716790751e-32   3.4641867407e-19   4.4233705169e-35   5.9179998522e-77   1.6906104403e-78   3.6967087830e-47   5.9450621807e-45   3.0514822064e-34   4.0345205140e-19   4.9042443914e-68   2.7150842461e-40   2.8820893377e-81   7.6700000000e-01   1.9075768848e+03
  -2.7603574822e-01  -3.0100694496e-01   1.1719839921e+00   1.8630700790e-05   3.0181368183e-14   1.4388189835e-52  -6.5774318139e-54   3.0000000000e+02  -2.1502453730e-05   2.5598505982e-28   3.8180529969e-37   3.4060338009e-26   8.4242108516e-56   3.7352854737e-30   2.3300000000e-01   6.6200596529e-29   7.9819723584e-16   3.1114823479e-31  -3.1738802109e-66   4.9389748180e-71   2.4004275097e-43   3.9000382102e-41   2.1799702980e-30   1.2744074073e-15   8.5556465340e-64   8.6419723537e-37   8.3854538505e-74   7.6700000000e-01   1.9075768848e+03
  -2.2609335473e-01  -2.5106455148e-01   1.1719839920e+00   1.8630700790e-05   1.8228082117e-11   6.5715733498e-49  -1.2694133208e-49   3.0000000001e+02  -2.1502453492e-05   7.8867455292e-24   1.9688937696e-33   3.6737159511e-23   3.1614798953e-49   8.6183005526e-27   2.3300000000e-01   1.5319309927e-25   4.6785406771e-13   1.1166225497e-27   7.3506121881e-63   3.8024871566e-64   7.9866472063e-40   1.3170990853e-37   8.0291101625e-27   7.9256942983e-13   1.0079325419e-57   5.3812655585e-34   6.4474210643e-67   7.6700000000e-01   1.9075768821e+03
  -1.7615096125e-01  -2.0112215799e-01   1.1719839849e+00   1.8630700875e-05   3.2008666546e-09   3.5244706350e-46  -8.1985899238e-46   3.0000000184e+02  -2.1502411797e-05   1.4391101969e-20   1.1572142740e-28   1.5117286086e-20   5.1817582410e-44   3.6612421217e-24   2.3299999982e-01   5.9236279906e-23   8.1416060568e-11   5.9692401873e-25   1.5354488124e-57   7.9184565616e-59   4.3002856618e-37   7.9723394700e-35   5.5686075921e-24   1.4029386623e-10   6.9014760349e-53   9.5289006326e-32   1.3430025294e-61   7.6699999996e-01   1.9075763926e+03
  -1.2620856778e-01  -1.5117976450e-01   1.1719836849e+00   1.8630704418e-05   1.3670271186e-07   1.2039677858e-42  -5.8682414526e-42   3.0000007842e+02  -2.1500662227e-05   2.0061977102e-17   1.5606270984e-22   1.1104767575e-17   6.8534553931e-38   4.9119421230e-21   2.3299999244e-01   6.8599322674e-20   3.4762031916e-09   1.5804026386e-21   4.3763171674e-51   2.2573357639e-52   1.0585772136e-33   2.2304914435e-31   1.9074512666e-20   5.9968350005e-09   3.4234960511e-48   4.0780549068e-30   3.8284193693e-55   7.6699999809e-01   1.9075558135e+03
  -8.8792263003e-02  -1.0123737107e-01   1.1719763183e+00   1.8630791421e-05   3.4008874045e-06   3.0758349369e-39  -1.8665749666e-38   3.0000195889e+02  -2.1457821668e-05   3.2918824038e-14   1.8276248052e-16   6.5942967513e-15   7.7410438407e-32   5.6821845609e-18   2.3299981157e-01   7.5321007774e-17   8.6871497240e-08   3.1352976319e-18   8.7039837156e-45   4.4987323198e-46   1.9214845048e-30   4.3275307545e-28   4.3114147779e-17   1.4887903952e-07   1.1110537929e-43   1.1524913153e-28   7.6275751293e-49   7.6699995268e-01   1.9070582711e+03
  -7.0124596203e-02  -7.6347154939e-02   1.1718470694e+00   1.8632318015e-05   6.0393023236e-05   1.7750400279e-36  -1.3440834681e-35   3.0003495344e+02  -2.0709556748e-05   4.4336157597e-12   1.4705966954e-11   1.0700446641e-12   5.9328387012e-27   1.6555987670e-15   2.3299665245e-01   2.0989730609e-14   1.5512664382e-06   1.5178319961e-15   1.0685249153e-39   5.5268018739e-41   8.4713842967e-28   2.0459040236e-25   2.3952232759e-14   2.6288653814e-06   3.5535544684e-39   1.1446374302e-26   9.3758758387e-44   7.6699916742e-01   1.8985545909e+03
  -5.7679450471e-02  -6.3902037468e-02   1.1707762965e+00   1.8644974848e-05   5.3201961662e-04   1.1314537798e-34  -1.6993454959e-33   3.0030857078e+02  -1.4513837605e-05   2.1869207167e-10   4.6727049821e-08   4.3142558367e-11   1.7702832681e-23   9.4029077454e-14   2.3297049483e-01   1.1257141965e-12   1.3694820114e-05   1.3892910553e-13   4.6937641516e-36   2.4306327429e-37   6.9493418084e-26   1.8769516813e-23   2.7442192581e-12   2.3110632469e-05   2.2482822274e-35   1.2306975476e-24   4.1457440040e-40   7.6699269967e-01   1.8288012399e+03
  -4.7724114023e-02  -5.1456863473e-02   1.1646536426e+00   1.8717679051e-05   3.2386523804e-03  -7.7825927652e-33  -7.1474828035e-32   3.0188270068e+02   2.1100750170e-05   1.1401851302e-08   2.5502713291e-05   8.4647737710e-10   9.0193038556e-21   2.1601332757e-12   2.3282013866e-01   2.5187293313e-11   8.3582669051e-05   4.9917857364e-12   3.2496868264e-33   1.6936017944e-34   2.1688302597e-24   6.7210671250e-22   1.2909672585e-10   1.4057627699e-04   8.8240024952e-32   5.6065612290e-23   2.9794055893e-37   7.6695570139e-01   1.4306945844e+03
  -4.2124424279e-02  -4.3991364573e-02   1.1431940850e+00   1.8977062712e-05   1.2921998103e-02  -6.3933142861e-31  -9.8265607533e-31   3.0753226215e+02   1.4876140621e-04   1.5752635363e-07   2.0536516346e-03   8.0080154220e-09   7.0516737328e-19   1.8720131979e-11   2.3228122111e-01   2.2733222070e-10   3.3523549373e-04   6.3301051358e-11   3.0638590941e-31   1.6327311766e-32   2.3344076032e-23   8.4423080952e-21   2.2947266660e-09   5.5987260194e-04   1.0019337438e-28   8.3737377179e-22   3.2016992216e-35   7.6682366018e-01   1.4836354968e+01
  -3.8387964865e-02  -4.0257483986e-02   1.0942354822e+00   1.9596669136e-05   3.5649656433e-02  -3.2477196212e-29  -1.3449322264e-29   3.2124011726e+02   4.5389215005e-04   2.8799323807e-06   1.0991621253e-01   5.6172597673e-08   3.5339414850e-17   1.2096958408e-10   2.3099338480e-01   1.7067213022e-09   9.6280554820e-04   7.6162565510e-10   1.9522415778e-29   1.0941365963e-30   2.1212980157e-22   9.8942219136e-20   4.7917101852e-08   1.5299659106e-03   1.0625955395e-25   1.3325574896e-20   2.7508674888e-33   7.6651373706e-01  -3.2017571070e+03
  -3.5690010403e-02  -3.6518445744e-02   9.6132417880e-01   2.1508008680e-05   1.0454464395e-01  -6.7651655153e-28  -1.0869291436e-28   3.6539891704e+02   1.4072128160e-03   4.9885549267e-05   4.9300630259e+00   2.6904689660e-07   2.1908829252e-15   8.4112295601e-10   2.2697060481e-01   1.2978555566e-08   3.1333646570e-03   7.9927262911e-09  -3.6667219713e-25   1.0862126562e-28   1.7627989730e-21   9.5869332892e-19   7.5403406981e-07   4.3626104954e-03   1.1177520455e-22   1.7596359581e-19  -1.1457436862e-28   7.6553237515e-01  -1.2695120934e+04
  -3.4439241016e-02  -3.4861575062e-02   8.0744030981e-01   2.4281827238e-05   2.0138511116e-01  -2.7673601317e-27   5.8891069965e-28   4.3438400830e+02   2.8363707239e-03   2.6399157769e-04   4.7713310500e+01   4.6183549228e-07   4.7642694154e-14   4.1113829776e-09   2.2094000913e-01   4.7831345501e-08   6.8908793901e-03   3.2164943102e-08  -1.1610582964e-24   7.0574428807e-28   5.4957060533e-21   2.6624853921e-18   3.7804723575e-06   8.1507493720e-03   1.2798992832e-20   7.0836091206e-19  -2.7267295897e-27   7.6401403569e-01  -2.5855939326e+04
  -3.3742577164e-02  -3.4016906970e-02   6.9513342776e-01   2.6869806952e-05   2.9435987663e-01   2.5302477750e-27   4.8702675730e-27   5.0373566441e+02   4.3116020730e-03   7.0836193321e-04   1.8944764054e+02   5.7233730335e-07   3.8670240254e-13   1.2422409285e-08   2.1471477411e-01   1.1614759247e-07   1.0825323853e-02   7.2850178648e-08   3.6542297022e-26   2.9638823587e-27   1.0026836523e-20   3.4288536083e-18   7.7973417212e-06   1.1893090631e-02   2.1508649737e-19   1.2176125844e-18   6.2193271338e-29   7.6255824030e-01  -3.9331708337e+04
  -3.3239861471e-02  -3.3468247358e-02   6.1492901873e-01   2.9146612525e-05   3.7717354460e-01   2.0306874973e-26   1.2490976440e-26   5.6853257638e+02   5.7500041561e-03   1.4171264466e-03   5.3275084664e+02   6.4802588437e-07   1.9123484307e-12   2.8722022549e-08   2.0864469946e-01   2.3618532748e-07   1.4601565801e-02   1.3099848539e-07   1.0517437205e-25  -2.0232279674e-24   1.5063291452e-20   3.6139589779e-18   1.1797998725e-05   1.5473681412e-02   1.5859704839e-18   1.7408715763e-18  -3.8840588824e-28   7.6126721140e-01  -5.2695398836e+04
  -3.2814100379e-02  -3.3011475584e-02   5.5006687683e-01   3.1354445364e-05   4.5975392902e-01   5.4868449863e-26   2.4404859198e-26   6.3456038775e+02   7.2741509858e-03   2.4972814150e-03   1.3501649739e+03   7.0792396815e-07   7.9665520594e-12   6.0667097447e-08   2.0221246879e-01   4.5852017235e-07   1.8468751780e-02   2.1679172778e-07   2.6320566776e-25  -5.5178570085e-24   2.0665002653e-20   3.4599547269e-18   1.5907533688e-05   1.9301647699e-02   8.7072214600e-18   2.5416837587e-18  -2.5084279169e-27   7.5999978029e-01  -6.6721283796e+04
  -3.2441035265e-02  -3.2616725174e-02   4.9760233931e-01   3.3461892835e-05   5.4087712444e-01   1.0912172512e-25   3.7915594011e-26   7.0038263061e+02   8.8546560453e-03   3.9497949760e-03   3.1820203580e+03   7.5742501164e-07   2.9043838966e-11   1.2042477395e-07   1.9554205388e-01   8.6056731422e-07   2.2336740787e-02   3.3630384420e-07   6.0015973553e-25  -1.3127838450e-23   2.6182384663e-20   3.1032413648e-18   1.9975062362e-05   2.3337290830e-02   3.8874343801e-17   3.9614490481e-18  -9.4764028863e-27   7.5876186469e-01  -8.1248534811e+04
  -3.2109969226e-02  -3.2265345355e-02   4.5516493257e-01   3.5440832949e-05   6.1882129577e-01   1.7021805868e-25   5.4316063212e-26   7.6456698131e+02   1.0452189834e-02   5.7353944716e-03   7.0592223115e+03   8.0024018077e-07   9.4329045659e-11   2.2885630602e-07   1.8879939428e-01   1.5709705360e-06   2.6117120439e-02   4.9253002257e-07   1.1842516377e-24   1.0811884975e-25   3.0712013483e-20   2.6427068458e-18   2.3907216399e-05   2.7489227992e-02   1.4746204033e-16   6.5383074746e-18   1.1392162804e-26   7.5756725738e-01  -9.5834746691e+04
  -3.1808761342e-02  -3.1954593097e-02   4.2022877169e-01   3.7303135884e-05   6.9354019957e-01   2.4264231653e-25   7.3555281332e-26   8.2699041556e+02   1.2060830235e-02   7.8457803339e-03   1.4806001309e+04   8.4057135537e-07   2.7677978994e-10   4.2213856092e-07   1.8200941662e-01   2.8043552083e-06   2.9811843737e-02   6.8444692861e-07   2.4020975003e-24  -5.2363287857e-23   3.3539606808e-20   2.1432528166e-18   2.7749982206e-05   3.1741993755e-02   4.9062820650e-16   1.1114854145e-17  -1.1593402073e-26   7.5640424412e-01  -1.1056162068e+05
  -3.1524249468e-02  -3.1662929586e-02   3.9029073205e-01   3.9106727839e-05   7.6690462329e-01   3.2335240092e-25   9.4044303379e-26   8.8924354633e+02   1.3715587083e-02   1.0349811123e-02   2.9924796042e+04   8.8379553704e-07   7.5967799501e-10   7.7408004521e-07   1.7502418362e-01   4.9888308215e-06   3.3508521118e-02   9.1032042941e-07   4.3072789203e-24  -9.5336522831e-23   3.3876972650e-20   1.6393130928e-18   3.1681765877e-05   3.6191104312e-02   1.5006943226e-15   1.9200952428e-17   8.9560278794e-26   7.5523695140e-01  -1.2564503459e+05
  -3.1252680006e-02  -3.1385569349e-02   3.6434553852e-01   4.0858549702e-05   8.3891635747e-01   4.0807098245e-25   1.1594771524e-25   9.5134649773e+02   1.5415358448e-02   1.3265967427e-02   5.7900228446e+04   9.3651737708e-07   1.9486744377e-09   1.4082712261e-06   1.6784805442e-01   8.8183752750e-06   3.7208308810e-02   1.1570803241e-06   7.1172975014e-24  -1.6568478944e-22   3.1345994280e-20   1.1714168167e-18   3.5863177931e-05   4.0837509338e-02   4.2408041232e-15   3.2914743499e-17   2.5669520017e-25   7.5405794206e-01  -1.4110443816e+05
  -3.0991808480e-02  -3.1119790663e-02   3.4167873631e-01   4.2561276198e-05   9.0945922669e-01   4.9470898214e-25   1.3871814079e-25   1.0132074077e+03   1.7156418494e-02   1.6620707723e-02   1.0680864383e+05   1.0095323926e-06   4.6786203628e-09   2.5237167129e-06   1.6049630669e-01   1.5377568260e-05   4.0906109582e-02   1.4101368613e-06  -1.3926911344e-21   9.1537855471e-25   2.6313625142e-20   7.7524956631e-19   4.0563201571e-05   4.5673914339e-02   1.1143488032e-14   5.5348924997e-17  -1.0799275638e-25   7.5286278055e-01  -1.5698709606e+05
  -3.0739929520e-02  -3.0863826298e-02   3.2173338709e-01   4.4217161822e-05   9.7844782646e-01   5.7095045433e-25   1.6352105866e-25   1.0747439731e+03   1.8935724276e-02   2.0427566287e-02   1.8813779349e+05   1.1210031447e-06   1.0580672487e-08   4.4240220924e-06   1.5298116287e-01   2.6245524530e-05   4.4597965281e-02   1.6626397421e-06   1.2819849728e-23   1.1093168962e-24   1.9999692432e-20   4.7580979824e-19   4.6236370030e-05   5.0693535329e-02   2.7553714551e-14   9.2079015577e-17   2.2892344781e-24   7.5164763638e-01  -1.7338092565e+05
  -3.0496315281e-02  -3.0616032743e-02   3.0410837028e-01   4.5824431350e-05   1.0456617322e+00   6.3577974108e-25   1.8852411596e-25   1.1357398170e+03   2.0746348361e-02   2.4671400245e-02   3.1788825000e+05   1.3006619520e-06   2.2703492019e-08   7.5468696524e-06   1.4533111711e-01   4.3531011097e-05   4.8271383977e-02   1.9173745594e-06   1.5870621961e-23   1.3449676452e-24   1.4641265339e-20   2.8439542671e-19   5.3615225808e-05   5.5877204039e-02   6.5018734554e-14   1.5537376952e-16   7.1389880741e-24   7.5041236102e-01  -1.9025810587e+05
  -3.0260362476e-02  -3.0376597819e-02   2.8847749351e-01   4.7381049208e-05   1.1109167013e+00   6.9362934990e-25   2.1222023060e-25   1.1959755309e+03   2.2581782581e-02   2.9336192922e-02   5.1745393222e+05   1.5952735446e-06   4.6491534544e-08   1.2488322148e-05   1.3757289891e-01   6.9836749214e-05   5.1914891998e-02   2.1811960285e-06   2.2475959026e-23   1.8616772772e-24   1.2608623517e-20   2.0134701125e-19   6.3861087676e-05   6.1204695532e-02   1.4845092234e-13   2.7377728036e-16   2.3153055268e-23   7.4915750444e-01  -2.0759449138e+05
  -3.0029980305e-02  -3.0144127133e-02   2.7447720638e-01   4.8895601729e-05   1.1745148870e+00   7.3172183119e-25   2.3659318332e-25   1.2556590613e+03   2.4449258088e-02   3.4442587211e-02   8.1668014891e+05   2.0799157106e-06   9.1677021527e-08   2.0082497155e-05   1.2967534287e-01   1.0850170226e-04   5.5543041943e-02   2.4613343487e-06  -6.8223138773e-21   4.7554271897e-24   1.8368509623e-20   2.4101233325e-19   7.8901398182e-05   6.6694378133e-02   3.3384743905e-13   5.1618343206e-16   7.9137369579e-23   7.4787511853e-01  -2.2549694396e+05
  -2.9803413564e-02  -2.9915833477e-02   2.6183077531e-01   5.0375017006e-05   1.2367277714e+00   8.0239340445e-25   2.6057526693e-25   1.3149637449e+03   2.6356424672e-02   4.0007607302e-02   1.2556848245e+06   2.8731882498e-06   1.7529294407e-07   3.1450394847e-05   1.2160596935e-01   1.6363438372e-04   5.9168092219e-02   2.7615115336e-06  -2.6293307034e-20   1.8405481829e-23   4.5727956124e-20   5.1269178347e-19   1.0188248696e-04   7.2365619205e-02   7.5029007569e-13   1.0519239613e-15   2.8630488286e-22   7.4655754197e-01  -2.4407199875e+05
  -2.9579947822e-02  -2.9690993652e-02   2.5037307251e-01   5.1818381424e-05   1.2975618399e+00   9.2835020308e-25   2.8358847362e-25   1.3737672137e+03   2.8303734313e-02   4.6010787110e-02   1.8815308828e+06   4.1524383641e-06   3.2545552578e-07   4.7930931156e-05   1.1336389558e-01   2.3967790296e-04   6.2786224692e-02   3.0778889931e-06   1.0464318535e-21   8.0506731662e-23   1.5463167105e-19   1.5334249972e-18   1.3774299021e-04   7.8214466792e-02   1.6930920339e-12   2.2972583716e-15   1.0858561946e-21   7.4520250533e-01  -2.6339082735e+05
  -2.9358855137e-02  -2.9468901991e-02   2.3996992834e-01   5.3223829257e-05   1.3570521388e+00   1.1858735691e-24   3.0416477986e-25   1.4319122650e+03   3.0292416106e-02   5.2414372269e-02   2.7459602735e+06   6.1794312789e-06   5.8699163373e-07   7.1022549911e-05   1.0494716629e-01   3.4119239715e-04   6.6393023560e-02   3.4006412005e-06   6.7633872401e-21   5.1074389577e-22   6.7863992964e-19   5.8387082533e-18   1.9425094245e-04   8.4235710628e-02   3.8328963783e-12   5.2799104654e-15   4.2913696619e-21   7.4380746657e-01  -2.8356126404e+05
  -2.9139342425e-02  -2.9248808283e-02   2.3051246832e-01   5.4588404989e-05   1.4152695043e+00   1.1290556240e-24   3.1544869958e-25   1.4891989370e+03   3.2324685474e-02   5.9152103148e-02   3.8992109463e+06   9.3314001551e-06   1.0284480178e-06   1.0221293223e-04   9.6353401241e-02   4.7234066931e-04   6.9983508773e-02   3.7144351718e-06   8.3254161832e-20  -3.9029292026e-18   3.9590269306e-18   2.8000752162e-17   2.8343387438e-04   9.0421832855e-02   8.6606691273e-12   1.2510548452e-14   1.8112816140e-20   7.4236919536e-01  -3.0473939015e+05
  -2.8920496418e-02  -2.9029876568e-02   2.2191272936e-01   5.5907911526e-05   1.4723286324e+00   1.0913666818e-24   3.4358893911e-25   1.5453762887e+03   3.4404011162e-02   6.6119898825e-02   5.3805785079e+06   1.4140711342e-05   1.7503886721e-06   1.4270054165e-04   8.7580785721e-02   6.3618499259e-04   7.3552238365e-02   3.9993381150e-06   8.9358632461e-19  -4.4679155302e-17   2.7730066144e-17   1.6960539011e-16   4.2355460783e-04   9.6761382850e-02   1.9396572119e-11   3.0009301519e-14   8.8554947170e-20   7.4088326246e-01  -3.2714174520e+05
  -2.8701198796e-02  -2.8811116267e-02   2.1409957719e-01   5.7176854475e-05   1.5284021655e+00   1.0325132992e-24   3.6433797818e-25   1.6001387700e+03   3.6535692686e-02   7.3167873277e-02   7.2064140892e+06   2.1347628911e-05   2.8947108866e-06   1.9300797531e-04   7.8628475942e-02   8.3383094562e-04   7.7093812754e-02   4.2319574873e-06   6.6608558136e-18   4.5526044451e-19   2.2842532569e-16   1.3048655651e-15   6.4184620139e-04   1.0323727563e-01   4.2779330005e-11   7.2027493112e-14   5.5885882080e-19   7.3934327622e-01  -3.5106050471e+05
  -2.8479977664e-02  -2.8591281325e-02   2.0701453231e-01   5.8388545995e-05   1.5837478129e+00   9.4338174214e-25   3.8589847692e-25   1.6531306225e+03   3.8728099877e-02   8.0096242450e-02   9.3563602228e+06   3.1980512051e-05   4.6551138317e-06   2.5249660962e-04   6.9495278032e-02   1.0634528660e-03   8.0604110833e-02   4.3865110344e-06  -1.6990213504e-14   1.1569257328e-17   2.7666693623e-15   1.2784318650e-14   9.7845064555e-04   1.0982559463e-01   9.2512445761e-11   1.7496094345e-13  -1.3657219340e-16   7.3773959416e-01  -3.7688625054e+05
  -2.8254805073e-02  -2.8368674003e-02   2.0060919980e-01   5.9535047579e-05   1.6387431110e+00   8.7022318118e-25   4.1044965636e-25   1.7039451751e+03   4.0994486035e-02   8.6654327936e-02   1.1756740868e+07   4.7491944752e-05   7.2890486792e-06   3.1875395713e-04   6.0177857223e-02   1.3190934890e-03   8.4081616731e-02   4.4351981674e-06   1.7679670895e-15   1.1679925261e-16   3.4613606783e-14   1.5912382432e-13   1.4925675843e-03   1.1649337871e-01   1.9588920357e-10   4.6426834955e-13   1.0245430623e-16   7.3605751592e-01  -4.0513844537e+05
  -2.8022772120e-02  -2.8140936142e-02   1.9484395242e-01   6.0606858715e-05   1.6939401126e+00   7.1351361470e-25   4.4025823731e-25   1.7521154804e+03   4.3355951523e-02   9.2542049402e-02   1.4256277666e+07   7.0013726772e-05   1.1130586061e-05   3.8673743192e-04   5.0668164938e-02   1.5888858669e-03   8.7529056452e-02   4.3472479950e-06   4.2358874506e-14   2.7159422758e-15   6.3816330729e-13   2.5532447695e-12   2.2731691243e-03   1.2319403853e-01   4.0684487740e-10   2.2190173251e-12   2.4097378391e-15   7.3427445569e-01  -4.3651055864e+05
  -2.7779426764e-02  -2.7904608098e-02   1.8968611590e-01   6.1592451012e-05   1.7501818607e+00   4.7399001642e-25   4.7575829669e-25   1.7971029561e+03   4.5847552632e-02   9.7413362334e-02   1.6583275366e+07   1.0289653913e-04   1.6599459359e-05   4.4737420810e-04   4.0947430160e-02   1.8518106473e-03   9.0956757515e-02   4.0860558430e-06   1.3143133184e-12   8.1341911296e-14   1.5518257697e-11   5.3154860521e-11   3.4608845192e-03   1.2985760476e-01   8.3408235199e-10   3.3379705124e-11   7.3388317292e-14   7.3235455520e-01  -4.7194347014e+05
  -2.7517464525e-02  -2.7654245431e-02   1.8510881464e-01   6.2476934567e-05   1.8088290592e+00   1.4976918914e-25   5.1742703478e-25   1.8382584593e+03   4.8530202178e-02   1.0085697746e-01   1.8259074159e+07   1.5198609807e-04   2.4166026130e-05   4.8465972289e-04   3.0981980632e-02   2.0698768281e-03   9.4387940161e-02   3.6031869727e-06   5.4062905585e-11   3.2052156845e-12   5.1118063891e-10   1.4607969724e-09   5.2998637821e-03   1.3635668466e-01   1.7425352072e-09   9.7481988981e-10   2.9079919130e-12   7.3023923415e-01  -5.1269551244e+05
  -2.7223875516e-02  -2.7380683619e-02   1.8108758718e-01   6.3238779711e-05   1.8722412858e+00  -2.4552712123e-25   5.6529179330e-25   1.8747251131e+03   5.1515428381e-02   1.0216622900e-01   1.8502492509e+07   2.2927398541e-04   3.4018472641e-05   4.6851732380e-04   2.0748202648e-02   2.1643336172e-03   9.7866004690e-02   2.8311909431e-06   2.9623468743e-09   1.6713810271e-10   2.3475201196e-08   5.4443652319e-08   8.2857277001e-03   1.4236848976e-01   5.4284765311e-09   3.8465441583e-08   1.5001494906e-10   7.2783247552e-01  -5.6011960981e+05
  -2.6866653446e-02  -2.7067067413e-02   1.7751797091e-01   6.3852015983e-05   1.9462033692e+00  -7.1429934640e-25   5.5057115028e-25   1.9057471282e+03   5.5079180046e-02   9.9825887882e-02   1.9393043371e+07   3.6997313096e-04   4.3688196870e-05   3.3411572449e-04   1.0310817064e-02   1.9160239402e-03   1.0149479052e-01   1.6952431324e-06   1.9766864688e-07   1.0594267435e-08   1.5283692084e-06   2.9146786420e-06   1.3789286445e-02   1.4679087124e-01   8.6440706749e-08   1.7614596483e-06   9.2053690412e-09   7.2494223008e-01  -6.1379805050e+05
  -2.6308575923e-02  -2.6666239479e-02   1.7423351114e-01   6.4160727959e-05   2.0555732106e+00  -9.2090633445e-25   4.7975597281e-25   1.9265343870e+03   6.0388192604e-02   1.2141204804e-01   2.5719809863e+07   7.7454011351e-04   1.9561686347e-05   1.7314363593e-05   1.5558817187e-03   4.2653949737e-04   1.0482489451e-01   3.5836307886e-07   5.9754458562e-06   2.7402700402e-07   1.3550315410e-04   2.6721165984e-04   2.7786034768e-02   1.4320233426e-01   5.7558681878e-07   5.0973590844e-05   2.1302186976e-07   7.2093181423e-01  -6.4806280076e+05
  -2.5577185317e-02  -2.5950912366e-02   1.7881654210e-01   6.2377217590e-05   2.1862246389e+00   2.7677689735e-25   6.1709158728e-25   1.8602414497e+03   6.9245396187e-02   1.8370092034e-01   2.0579441360e+06   1.0008081812e-03   2.3817639843e-06   1.8362612164e-07   5.9540785644e-04   3.3044260283e-05   1.0327058166e-01   9.9746081942e-08   2.6095408659e-06   1.0691605697e-07   6.1678072904e-04   7.4695616391e-03   3.4830246115e-02   1.3765289769e-01   1.3426929944e-07   8.7143100985e-05   8.7528043048e-08   7.1443792538e-01  -6.9524168348e+05
  -2.4932163761e-02  -2.5203458267e-02   1.8411940159e-01   6.0544646702e-05   2.2917651136e+00   1.6702221118e-24   7.8547224298e-25   1.7927264959e+03   7.8698868734e-02   2.3387258243e-01  -8.7602283843e+05   1.0799357333e-03   1.1709389884e-06   3.6197564839e-08   3.8345302797e-04   1.2818493694e-05   1.0129279451e-01   5.2824609402e-08   1.2553718301e-06   4.6790449129e-08   6.6423499399e-04   1.6823128743e-02   3.7653083760e-02   1.3475054715e-01   6.2452485191e-08   6.4785573441e-05   4.1615147909e-08   7.0727255183e-01  -7.5350722298e+05
  -2.4412693847e-02  -2.4660869255e-02   1.8852967949e-01   5.9058672570e-05   2.3724504950e+00   2.4868015499e-24   8.9135494803e-25   1.7393446820e+03   8.7284374853e-02   2.7363117184e-01  -6.8126680655e+05   1.1140517332e-03   7.6874344634e-07   1.4553565409e-08   3.1239663313e-04   7.1085834621e-06   9.9655299406e-02   3.9173097903e-08   7.6339883385e-07   2.6324621664e-08   6.5212983964e-04   2.5636915998e-02   3.9072211758e-02   1.3278862864e-01   3.8062314896e-08   4.9758070709e-05   2.5314814297e-08   7.0070982377e-01  -8.0311134960e+05
  -2.3914363240e-02  -2.4164518439e-02   1.9284144263e-01   5.7626822645e-05   2.4463626082e+00   2.9540040175e-24   9.8019969551e-25   1.6890282394e+03   9.6413905705e-02   3.1653038750e-01  -3.2975788898e+05   1.1304557165e-03   5.1444680545e-07   6.6926792129e-09   2.8123821067e-04   4.0848136581e-06   9.8060067738e-02   3.1946597111e-08   4.4615260786e-07   1.4242397738e-08   5.9561681389e-04   3.5184940877e-02   3.9984731431e-02   1.3101298034e-01   2.2823585791e-08   3.7201224360e-05   1.4893109917e-08   6.9370763163e-01  -8.5277369288e+05
  -2.3409240962e-02  -2.3664208041e-02   1.9731947170e-01   5.6159843170e-05   2.5181443482e+00   3.1597902433e-24   1.0532129158e-24   1.6384908698e+03   1.0663167967e-01   3.6455612804e-01  -7.5171314362e+04   1.1369766698e-03   3.3722053112e-07   3.1938567304e-09   2.6731747281e-04   2.2966028800e-06   9.6412961245e-02   2.7102765321e-08   2.4070171679e-07   7.0806501640e-09   5.1080917247e-04   4.5972719595e-02   4.0630126203e-02   1.2918198451e-01   1.2911759991e-08   2.6781308489e-05   8.1418131335e-09   6.8585739086e-01  -9.0545811031e+05
  -2.2898165027e-02  -2.3154273883e-02   2.0200041461e-01   5.4650673663e-05   2.5880957948e+00   3.1646584134e-24   1.1036753878e-24   1.5874289686e+03   1.1802972705e-01   4.1767950835e-01   6.4090598502e+04   1.1377115843e-03   2.1684163679e-07   1.5652129739e-09   2.6268478136e-04   1.2574103578e-06   9.4704635882e-02   2.3547661993e-08   1.2102539528e-07   3.2621017659e-09   4.1657791504e-04   5.8056493690e-02   4.1101451747e-02   1.2721259238e-01   6.9857643979e-09   1.8801425597e-05   4.1795092556e-09   6.7708741578e-01  -9.6163193807e+05
  -2.2386938028e-02  -2.2642056171e-02   2.0687223944e-01   5.3110269399e-05   2.6560340238e+00   3.0203046810e-24   1.1268247228e-24   1.5361594929e+03   1.3057478171e-01   4.7557838137e-01   1.1782687905e+05   1.1352936154e-03   1.3837742759e-07   7.9528437862e-10   2.6424385149e-04   6.7642608115e-07   9.2942162743e-02   2.0908054961e-08   5.8165191242e-08   1.4282434596e-09   3.2837031999e-04   7.1374458929e-02   4.1442080958e-02   1.2508320987e-01   3.7332326118e-09   1.3147743094e-05   2.0683287914e-09   6.6741613007e-01  -1.0213068937e+06
  -2.1878772424e-02  -2.2131819885e-02   2.1193411885e-01   5.1545961989e-05   2.7222673085e+00   2.7453219703e-24   1.1220724441e-24   1.4848820171e+03   1.4426525612e-01   5.3821608823e-01   1.2181881405e+05   1.1311822486e-03   8.8689523754e-08   4.2281272589e-10   2.7091797767e-04   3.6118315519e-07   9.1126549963e-02   1.9026851508e-08   2.7441283120e-08   6.1015365641e-10   2.5428447917e-04   8.5911894185e-02   4.1669157898e-02   1.2279118048e-01   2.0410280340e-09   9.3614644271e-06   1.0144810727e-09   6.5683497088e-01  -1.0847346166e+06
  -2.1375019256e-02  -2.1625724962e-02   2.1719344710e-01   4.9962263189e-05   2.7874339553e+00   2.4009268826e-24   1.0916381466e-24   1.4337099711e+03   1.5913203757e-01   6.0559064990e-01   1.0360427172e+05   1.1260424191e-03   5.7679874309e-08   2.3622951725e-10   2.8218247821e-04   1.9313857494e-07   8.9254921536e-02   1.7827937204e-08   1.3008963721e-08   2.6023468227e-10   1.9618072377e-04   1.0169796915e-01   4.1786101048e-02   1.2033873248e-01   1.1777228222e-09   6.9210447234e-06   5.0544568997e-10   6.4531066528e-01  -1.1523341147e+06
  -2.0875722363e-02  -2.1124313550e-02   2.2266620191e-01   4.8361105406e-05   2.8523929103e+00   1.9787966435e-24   1.0391179556e-24   1.3826780038e+03   1.7523984846e-01   6.7775169513e-01   7.9895345641e+04   1.1200923666e-03   3.8325324795e-08   1.3847047920e-10   2.9746548451e-04   1.0400076303e-07   8.7321328765e-02   1.7296638238e-08   6.2982460429e-09   1.1254993119e-10   1.5231082491e-04   1.1880270997e-01   4.1790533609e-02   1.1772443219e-01   7.3303945640e-10   5.3918946148e-06   2.6037866034e-10   6.3278556773e-01  -1.2246534784e+06
  -2.0380178708e-02  -2.0627131176e-02   2.2837660213e-01   4.6742581569e-05   2.9181383170e+00   1.5033235908e-24   9.6885581918e-25   1.3317644269e+03   1.9268303522e-01   7.5472989761e-01   5.8604771330e+04   1.1133322912e-03   2.6088640686e-08   8.4620687315e-11   3.1602394787e-04   5.6464487600e-08   8.5317502207e-02   1.7488444284e-08   3.1378951010e-09   4.9694881184e-11   1.1964489812e-04   1.3732937314e-01   4.1677793031e-02   1.1494068879e-01   4.9700503278e-10   4.4627290776e-06   1.4003036804e-10   6.1918107501e-01  -1.3023345074e+06
  -1.9887342215e-02  -2.0133226239e-02   2.3435664660e-01   4.5105760547e-05   2.9857430657e+00   1.0205924415e-24   8.8578171290e-25   1.2809158197e+03   2.1157989467e-01   8.3641114638e-01   4.2158798177e+04   1.1056656606e-03   1.8180850236e-08   5.3441481025e-11   3.3699989238e-04   3.0831701293e-08   8.3233321371e-02   1.8536054323e-08   1.6089716864e-09   2.2379491045e-11   9.5229628694e-05   1.5740678662e-01   4.1442086179e-02   1.1197418047e-01   3.6655927246e-10   3.9267690508e-06   7.8868084883e-11   6.0440173373e-01  -1.3860853356e+06
  -1.9396052276e-02  -1.9641458192e-02   2.4064589994e-01   4.3449374110e-05   3.0563241459e+00   5.6655934871e-25   7.9514245412e-25   1.2300675225e+03   2.3206756750e-01   9.2236615612e-01   3.0344937917e+04   1.0969523851e-03   1.2934810724e-08   3.4554547797e-11   3.5948573939e-04   1.6847484039e-08   8.1056927853e-02   2.0649799128e-08   8.4509067571e-10   1.0217877802e-11   7.6714296108e-05   1.7918334433e-01   4.1076700491e-02   1.0880713323e-01   2.9142740817e-10   3.6498172858e-06   4.6538187644e-11   5.8833904019e-01  -1.4766579598e+06
  -1.8905133360e-02  -1.9150646359e-02   2.4729157980e-01   4.1772354488e-05   3.1310171324e+00   1.7383660338e-25   7.0181779868e-25   1.1791593879e+03   2.5429764918e-01   1.0116467845e+00   2.2096288792e+04   1.0870249395e-03   9.3614899112e-09   2.2675522656e-11   3.8254149152e-04   9.1557087098e-09   7.8774538638e-02   2.4106787004e-08   4.5155728037e-10   4.6903847491e-12   6.2403474981e-05   2.0282230668e-01   4.0573900384e-02   1.0541862147e-01   2.4668841622e-10   3.5431631377e-06   2.8835358710e-11   5.7087507639e-01  -1.5748242530e+06
  -1.8413413321e-02  -1.8659620361e-02   2.5434902324e-01   4.0074238763e-05   3.2109464517e+00  -1.1978950851e-25   6.0948286990e-25   1.1281472049e+03   2.7843209205e-01   1.1025775717e+00   1.6337028359e+04   1.0756859500e-03   6.8684815221e-09   1.4985428142e-11   4.0516746336e-04   4.9158603724e-09   7.6370030328e-02   2.9210508214e-08   2.4367013215e-10   2.1452700771e-12   5.1128848421e-05   2.2849761237e-01   3.9924746998e-02   1.0178571272e-01   2.1969211289e-10   3.5451099079e-06   1.8929677542e-11   5.5188632872e-01  -1.6813466162e+06
  -1.7919686491e-02  -1.8167206281e-02   2.6188291657e-01   3.8355407693e-05   3.2971843007e+00  -3.1282448100e-25   5.2023030432e-25   1.0770087458e+03   3.0463957066e-01   1.1925327698e+00   1.2250837560e+04   1.0626966340e-03   5.0931677873e-09   9.9053918102e-12   4.2625771329e-04   2.5903813518e-09   7.3824327775e-02   3.6192887162e-08   1.3187498463e-10   9.6902955480e-13   4.2095794841e-05   2.5639021538e-01   3.9118916462e-02   9.7884415688e-02   2.0393232230e-10   3.6096311571e-06   1.3403491395e-11   5.3124742068e-01  -1.7969459710e+06
  -1.7421891805e-02  -1.7672166700e-02   2.6998337521e-01   3.6614463241e-05   3.3908530407e+00  -4.1785267537e-25   4.3476646399e-25   1.0256638796e+03   3.3313582298e-01   1.2782963918e+00   9.2833823055e+03   1.0477377928e-03   3.8054687061e-09   6.5038799447e-12   4.4458606830e-04   1.3292308606e-09   7.1110583609e-02   4.5068524502e-08   7.1053047715e-11   4.2803364932e-13   3.4748500649e-05   2.8673121567e-01   3.8143078329e-02   9.3683994379e-02   1.9615504176e-10   3.6999058404e-06   1.0407397517e-11   5.0880030526e-01  -1.9224736830e+06
  -1.6918413963e-02  -1.7171616910e-02   2.7874765826e-01   3.4852942790e-05   3.4928523685e+00  -4.5875822266e-25   3.5354526395e-25   9.7411788163e+02   3.6411692359e-01   1.3571608948e+00   7.0843590579e+03   1.0304213606e-03   2.8585452968e-09   4.2161186045e-12   4.5870445056e-04   6.5943064791e-10   6.8200063271e-02   5.5463509176e-08   3.7880432886e-11   1.8328092314e-13   2.8712650783e-05   3.1973101679e-01   3.6982472232e-02   8.9156995766e-02   1.9505913201e-10   3.7843302524e-06   8.7736538889e-12   4.8440776992e-01  -2.0585301228e+06
  -1.6408136784e-02  -1.6665211016e-02   2.8828693218e-01   3.3075341235e-05   3.6037819248e+00  -4.5867450695e-25   2.7753005234e-25   9.2244938795e+02   3.9772801443e-01   1.4227696968e+00   5.4301828595e+03   1.0102957957e-03   2.1547482109e-09   2.6831512219e-12   4.6698299121e-04   3.1412362750e-10   6.5064097895e-02   6.6572699272e-08   1.9876660897e-11   7.5468515110e-14   2.3724219094e-05   3.5554597512e-01   3.5623157818e-02   8.4283044632e-02   2.0061477006e-10   3.8345562936e-06   7.6542004322e-12   4.5797881770e-01  -2.2052856703e+06
  -1.5888979097e-02  -1.6151062552e-02   2.9875914130e-01   3.1283862512e-05   3.7242083994e+00  -4.3014166700e-25   2.0844935244e-25   8.7066019092e+02   4.3415273531e-01   1.4677919720e+00   4.1717746345e+03   9.8677867389e-04   1.6258415764e-09   1.6656175276e-12   4.6768965844e-04   1.4247023509e-10   6.1665678108e-02   7.7355338046e-08   1.0198186632e-11   2.9584924073e-14   1.9581464332e-05   3.9437370490e-01   3.4048844884e-02   7.9035235378e-02   2.1379893153e-10   3.8252358224e-06   6.5585738492e-12   4.2939858234e-01  -2.3632369741e+06
  -1.5358362974e-02  -1.5626895643e-02   3.1037569701e-01   2.9480235194e-05   3.8545219447e+00  -3.7732547866e-25   1.4876252981e-25   8.1872898301e+02   4.7357811425e-01   1.4862071226e+00   3.2060556134e+03   9.5914771701e-04   1.2237779718e-09   1.0020304196e-12   4.5904422039e-04   6.0957934286e-11   5.7962246672e-02   8.6730320444e-08   5.0768657055e-12   1.0911342795e-14   1.6130361731e-05   4.3641575436e-01   3.2242354651e-02   7.3385202464e-02   2.3629635381e-10   3.7340492993e-06   5.3811175476e-12   3.9855629724e-01  -2.5328254906e+06
  -1.4812949978e-02  -1.5089830305e-02   3.2342518027e-01   2.7665454625e-05   3.9948420660e+00  -3.0333188793e-25   1.0058125005e-25   7.6660472901e+02   5.1619012324e-01   1.4709271238e+00   2.4562516004e+03   9.2649482344e-04   9.1364960479e-10   5.8108903973e-13   4.3933683058e-04   2.4381299740e-11   5.3904632340e-02   9.3557801155e-08   2.4282011268e-12   3.7307098581e-15   1.3249952507e-05   4.8187301556e-01   3.0185767651e-02   6.7304489775e-02   2.6935232476e-10   3.5425423949e-06   4.2015583405e-12   3.6534937575e-01  -2.7143542901e+06
  -1.4248166941e-02  -1.4536069651e-02   3.3830999444e-01   2.5839553071e-05   4.1448874065e+00  -2.1685459170e-25   6.3987696279e-26   7.1420106759e+02   5.6216165660e-01   1.4137080684e+00   1.8599371870e+03   8.8764822079e-04   6.6915849736e-10   3.2466108090e-13   4.0711412374e-04   9.0630690830e-12   4.9435901847e-02   9.6244556298e-08   1.1012547864e-12   1.1605225299e-15   1.0843773475e-05   5.3093317314e-01   2.7860679146e-02   6.0767582533e-02   3.0987423031e-10   3.2378619336e-06   3.0999049334e-12   3.2969372211e-01  -2.9079272598e+06
  -1.3660333988e-02  -1.3960264231e-02   3.5550193790e-01   2.4010773580e-05   4.3029799023e+00  -1.3398090270e-25   3.7782602502e-26   6.6166891674e+02   6.1138485208e-01   1.3065527551e+00   1.3632017921e+03   8.4128147997e-04   4.7059037630e-10   1.7688759787e-13   3.6170743379e-04   3.1596510467e-12   4.4515929683e-02   9.2253475443e-08   4.6688777226e-13   3.2248869076e-16   8.8395650320e-06   5.8348535376e-01   2.5261866353e-02   5.3791433279e-02   3.4135490248e-10   2.8179424299e-06   2.1162855626e-12   2.9173067743e-01  -3.1122940633e+06
  -1.3045740411e-02  -1.3360403746e-02   3.7558160542e-01   2.2193136276e-05   4.4659438326e+00  -7.1779199406e-26   2.0313436432e-26   6.0932462110e+02   6.6338648995e-01   1.1459883431e+00   9.2066556731e+02   7.8595979897e-04   3.0394343879e-10   9.5074982145e-14   3.0404923307e-04   1.0548218583e-12   3.9134711085e-02   7.8912135999e-08   1.8125551253e-13   7.8249956972e-17   7.1638609377e-06   6.3902969297e-01   2.2404460551e-02   4.6448616287e-02   3.2934530806e-10   2.2990540801e-06   1.2742403487e-12   2.5188296761e-01  -3.3247794968e+06
  -1.2389407924e-02  -1.2731077075e-02   3.9968743834e-01   2.0375877334e-05   4.6319226701e+00  -2.0484005249e-26   3.7463017488e-27   5.5677988574e+02   7.1812540782e-01   9.3529104502e-01   5.1567775357e+02   7.1916176940e-04   1.6450124894e-10   4.7204862134e-14   2.3634712917e-04   3.2495351487e-13   3.3237888909e-02   5.6519696295e-08   6.1940933426e-14  -3.8706343841e-15   5.6941818835e-06   6.9752950878e-01   1.9280025769e-02   3.8754313845e-02   2.4881324152e-10   1.7121521479e-06   6.1143726074e-13   2.1023529053e-01  -3.5448146990e+06
  -1.1655881158e-02  -1.2047738773e-02   4.3005780406e-01   1.8517487950e-05   4.8011672752e+00   3.8167949360e-27  -9.9543629943e-27   5.0280824250e+02   7.7633397932e-01   6.8486653795e-01   1.9793109565e+02   6.3593692037e-04   6.3695975519e-11   1.7508382359e-14   1.6204275663e-04   7.7120534494e-14   2.6686152573e-02   3.1339681817e-08   1.5576107495e-14  -5.6034852388e-16   4.2517472028e-06   7.5977967981e-01   1.5826574585e-02   3.0617952207e-02   1.3044144841e-10   1.1020767015e-06   1.9574642489e-13   1.6628627579e-01  -3.7750481157e+06
  -1.0769556374e-02  -1.1264023544e-02   4.7120358595e-01   1.6543794604e-05   4.9759237404e+00   1.8088294673e-26  -1.5844506498e-28   4.4532959798e+02   8.3950611892e-01   4.1663570609e-01   3.8815093589e+01   5.2666676073e-04   1.4264411247e-11   3.6906352529e-15   8.7713400141e-05   1.0373473465e-14   1.9255259825e-02   1.2623087321e-08   2.1735966746e-15  -5.8338760313e-17   2.6632349067e-06   8.2740194388e-01   1.1906744603e-02   2.1847033876e-02   4.2031998112e-11   5.4111883666e-07   3.2186041507e-14   1.1897142062e-01  -4.0214687864e+06
  -9.4261076171e-03  -1.0275089205e-02   5.4003173008e-01   1.4139032640e-05   5.1747670810e+00   3.6703009744e-27  -1.1620110124e-27   3.7543888174e+02   9.1506729216e-01   1.3783607188e-01   1.6577287526e+00   3.5744207558e-04   1.0272983548e-12   2.7892650935e-16   2.3571569746e-05   3.1709053870e-16   1.0016632400e-02   3.0929976959e-09   8.1922458013e-17  -4.4648898181e-19   8.9338337355e-07   9.0841604435e-01   6.8871422295e-03   1.1497417902e-02   6.2017279732e-12   1.2765261168e-07   1.4320449738e-15   6.2800725337e-02  -4.3168287568e+06
  -7.5013441110e-03  -8.5771260295e-03   5.9885592451e-01   1.2593557082e-05   5.2955992557e+00   3.6191604753e-28  -2.1654332070e-28   3.3150709471e+02   9.6363485623e-01   1.4216095827e-02   4.5176952899e-02   1.8304322534e-04   7.4360169330e-14   1.8649346757e-17   3.8858568951e-06   6.2113923329e-18   4.0830933534e-03   6.0725752797e-10   7.8243417481e-18  -8.4231834568e-22   1.8120001671e-07   9.6068286827e-01   3.2499698676e-03   4.9859840704e-03   1.3804404032e-12   2.0142485538e-08   1.8021304612e-15   2.6810953408e-02  -4.5052149389e+06
  -5.3547865133e-03  -6.4255621926e-03   6.1368725279e-01   1.2258660221e-05   5.3204646584e+00   2.9613961971e-29  -5.4862288495e-29   3.2211077152e+02   9.7391747040e-01   1.0692611141e-03   6.6224691027e-03   1.2979119356e-04   2.1231075092e-14   3.5973101853e-18   1.0135135247e-06   6.2464581918e-19   2.8296998478e-03   2.0997985848e-10   3.0627647048e-18   1.1983534779e-25   6.1566193148e-08   9.7178586255e-01   2.4491705042e-03   3.6393827224e-03   2.4253777341e-12   5.6270418514e-09   8.5096228947e-15   1.9165012262e-02  -4.5457022977e+06
  -2.1420017766e-03  -4.2840108341e-03   6.3125935974e-01   1.1877332182e-05   5.3518644572e+00   5.6049919087e-31  -5.8461022473e-30   3.1154671410e+02   9.8599587078e-01   2.4326952910e-04   1.1314952999e-03   7.4918227530e-05   4.7603105491e-15   3.3321746755e-19   1.1624739860e-07   2.0699457392e-20   1.4460433428e-03   3.0354175068e-11   6.2264308235e-19  -4.6448547810e-26   9.5510868795e-09   9.8482665216e-01   1.4143913508e-03   1.9854951727e-03   8.4914680419e-12   8.3738734692e-10   1.9311325739e-14   1.0252373067e-02  -4.5923670845e+06
   2.1420096726e-03   7.2810227882e-09   6.3125933549e-01   1.1877332656e-05   5.3518645600e+00  -5.6487689972e-30   6.6956738605e-30   3.1154672757e+02   9.8599585813e-01   2.4325967269e-04   1.1315660264e-03   7.4918315104e-05   4.7627619993e-15   3.3358757729e-19   1.1625398096e-07   2.0710538261e-20   1.4460453497e-03   3.0356246420e-11   6.2273676348e-19   1.5746458601e-27   9.5513224328e-09   9.8482663854e-01   1.4143918174e-03   1.9854964875e-03   8.4912715538e-12   8.3741947078e-10   1.9310729963e-14   1.0252382813e-02  -4.5923670317e+06
   5.3547844853e-03   4.2840120641e-03   6.1368767484e-01   1.2258650764e-05   5.3204646053e+00  -6.1221644794e-29   7.0906277486e-29   3.2211050840e+02   9.7391777042e-01   1.0693001868e-03   6.6221424760e-03   1.2979012041e-04   2.1230839495e-14   3.5975302771e-18   1.0134812323e-06   6.2463226831e-19   2.8296649927e-03   2.0998052460e-10   3.0627962978e-18   1.1982424130e-25   6.1563573708e-08   9.7178618572e-01   2.4491459856e-03   3.6393411849e-03   2.4253184238e-12   5.6268634636e-09   8.5084763415e-15   1.9164791110e-02  -4.5457034487e+06
   7.5013354174e-03   6.4255569066e-03   5.9885580536e-01   1.2593559897e-05   5.2955976657e+00  -2.8173098502e-28   2.8715134301e-28   3.3150717384e+02   9.6363476793e-01   1.4216041992e-02   4.5177632933e-02   1.8304329466e-04   7.4360022210e-14   1.8650324461e-17   3.8858919643e-06   6.2116180732e-18   4.0831038691e-03   6.0729122520e-10   7.8239241498e-18  -8.4230720026e-22   1.8119889150e-07   9.6068277375e-01   3.2499763756e-03   4.9859966135e-03   1.3804229176e-12   2.0142682612e-08   1.8017447696e-15   2.6811018258e-02  -4.5052146028e+06
   9.4260996726e-03   8.5771139283e-03   5.4003205201e-01   1.4139023296e-05   5.1747652205e+00  -1.7524229005e-27   1.3600746623e-27   3.7543861156e+02   9.1506757702e-01   1.3783449435e-01   1.6576764645e+00   3.5744102741e-04   1.0272753641e-12   2.7892772421e-16   2.3571421680e-05   3.1708462566e-16   1.0016595673e-02   3.0930371031e-09   8.1917251335e-17  -4.4647930234e-19   8.9336564645e-07   9.0841635079e-01   6.8871221115e-03   1.1497381461e-02   6.2016590470e-12   1.2765193865e-07   1.4320132870e-15   6.2800513403e-02  -4.3168298850e+06
   1.0769553778e-02   1.0275085417e-02   4.7120377207e-01   1.6543786935e-05   4.9759253057e+00  -5.5189454816e-27  -1.0517216777e-27   4.4532937267e+02   8.3950635581e-01   4.1663457640e-01   3.8813165446e+01   5.2666637171e-04   1.4263822792e-11   3.6904071433e-15   8.7713125752e-05   1.0373130374e-14   1.9255231301e-02   1.2622915167e-08   2.1734192451e-15  -5.8372657534e-17   2.6632004551e-06   8.2740219742e-01   1.1906730107e-02   2.1847000355e-02   4.2030219715e-11   5.4111702843e-07   3.2184063607e-14   1.1897124432e-01  -4.0214697247e+06
   1.1655879036e-02   1.1264022139e-02   4.3005791302e-01   1.8517481843e-05   4.8011670485e+00  -2.5216859110e-26  -9.3911424019e-27   5.0280806626e+02   7.7633417980e-01   6.8486633396e-01   1.9793433481e+02   6.3593662886e-04   6.3698288659e-11   1.7517101549e-14   1.6204250071e-04   7.7119407919e-14   2.6686129041e-02   3.1338552308e-08   1.5573608079e-14  -5.1351224474e-16   4.2517214884e-06   7.5977989426e-01   1.5826562548e-02   3.0617924111e-02   1.3039743563e-10   1.1020748599e-06   1.9568576482e-13   1.6628612558e-01  -3.7750488771e+06
   1.2389405732e-02   1.2047735934e-02   3.9968753218e-01   2.0375870947e-05   4.6319232943e+00  -3.5446824324e-26  -2.0861644724e-26   5.5677970034e+02   7.1812560347e-01   9.3529076250e-01   5.1512505384e+02   7.1916151563e-04   1.6430727226e-10   4.7167106507e-14   2.3634687627e-04   3.2479828547e-13   3.3237867123e-02   5.6519115253e-08   6.1989055354e-14  -3.3449630942e-15   5.6941678280e-06   6.9752971795e-01   1.9280014333e-02   3.8754286563e-02   2.4873516817e-10   1.7121501690e-06   6.1126230627e-13   2.1023514239e-01  -3.5448154801e+06
   1.3045739410e-02   1.2731075530e-02   3.7558164207e-01   2.2193133212e-05   4.4659443301e+00  -7.3449792433e-27   1.0371776955e-26   6.0932453292e+02   6.6338658069e-01   1.1459882670e+00   9.2065944294e+02   7.8595969360e-04   3.0394203782e-10   9.5074801482e-14   3.0404912772e-04   1.0548171468e-12   3.9134701458e-02   7.8912216298e-08   1.8125467787e-13   7.8249358710e-17   7.1638392707e-06   6.3902978997e-01   2.2404455285e-02   4.6448603483e-02   3.2934595419e-10   2.2990532648e-06   1.2742426444e-12   2.5188289855e-01  -3.3247798612e+06
   1.3660333725e-02   1.3360403290e-02   3.5550194517e-01   2.4010772760e-05   4.3029803269e+00   1.0422086621e-27   2.4101825337e-26   6.6166889416e+02   6.1138487757e-01   1.3065528040e+00   1.3631978468e+03   8.4128145046e-04   4.7058968203e-10   1.7688738055e-13   3.6170741671e-04   3.1596449333e-12   4.4515927149e-02   9.2253552561e-08   4.6688611111e-13   3.2248748213e-16   8.8395501684e-06   5.8348538104e-01   2.5261864694e-02   5.3791429586e-02   3.4135451167e-10   2.8179423432e-06   2.1162825436e-12   2.9173065810e-01  -3.1122941578e+06
   1.4248166877e-02   1.3960264160e-02   3.3830999458e-01   2.5839552924e-05   4.1448878253e+00   3.4048253066e-27   3.1211127215e-26   7.1420106462e+02   5.6216166344e-01   1.4137081513e+00   1.8599340831e+03   8.8764820704e-04   6.6915792928e-10   3.2466083916e-13   4.0711413382e-04   9.0630605421e-12   4.9435901195e-02   9.6244599423e-08   1.1012527420e-12   1.1605203542e-15   1.0843763571e-05   5.3093318053e-01   2.7860678382e-02   6.0767581619e-02   3.0987398499e-10   3.2378620739e-06   3.0999023554e-12   3.2969371707e-01  -2.9079272764e+06
   1.4812949930e-02   1.4536069593e-02   3.2342518012e-01   2.7665454543e-05   3.9948424786e+00   9.6671220930e-27   3.4680394574e-26   7.6660472765e+02   5.1619012740e-01   1.4709271828e+00   2.4562492279e+03   9.2649480786e-04   9.1364914534e-10   5.8108878563e-13   4.3933685143e-04   2.4381286780e-11   5.3904631931e-02   9.3557823478e-08   2.4281985974e-12   3.7307059562e-15   1.3249945735e-05   4.8187302011e-01   3.0185766936e-02   6.7304489389e-02   2.6935219566e-10   3.5425426155e-06   4.2015562773e-12   3.6534937272e-01  -2.7143542991e+06
   1.5358362947e-02   1.5089830268e-02   3.1037569666e-01   2.9480235171e-05   3.8545223248e+00   2.8093081436e-26   3.4509038574e-26   8.1872898311e+02   4.7357811627e-01   1.4862071438e+00   3.2060538594e+03   9.5914769862e-04   1.2237776156e-09   1.0020301973e-12   4.5904424964e-04   6.0957917134e-11   5.7962246481e-02   8.6730332025e-08   5.0768628201e-12   1.0911336654e-14   1.6130357224e-05   4.3641575664e-01   3.2242353972e-02   7.3385202479e-02   2.3629628844e-10   3.7340495722e-06   5.3811160029e-12   3.9855629581e-01  -2.5328254937e+06
   1.5888979087e-02   1.5626895625e-02   2.9875914089e-01   3.1283862525e-05   3.7242087375e+00   6.5762816359e-26   2.8856651598e-26   8.7066019191e+02   4.3415273604e-01   1.4677919691e+00   4.1717733770e+03   9.8677865215e-04   1.6258413061e-09   1.6656173833e-12   4.6768969394e-04   1.4247021558e-10   6.1665678070e-02   7.7355344647e-08   1.0198183616e-11   2.9584915607e-14   1.9581461471e-05   3.9437370582e-01   3.4048844205e-02   7.9035235644e-02   2.1379889980e-10   3.8252361217e-06   6.5585727337e-12   4.2939858186e-01  -2.3632369742e+06
   1.6408136784e-02   1.6151062548e-02   2.8828693180e-01   3.3075341266e-05   3.6037822195e+00   1.2974033738e-25   1.5638931546e-26   9.2244938933e+02   3.9772801454e-01   1.4227696870e+00   5.4301820062e+03   1.0102957705e-03   2.1547480095e-09   2.6831512128e-12   4.6698303171e-04   3.1412361015e-10   6.5064097942e-02   6.6572703898e-08   1.9876658140e-11   7.5468505439e-14   2.3724217461e-05   3.5554597540e-01   3.5623157110e-02   8.4283045047e-02   2.0061475658e-10   3.8345566035e-06   7.6541996552e-12   4.5797881765e-01  -2.2052856697e+06
   1.6918413969e-02   1.6665211020e-02   2.7874765794e-01   3.4852942826e-05   3.4928526219e+00   2.3042916860e-25  -6.0480669618e-27   9.7411788311e+02   3.6411692348e-01   1.3571608882e+00   7.0843585352e+03   1.0304213321e-03   2.8585451470e-09   4.2161188093e-12   4.5870449558e-04   6.5943064086e-10   6.8200063352e-02   5.5463513205e-08   3.7880431025e-11   1.8328091593e-13   2.8712650087e-05   3.1973101686e-01   3.6982471474e-02   8.9156996271e-02   1.9505912897e-10   3.7843305656e-06   8.7736533911e-12   4.8440777001e-01  -2.0585301224e+06
   1.7421891811e-02   1.7171616917e-02   2.6998337496e-01   3.6614463273e-05   3.3908532564e+00   3.8596256313e-25  -3.6225706327e-26   1.0256638809e+03   3.3313582292e-01   1.2782963917e+00   9.2833820440e+03   1.0477377615e-03   3.8054685888e-09   6.5038804783e-12   4.4458611770e-04   1.3292308755e-09   7.1110583688e-02   4.5068528430e-08   7.1053047629e-11   4.2803365237e-13   3.4748500652e-05   2.8673121580e-01   3.8143077508e-02   9.3683994933e-02   1.9615504501e-10   3.6999061536e-06   1.0407397261e-11   5.0880030530e-01  -1.9224736833e+06
   1.7919686491e-02   1.7672166705e-02   2.6188291640e-01   3.8355407711e-05   3.2971844836e+00   6.2250966690e-25  -7.5529341241e-26   1.0770087468e+03   3.0463957087e-01   1.1925327761e+00   1.2250837467e+04   1.0626966007e-03   5.0931676719e-09   9.9053928259e-12   4.2625776682e-04   2.5903813965e-09   7.3824327825e-02   3.6192891060e-08   1.3187498698e-10   9.6902957817e-13   4.2095795277e-05   2.5639021581e-01   3.9118915570e-02   9.7884416255e-02   2.0393232937e-10   3.6096314662e-06   1.3403491329e-11   5.3124742051e-01  -1.7969459725e+06
   1.8413413313e-02   1.8167206278e-02   2.5434902315e-01   4.0074238761e-05   3.2109466062e+00   9.5493424692e-25  -1.2648373688e-25   1.1281472053e+03   2.7843209260e-01   1.1025775831e+00   1.6337028231e+04   1.0756859154e-03   6.8684813495e-09   1.4985429823e-11   4.0516752018e-04   4.9158604262e-09   7.6370030338e-02   2.9210511954e-08   2.4367013583e-10   2.1452701172e-12   5.1128848970e-05   2.2849761318e-01   3.9924746029e-02   1.0178571329e-01   2.1969212164e-10   3.5451102031e-06   1.8929677510e-11   5.5188632828e-01  -1.6813466190e+06
   1.8905133343e-02   1.8659620349e-02   2.4729157977e-01   4.1772354466e-05   3.1310172626e+00   1.3977570169e-24  -1.9373954896e-25   1.1791593878e+03   2.5429765006e-01   1.0116467989e+00   2.2096288364e+04   1.0870249049e-03   9.3614896032e-09   2.2675525243e-11   3.8254154995e-04   9.1557087033e-09   7.8774538609e-02   2.4106790447e-08   4.5155728040e-10   4.6903847572e-12   6.2403475274e-05   2.0282230784e-01   4.0573899337e-02   1.0541862204e-01   2.4668842452e-10   3.5431634004e-06   2.8835358382e-11   5.7087507571e-01  -1.5748242569e+06
   1.9396052247e-02   1.9150646336e-02   2.4064589996e-01   4.3449374068e-05   3.0563242557e+00   1.9447991737e-24  -2.8300790223e-25   1.2300675219e+03   2.3206756869e-01   9.2236617234e-01   3.0344936836e+04   1.0969523520e-03   1.2934810171e-08   3.4554551529e-11   3.5948579682e-04   1.6847483781e-08   8.1056927783e-02   2.0649802209e-08   8.4509065763e-10   1.0217877584e-11   7.6714295753e-05   1.7918334584e-01   4.1076699367e-02   1.0880713382e-01   2.9142741327e-10   3.6498174910e-06   4.6538186311e-11   5.8833903928e-01  -1.4766579646e+06
   1.9887342175e-02   1.9641458157e-02   2.3435664665e-01   4.5105760486e-05   2.9857431587e+00   2.5588497199e-24  -3.9983915464e-25   1.2809158186e+03   2.1157989613e-01   8.3641116339e-01   4.2158795811e+04   1.1056656318e-03   1.8180849327e-08   5.3441486050e-11   3.3699994518e-04   3.0831700362e-08   8.3233321264e-02   1.8536057033e-08   1.6089716197e-09   2.2379490074e-11   9.5229627477e-05   1.5740678841e-01   4.1442084984e-02   1.1197418108e-01   3.6655927135e-10   3.9267691780e-06   7.8868081262e-11   6.0440173261e-01  -1.3860853410e+06
   2.0380178656e-02   2.0133226192e-02   2.2837660219e-01   4.6742581496e-05   2.9181383961e+00   3.2151410872e-24  -5.4881947051e-25   1.3317644255e+03   1.9268303685e-01   7.5472991470e-01   5.8604767680e+04   1.1133322709e-03   2.6088639363e-08   8.4620693244e-11   3.1602399125e-04   5.6464485390e-08   8.5317502070e-02   1.7488446552e-08   3.1378949282e-09   4.9694878316e-11   1.1964489590e-04   1.3732937510e-01   4.1677791780e-02   1.1494068944e-01   4.9700502016e-10   4.4627291005e-06   1.4003036002e-10   6.1918107377e-01  -1.3023345130e+06
   2.0875722305e-02   2.0627131121e-02   2.2266620193e-01   4.8361105332e-05   2.8523929775e+00   3.8595590825e-24  -7.3380028458e-25   1.3826780025e+03   1.7523985012e-01   6.7775171246e-01   7.9895337337e+04   1.1200923585e-03   3.8325322554e-08   1.3847048042e-10   2.9746551018e-04   1.0400075704e-07   8.7321328603e-02   1.7296639547e-08   6.2982454816e-09   1.1254992084e-10   1.5231081961e-04   1.1880271194e-01   4.1790532335e-02   1.1772443292e-01   7.3303939098e-10   5.3918943125e-06   2.6037863676e-10   6.3278556645e-01  -1.2246534837e+06
   2.1375019194e-02   2.1124313489e-02   2.1719344706e-01   4.9962263123e-05   2.7874340136e+00   4.4422087912e-24  -9.5846749335e-25   1.4337099700e+03   1.5913203913e-01   6.0559066771e-01   1.0360424850e+05   1.1260424238e-03   5.7679869644e-08   2.3622948638e-10   2.8218246849e-04   1.9313855740e-07   8.9254921338e-02   1.7827936057e-08   1.3008961724e-08   2.6023464172e-10   1.9618071052e-04   1.0169797097e-01   4.1786099822e-02   1.2033873332e-01   1.1777225403e-09   6.9210434035e-06   5.0544561125e-10   6.4531066406e-01  -1.1523341195e+06
   2.1878772359e-02   2.1625724899e-02   2.1193411880e-01   5.1545961933e-05   2.7222673640e+00   4.9581011486e-24  -1.2257245780e-24   1.4848820163e+03   1.4426525750e-01   5.3821610356e-01   1.2181876445e+05   1.1311822628e-03   8.8689515253e-08   4.2281258750e-10   2.7091791394e-04   3.6118311386e-07   9.1126549718e-02   1.9026846161e-08   2.7441277677e-08   6.1015353364e-10   2.5428445567e-04   8.5911895785e-02   4.1669156808e-02   1.2279118147e-01   2.0410273148e-09   9.3614618172e-06   1.0144808687e-09   6.5683496969e-01  -1.0847346215e+06
   2.2386937960e-02   2.2131819819e-02   2.0687223937e-01   5.3110269346e-05   2.6560340679e+00   5.3937922593e-24  -1.5345089148e-24   1.5361594922e+03   1.3057478301e-01   4.7557839321e-01   1.1782645015e+05   1.1352936316e-03   1.3837741423e-07   7.9528394802e-10   2.6424377688e-04   6.7642596375e-07   9.2942162546e-02   2.0908047001e-08   5.8165173679e-08   1.4282429441e-09   3.2837032386e-04   7.1374460394e-02   4.1442079934e-02   1.2508321089e-01   3.7332324904e-09   1.3147744924e-05   2.0683282634e-09   6.6741612886e-01  -1.0213068986e+06
   2.2898164955e-02   2.2642056100e-02   2.0200041447e-01   5.4650673617e-05   2.5880958274e+00   5.7034845826e-24  -1.8742262236e-24   1.5874289682e+03   1.1802972828e-01   4.1767951823e-01   6.4090542140e+04   1.1377116289e-03   2.1684163372e-07   1.5652123314e-09   2.6268466011e-04   1.2574102873e-06   9.4704635671e-02   2.3547651059e-08   1.2102538572e-07   3.2621014997e-09   4.1657790224e-04   5.8056495004e-02   4.1101450914e-02   1.2721259342e-01   6.9857634549e-09   1.8801423870e-05   4.1795089143e-09   6.7708741456e-01  -9.6163194257e+05
   2.3409240888e-02   2.3154273809e-02   1.9731947141e-01   5.6159843148e-05   2.5181443621e+00   5.8850008216e-24  -2.2196597856e-24   1.6384908702e+03   1.0663168083e-01   3.6455613906e-01  -7.5171372965e+04   1.1369767317e-03   3.3722053882e-07   3.1938552340e-09   2.6731730531e-04   2.2966028133e-06   9.6412961133e-02   2.7102748629e-08   2.4070171037e-07   7.0806499635e-09   5.1080917019e-04   4.5972720749e-02   4.0630125519e-02   1.2918198548e-01   1.2911759011e-08   2.6781307126e-05   8.1418128855e-09   6.8585738965e-01  -9.0545811349e+05
   2.3914363167e-02   2.3664207966e-02   1.9284144204e-01   5.7626822701e-05   2.4463626093e+00   5.9130809281e-24  -2.5317343989e-24   1.6890282430e+03   9.6413906635e-02   3.1653040514e-01  -3.2975815726e+05   1.1304557683e-03   5.1444681436e-07   6.6926729722e-09   2.8123782193e-04   4.0848135820e-06   9.8060067762e-02   3.1946552632e-08   4.4615260232e-07   1.4242397569e-08   5.9561681251e-04   3.5184941736e-02   3.9984730929e-02   1.3101298138e-01   2.2823583106e-08   3.7201222017e-05   1.4893109624e-08   6.9370763056e-01  -8.5277369380e+05
   2.4412693786e-02   2.4164518368e-02   1.8852967833e-01   5.9058672820e-05   2.3724504860e+00   5.7824505536e-24  -2.7736068148e-24   1.7393446934e+03   8.7284375274e-02   2.7363119243e-01  -6.8126839347e+05   1.1140517124e-03   7.6874335246e-07   1.4553534874e-08   3.1239563681e-04   7.1085828594e-06   9.9655299515e-02   3.9172967647e-08   7.6339871185e-07   2.6324617590e-08   6.5212978059e-04   2.5636916408e-02   3.9072210958e-02   1.3278863051e-01   3.8062298147e-08   4.9758060031e-05   2.5314809854e-08   7.0070982327e-01  -8.0311134740e+05
   2.4932163693e-02   2.4660869204e-02   1.8411940033e-01   6.0544647119e-05   2.2917650987e+00   5.4885696192e-24  -2.9318432545e-24   1.7927265150e+03   7.8698868967e-02   2.3387259115e-01  -8.7602940332e+05   1.0799355366e-03   1.1709382024e-06   3.6197436900e-08   3.8345117462e-04   1.2818487603e-05   1.0129279420e-01   5.2824325877e-08   1.2553707140e-06   4.6790407815e-08   6.6423469873e-04   1.6823129668e-02   3.7653080535e-02   1.3475055227e-01   6.2452395564e-08   6.4785527309e-05   4.1615109881e-08   7.0727255171e-01  -7.5350723090e+05
   2.5577185200e-02   2.5203458183e-02   1.7881654322e-01   6.2377217653e-05   2.1862246252e+00   4.8405530621e-24  -3.0057781797e-24   1.8602414555e+03   6.9245397237e-02   1.8370090655e-01   2.0579136431e+06   1.0008076899e-03   2.3817579797e-06   1.8362539264e-07   5.9540691338e-04   3.3044193292e-05   1.0327057986e-01   9.9745765234e-08   2.6095320788e-06   1.0691569591e-07   6.1677988061e-04   7.4695658297e-03   3.4830235690e-02   1.3765291029e-01   1.3426878793e-07   8.7142949320e-05   8.7527747042e-08   7.1443792332e-01  -6.9524174666e+05
   2.6308575684e-02   2.5950912216e-02   1.7423350887e-01   6.4160728297e-05   2.0555732153e+00   3.6884952699e-24  -2.8095964180e-24   1.9265344091e+03   6.0388195492e-02   1.2141205775e-01   2.5719819703e+07   7.7453999827e-04   1.9561586962e-05   1.7314216640e-05   1.5558866356e-03   4.2653737097e-04   1.0482489709e-01   3.5836435689e-07   5.9754618074e-06   2.7402772319e-07   1.3550417146e-04   2.6721425270e-04   2.7786040310e-02   1.4320232450e-01   5.7558741113e-07   5.0973881986e-05   2.1302241776e-07   7.2093180952e-01  -6.4806275375e+05
   2.6866653107e-02   2.6666239152e-02   1.7751796456e-01   6.3852017494e-05   1.9462034001e+00   3.6586934573e-24  -2.0533532081e-24   1.9057472006e+03   5.5079183271e-02   9.9825906735e-02   1.9393050026e+07   3.6997310624e-04   4.3688152335e-05   3.3411517350e-04   1.0310805563e-02   1.9160225087e-03   1.0149479563e-01   1.6952411979e-06   1.9767073702e-07   1.0594378640e-08   1.5283861479e-06   2.9147118797e-06   1.3789288568e-02   1.4679088151e-01   8.6441445580e-08   1.7614778046e-06   9.2054649374e-09   7.2494222606e-01  -6.1379812652e+05
   2.7223875116e-02   2.7067067062e-02   1.8108757999e-01   6.3238781356e-05   1.8722413371e+00   3.1177936110e-24  -2.1335463885e-24   1.8747251910e+03   5.1515432086e-02   1.0216623846e-01   1.8502465636e+07   2.2927396103e-04   3.4018448681e-05   4.6851687028e-04   2.0748187645e-02   2.1643328148e-03   9.7866010175e-02   2.8311883551e-06   2.9623856645e-09   1.6714027738e-10   2.3475511847e-08   5.4444361679e-08   8.2857280304e-03   1.4236850339e-01   5.4284978713e-09   3.8465928829e-08   1.5001689241e-10   7.2783247239e-01  -5.6011969734e+05
   2.7517463900e-02   2.7380683171e-02   1.8510880283e-01   6.2476937058e-05   1.8088291695e+00   2.7845370389e-24  -1.9811427288e-24   1.8382585756e+03   4.8530208198e-02   1.0085698074e-01   1.8259050617e+07   1.5198613126e-04   2.4166018708e-05   4.8465937961e-04   3.0981956965e-02   2.0698764824e-03   9.4387948617e-02   3.6031838214e-06   5.4063786671e-11   3.2052674970e-12   5.1118888520e-10   1.4608198281e-09   5.2998655911e-03   1.3635670339e-01   1.7425356909e-09   9.7483504602e-10   2.9080387816e-12   7.3023922949e-01  -5.1269562248e+05
   2.7779426111e-02   2.7654244629e-02   1.8968610054e-01   6.1592454123e-05   1.7501819903e+00   2.5396776743e-24  -1.7814203328e-24   1.7971030984e+03   4.5847559093e-02   9.7413353181e-02   1.6583255514e+07   1.0289658029e-04   1.6599458805e-05   4.4737401861e-04   4.0947404240e-02   1.8518106879e-03   9.0956767288e-02   4.0860529438e-06   1.3143692408e-12   8.1345390276e-14   1.5518923412e-11   5.3157171482e-11   3.4608860312e-03   1.2985762468e-01   8.3408251568e-10   3.3381081304e-11   7.3391467598e-14   7.3235455003e-01  -4.7194356429e+05
   2.8022771724e-02   2.7904607593e-02   1.9484393963e-01   6.0606861187e-05   1.6939401968e+00   2.3024693236e-24  -1.5834436818e-24   1.7521155909e+03   4.3355955760e-02   9.2542048898e-02   1.4256264017e+07   7.0013792102e-05   1.1130593316e-05   3.8673749230e-04   5.0668147589e-02   1.5888862503e-03   8.7529063385e-02   4.3472475067e-06   4.2361357140e-14   2.7161013581e-15   6.3820043747e-13   2.5533930034e-12   2.2731694821e-03   1.2319405174e-01   4.0684510403e-10   2.2190947546e-12   2.4098784826e-15   7.3427445201e-01  -4.3651059612e+05
   2.8254804864e-02   2.8140935855e-02   2.0060919349e-01   5.9535048732e-05   1.6387431531e+00   2.0665025646e-24  -1.3976410327e-24   1.7039452264e+03   4.0994488263e-02   8.6654369657e-02   1.1756751654e+07   4.7491958497e-05   7.2890500164e-06   3.1875400735e-04   6.0177848540e-02   1.3190936980e-03   8.4081620155e-02   4.4351979390e-06   1.7679762735e-15   1.1680040496e-16   3.4614008578e-14   1.5912762697e-13   1.4925689046e-03   1.1649338430e-01   1.9588939241e-10   4.6426865521e-13   1.0245540706e-16   7.3605751399e-01  -4.0513846625e+05
   2.8479977578e-02   2.8368673872e-02   2.0701453290e-01   5.8388545844e-05   1.5837478132e+00   1.8423047017e-24  -1.2264029008e-24   1.6531306158e+03   3.8728100002e-02   8.0096242649e-02   9.3564239597e+06   3.1980598170e-05   4.6551165694e-06   2.5249652381e-04   6.9495279556e-02   1.0634531164e-03   8.0604110035e-02   4.3865120758e-06  -1.3650705845e-14   1.0553763644e-17   2.7012069777e-15   1.2772909397e-14   9.7845306049e-04   1.0982559316e-01   9.2512784914e-11   1.7474810799e-13  -6.2558829825e-17   7.3773959223e-01  -3.7688624519e+05
   2.8701198773e-02   2.8591281284e-02   2.1409957615e-01   5.7176854626e-05   1.5284021636e+00   1.6600334670e-24  -1.0675564616e-24   1.6001387764e+03   3.6535693014e-02   7.3167840919e-02   7.2064236960e+06   2.1347658814e-05   2.8947123686e-06   1.9300805866e-04   7.8628475268e-02   8.3383104977e-04   7.7093813086e-02   4.2319601959e-06   6.6315427503e-18   4.5380311209e-19   2.2778574268e-16   1.3048056628e-15   6.4184724578e-04   1.0323727556e-01   4.2779420007e-11   7.2024853462e-14   5.5778358599e-19   7.3934327536e-01  -3.5106050087e+05
   2.8920496417e-02   2.8811116261e-02   2.2191272582e-01   5.5907912075e-05   1.4723286256e+00   1.5240089265e-24  -9.2031435458e-25   1.5453763113e+03   3.4404011418e-02   6.6119904731e-02   5.3805762197e+06   1.4140784603e-05   1.7503926387e-06   1.4270064822e-04   8.7580784805e-02   6.3618513413e-04   7.3552239268e-02   3.9993445325e-06   8.9313236888e-19  -4.4629253682e-17   2.7725940333e-17   1.6967166726e-16   4.2355414097e-04   9.6761384231e-02   1.9396592773e-11   3.0009270792e-14   8.8548506517e-20   7.4088326123e-01  -3.2714173160e+05
   2.9139342433e-02   2.9029876574e-02   2.3051246601e-01   5.4588405373e-05   1.4152694895e+00   1.3905556280e-24  -7.8478994876e-25   1.4891989530e+03   3.2324685369e-02   5.9152114277e-02   3.8991984161e+06   9.3313959397e-06   1.0284458441e-06   1.0221275908e-04   9.6353401565e-02   4.7234026289e-04   6.9983509373e-02   3.7144305932e-06   8.3288679236e-20  -3.9057758083e-18   3.9601528129e-18   2.8009300461e-17   2.8343311225e-04   9.0421834134e-02   8.6606275484e-12   1.2510493944e-14   1.8113606794e-20   7.4236919451e-01  -3.0473938913e+05
   2.9358855147e-02   2.9248808292e-02   2.3996992777e-01   5.3223829368e-05   1.3570521171e+00   1.1973547379e-24  -6.5954696091e-25   1.4319122698e+03   3.0292415915e-02   5.2414373903e-02   2.7459490387e+06   6.1794185715e-06   5.8698933998e-07   7.1022359710e-05   1.0494716709e-01   3.4119193490e-04   6.6393023732e-02   3.4006337655e-06   6.7650798318e-21   5.1087196966e-22   6.7881103314e-19   5.8401634152e-18   1.9425042533e-04   8.4235711366e-02   3.8328713616e-12   5.2798798781e-15   4.2914087905e-21   7.4380746605e-01  -2.8356126965e+05
   2.9579947832e-02   2.9468902001e-02   2.5037307278e-01   5.1818381410e-05   1.2975618146e+00   1.0666309423e-24  -5.4220131544e-25   1.3737672133e+03   2.8303734131e-02   4.6010786247e-02   1.8815228377e+06   4.1524290462e-06   3.2545418462e-07   4.7930793109e-05   1.1336389639e-01   2.3967755694e-04   6.2786224641e-02   3.0778814706e-06   1.0465764958e-21   8.0517857896e-23   1.5465326116e-19   1.5336399217e-18   1.3774268663e-04   7.8214467209e-02   1.6930814023e-12   2.2972444650e-15   1.0858517490e-21   7.4520250495e-01  -2.6339083356e+05
   2.9803413574e-02   2.9690993662e-02   2.6183077586e-01   5.0375016954e-05   1.2367277444e+00   9.4386984257e-25  -4.3667800231e-25   1.3149637429e+03   2.6356424515e-02   4.0007606220e-02   1.2556804216e+06   2.8731804550e-06   1.7529229443e-07   3.1450317959e-05   1.2160597001e-01   1.6363419101e-04   5.9168092099e-02   2.7615053134e-06  -2.6300630592e-20   1.8409800428e-23   4.5738621280e-20   5.1281233904e-19   1.0188230880e-04   7.2365619463e-02   7.5028600859e-13   1.0519182469e-15   2.8630418217e-22   7.4655754163e-01  -2.4407200358e+05
   3.0029980313e-02   2.9915833486e-02   2.7447720693e-01   4.8895601676e-05   1.1745148597e+00   8.2197719096e-25  -3.4561601168e-25   1.2556590592e+03   2.4449257965e-02   3.4442586324e-02   8.1667808311e+05   2.0799109533e-06   9.1676770674e-08   2.0082461731e-05   1.2967534336e-01   1.0850161322e-04   5.5543041822e-02   2.4613301666e-06  -6.8241786287e-21   4.7566669546e-24   1.8373286597e-20   2.4107421253e-19   7.8901290193e-05   6.6694378323e-02   3.3384607516e-13   5.1618122381e-16   7.9137303277e-23   7.4787511821e-01  -2.2549694737e+05
   3.0260362482e-02   3.0144127140e-02   2.8847749393e-01   4.7381049171e-05   1.1109166749e+00   6.7902638979e-25  -2.6813657886e-25   1.1959755295e+03   2.2581782492e-02   2.9336192309e-02   5.1745299711e+05   1.5952707453e-06   4.6491443853e-08   1.2488306551e-05   1.3757289927e-01   6.9836709819e-05   5.1914891906e-02   2.1811933429e-06   2.2477932091e-23   1.8618366457e-24   1.2609707655e-20   2.0136292176e-19   6.3861024903e-05   6.1204695698e-02   1.4845048829e-13   2.7377639963e-16   2.3152998657e-23   7.4915750413e-01  -2.0759449374e+05
   3.0496315285e-02   3.0376597824e-02   3.0410837043e-01   4.5824431341e-05   1.0456617074e+00   5.5298612258e-25  -2.0291856030e-25   1.1357398166e+03   2.0746348307e-02   2.4671399866e-02   3.1788781598e+05   1.3006602579e-06   2.2703459183e-08   7.5468625394e-06   1.4533111733e-01   4.3530992984e-05   4.8271383936e-02   1.9173727691e-06   1.5870469576e-23   1.3449537025e-24   1.4641117780e-20   2.8439199703e-19   5.3615193914e-05   5.5877204207e-02   6.5018602088e-14   1.5537339084e-16   7.1389579235e-24   7.5041236075e-01  -1.9025810741e+05
   3.0739929522e-02   3.0616032745e-02   3.2173338694e-01   4.4217161839e-05   9.7844780325e-01   4.4738056496e-25  -1.4896424239e-25   1.0747439737e+03   1.8935724249e-02   2.0427566086e-02   1.8813758900e+05   1.1210020061e-06   1.0580660545e-08   4.4240187170e-06   1.5298116297e-01   2.6245516075e-05   4.4597965285e-02   1.6626384815e-06   1.2819568912e-23   1.1092926033e-24   1.9999260873e-20   4.7579947932e-19   4.6236358119e-05   5.0693535495e-02   2.7553676373e-14   9.2078841508e-17   2.2892221099e-24   7.5164763613e-01  -1.7338092651e+05
   3.0991808481e-02   3.0863826299e-02   3.4167873593e-01   4.2561276231e-05   9.0945920473e-01   3.5846618350e-25  -1.0549196009e-25   1.0132074089e+03   1.7156418482e-02   1.6620707629e-02   1.0680855213e+05   1.0095315434e-06   4.6786162342e-09   2.5237151375e-06   1.6049630674e-01   1.5377564561e-05   4.0906109613e-02   1.4101359884e-06  -1.3926627764e-21   9.1535995667e-25   2.6313096875e-20   7.7523406947e-19   4.0563201413e-05   4.5673914486e-02   1.1143478144e-14   5.5348846814e-17  -1.0795277730e-25   7.5286278033e-01  -1.5698709640e+05
   3.1252680006e-02   3.1119790664e-02   3.6434553799e-01   4.0858549742e-05   8.3891633626e-01   2.7785119396e-25  -7.2911857620e-26   9.5134649914e+02   1.5415358446e-02   1.3265967393e-02   5.7900191972e+04   9.3651673818e-07   1.9486731732e-09   1.4082705415e-06   1.6784805443e-01   8.8183738285e-06   3.7208308855e-02   1.1570797867e-06   7.1171614541e-24  -1.6568162259e-22   3.1345400269e-20   1.1713945986e-18   3.5863183748e-05   4.0837509461e-02   4.2408020523e-15   3.2914712892e-17   2.5669290612e-25   7.5405794188e-01  -1.4110443821e+05
   3.1524249467e-02   3.1385569349e-02   3.9029073144e-01   3.9106727880e-05   7.6690460211e-01   2.0649988013e-25  -4.6515926384e-26   8.8924354771e+02   1.3715587086e-02   1.0349811118e-02   2.9924783713e+04   8.8379509708e-07   7.5967766816e-10   7.7407977424e-07   1.7502418360e-01   4.9888302916e-06   3.3508521165e-02   9.1032015971e-07   4.3071975640e-24  -9.5334747042e-23   3.3876335907e-20   1.6392820159e-18   3.1681773777e-05   3.6191104411e-02   1.5006940487e-15   1.9200942523e-17   8.9559223012e-26   7.5523695126e-01  -1.2564503451e+05
   3.1808761341e-02   3.1662929586e-02   4.2022877109e-01   3.7303135920e-05   6.9354017751e-01   1.4370537011e-25  -2.7546101442e-26   8.2699041675e+02   1.2060830241e-02   7.8457803410e-03   1.4805997816e+04   8.4057110065e-07   2.7677971998e-10   4.2213846382e-07   1.8200941659e-01   2.8043549882e-06   2.9811843779e-02   6.8444683116e-07   2.4020509707e-24  -5.2362288972e-23   3.3538959192e-20   2.1432107075e-18   2.7749989800e-05   3.1741993833e-02   4.9062821611e-16   1.1114850321e-17  -1.1592814783e-26   7.5640424402e-01  -1.1056162058e+05
   3.2109969226e-02   3.1954593096e-02   4.5516493202e-01   3.5440832978e-05   6.1882127166e-01   8.9656153508e-26  -1.3939381345e-26   7.6456698223e+02   1.0452189842e-02   5.7353944824e-03   7.0592214817e+03   8.0024007836e-07   9.4329033117e-11   2.2885627604e-07   1.8879939425e-01   1.5709704102e-06   2.6117120471e-02   4.9253001244e-07   1.1842275504e-24   1.0811665071e-25   3.0711391297e-20   2.6426519477e-18   2.3907222499e-05   2.7489228052e-02   1.4746205820e-16   6.5383022633e-18   1.1391961122e-26   7.5756725731e-01  -9.5834746638e+04
   3.2441035264e-02   3.2265345355e-02   4.9760233887e-01   3.3461892854e-05   5.4087709654e-01   3.9206284833e-26  -5.3531139855e-27   7.0038263123e+02   8.8546560525e-03   3.9497949860e-03   3.1820201975e+03   7.5742502021e-07   2.9043837037e-11   1.2042476864e-07   1.9554205385e-01   8.6056722627e-07   2.2336740807e-02   3.3630386711e-07   6.0014674730e-25  -1.3127554570e-23   2.6181820699e-20   3.1031726414e-18   1.9975066581e-05   2.3337290875e-02   3.8874349407e-17   3.9614377016e-18  -9.4761850945e-27   7.5876186465e-01  -8.1248534814e+04
   3.2814100379e-02   3.2616725173e-02   5.5006687655e-01   3.1354445375e-05   4.5975389453e-01   1.5999227578e-26   1.1631438098e-27   6.3456038808e+02   7.2741509910e-03   2.4972814224e-03   1.3501649405e+03   7.0792404236e-07   7.9665517385e-12   6.0667099501e-08   2.0221246877e-01   4.5852011195e-07   1.8468751787e-02   2.1679175369e-07   2.6319954155e-25  -5.5177286299e-24   2.0664524387e-20   3.4598732124e-18   1.5907536197e-05   1.9301647731e-02   8.7072224801e-18   2.5416621483e-18  -2.5083668038e-27   7.5999978027e-01  -6.6721283830e+04
   3.3239861471e-02   3.3011475584e-02   6.1492901858e-01   2.9146612530e-05   3.7717349886e-01   3.3804536337e-27   2.7159637271e-27   5.6853257652e+02   5.7500041584e-03   1.4171264522e-03   5.3275083474e+02   6.4802598220e-07   1.9123483647e-12   2.8722025356e-08   2.0864469945e-01   2.3618529105e-07   1.4601565800e-02   1.3099850347e-07   1.0517166956e-25  -2.0231759606e-24   1.5062906728e-20   3.6138697646e-18   1.1798000067e-05   1.5473681434e-02   1.5859706092e-18   1.7408367414e-18  -3.8839575352e-28   7.6126721138e-01  -5.2695398873e+04
   3.3742577164e-02   3.3468247358e-02   6.9513342772e-01   2.6869806954e-05   2.9435981035e-01  -2.3167495639e-27   2.7268770596e-27   5.0373566444e+02   4.3116020714e-03   7.0836193693e-04   1.8944763836e+02   5.7233739152e-07   3.8670239780e-13   1.2422411225e-08   2.1471477412e-01   1.1614757504e-07   1.0825323847e-02   7.2850188402e-08   3.6541212739e-26   2.9637942540e-27   1.0026532163e-20   3.4287673084e-18   7.7973424654e-06   1.1893090644e-02   2.1508651515e-19   1.2175654365e-18   6.2191367553e-29   7.6255824029e-01  -3.9331708353e+04
   3.4439241017e-02   3.4016906970e-02   8.0744030981e-01   2.4281827239e-05   2.0138499716e-01  -1.3098117370e-27   1.5645866890e-27   4.3438400830e+02   2.8363707170e-03   2.6399157831e-04   4.7713313282e+01   4.6183554770e-07   4.7642699047e-14   4.1113841592e-09   2.2094000916e-01   4.7831340962e-08   6.8908793855e-03   3.2164946856e-08  -1.1610023342e-24   7.0571172113e-28   5.4954526748e-21   2.6624199410e-18   3.7804727725e-06   8.1507493779e-03   1.2798995516e-20   7.0831109582e-19  -2.7266030383e-27   7.6401403566e-01  -2.5855939316e+04
   3.5690010404e-02   3.4861575063e-02   9.6132417885e-01   2.1508008679e-05   1.0454435980e-01  -4.1520335968e-29   2.9967851301e-28   3.6539891703e+02   1.4072128161e-03   4.9885548786e-05   4.9300657663e+00   2.6904691412e-07   2.1908849509e-15   8.4112401847e-10   2.2697060481e-01   1.2978556616e-08   3.1333646550e-03   7.9927280652e-09  -3.6663147652e-25   1.0860922679e-28   1.7626033410e-21   9.5867244469e-19   7.5403417675e-07   4.3626104953e-03   1.1177531986e-22   1.7594453298e-19  -1.1456164921e-28   7.6553237515e-01  -1.2695120925e+04
   3.8387964866e-02   3.6518445745e-02   1.0942354822e+00   1.9596669136e-05   3.5648579936e-02   8.7959193949e-30   1.7032836877e-29   3.2124011726e+02   4.5389215055e-04   2.8799323788e-06   1.0992226747e-01   5.6172601706e-08   3.5342240256e-17   1.2097828082e-10   2.3099338480e-01   1.7067536817e-09   9.6280554841e-04   7.6163254754e-10   5.0363079141e-29  -3.5483599850e-27   2.1210069826e-22   9.8940388556e-20   4.7917111613e-08   1.5299659111e-03   1.0620587365e-25   1.3323831890e-20   4.8233484065e-33   7.6651373706e-01  -3.2017571076e+03
   4.2124424280e-02   4.0257483987e-02   1.1431940850e+00   1.8977062712e-05   1.2921822671e-02   8.3406829008e-31   7.0710117326e-31   3.0753226216e+02   1.4876140627e-04   1.5752635405e-07   2.0537367028e-03   8.0080161676e-09   7.0521234254e-19   1.8721215950e-11   2.3228122111e-01   2.2733456003e-10   3.3523549381e-04   6.3300047351e-11   3.0631897959e-31   1.6323930500e-32   2.3338998462e-23   8.4421924663e-21   2.2947270981e-09   5.5987260209e-04   1.0019926417e-28   8.3724897442e-22   3.2010263185e-35   7.6682366018e-01   1.4836354360e+01
   4.7724114023e-02   4.3991364574e-02   1.1646536426e+00   1.8717679052e-05   3.2386784732e-03   5.2844067827e-32   3.8332493925e-32   3.0188270068e+02   2.1100750187e-05   1.1401851313e-08   2.5503389146e-05   8.4647746695e-10   9.0196577218e-21   2.1602102390e-12   2.3282013866e-01   2.5187432372e-11   8.3582669081e-05   4.9916893565e-12   3.2489735167e-33   1.6932300490e-34   2.1683422082e-24   6.7209967103e-22   1.2909674634e-10   1.4057627704e-04   8.8240015284e-32   5.6057751170e-23   2.9787516050e-37   7.6695570139e-01   1.4306945842e+03
   5.7679450471e-02   5.1456863473e-02   1.1707762965e+00   1.8644974848e-05   5.3203279976e-04   1.0562862491e-33   7.8570420856e-34   3.0030857078e+02  -1.4513837603e-05   2.1869207186e-10   4.6727423124e-08   4.3142563101e-11   1.7703152504e-23   9.4030658819e-14   2.3297049483e-01   1.1257166433e-12   1.3694820119e-05   1.3892284858e-13   4.6929631130e-36   2.4302179369e-37   6.9481406995e-26   1.8769376379e-23   2.7442195698e-12   2.3110632477e-05   2.2480593933e-35   1.2305622820e-24   4.1450365054e-40   7.6699269967e-01   1.8288012399e+03
   7.0124596204e-02   6.3902037468e-02   1.1718470694e+00   1.8632318015e-05   6.0394060974e-05   8.1475369908e-36   6.4955760643e-36   3.0003495344e+02  -2.0709556747e-05   4.4336157627e-12   1.4705990260e-11   1.0700447784e-12   5.9328981791e-27   1.6556148750e-15   2.3299665245e-01   2.0989751028e-14   1.5512664390e-06   1.5177262514e-15   1.0684175670e-39   5.5262466768e-41   8.4705244738e-28   2.0458933363e-25   2.3952234495e-14   2.6288653827e-06   3.5532442336e-39   1.1445390902e-26   9.3749340097e-44   7.6699916742e-01   1.8985545909e+03
   8.8792263004e-02   7.6347154939e-02   1.1719763183e+00   1.8630791421e-05   3.4008867714e-06   1.2089978016e-38   1.0254742770e-38   3.0000195889e+02  -2.1457821668e-05   3.2918824069e-14   1.8276317410e-16   6.5942974222e-15   7.7410993800e-32   5.6822269710e-18   2.3299981157e-01   7.5321053583e-17   8.6871497318e-08   3.1351532981e-18   8.7034946891e-45   4.4984796979e-46   1.9213754424e-30   4.3275132298e-28   4.3114149893e-17   1.4887903965e-07   1.1109977167e-43   1.1524327439e-28   7.6271467903e-49   7.6699995268e-01   1.9070582711e+03
   1.2620856778e-01   1.0123737107e-01   1.1719836849e+00   1.8630704418e-05   1.3670239899e-07   4.3503199483e-42   3.9671955776e-42   3.0000007842e+02  -2.1500662227e-05   2.0061977135e-17   1.5606348549e-22   1.1104768625e-17   6.8534917974e-38   4.9119724899e-21   2.3299999244e-01   6.8599350873e-20   3.4762031937e-09   1.5803957348e-21   4.3762301148e-51   2.2572910804e-52   1.0585558259e-33   2.2304844750e-31   1.9074513221e-20   5.9968350041e-09   3.4234634606e-48   4.0780144105e-30   3.8283435255e-55   7.6699999809e-01   1.9075558135e+03
   1.7615096125e-01   1.5117976450e-01   1.1719839849e+00   1.8630700875e-05   3.2008559944e-09   1.0865879766e-45   1.1895670522e-45   3.0000000184e+02  -2.1502411797e-05   1.4391101969e-20   1.1572196655e-28   1.5117287334e-20   5.1817757875e-44   3.6612592793e-24   2.3299999982e-01   5.9236292242e-23   8.1416060615e-11   5.9697340948e-25   1.5354949549e-57   7.9186126374e-59   4.3003709870e-37   7.9723239751e-35   5.5686075993e-24   1.4029386631e-10   6.9014417090e-53   9.5288512030e-32   1.3430294288e-61   7.6699999996e-01   1.9075763926e+03
   2.2609335473e-01   2.0112215799e-01   1.1719839920e+00   1.8630700790e-05   1.8227683630e-11   1.7244830838e-48   2.2562357207e-48   3.0000000001e+02  -2.1502453492e-05   7.8867405831e-24   1.9689522626e-33   3.6737162265e-23   3.1614885185e-49   8.6183341316e-27   2.3300000000e-01   1.5319311842e-25   4.6785406799e-13   1.1167912895e-27  -6.7515804447e-61   3.8050405153e-64   7.9869953920e-40   1.3170978035e-37   8.0291099435e-27   7.9256943030e-13   1.0079319921e-57   5.3812450325e-34   6.4477029461e-67   7.6700000000e-01   1.9075768821e+03
   2.7603574822e-01   2.5106455148e-01   1.1719839921e+00   1.8630700790e-05   3.0171180657e-14   3.7029537068e-52   4.9246140862e-52   3.0000000000e+02  -2.1502453730e-05   2.5601323979e-28   3.8182204250e-37   3.4060340533e-26   8.4242277075e-56   3.7352997507e-30   2.3300000000e-01   6.6200604339e-29   7.9819723627e-16   3.1119648812e-31   8.1755496101e-70   4.9386702683e-71   2.4005328191e-43   3.9000346168e-41   2.1799702348e-30   1.2744074080e-15   8.5554917070e-64   8.6419663432e-37   8.3858227157e-74   7.6700000000e-01   1.9075768848e+03
   3.2597814171e-01   3.0100694496e-01   1.1719839921e+00   1.8630700790e-05   1.0042885934e-17   4.0345426691e-56   5.4231483515e-56   3.0000000000e+02  -2.1502453731e-05   5.4444221785e-34   5.8773642292e-41   1.7620507399e-29   7.4851878477e-63   8.3727961745e-34   2.3300000000e-01   1.4716792434e-32   3.4641867425e-19   4.4240633313e-35   1.4475043739e-76   1.6920211141e-78   3.6968690734e-47   5.9450567785e-45   3.0514821162e-34   4.0345205161e-19   4.9042428279e-68   2.7150833644e-40   2.8822146434e-81   7.6700000000e-01   1.9075768848e+03
   3.7592053520e-01   3.5094933845e-01   1.1719839921e+00   1.8630700790e-05   7.0134227181e-20   2.9017019409e-60   3.9366963477e-60   3.0000000000e+02  -2.1502453731e-05   1.9377542103e-37   5.9892905146e-45   6.1708374435e-33   4.1061813393e-70   1.2448356047e-37   2.3300000000e-01   2.1672729697e-36   7.7807927549e-23   4.1573153385e-39  -2.4732231303e-75  -2.7930105702e-79   3.7672718367e-51   6.0029938211e-49   2.8299723469e-38   6.4186905291e-23   7.7306346451e-72   4.2843120649e-44   4.3549509147e-89   7.6700000000e-01   1.9075768848e+03
   4.2586292868e-01   4.0089173194e-01   1.1719839921e+00   1.8630700790e-05   1.0064512238e-18   1.5464028236e-64   2.1162094824e-64   3.0000000000e+02  -2.1502453731e-05   6.9771138196e-36   4.5265581205e-49   1.6172370260e-36   4.8328381990e-75   1.3738690164e-41   2.3300000000e-01   2.3683606457e-40   1.1445895085e-26   2.8962441005e-43  -2.4600867443e-80   1.6831813593e-81   2.8472111822e-55   4.4973389185e-53   1.9474191300e-42   6.6300003780e-27   7.9191926936e-76   4.3886039737e-48   3.6327249083e-97   7.6700000000e-01   1.9075768848e+03
   4.7580532217e-01   4.5083412543e-01   1.1719839921e+00   1.8630700790e-05   3.6364631819e-17   6.5140454432e-69   8.9885061389e-69   3.0000000000e+02  -2.1502453731e-05   4.8453844197e-36   2.7051209198e-53   3.3661743600e-40   4.0188358239e-79   1.1994845951e-45   2.3300000000e-01   2.0473744817e-44   1.2346473468e-30   1.5951945589e-47  -1.0513320058e-88   4.5733713772e-98   1.7015247186e-59   2.6647801135e-57   1.0599344806e-46   5.0029455428e-31   5.9257868923e-80   3.2839096900e-52  1.9018909816e-105   7.6700000000e-01   1.9075768848e+03
   5.2574771566e-01   5.0077651892e-01   1.1719839921e+00   1.8630700790e-05   3.8062675411e-18   2.2590518873e-73   3.1423057766e-73   3.0000000000e+02  -2.1502453731e-05   4.8453844197e-36   1.3311429946e-57   5.7834048001e-44   4.1689456740e-83   8.6253046371e-50   2.3300000000e-01   1.4580403633e-48   1.0415099271e-34   7.2572437290e-52   8.7833344306e-89  -3.7560087571e-99   8.3729074461e-64   1.3003137813e-61   4.7512461704e-51   2.9465035523e-35   3.4607787183e-84   1.9178418331e-56  6.7792382104e-114   7.6700000000e-01   1.9075768848e+03
   5.7569010915e-01   5.5071891240e-01   1.1719839921e+00   1.8630700790e-05   1.2285128138e-19   6.6295567219e-78   9.2937540655e-78   3.0000000000e+02  -2.1502453731e-05   1.7445781462e-36   5.5432969785e-62   8.4214465006e-48   8.6532925097e-87   5.2497153377e-54   2.3300000000e-01   8.7919837313e-53   7.1533841724e-39   2.9592593094e-55   7.1506176295e-93  1.7965372987e-113   3.4867416873e-68   5.3702093857e-66   1.8027134445e-55   1.4112055029e-39   1.6435977800e-88   9.1081462850e-61  1.7386937287e-122   7.6700000000e-01   1.9075768848e+03
   6.2563250264e-01   6.0066130589e-01   1.1719839921e+00   1.8630700790e-05  -3.5116164541e-20   1.6781836676e-82   2.3704483440e-82   3.0000000000e+02  -2.1502453731e-05   1.5041831849e-65   1.9849731130e-66   1.0587766647e-51   1.7363520265e-85   2.7566518387e-58   2.3300000000e-01   4.5759488960e-57   4.1071011895e-43   1.2789809006e-53  -2.1821453948e-97  -1.1679416845e-98   1.2524277201e-72   1.9132559732e-70   5.9010200402e-60   5.6453380347e-44   6.5193846415e-93   3.6129339341e-65  5.1551296750e-131   7.6700000000e-01   1.9075768848e+03
   6.7557489612e-01   6.5060369938e-01   1.1719839921e+00   1.8630700790e-05  -3.7905675322e-21   3.7134279334e-87   5.2837710949e-87   3.0000000000e+02  -2.1502453731e-05   7.7892498718e-37  -6.1011378785e-69   1.1643091406e-55   4.2928621469e-86   1.7970218269e-62   2.3300000000e-01   2.1333214644e-61   2.0060729533e-47   3.1620932318e-54  2.2142784294e-104 -1.7799299830e-116   3.9322269684e-77   5.9588283223e-75   1.6888256008e-64   1.9200418654e-48   2.1986898991e-97   1.2184539534e-69  1.2865311973e-136   7.6700000000e-01   1.9075768848e+03
   7.2527304643e-01   7.0054609287e-01   1.1719839921e+00   1.8630700790e-05  -1.5641037169e-22   7.8004849687e-92   1.1203444454e-91   3.0000000000e+02  -2.1502453731e-05   7.8273892979e-37  -6.1636514464e-69   1.1572391299e-59   1.5728679700e-87   1.8450307439e-64   2.3300000000e-01   1.8687746382e-64   1.0296530796e-51   1.1585637425e-55 -1.9809176856e-106 -1.0877304567e-107   1.1509807393e-81   1.7289665423e-79   4.5179428238e-69   7.3792622024e-53  8.3942593055e-102   4.6519320535e-74  1.7991653472e-142   7.6700000000e-01   1.9075768848e+03