5.166666666666664964e-01 5.257309941520468127e-02 2.400003999999999749e-01 8.999999200000001309e+00 1.000000000000000000e+00
5.166666666666664964e-01 5.257309941520468127e-02 8.000039999999994378e-02 6.999999200000001309e+00 2.347062091617743835e+11
5.166666666666664964e-01 5.257309941520468127e-02 9.999999999999999547e-07 7.784117348381817791e+00 2.593300553329589462e+10
5.166666666666664964e-01 5.257309941520468127e-02 4.001000000000000216e-03 5.784117348381817791e+00 1.110092746945007086e+09
5.166666666666664964e-01 5.257309941520468127e-02 3.308208601783744346e-03 3.784117348381817791e+00 1.667257918624118328e+09
5.166666666666664964e-01 5.257309941520468127e-02 4.416356833030003239e-03 3.538896939782643969e+00 1.664465828274428844e+08
5.166666666666664964e-01 5.257309941520468127e-02 8.416356833030002454e-03 5.538896939782643969e+00 9.167005127192600965e+08
5.166666666666664964e-01 5.257309941520468127e-02 5.997137085666837814e-03 4.749138123998624117e+00 3.061236608738401905e+07
5.166666666666664964e-01 5.257309941520468127e-02 5.997034072645360259e-03 2.749138123998624117e+00 3.509374922053752001e+06
5.166666666666664964e-01 5.257309941520468127e-02 5.999503632146364548e-03 1.230686703014861161e+00 4.745200534629876347e+04
5.166666666666664964e-01 5.257309941520468127e-02 5.999999878866354476e-03 9.999588094625193602e-01 8.398524127723957806e-04
5.166666666666664964e-01 5.257309941520468127e-02 4.925915473222304275e-01 9.999996366006028703e-01 9.554700331609842300e+09
5.166666666666664964e-01 5.257309941520468127e-02 3.325915473222303964e-01 9.999999999999999547e-07 3.043540186860723495e+09
5.166666666666664964e-01 5.257309941520468127e-02 1.725915473222303653e-01 4.765137517725308025e-01 4.448303626454149246e+09
5.166666666666664964e-01 5.257309941520468127e-02 1.259154732223033424e-02 1.344342946632159475e+00 2.705066069652487636e+08
5.166666666666664964e-01 5.257309941520468127e-02 9.999999999999999547e-07 3.344342946632159475e+00 2.592853167439057541e+10
5.166666666666664964e-01 5.257309941520468127e-02 4.001000000000000216e-03 5.344342946632159475e+00 7.605813739210737944e+08
5.166666666666664964e-01 5.257309941520468127e-02 3.480406700185916316e-03 8.924935069842213409e+00 1.109231311698865128e+10
5.166666666666664964e-01 5.257309941520468127e-02 2.897816045899895103e-03 6.924935069842213409e+00 6.857906349725231171e+09
5.166666666666664964e-01 5.257309941520468127e-02 4.144002907884442033e-03 4.924935069842213409e+00 4.211862436161546707e+08
5.166666666666664964e-01 5.257309941520468127e-02 1.440029078844419497e-04 2.924935069842213409e+00 2.425693244425225449e+10
5.166666666666664964e-01 5.257309941520468127e-02 3.280905309614423060e-01 7.600878525270322594e-01 7.161748525745530128e+09
5.166666666666664964e-01 5.257309941520468127e-02 1.680905309614422749e-01 9.999999999999999547e-07 1.866856030049437046e+09
5.166666666666664964e-01 5.257309941520468127e-02 8.090530961442243818e-03 3.144019208666546938e-01 3.183659238005538285e+07
5.166666666666664964e-01 5.257309941520468127e-02 5.999721893669679451e-03 6.513317443951576191e-01 5.587635071127903211e+04
5.166666666666664964e-01 5.257309941520468127e-02 6.000000109738169198e-03 1.000021519725782237e+00 4.503962511155475070e-04
5.166666666666664964e-01 5.257309941520468127e-02 7.696272769119124613e-01 9.999999999858250055e-01 1.074499084870111275e+10
5.166666666666664964e-01 5.257309941520468127e-02 6.096272769119124302e-01 9.999999999999999547e-07 4.314936537436843872e+09
5.166666666666664964e-01 5.257309941520468127e-02 4.496272769119123991e-01 6.173007680896176463e-01 6.896580999904835701e+09
5.166666666666664964e-01 5.257309941520468127e-02 2.896272769119123680e-01 1.670136884092497942e-01 3.517368209682770729e+09
5.166666666666664964e-01 5.257309941520468127e-02 1.296272769119123369e-01 2.804706322344187042e-01 2.914195805382539749e+09
5.166666666666664964e-01 5.257309941520468127e-02 9.999999999999999547e-07 9.999999999999999547e-07 2.592836952409914017e+10
5.166666666666664964e-01 5.257309941520468127e-02 4.001000000000000216e-03 2.000001000000000140e+00 1.597229088705097735e+08
5.166666666666664964e-01 5.257309941520468127e-02 8.001000000000001167e-03 4.000001000000000140e+00 2.302436365226322711e+08
5.166666666666664964e-01 5.257309941520468127e-02 5.995107064589434015e-03 3.418807939057512790e+00 8.061370694443495944e+06
5.166666666666664964e-01 5.257309941520468127e-02 5.998496812189130049e-03 1.632372648593777509e+00 3.542656604995952221e+05
5.166666666666664964e-01 5.257309941520468127e-02 5.999999158455109928e-03 9.996387206614509857e-01 6.327621037844102792e-02
5.166666666666664964e-01 5.257309941520468127e-02 4.908790095234995543e-01 9.999981004935616369e-01 9.547548927709281921e+09
5.166666666666664964e-01 5.257309941520468127e-02 3.308790095234995232e-01 9.999999999999999547e-07 3.031982817616618156e+09
5.166666666666664964e-01 5.257309941520468127e-02 1.708790095234994921e-01 4.757381592988757513e-01 4.432983533549423218e+09
5.166666666666664964e-01 5.257309941520468127e-02 1.087900952349946104e-02 1.602077012709592074e-01 1.273672174569679350e+08
5.166666666666664964e-01 5.257309941520468127e-02 9.999999999999999547e-07 3.455092866878229918e-01 2.592836966683588409e+10
5.166666666666664964e-01 5.257309941520468127e-02 4.001000000000000216e-03 2.345509286687823103e+00 1.675622455614851117e+08
5.166666666666664964e-01 5.257309941520468127e-02 8.001000000000001167e-03 4.345509286687823547e+00 3.041991502443619370e+08
5.166666666666664964e-01 5.257309941520468127e-02 5.996827208689367583e-03 3.641536919877187639e+00 1.037632522874280810e+07
5.166666666666664964e-01 5.257309941520468127e-02 5.998503343033616785e-03 1.641536919877187639e+00 3.650180176606747555e+05
5.166666666666664964e-01 5.257309941520468127e-02 5.999999418801786437e-03 9.996439069377356379e-01 6.001250120474906080e-02
5.166666666666664964e-01 5.257309941520468127e-02 6.116188340991989270e-01 9.999985621063656183e-01 1.005753652812761116e+10
5.166666666666664964e-01 5.257309941520468127e-02 4.516188340991988959e-01 9.999999999999999547e-07 3.705086766436263084e+09
5.166666666666664964e-01 5.257309941520468127e-02 2.916188340991988648e-01 5.923279393182806496e-01 5.871421266566773415e+09
5.166666666666664964e-01 5.257309941520468127e-02 1.316188340991988337e-01 4.713935117799370467e+00 1.940114909436910095e+11
5.166666666666664964e-01 5.257309941520468127e-02 9.999999999999999547e-07 2.713935117799370467e+00 2.592843474095739746e+10
5.166666666666664964e-01 5.257309941520468127e-02 4.001000000000000216e-03 4.890166101437275259e+00 4.989515598505209684e+08
5.166666666666664964e-01 5.257309941520468127e-02 6.418801039738400993e-01 2.890166101437275259e+00 3.143798996666685486e+10
5.166666666666664964e-01 5.257309941520468127e-02 4.818801039738400682e-01 8.901661014372752589e-01 8.760132105499929428e+09
5.166666666666664964e-01 5.257309941520468127e-02 3.218801039738400371e-01 9.999999999999999547e-07 2.971613380683343410e+09
5.166666666666664964e-01 5.257309941520468127e-02 1.618801039738400060e-01 4.717017793999744857e-01 4.352262703257422447e+09
5.166666666666664964e-01 5.257309941520468127e-02 1.880103973839974962e-03 7.127800231579669799e+00 1.257400249270289040e+10
5.166666666666664964e-01 5.257309941520468127e-02 4.291476856155856945e-03 5.127800231579669799e+00 3.944850814823288321e+08
5.166666666666664964e-01 5.257309941520468127e-02 2.779924959508908115e-03 3.127800231579669799e+00 3.454267512334153175e+09
5.166666666666664964e-01 5.257309941520468127e-02 4.416357466184607505e-03 3.878649329090642972e+00 1.763145351048983932e+08
5.166666666666664964e-01 5.257309941520468127e-02 8.117310356342923028e-03 5.878649329090642972e+00 9.336229745134997368e+08
5.166666666666664964e-01 5.257309941520468127e-02 5.998874135485218057e-03 4.898114142515140657e+00 3.482511403623278439e+07
5.166666666666664964e-01 5.257309941520468127e-02 5.997046369155787336e-03 2.898114142515140657e+00 4.245079082022995688e+06
5.166666666666664964e-01 5.257309941520468127e-02 5.999503555492466909e-03 1.230570151514730259e+00 4.740236436476607923e+04
5.166666666666664964e-01 5.257309941520468127e-02 6.000000026284118236e-03 9.999541642168434663e-01 9.337604201895532410e-04
5.166666666666664964e-01 5.257309941520468127e-02 5.176017942337908240e-01 1.000000002089525886e+00 9.659291299674890518e+09
5.166666666666664964e-01 5.257309941520468127e-02 3.576017942337907929e-01 1.270988484945279051e-02 3.269880830912714005e+09
5.166666666666664964e-01 5.257309941520468127e-02 1.976017942337907618e-01 4.728977558940566372e-01 4.578688201546854019e+09
5.166666666666664964e-01 5.257309941520468127e-02 3.760179423379073071e-02 9.999999999999999547e-07 4.184543301482447982e+08
5.166666666666664964e-01 5.257309941520468127e-02 9.999999999999999547e-07 8.505315514726703441e+00 2.593434840777742767e+10
5.166666666666664964e-01 5.257309941520468127e-02 2.906205849577871841e-03 6.505315514726703441e+00 5.932090226556571007e+09
5.166666666666664964e-01 5.257309941520468127e-02 4.144005057566811645e-03 4.505315514726703441e+00 3.294195601968274713e+08
5.166666666666664964e-01 5.257309941520468127e-02 1.440050575668115618e-04 2.505315514726703441e+00 2.425272654118898392e+10
5.166666666666664964e-01 5.257309941520468127e-02 3.868223224548499317e-01 1.001125437757793141e-01 3.867441242849283218e+09
5.166666666666664964e-01 5.257309941520468127e-02 2.268223224548499006e-01 3.759769536221066466e-01 4.199007344733488560e+09
5.166666666666664964e-01 5.257309941520468127e-02 6.682232245484986954e-02 7.628967385114271416e-02 9.079623649925049543e+08
5.166666666666664964e-01 5.257309941520468127e-02 9.999999999999999547e-07 5.247780789060290108e-01 2.592836974089566422e+10
5.166666666666664964e-01 5.257309941520468127e-02 4.001000000000000216e-03 2.524778078906028789e+00 1.717037661659477055e+08
5.166666666666664964e-01 5.257309941520468127e-02 8.001000000000001167e-03 4.524778078906028789e+00 3.466233331881939173e+08
5.166666666666664964e-01 5.257309941520468127e-02 5.997718849250585627e-03 3.756952499561717396e+00 1.169157147417459637e+07
5.166666666666664964e-01 5.257309941520468127e-02 5.998506928860614963e-03 1.756952499561717396e+00 5.128223318832098157e+05
5.166666666666664964e-01 5.257309941520468127e-02 5.999999122724768499e-03 9.995799179626829734e-01 8.484531854422942831e-02
5.166666666666664964e-01 5.257309941520468127e-02 7.274756919911028706e-03 9.999980476025568388e-01 1.608232872116905823e+07
5.166666666666664964e-01 5.257309941520468127e-02 4.172478292164094604e-01 9.999992792614876835e-01 9.243064624753681183e+09
5.166666666666664964e-01 5.257309941520468127e-02 2.572478292164094293e-01 9.999999999999999547e-07 2.555863329251017570e+09
5.166666666666664964e-01 5.257309941520468127e-02 9.724782921640939826e-02 4.446045994191578643e-01 3.598814256866060734e+09
5.166666666666664964e-01 5.257309941520468127e-02 9.999999999999999547e-07 1.250289819087147425e+00 2.592837337319814682e+10
5.166666666666664964e-01 5.257309941520468127e-02 4.001000000000000216e-03 3.250289819087147425e+00 2.020497524428464472e+08
5.166666666666664964e-01 5.257309941520468127e-02 8.001000000000001167e-03 5.250289819087146981e+00 5.716361191972675323e+08
5.166666666666664964e-01 5.257309941520468127e-02 5.993755468364208444e-03 4.459221805975555064e+00 2.320761673919952288e+07
5.166666666666664964e-01 5.257309941520468127e-02 5.997015007717008094e-03 2.459221805975555064e+00 2.278391701055269223e+06
5.166666666666664964e-01 5.257309941520468127e-02 5.999504777699478722e-03 1.230972798484208930e+00 4.757898715931345214e+04
5.166666666666664964e-01 5.257309941520468127e-02 5.999999743590010530e-03 9.999556635432058638e-01 1.069106205341657529e-03
5.166666666666664964e-01 5.257309941520468127e-02 5.885664026531198800e-01 9.999992731600868545e-01 9.959147120305290222e+09
5.166666666666664964e-01 5.257309941520468127e-02 4.285664026531198489e-01 9.999999999999999547e-07 3.619995497233124256e+09
5.166666666666664964e-01 5.257309941520468127e-02 2.685664026531198179e-01 5.888475452565894441e-01 5.711093333617493629e+09
5.166666666666664964e-01 5.257309941520468127e-02 1.085664026531197868e-01 8.398759747865817360e+00 4.621023979760679321e+11
5.166666666666664964e-01 5.257309941520468127e-02 9.999999999999999547e-07 6.398759747865817360e+00 2.593086392966722107e+10
