8.333333333333341475e-01 8.771929824561369715e-02 2.400003999999999749e-01 8.999999200000001309e+00 1.000000000000000000e+00
8.333333333333341475e-01 8.771929824561369715e-02 8.000039999999994378e-02 6.999999200000001309e+00 1.285165715317704010e+10
8.333333333333341475e-01 8.771929824561369715e-02 9.999999999999999547e-07 8.999999200000001309e+00 4.842024069863642693e+09
8.333333333333341475e-01 8.771929824561369715e-02 4.001000000000000216e-03 9.918020681648219039e+00 4.653007296906925201e+09
8.333333333333341475e-01 8.771929824561369715e-02 4.574798026750698590e-03 9.668020681648219039e+00 1.623667808413950443e+09
8.333333333333341475e-01 8.771929824561369715e-02 4.411274837253489380e-03 9.418020681648219039e+00 2.011876660809768200e+09
8.333333333333341475e-01 8.771929824561369715e-02 4.497265004019322492e-03 7.418020681648219039e+00 1.154829719748283148e+09
8.333333333333341475e-01 8.771929824561369715e-02 4.972650040193224083e-04 5.418020681648219039e+00 4.236650505625462055e+09
8.333333333333341475e-01 8.771929824561369715e-02 2.141681528575679894e-01 7.728705423174818456e+00 1.970024593663828278e+10
8.333333333333341475e-01 8.771929824561369715e-02 5.416815285756795828e-02 5.728705423174818456e+00 3.844382173267601967e+09
8.333333333333341475e-01 8.771929824561369715e-02 9.999999999999999547e-07 1.082385320940891349e+00 4.841147899427222252e+09
8.333333333333341475e-01 8.771929824561369715e-02 4.001000000000000216e-03 3.082385320940891127e+00 8.836384760031687021e+08
8.333333333333341475e-01 8.771929824561369715e-02 8.001000000000001167e-03 5.082385320940891127e+00 3.280610422463618517e+08
8.333333333333341475e-01 8.771929824561369715e-02 9.996391260004188623e-03 7.082385320940891127e+00 3.221567694815192744e+07
8.333333333333341475e-01 8.771929824561369715e-02 1.000001889632605792e-02 8.000628910098750879e+00 3.730743523034373964e-03
