# time = 0.05
# Grid points = 160
# Pressure (Pa) = 101325
#             1_pos             2_posf             3_rho             4_dvisc             5_uvel             6_vvel             7_wvel             8_temp             9_mixf            10_chi            11_hr            12_y_H2            13_y_H            14_y_O            15_y_O2            16_y_OH            17_y_H2O            18_y_HO2            19_y_CH2            20_y_CH2(S)            21_y_CH3            22_y_CH4            23_y_CO            24_y_CO2            25_y_HCO            26_y_CH2O            27_y_CH2OH            28_y_N2            29_enth
  -7.2527296782e-01  -7.5000000000e-01   1.1719839921e+00   1.8630700790e-05  -2.4062449838e-17  -7.0087939890e-92  -6.3939902459e-94   3.0000000000e+02  -2.1502453731e-05   7.8273723419e-37  -6.1636514617e-69   1.1523074325e-59   7.0245067363e-87   1.1647800823e-64   2.3300000000e-01   5.4929605003e-64   1.0086222467e-51   5.1742042164e-55 -7.5416238757e-104  5.4978751745e-108   1.1416103734e-81   1.7149830188e-79   4.4795192293e-69   7.1763479287e-53  8.1622511149e-102   4.5232159119e-74  7.8118509899e-142   7.6700000000e-01   1.9075768848e+03
  -6.7557476368e-01  -7.0054593564e-01   1.1719839921e+00   1.8630700790e-05   1.3450261564e-18  -3.4596842799e-87  -5.2126255216e-89   3.0000000000e+02  -2.1502453731e-05   3.1012473832e-36  -6.1013261844e-69   1.1610621804e-55   1.2041147155e-86   1.4104990860e-62   2.3300000000e-01   2.0960178230e-61   2.0050628928e-47   8.8694276195e-55 -5.6291704249e-109 -8.9174931256e-108   3.9203825375e-77   5.9406524113e-75   1.6835902580e-64   1.9190818321e-48   2.1975896802e-97   1.2178443128e-69  3.6103004283e-137   7.6700000000e-01   1.9075768848e+03
  -6.2563241976e-01  -6.5060359172e-01   1.1719839921e+00   1.8630700790e-05  -2.3154485885e-17  -1.5978473365e-82  -3.1489167126e-84   3.0000000000e+02  -2.1502453731e-05   1.9377580571e-37   1.9785829246e-66   1.0556246208e-51   2.5429125836e-86   2.7482463560e-58   2.3300000000e-01   4.5628742668e-57   4.1043276637e-43   1.8730494523e-54  -3.0420843802e-98  1.5705035538e-111   1.2484082829e-72   1.9070481290e-70   5.8815757916e-60   5.6415420042e-44   6.5151024521e-93   3.6105032420e-65  3.5412791547e-131   7.6700000000e-01   1.9075768848e+03
  -5.7569007585e-01  -6.0066124780e-01   1.1719839921e+00   1.8630700790e-05   4.4785353334e-18  -6.4490684838e-78  -1.5696803384e-79   3.0000000000e+02  -2.1502453731e-05   7.7550281206e-37   5.5242839588e-62   8.3946184315e-48   1.3478303977e-86   5.2328988542e-54   2.3300000000e-01   8.7648404081e-53   7.1466796777e-39   6.5242091518e-55   5.5894602158e-98  2.9389276244e-105   3.4747824722e-68   5.3516180353e-66   1.7963809074e-55   1.4098839510e-39   1.6420174759e-88   9.0996134702e-61  1.7273072607e-122   7.6700000000e-01   1.9075768848e+03
  -5.2574773193e-01  -5.5071890389e-01   1.1719839921e+00   1.8630700790e-05   3.4319052942e-17  -2.2446364227e-73  -6.4969933361e-75   3.0000000000e+02  -2.1502453731e-05   6.9771276702e-36   1.3262668739e-57   5.7637301940e-44   4.1513694240e-83   8.5956323411e-50   2.3300000000e-01   1.4531794645e-48   1.0402289946e-34   7.2075568047e-52  -6.7117374754e-87   7.2024328139e-96   8.3422365812e-64   1.2955136073e-61   4.7334635213e-51   2.9428729163e-35   3.4564925042e-84   1.9154779779e-56  6.7316800598e-114   7.6700000000e-01   1.9075768848e+03
  -4.7580538801e-01  -5.0077655997e-01   1.1719839921e+00   1.8630700790e-05  -2.2966093299e-17  -6.6098381994e-69  -2.2152990696e-70   3.0000000000e+02  -2.1502453731e-05   6.9771276702e-36   2.6945505924e-53   3.3539828879e-40   4.0034594808e-79   1.1950621863e-45   2.3300000000e-01   2.0400248605e-44   1.2327297846e-30   1.5888108960e-47  -5.8014288304e-87   2.5705832052e-96   1.6948759683e-59   2.6543018959e-57   1.0557120502e-46   4.9951408467e-31   5.9165401739e-80   3.2787854090e-52  1.8876196220e-105   7.6700000000e-01   1.9075768848e+03
  -4.2586304410e-01  -4.5083421606e-01   1.1719839921e+00   1.8630700790e-05  -1.9179040156e-17  -1.6023195706e-64  -6.0990744802e-66   3.0000000000e+02  -2.1502453731e-05   4.8453940385e-36   4.5077184578e-49   1.6110276667e-36   4.8125897087e-75   1.3684536787e-41   2.3300000000e-01   2.3592346989e-40   1.1424065469e-26   2.8839112971e-43   9.2329275739e-86  -3.4584038704e-83   2.8353610089e-55   4.4785287018e-53   1.9391724544e-42   6.6172625577e-27   7.9039812340e-76   4.3801704276e-48   3.6036198888e-97   7.6700000000e-01   1.9075768848e+03
  -3.7592070018e-01  -4.0089187214e-01   1.1719839921e+00   1.8630700790e-05   1.3768054598e-17  -3.0707775149e-60  -1.3093216550e-61   3.0000000000e+02  -2.1502453731e-05   7.7510322283e-37   5.9627874486e-45   6.1458785736e-33   4.0745304492e-70   1.2396059139e-37   2.3300000000e-01   2.1583409312e-36   7.7629620092e-23   4.1385088496e-39   3.6964045987e-77  -2.5651852433e-76   3.7506013723e-51   5.9763329869e-49   2.8172529069e-38   6.4038133908e-23   7.7131037468e-72   4.2743795358e-44   4.3177818987e-89   7.6700000000e-01   1.9075768848e+03
  -3.2597835626e-01  -3.5094952822e-01   1.1719839921e+00   1.8630700790e-05  -7.4966157820e-18  -4.3643835920e-56  -2.0673310231e-57   3.0000000000e+02  -2.1502453731e-05   4.4656494054e-34   5.8497850470e-41   1.7546258367e-29   7.4201762964e-63   8.3354776631e-34   2.3300000000e-01   1.4652242419e-32   3.4548356361e-19   4.4028511420e-35  -8.9458440863e-70   2.0558583539e-78   3.6795217390e-47   5.9170907156e-45   3.0369577681e-34   4.0234277308e-19   4.8911431254e-68   2.7076160631e-40   2.8560999818e-81   7.6700000000e-01   1.9075768848e+03
  -2.7603601235e-01  -3.0100718431e-01   1.1719839921e+00   1.8630700790e-05   3.0130866042e-14  -4.1063185204e-52  -2.1631144729e-53   3.0000000000e+02  -2.1502453730e-05   2.5477547525e-28   3.7993257331e-37   3.3914561433e-26   8.3478005456e-56   3.7178133364e-30   2.3300000000e-01   6.5894752414e-29   7.9575038646e-16   3.0962325434e-31  -1.7584906681e-68   5.9543693167e-71   2.3886583480e-43   3.8807162858e-41   2.1690388246e-30   1.2703580650e-15   8.4960461537e-64   8.6144928662e-37   8.3057878094e-74   7.6700000000e-01   1.9075768848e+03
  -2.2609366843e-01  -2.5106484039e-01   1.1719839920e+00   1.8630700790e-05   1.8185644361e-11  -1.9874326656e-48  -1.2087135582e-49   3.0000000001e+02  -2.1502453492e-05   7.9152728594e-24   1.9561033467e-33   3.6590996483e-23   3.1326625831e-49   8.5776200543e-27   2.3300000000e-01   1.5247708817e-25   4.6679047425e-13   1.1109780344e-27   7.1500253173e-63   3.7662599749e-64   7.9464128269e-40   1.3104042380e-37   7.9876951314e-27   7.9068921607e-13   1.0008399615e-57   5.3684884074e-34   6.3849593862e-67   7.6700000000e-01   1.9075768821e+03
  -1.7615132452e-01  -2.0112249647e-01   1.1719839849e+00   1.8630700875e-05   3.2066798142e-09  -1.7891541122e-45  -2.2174637154e-46   3.0000000184e+02  -2.1502411721e-05   1.4421720295e-20   1.1534960015e-28   1.5091161530e-20   5.1651066292e-44   3.6547537989e-24   2.3299999982e-01   5.9152841041e-23   8.1563667584e-11   5.9544965185e-25   1.5293774672e-57   7.8875633277e-59   4.2893419196e-37   7.9500238727e-35   5.5515016355e-24   1.4054903501e-10   6.9042865835e-53   9.5462324718e-32   1.3376943465e-61   7.6699999996e-01   1.9075763917e+03
  -1.2620898063e-01  -1.5118015256e-01   1.1719836846e+00   1.8630704421e-05   1.3684797106e-07  -9.0952330421e-42  -1.4016086107e-42   3.0000007850e+02  -2.1500660325e-05   2.0074448488e-17   1.5475247014e-22   1.1071187893e-17   6.7961551756e-38   4.8907757322e-21   2.3299999243e-01   6.8299343200e-20   3.4798885177e-09   1.5732438763e-21   4.3372455247e-51   2.2371657442e-52   1.0537262047e-33   2.2206705021e-31   1.8992380026e-20   6.0032179748e-09   3.4121169167e-48   4.0823682678e-30   3.7942157880e-55   7.6699999809e-01   1.9075557909e+03
  -8.8792733626e-02  -1.0123780870e-01   1.1719763158e+00   1.8630791450e-05   3.4019792980e-06  -2.7531390090e-38  -4.4210508694e-39   3.0000195952e+02  -2.1457807249e-05   3.2967363101e-14   1.8171463801e-16   6.5845533510e-15   7.6969455715e-32   5.6657308954e-18   2.3299981151e-01   7.5095311995e-17   8.6899408402e-08   3.1254913519e-18   8.6500557514e-45   4.4708452826e-46   1.9153125047e-30   4.3146523792e-28   4.2991831162e-17   1.4892744023e-07   1.1074483053e-43   1.1523624295e-28   7.5802967260e-49   7.6699995267e-01   1.9070581002e+03
  -7.0125116315e-02  -7.6347658556e-02   1.1718469707e+00   1.8632319180e-05   6.0436225388e-05  -1.9830304504e-35  -3.2357593266e-36   3.0003497863e+02  -2.0708988399e-05   4.4420158008e-12   1.4689633088e-11   1.0704077443e-12   5.9265105173e-27   1.6546622098e-15   2.3299665005e-01   2.0977824915e-14   1.5523860220e-06   1.5164849007e-15   1.0668485774e-39   5.5181305243e-41   8.4628932989e-28   2.0442285345e-25   2.3934490346e-14   2.6307360147e-06   3.5484103588e-39   1.1436588366e-26   9.3611704917e-44   7.6699916683e-01   1.8985482824e+03
  -5.7680003580e-02  -6.3902574075e-02   1.1707751801e+00   1.8644988054e-05   5.3251374828e-04  -2.7177107576e-33  -4.3694361666e-34   3.0030885634e+02  -1.4507351838e-05   2.1887124804e-10   4.6818700252e-08   4.3192808965e-11   1.7737941150e-23   9.4120814863e-14   2.3297046745e-01   1.1268369230e-12   1.3707485780e-05   1.3905116267e-13   4.7016795625e-36   2.4347345079e-37   6.9541361096e-26   1.8786158025e-23   2.7469094598e-12   2.3132156710e-05   2.2524009894e-35   1.2315154905e-24   4.1527635025e-40   7.6699269286e-01   1.8287272275e+03
  -4.7724549864e-02  -5.1457433085e-02   1.1646503506e+00   1.8717718301e-05   3.2401457648e-03  -1.3266553267e-31  -1.9566652358e-32   3.0188355170e+02   2.1120233996e-05   1.1396218076e-08   2.5555847444e-05   8.4707246336e-10   9.0375512894e-21   2.1623108656e-12   2.3282005640e-01   2.5213202140e-11   8.3620277793e-05   4.9982428848e-12   3.2563905920e-33   1.6971013477e-34   2.1710810479e-24   6.7295189689e-22   1.2927322153e-10   1.4064159151e-04   8.8518681308e-32   5.6138169224e-23   2.9856117232e-37   7.6695568072e-01   1.4304656426e+03
  -4.2124659484e-02  -4.3991666642e-02   1.1431962623e+00   1.8977036034e-05   1.2920961742e-02  -1.8103480123e-30  -1.1044808091e-31   3.0753167803e+02   1.4874776079e-04   1.5753775583e-07   2.0548979111e-03   8.0087986705e-09   7.0554578358e-19   1.8725176990e-11   2.3228127873e-01   2.2739411008e-10   3.3520906816e-04   6.3329964419e-11   3.0654138271e-31   1.6335560139e-32   2.3349494352e-23   8.4461276764e-21   2.2961077013e-09   5.5982645938e-04   1.0030638785e-28   8.3780927322e-22   3.2032813671e-35   7.6682367513e-01   1.5012854887e+01
  -3.8388068747e-02  -4.0257652325e-02   1.0942309544e+00   1.9596728375e-05   3.5651886209e-02  -1.3351068947e-29   1.1979901665e-29   3.2124144067e+02   4.5391963647e-04   2.8787130898e-06   1.0999663962e-01   5.6179698943e-08   3.5361382508e-17   1.2100386626e-10   2.3099326883e-01   1.7072970003e-09   9.6286533437e-04   7.6203988501e-10   1.9536095811e-29   1.0949084946e-30   2.1220821709e-22   9.8998019623e-20   4.7945483079e-08   1.5300486698e-03   1.0638884500e-25   1.3334848055e-20   2.7528713934e-33   7.6651371045e-01  -3.2019578618e+03
  -3.5689981677e-02  -3.6518485169e-02   9.6134490329e-01   2.1507679204e-05   1.0453130376e-01   1.2766850518e-28   4.4538799417e-28   3.6539107068e+02   1.4070361951e-03   4.9887337320e-05   4.9300131529e+00   2.6902729474e-07   2.1905469216e-15   8.4103521958e-10   2.2697135033e-01   1.2978160580e-08   3.1330085522e-03   7.9926622346e-09  -3.7505294284e-25   1.0848888829e-28   1.7627003423e-21   9.5871546178e-19   7.5402889841e-07   4.3620362530e-03   1.1175627187e-22   1.7596407818e-19  -1.1727073271e-28   7.6553255999e-01  -1.2693231035e+04
  -3.4439196446e-02  -3.4861478186e-02   8.0744361243e-01   2.4281757880e-05   2.0138000788e-01   2.9213508876e-27   3.8597732267e-27   4.3438221612e+02   2.8363141363e-03   2.6398838462e-04   4.7717437638e+01   4.6182726754e-07   4.7645390258e-14   4.1113367076e-09   2.2094024807e-01   4.7834510945e-08   6.8908303571e-03   3.2165508264e-08  -1.1901578270e-24   7.0587392367e-28   5.4963476467e-21   2.6624571367e-18   3.7806466064e-06   8.1504970700e-03   1.2800304563e-20   7.0833538413e-19  -2.7920009745e-27   7.6401409792e-01  -2.5854882667e+04
  -3.3742597230e-02  -3.4016914706e-02   6.9514917119e-01   2.6869397028e-05   2.9434027000e-01   1.0279638349e-26   9.6920879893e-27   5.0372433561e+02   4.3113465569e-03   7.0829772121e-04   1.8943330986e+02   5.7232182156e-07   3.8663112793e-13   1.2420969935e-08   2.1471585252e-01   1.1614301944e-07   1.0824773023e-02   7.2844078433e-08   3.6545780524e-26   2.9641255044e-27   1.0027977491e-20   3.4288054923e-18   7.7969083115e-06   1.1892303242e-02   2.1503548375e-19   1.2175048569e-18   6.2192608296e-29   7.6255850057e-01  -3.9329260762e+04
  -3.3239910973e-02  -3.3468279754e-02   6.1494609657e-01   2.9146076732e-05   3.7714919235e-01   2.1537156907e-26   1.3721673949e-26   5.6851694994e+02   5.7496447502e-03   1.4170341974e-03   5.3268045273e+02   6.4800867665e-07   1.9118514569e-12   2.8717986640e-08   2.0864621629e-01   2.3616487871e-07   1.4600737244e-02   1.3098487570e-07   1.0520193086e-25  -2.0656478121e-24   1.5066228605e-20   3.6143022746e-18   1.1797221923e-05   1.5472663482e-02   1.5854630889e-18   1.7407380121e-18  -4.2628233667e-28   7.6126754188e-01  -5.2692040473e+04
  -3.2814184638e-02  -3.3011542192e-02   5.5008538637e-01   3.1353756200e-05   4.5972449292e-01   4.1752260901e-26   1.7015551632e-26   6.3453931877e+02   7.2736547900e-03   2.4970792771e-03   1.3498816191e+03   7.0790466725e-07   7.9636864362e-12   6.0655745666e-08   2.0221456294e-01   4.5845129246e-07   1.8467569208e-02   2.1676352865e-07   2.6330404785e-25  -5.6349106769e-24   2.0672283708e-20   3.4609757054e-18   1.5906364719e-05   1.9300323738e-02   8.7035241833e-18   2.5414408873e-18  -2.6797762267e-27   7.6000019397e-01  -6.6716813282e+04
  -3.2441149390e-02  -3.2616827085e-02   4.9762160099e-01   3.3461054578e-05   5.4084255193e-01   7.1824650751e-26   1.9593908470e-26   7.0035593619e+02   8.8540088605e-03   3.9493867573e-03   3.1811092416e+03   7.5740430365e-07   2.9030639020e-11   1.2039590951e-07   1.9554478537e-01   8.6038288866e-07   2.2335200156e-02   3.3625246040e-07   6.0048412732e-25  -1.3410020869e-23   2.6196993751e-20   3.1049611078e-18   1.9973526322e-05   2.3335600739e-02   3.8854106234e-17   3.9608540146e-18  -1.0078614615e-26   7.5876236575e-01  -8.1242867934e+04
  -3.2110106719e-02  -3.2265471694e-02   4.5518415972e-01   3.5439870444e-05   6.1878207715e-01   1.0870022468e-25   2.1390551184e-26   7.6453522862e+02   1.0451393758e-02   5.7346941293e-03   7.0567663580e+03   8.0021808170e-07   9.4279260494e-11   2.2879011932e-07   1.8880275436e-01   1.5705459831e-06   2.6115257508e-02   4.9244826828e-07   1.1848666805e-24   1.0817481045e-25   3.0735894485e-20   2.6448931855e-18   2.3905363183e-05   2.7487147043e-02   1.4737460211e-16   6.5368762876e-18   1.1394773004e-26   7.5756784363e-01  -9.5827794942e+04
  -3.1808917051e-02  -3.1954741743e-02   4.2024757541e-01   3.7302067693e-05   6.9349673958e-01   1.6849198566e-25   2.7318763715e-26   8.2695407298e+02   1.2059889483e-02   7.8447144320e-03   1.4800139890e+04   8.4054670413e-07   2.7661842305e-10   4.2199609278e-07   1.8201338763e-01   2.8034557034e-06   2.9809693681e-02   6.8433069730e-07   2.4044254568e-24  -5.3519153533e-23   3.3572876103e-20   2.1455877651e-18   2.7747830250e-05   3.1739506341e-02   4.9031101511e-16   1.1111710236e-17  -1.6536493403e-26   7.5640491391e-01  -1.1055342735e+05
  -3.1524417789e-02  -3.1663092358e-02   3.9030862399e-01   3.9105584513e-05   7.6685791994e-01   2.5652138344e-25   4.0652311736e-26   8.8920354370e+02   1.3714518339e-02   1.0348337589e-02   2.9912214279e+04   8.8376558613e-07   7.5921503696e-10   7.7378987807e-07   1.7502869538e-01   4.9870425424e-06   3.3506140398e-02   9.1017395481e-07   4.3122040300e-24  -9.7464723289e-23   3.3917469059e-20   1.6414890341e-18   3.1679304845e-05   3.6188233677e-02   1.4996880305e-15   1.9194718843e-17   8.9490721509e-26   7.5523769571e-01  -1.2563568750e+05
  -3.1252858797e-02  -3.1385743221e-02   3.6436246472e-01   4.0857342269e-05   8.3886675530e-01   3.7690960878e-25   6.3707493099e-26   9.5130315660e+02   1.5414164778e-02   1.3264025535e-02   5.7875287454e+04   9.3647592086e-07   1.9474637951e-09   1.4077023127e-06   1.6785309432e-01   8.8149594690e-06   3.7205717817e-02   1.1569120053e-06   7.1264895094e-24  -1.6941758206e-22   3.1389039699e-20   1.1732098283e-18   3.5860273304e-05   4.0834247163e-02   4.2379145987e-15   3.2903251543e-17   2.5675317084e-25   7.5405876242e-01  -1.4109390743e+05
  -3.0991996541e-02  -3.1119974373e-02   3.4169473033e-01   4.2560011306e-05   9.0940697512e-01   5.3404324427e-25   1.0183999937e-25   1.0131609215e+03   1.7155100538e-02   1.6618233127e-02   1.0676242690e+05   1.0094675407e-06   4.6756909225e-09   2.5226459019e-06   1.6050187255e-01   1.5371309425e-05   4.0903320125e-02   1.4099542829e-06  -1.4256586826e-21   9.1730732471e-25   2.6353347374e-20   7.7655348764e-19   4.0559562187e-05   4.5670249212e-02   1.1135821990e-14   5.5328568349e-17  -1.7863106196e-25   7.5286368049e-01  -1.5697529939e+05
  -3.0740125917e-02  -3.0864018710e-02   3.2174848811e-01   4.4215846104e-05   9.7839321870e-01   7.2169915196e-25   1.5854489485e-25   1.0746945532e+03   1.8934283435e-02   2.0424531089e-02   1.8805675044e+05   1.1208932753e-06   1.0574025327e-08   4.4220920698e-06   1.5298724950e-01   2.6234579851e-05   4.4594988548e-02   1.6624440732e-06   1.2834321070e-23   1.1105866206e-24   2.0030885457e-20   4.7663700382e-19   4.6231458834e-05   5.0689460939e-02   2.7534525623e-14   9.2042420077e-17   2.2875952695e-24   7.5164861897e-01  -1.7336779485e+05
  -3.0496521120e-02  -3.0616233124e-02   3.0412274564e-01   4.5823059720e-05   1.0456045872e+00   9.3437580016e-25   2.3538916392e-25   1.1356872438e+03   2.0744772875e-02   2.4667725850e-02   3.1775140777e+05   1.3004680726e-06   2.2689096120e-08   7.5435120429e-06   1.4533777512e-01   4.3512649818e-05   4.8268203030e-02   1.9171589384e-06   1.5885931726e-23   1.3462895886e-24   1.4661840999e-20   2.8484795332e-19   5.3608049485e-05   5.5872679183e-02   6.4972158260e-14   1.5530299960e-16   7.1324571137e-24   7.5041343814e-01  -1.9024347068e+05
  -3.0260577060e-02  -3.0376809116e-02   2.8849117816e-01   4.7379627312e-05   1.1108573238e+00   1.1678809911e-24   3.3431560780e-25   1.1959199981e+03   2.2580073742e-02   2.9331840782e-02   5.1723054269e+05   1.5949303830e-06   4.6461701915e-08   1.2482702728e-05   1.3758012387e-01   6.9807327331e-05   5.1911517547e-02   2.1809508636e-06   2.2484704100e-23   1.8624379037e-24   1.2619130834e-20   2.0155412852e-19   6.3849999334e-05   6.1199717504e-02   1.4833994999e-13   2.7362817819e-16   2.3128182316e-23   7.4915867871e-01  -2.0757836319e+05
  -3.0030201341e-02  -3.0144345004e-02   2.7449010789e-01   4.8894149098e-05   1.1744541079e+00   1.4865197156e-24   4.5658302781e-25   1.2556013200e+03   2.4447432265e-02   3.4437576804e-02   8.1633207017e+05   2.0793233281e-06   9.1618285271e-08   2.0073545376e-05   1.2968306635e-01   1.0845701302e-04   5.5539513438e-02   2.4610579603e-06  -6.9125991393e-21   4.7486829878e-24   1.8366374388e-20   2.4106111386e-19   7.8883829322e-05   6.6688992136e-02   3.3358746380e-13   5.1584954948e-16   7.9042243932e-23   7.4787638169e-01  -2.2547939828e+05
  -2.9803640760e-02  -2.9916057677e-02   2.6184292890e-01   5.0373540492e-05   1.2366658628e+00   1.8413634544e-24   6.0339322315e-25   1.3149040697e+03   2.6354482961e-02   4.0001915898e-02   1.2551594428e+06   2.8721838177e-06   1.7518121835e-07   3.1436636687e-05   1.2161418674e-01   1.6356905117e-04   5.9164420329e-02   2.7612034879e-06  -2.6863725966e-20   1.8378280315e-23   4.5682373889e-20   5.1245019763e-19   1.0185403820e-04   7.2359828975e-02   7.4967869771e-13   1.0511328286e-15   2.8592849489e-22   7.4655889566e-01  -2.4405296931e+05
  -2.9580180892e-02  -2.9691223842e-02   2.5038450111e-01   5.1816889542e-05   1.2974990776e+00   2.2024951150e-24   7.7505107270e-25   1.3737059589e+03   2.8301678379e-02   4.6004421038e-02   1.8807659386e+06   4.1507718856e-06   3.2525044457e-07   4.7910582390e-05   1.1337259806e-01   2.3958594017e-04   6.2782423017e-02   3.0775570720e-06   1.0424851610e-21   8.0210360173e-23   1.5412593650e-19   1.5319040323e-18   1.3769654061e-04   7.8208281954e-02   1.6916528270e-12   2.2953158669e-15   1.0842403019e-21   7.4520395032e-01  -2.6337021619e+05
  -2.9359093854e-02  -2.9469137942e-02   2.3998064449e-01   5.3222332376e-05   1.3569887846e+00   2.6451360432e-24   9.7207418851e-25   1.4318498757e+03   3.0290247902e-02   5.2407372834e-02   2.7448885695e+06   6.1767317367e-06   5.8662871106e-07   7.0993654448e-05   1.0495634047e-01   3.4106774403e-04   6.6389108759e-02   3.4002997519e-06   6.7346627526e-21   5.0530621863e-22   6.7091181671e-19   5.8317008611e-18   1.9417511474e-04   8.4229147503e-02   3.8295296043e-12   5.2750315147e-15   4.2818686365e-21   7.4380900309e-01  -2.8353892299e+05
  -2.9139586587e-02  -2.9249049765e-02   2.3052247418e-01   5.4586915728e-05   1.4152058051e+00   3.1176195470e-24   1.1940934859e-24   1.4891359674e+03   3.2322407676e-02   5.9144558410e-02   3.8977836687e+06   9.3271513493e-06   1.0278320883e-06   1.0217386808e-04   9.6363025015e-02   4.7217853722e-04   6.9979501197e-02   3.7141132137e-06   5.3571909096e-20   3.9187238193e-21   3.6818564702e-18   2.7981783409e-17   2.8331149015e-04   9.0414917631e-02   8.6529511478e-12   1.2497863160e-14   1.7796806897e-20   7.4237082316e-01  -3.0471510861e+05
  -2.8920745849e-02  -2.9030123408e-02   2.2192201747e-01   5.5906445065e-05   1.4722648173e+00   3.7030373121e-24   1.4395360281e-24   1.5453134193e+03   3.4401627327e-02   6.6111956483e-02   5.3787646313e+06   1.4134161669e-05   1.7493811113e-06   1.4265018745e-04   8.7590825032e-02   6.3598241347e-04   7.3548162841e-02   3.9990622041e-06   5.2169343762e-19   3.7687571026e-20   2.5727731378e-17   1.6967687772e-16   4.2336034712e-04   9.6754155094e-02   1.9379317355e-11   2.9976727120e-14   8.3912752812e-20   7.4088498146e-01  -3.2711525145e+05
  -2.8701453328e-02  -2.8811368290e-02   2.1410812982e-01   5.7175429031e-05   1.5283384440e+00   4.2196355388e-24   1.7063880444e-24   1.6000768299e+03   3.6533207775e-02   7.3159769091e-02   7.2042110054e+06   2.1337780186e-05   2.8931219224e-06   1.9294639919e-04   7.8638878982e-02   8.3358822172e-04   7.7089699788e-02   4.2317575427e-06   1.2833783283e-17  -6.9356229337e-16   2.6070824995e-16   1.3075260959e-15   6.4154293763e-04   1.0322979415e-01   4.2741912993e-11   7.2035899045e-14   6.4533353508e-19   7.3934508682e-01  -3.5103146446e+05
  -2.8480237029e-02  -2.8591538365e-02   2.0702231217e-01   5.8387184979e-05   1.5836844238e+00   4.7394131413e-24   1.9926617054e-24   1.6530706844e+03   3.8725521950e-02   8.0088335178e-02   9.3539589893e+06   3.1965980182e-05   4.6526887040e-06   2.5242516274e-04   6.9505961896e-02   1.0631761484e-03   8.0600000285e-02   4.3864116735e-06  -1.7300800286e-14   1.1520943309e-17   2.7583390984e-15   1.2752319473e-14   9.7798304451e-04   1.0981795244e-01   9.2433154763e-11   1.7477885548e-13  -1.3950884013e-16   7.3774149581e-01  -3.7685427350e+05
  -2.8255068998e-02  -2.8368935693e-02   2.0061615887e-01   5.9533778410e-05   1.6386802911e+00   5.2828031753e-24   2.2970820861e-24   1.7038885082e+03   4.0991826245e-02   8.6647019532e-02   1.1754031467e+07   4.7471006962e-05   7.2854980938e-06   3.1867864240e-04   6.0188702749e-02   1.3187949297e-03   8.4077557605e-02   4.4352396412e-06   1.7619459340e-15   1.1640584243e-16   3.4506593492e-14   1.5865806125e-13   1.4918579774e-03   1.1648570811e-01   1.9572676684e-10   4.6367774364e-13   1.0210981206e-16   7.3605950804e-01  -4.0510309900e+05
  -2.8023040379e-02  -2.8141202303e-02   1.9485004227e-01   6.0605711190e-05   1.6938780565e+00   5.8722142152e-24   2.6169921362e-24   1.7520634778e+03   4.3353222205e-02   9.2535790394e-02   1.4253667604e+07   6.9983855576e-05   1.1125571513e-05   3.8666659182e-04   5.0679018515e-02   1.5885891087e-03   8.7525103853e-02   4.3474554421e-06   4.2187380059e-14   2.7050539769e-15   6.3575987243e-13   2.5440597876e-12   2.2721136833e-03   1.2318651069e-01   4.0652157919e-10   2.2132638121e-12   2.4000287600e-15   7.3427654026e-01  -4.3647143642e+05
  -2.7779698987e-02  -2.7904878454e-02   1.8969128283e-01   6.1591457721e-05   1.7501208076e+00   6.5315563894e-24   2.9471322348e-24   1.7970571489e+03   4.5844771370e-02   9.7408680148e-02   1.6581207585e+07   1.0285462383e-04   1.6592744755e-05   4.4732252903e-04   4.0958078677e-02   1.8515532843e-03   9.0952977788e-02   4.0864646375e-06   1.3086938069e-12   8.0997768602e-14   1.5455776064e-11   5.2950322310e-11   3.4593433383e-03   1.2985045664e-01   8.3345472654e-10   3.3253716677e-11   7.3076893963e-14   7.3235673297e-01  -4.7190030977e+05
  -2.7517740316e-02  -2.7654519519e-02   1.8511300115e-01   6.2476131154e-05   1.8087692904e+00   7.3017005121e-24   3.2723168806e-24   1.8382205198e+03   4.8527391101e-02   1.0085437678e-01   1.8258216461e+07   1.5192732433e-04   2.4157663547e-05   4.8464837579e-04   3.0992123316e-02   2.0697164650e-03   9.4384416157e-02   3.6038176250e-06   5.3817499539e-11   3.1908153984e-12   5.0896077698e-10   1.4547061275e-09   5.2976246006e-03   1.3635027418e-01   1.7411617598e-09   9.7071504909e-10   2.8949301145e-12   7.3024150337e-01  -5.1264854440e+05
  -2.7224153821e-02  -2.7380961114e-02   1.8109074796e-01   6.3238202072e-05   1.8721832867e+00   8.2342297518e-24   3.5493131554e-24   1.8746967182e+03   5.1512623120e-02   1.0216627101e-01   1.8503287366e+07   2.2919004327e-04   3.4009663618e-05   4.6857597549e-04   2.0757344953e-02   2.1643653858e-03   9.7862851296e-02   2.8320335326e-06   2.9492247531e-09   1.6640495235e-10   2.3373629284e-08   5.4214590621e-08   8.2824196253e-03   1.4236347565e-01   5.4183435459e-09   3.8307637524e-08   1.4935943194e-10   7.2783481079e-01  -5.6007090607e+05
  -2.6866939421e-02  -2.7067346527e-02   1.7752018771e-01   6.3851684612e-05   1.9461465281e+00   9.4689896472e-24   3.7448622402e-24   1.9057291139e+03   5.5076373496e-02   9.9825440395e-02   1.9383867678e+07   3.6983955067e-04   4.3685036477e-05   3.3428284518e-04   1.0318047943e-02   1.9164578833e-03   1.0149215278e-01   1.6961401846e-06   1.9686920638e-07   1.0551880402e-08   1.5220277135e-06   2.9022069030e-06   1.3783898456e-02   1.4678889405e-01   8.6156310572e-08   1.7548420159e-06   9.1687973633e-09   7.2494456349e-01  -6.1375605277e+05
  -2.6308877660e-02  -2.6666532316e-02   1.7423334354e-01   6.4161102410e-05   2.0555171059e+00   1.0191061033e-23   4.4943503795e-24   1.9265463072e+03   6.0385172511e-02   1.2139718068e-01   2.5728208577e+07   7.7431165742e-04   1.9598746597e-05   1.7384258917e-05   1.5560399695e-03   4.2750325996e-04   1.0482456115e-01   3.5834524884e-07   5.9705285853e-06   2.7381996679e-07   1.3511025589e-04   2.6618404282e-04   2.7777510430e-02   1.4320983722e-01   5.7567903183e-07   5.0878719913e-05   2.1286574774e-07   7.2093368906e-01  -6.4807282785e+05
  -2.5577495091e-02  -2.5951223005e-02   1.7881361976e-01   6.2378187543e-05   2.1861717769e+00   1.0055295609e-23   4.7068746726e-24   1.8602785761e+03   6.9241251949e-02   1.8367280837e-01   2.0655883755e+06   1.0007538330e-03   2.3836111628e-06   1.8389484708e-07   5.9548499881e-04   3.3074017570e-05   1.0327154256e-01   9.9796471649e-08   2.6122000538e-06   1.0703060130e-07   6.1690264280e-04   7.4654974721e-03   3.4828006501e-02   1.3765475317e-01   1.3440998830e-07   8.7179624616e-05   8.7618099352e-08   7.1444119662e-01  -6.9520632523e+05
  -2.4932458538e-02  -2.5203767176e-02   1.8411669144e-01   6.0545539070e-05   2.2917178513e+00   8.8903896588e-24   4.1387077596e-24   1.7927593222e+03   7.8694238886e-02   2.3384856371e-01  -8.7552697638e+05   1.0799045150e-03   1.1713083978e-06   3.6225143331e-08   3.8358316962e-04   1.2823942773e-05   1.0129372991e-01   5.2848355179e-08   1.2558890327e-06   4.6811932787e-08   6.6427126432e-04   1.6818429876e-02   3.7652071415e-02   1.3475151701e-01   6.2480224609e-08   6.4800418079e-05   4.1632338452e-08   7.0727620128e-01  -7.5347398169e+05
  -2.4412966360e-02  -2.4661149899e-02   1.8852727537e-01   5.9059470344e-05   2.3724087200e+00   7.7879798580e-24   3.4645280003e-24   1.7393731134e+03   8.7279584384e-02   2.7360798885e-01  -6.8133534778e+05   1.1140307453e-03   7.6892595691e-07   1.4563261955e-08   3.1251869881e-04   7.1109405395e-06   9.9656164642e-02   3.9191114526e-08   7.6364745075e-07   2.6334342331e-08   6.5216682617e-04   2.5631957655e-02   3.9071675154e-02   1.3278938268e-01   3.8075388396e-08   4.9767514199e-05   2.5323020536e-08   7.0071354908e-01  -8.0308179671e+05
  -2.3914622689e-02  -2.4164782821e-02   1.9283919781e-01   5.7627570996e-05   2.4463244819e+00   6.7237369799e-24   2.6574176832e-24   1.6890542143e+03   9.6408862085e-02   3.1650678264e-01  -3.2986597821e+05   1.1304409001e-03   5.1455840066e-07   6.6966874202e-09   2.8133310329e-04   4.0860532442e-06   9.8060897199e-02   3.1959366370e-08   4.4629502450e-07   1.4247541200e-08   5.9566164889e-04   3.5179656921e-02   3.9984418728e-02   1.3101373542e-01   2.2830973693e-08   3.7208075484e-05   1.4897798567e-08   6.9371151046e-01  -8.5274619616e+05
  -2.3409490148e-02  -2.3664462557e-02   1.9731729616e-01   5.6160564507e-05   2.5181092183e+00   5.6678349112e-24   1.7825878934e-24   1.6385153719e+03   1.0662634356e-01   3.6453179665e-01  -7.5244616320e+04   1.1369663769e-03   3.3729115741e-07   3.1955021359e-09   2.6738011545e-04   2.2972750779e-06   9.6413772380e-02   2.7110750123e-08   2.4078056961e-07   7.0832638388e-09   5.1085659492e-04   4.5967090528e-02   4.0629929655e-02   1.2918281160e-01   1.2915851426e-08   2.6786199201e-05   8.1444184306e-09   6.8586147276e-01  -9.0543150031e+05
  -2.2898402525e-02  -2.3154517740e-02   2.0199827392e-01   5.4651372169e-05   2.5880635598e+00   4.6276836273e-24   9.5615015504e-25   1.5874522800e+03   1.1802413985e-01   4.1765451351e-01   6.4055453077e+04   1.1377048355e-03   2.1688549011e-07   1.5658701421e-09   2.6271864754e-04   1.2577674600e-06   9.4705431424e-02   2.3552045705e-08   1.2106550732e-07   3.2633186284e-09   4.1662138605e-04   5.8050579079e-02   4.1101322924e-02   1.2721349304e-01   6.9878798316e-09   1.8804711534e-05   4.1808484477e-09   6.7709168868e-01  -9.6160561157e+05
  -2.2387162405e-02  -2.2642287310e-02   2.0687012286e-01   5.3110943750e-05   2.6560044704e+00   3.6518504933e-24   2.8173851129e-25   1.5361816608e+03   1.3056899661e-01   4.7555264602e-01   1.1781758088e+05   1.1352897172e-03   1.3840395894e-07   7.9554649475e-10   2.6425637020e-04   6.7661054436e-07   9.2942942142e-02   2.0910138002e-08   5.8184092841e-08   1.4287672414e-09   3.2840595154e-04   7.1368324607e-02   4.1442000397e-02   1.2508416202e-01   3.7342664145e-09   1.3149829935e-05   2.0689710293e-09   6.6742056683e-01  -1.0212805212e+06
  -2.1878983031e-02  -2.2132037500e-02   2.1193202657e-01   5.1546609856e-05   2.7222401049e+00   2.7822920638e-24  -1.9044497333e-25   1.4849030221e+03   1.4425931364e-01   5.3818946123e-01   1.2182270261e+05   1.1311807107e-03   8.8705251054e-08   4.2292078076e-10   2.7091663932e-04   3.6127627798e-07   9.1127311746e-02   1.9027614377e-08   2.7449729569e-08   6.1036710297e-10   2.5431134518e-04   8.5905587455e-02   4.1669119982e-02   1.2279216190e-01   2.0415150162e-09   9.3627161383e-06   1.0147751689e-09   6.5683954695e-01  -1.0847080315e+06
  -2.1375215728e-02  -2.1625928563e-02   2.1719138653e-01   4.9962881633e-05   2.7874086955e+00   2.0829092677e-24  -4.6346438425e-25   1.4337297591e+03   1.5912597568e-01   6.0556314403e-01   1.0361252139e+05   1.1260427754e-03   5.7689119042e-08   2.3627707563e-10   2.8217340005e-04   1.9318499590e-07   8.9255663308e-02   1.7827993752e-08   1.3012648427e-08   2.6031937587e-10   1.9619995815e-04   1.0169153177e-01   4.1786103824e-02   1.2033972600e-01   1.1779515255e-09   6.9217665191e-06   5.0557808668e-10   6.4531535331e-01  -1.1523072826e+06
  -2.0875904541e-02  -2.1124502894e-02   2.2266418249e-01   4.8361691720e-05   2.8523692195e+00   1.4561072441e-24  -5.7526876034e-25   1.3826965248e+03   1.7523370466e-01   6.7772357067e-01   7.9903325113e+04   1.1200941905e-03   3.8330770097e-08   1.3849311400e-10   2.9745276440e-04   1.0402381626e-07   8.7322047587e-02   1.7296295044e-08   6.2998513722e-09   1.1258337657e-10   1.5232419580e-04   1.1879618209e-01   4.1790575160e-02   1.1772542623e-01   7.3314851907e-10   5.3922913137e-06   2.6043859913e-10   6.3279033830e-01  -1.2246264417e+06
  -2.0380346571e-02  -2.0627306189e-02   2.2837463309e-01   4.6743133379e-05   2.9181158759e+00   9.2573219736e-25  -5.7678652740e-25   1.3317816429e+03   1.9267685061e-01   7.5470172932e-01   5.8610895195e+04   1.1133351956e-03   2.6091887897e-08   8.4632305039e-11   3.1601005148e-04   5.6475974359e-08   8.5318195134e-02   1.7487822288e-08   3.1386062043e-09   4.9708240218e-11   1.1965411394e-04   1.3732279845e-01   4.1677870239e-02   1.1494167480e-01   4.9705857844e-10   4.4629314284e-06   1.4005815892e-10   6.1918589512e-01  -1.3023073604e+06
  -1.9887495834e-02  -2.0133386954e-02   2.3435473705e-01   4.5106275593e-05   2.9857216450e+00   5.0923595280e-25  -5.1613198917e-25   1.2809316989e+03   2.1157371796e-01   8.3638380775e-01   4.2162979081e+04   1.1056693071e-03   1.8182818166e-08   5.3447816259e-11   3.3698621620e-04   3.0837447098e-08   8.3233985524e-02   1.8535178304e-08   1.6092939881e-09   2.2384912448e-11   9.5235997139e-05   1.5740021706e-01   4.1442194843e-02   1.1197515064e-01   3.6658634537e-10   3.9268564967e-06   7.8881366473e-11   6.0440656387e-01  -1.3860582287e+06
  -1.9396191792e-02  -1.9641604715e-02   2.4064405993e-01   4.3449850046e-05   3.0563036097e+00   1.8429136705e-25  -4.3084432245e-25   1.2300820318e+03   2.3206145782e-01   9.2234071311e-01   3.0347640650e+04   1.0969564934e-03   1.2936025529e-08   3.4558165405e-11   3.5947310253e-04   1.6850362390e-08   8.1057560360e-02   2.0648660792e-08   8.4524041318e-10   1.0220111401e-11   7.6718749364e-05   1.7917684305e-01   4.1076835696e-02   1.0880807911e-01   2.9144149963e-10   3.6498392347e-06   4.6544739007e-11   5.8834383193e-01  -1.4766311133e+06
  -1.8905259001e-02  -1.9150778869e-02   2.4728982077e-01   4.1772788938e-05   3.1309974493e+00  -5.6675615075e-26  -3.4608238962e-25   1.1791724932e+03   2.5429167606e-01   1.0116242870e+00   2.2097996875e+04   1.0870292905e-03   9.3622501967e-09   2.2677650422e-11   3.8253042637e-04   9.1571412121e-09   7.8775136602e-02   2.4105380123e-08   4.5162804391e-10   4.6913100513e-12   6.2406619458e-05   2.0281594805e-01   4.0574056748e-02   1.0541953365e-01   2.4669584743e-10   3.5431503177e-06   2.8838653402e-11   5.7087977208e-01  -1.5747979617e+06
  -1.8413525438e-02  -1.8659739134e-02   2.5434735728e-01   4.0074629705e-05   3.2109276803e+00  -1.8873198154e-25  -2.7545172683e-25   1.1281588821e+03   2.7842633127e-01   1.1025587210e+00   1.6338103195e+04   1.0756903830e-03   6.8689609182e-09   1.4986698506e-11   4.0515833141e-04   4.9165620380e-09   7.6370590969e-02   2.9208858513e-08   2.4370380292e-10   2.1456509192e-12   5.1131077477e-05   2.2849147744e-01   3.9924918830e-02   1.0178658141e-01   2.1969594376e-10   3.5450820857e-06   1.8931328798e-11   5.5189086498e-01  -1.6813212271e+06
  -1.7919785106e-02  -1.8167311742e-02   2.6188136227e-01   3.8355752341e-05   3.2971666435e+00  -2.3039544698e-25  -2.2256937470e-25   1.0770189465e+03   3.0463412178e-01   1.1925179233e+00   1.2251511417e+04   1.0627010242e-03   5.0934689483e-09   9.9061478423e-12   4.2625073413e-04   2.5907148391e-09   7.3824846158e-02   3.6191082069e-08   1.3189086671e-10   9.6918264925e-13   4.2097361398e-05   2.5638441055e-01   3.9119097132e-02   9.7885228100e-02   2.0393405194e-10   3.6096010718e-06   1.3404285745e-11   5.3125171511e-01  -1.7969219570e+06
  -1.7421977635e-02  -1.7672258470e-02   2.6998193803e-01   3.6614762138e-05   3.3908366197e+00  -2.0979564918e-25  -1.8354666377e-25   1.0256726551e+03   3.3313075121e-01   1.2782851138e+00   9.2838048254e+03   1.0477420602e-03   3.8056572130e-09   6.5043257373e-12   4.4458124926e-04   1.3293840380e-09   7.1111057768e-02   4.5066705352e-08   7.1060444372e-11   4.2809338101e-13   3.4749592364e-05   2.8672581080e-01   3.8143261730e-02   9.3684743548e-02   1.9615544271e-10   3.6998811051e-06   1.0407761587e-11   5.0880430288e-01  -1.9224513446e+06
  -1.6918488541e-02  -1.7171696800e-02   2.7874632653e-01   3.4853200473e-05   3.4928371394e+00  -1.6674807185e-25  -1.5136108994e-25   9.7412539482e+02   3.6411222855e-01   1.3571518494e+00   7.0846257465e+03   1.0304254743e-03   2.8586637891e-09   4.2163794477e-12   4.5870160577e-04   6.5949884596e-10   6.8200496420e-02   5.5461828019e-08   3.7883847948e-11   1.8330357586e-13   2.8713410753e-05   3.1972601190e-01   3.6982654608e-02   8.9157684644e-02   1.9505858496e-10   3.7843144280e-06   8.7738361835e-12   4.8441146840e-01  -2.0585094994e+06
  -1.6408201501e-02  -1.6665280282e-02   2.8828569059e-01   3.3075562611e-05   3.6037678657e+00  -1.2905103740e-25  -1.2056174734e-25   9.2245580676e+02   3.9772368397e-01   1.4227630609e+00   5.4303533138e+03   1.0102997418e-03   2.1548234123e-09   2.6833020273e-12   4.6698182238e-04   3.1415297297e-10   6.5064493879e-02   6.6571285092e-08   1.9878225858e-11   7.5476842450e-14   2.3724751138e-05   3.5554135763e-01   3.5623336265e-02   8.4283677274e-02   2.0061345731e-10   3.8345502641e-06   7.6543309359e-12   4.5798222482e-01  -2.2052667195e+06
  -1.5889035563e-02  -1.6151122721e-02   2.9875796673e-01   3.1284053424e-05   3.7241954894e+00  -1.0875212681e-25  -9.0003826518e-26   8.7066570348e+02   4.3414872639e-01   1.4677877861e+00   4.1718869130e+03   9.8678247546e-04   1.6258904168e-09   1.6657038124e-12   4.6768983146e-04   1.4248244783e-10   6.1666044336e-02   7.7354254523e-08   1.0198903373e-11   2.9587895132e-14   1.9581844858e-05   3.9436942913e-01   3.4049018786e-02   7.9035818621e-02   2.1379694651e-10   3.8252389461e-06   6.5586943263e-12   4.2940173038e-01  -2.3632195121e+06
  -1.5358412879e-02  -1.5626948404e-02   3.1037456192e-01   2.9480401374e-05   3.8545101891e+00  -1.0158557299e-25  -6.1972469124e-26   8.1873376794e+02   4.7357436813e-01   1.4862057949e+00   3.2061328705e+03   9.5915144141e-04   1.2238107837e-09   1.0020791737e-12   4.5904545033e-04   6.0962829987e-11   5.7962593291e-02   8.6729581528e-08   5.0771940655e-12   1.0912366554e-14   1.6130642253e-05   4.3641175769e-01   3.2242525474e-02   7.3385743597e-02   2.3629377886e-10   3.7340604729e-06   5.3812277929e-12   3.9855923009e-01  -2.5328092953e+06
  -1.4812994818e-02  -1.5089877354e-02   3.2342405640e-01   2.7665600762e-05   3.9948314707e+00  -9.8937507705e-26  -3.9248694879e-26   7.6660893128e+02   5.1618658882e-01   1.4709287688e+00   2.4563066196e+03   9.2649857109e-04   9.1367235880e-10   5.8111588724e-13   4.3933891491e-04   2.4383163060e-11   5.3904969006e-02   9.3557426830e-08   2.4283493571e-12   3.7310442314e-15   1.3250162842e-05   4.8186924332e-01   3.0185937492e-02   6.7304994613e-02   2.6934936157e-10   3.5425605881e-06   4.2016522062e-12   3.6535213059e-01  -2.7143391832e+06
  -1.4248208081e-02  -1.4536112283e-02   3.3830884378e-01   2.5839683590e-05   4.1448778594e+00  -9.4848497528e-26  -2.3128035158e-26   7.1420482412e+02   5.6215828171e-01   1.4137119607e+00   1.8599766613e+03   8.8765211747e-04   6.6917464965e-10   3.2467524528e-13   4.0711692231e-04   9.0637321142e-12   4.9436236660e-02   9.6244638962e-08   1.1013190981e-12   1.1606234527e-15   1.0843928577e-05   5.3092956949e-01   2.7860850300e-02   6.0768058286e-02   3.0987144848e-10   3.2378862136e-06   3.0999803756e-12   3.2969633717e-01  -2.9079130292e+06
  -1.3660367421e-02  -1.3960303878e-02   3.5550089335e-01   2.4010875868e-05   4.3029727272e+00  -8.5872490894e-26  -1.3305613131e-26   6.6167186064e+02   6.1138201503e-01   1.3065567371e+00   1.3632257305e+03   8.4128524550e-04   4.7060044328e-10   1.7689385457e-13   3.6171042821e-04   3.1598392934e-12   4.4516225311e-02   9.2254228187e-08   4.6690985901e-13   3.2251202570e-16   8.8396540463e-06   5.8348232249e-01   2.5262018212e-02   5.3791827721e-02   3.4135387265e-10   2.8179680449e-06   2.1163354541e-12   2.9173285990e-01  -3.1122823758e+06
  -1.3045756883e-02  -1.3360430964e-02   3.7558100511e-01   2.2193186194e-05   4.4659415014e+00  -7.0413156158e-26  -8.3929338189e-27   6.0932605744e+02   6.6338500601e-01   1.1459884340e+00   9.2066969181e+02   7.8596244287e-04   3.0394646993e-10   9.5076994017e-14   3.0405106997e-04   1.0548519948e-12   3.9134876532e-02   7.8913595817e-08   1.8125909762e-13   7.8252383165e-17   7.1638647602e-06   6.3902810555e-01   2.2404544575e-02   4.6448817956e-02   3.2934599994e-10   2.2990690822e-06   1.2742581503e-12   2.5188409939e-01  -3.3247735749e+06
  -1.2389404066e-02  -1.2731082802e-02   3.9968748243e-01   2.0375874094e-05   4.6319256283e+00  -5.6594314920e-26  -9.5045971019e-27   5.5677979188e+02   7.1812550528e-01   9.3528614400e-01   5.1537134407e+02   7.1916249881e-04   1.6439605560e-10   4.7189414251e-14   2.3634695191e-04   3.2486254908e-13   3.3237883778e-02   5.6521722775e-08   6.1971222823e-14  -2.9872953891e-15   5.6941083084e-06   6.9752961104e-01   1.9280021972e-02   3.8754295688e-02   2.4873021290e-10   1.7121502387e-06   6.1134459328e-13   2.1023521487e-01  -3.5448151235e+06
  -1.1655856909e-02  -1.2047725331e-02   4.3005872069e-01   1.8517438335e-05   4.8011745429e+00  -3.3095014827e-26  -8.1306813995e-27   5.0280679151e+02   7.7633552672e-01   6.8485934414e-01   1.9811053862e+02   6.3593515932e-04   6.3761935838e-11   1.7512383336e-14   1.6204053879e-04   7.7170270310e-14   2.6685974564e-02   3.1339669216e-08   1.5592015095e-14  -6.6471549423e-16   4.2516310056e-06   7.5978133357e-01   1.5826484182e-02   3.0617736693e-02   1.3043354627e-10   1.1020594630e-06   1.9576925183e-13   1.6628511007e-01  -3.7750542804e+06
  -1.0769518645e-02  -1.1263988487e-02   4.7120534939e-01   1.6543720497e-05   4.9759336133e+00  -1.2248045471e-26  -3.7614543025e-28   4.4532743801e+02   8.3950849225e-01   4.1662922814e-01   3.8809558589e+01   5.2666260128e-04   1.4262764771e-11   3.6902895824e-15   8.7710435749e-05   1.0372211803e-14   1.9254972707e-02   1.2622808096e-08   2.1731547008e-15  -5.9039683567e-17   2.6631055170e-06   8.2740448431e-01   1.1906598836e-02   2.1846704807e-02   4.2027865374e-11   5.4109803487e-07   3.2180973073e-14   1.1896964942e-01  -4.0214779913e+06
  -9.4260657056e-03  -1.0275048803e-02   5.4003412338e-01   1.4138961738e-05   5.1747734001e+00  -3.0801315629e-27  -1.8576908706e-28   3.7543684594e+02   9.1506954471e-01   1.3783201176e-01   1.6574751793e+00   3.5743526552e-04   1.0271909174e-12   2.7890576741e-16   2.3570217423e-05   3.1704347749e-16   1.0016347399e-02   3.0928578773e-09   8.1926024659e-17  -4.5340270408e-19   8.9331541109e-07   9.0841846401e-01   6.8869864469e-03   1.1497119038e-02   6.2013929455e-12   1.2764525515e-07   1.4318987616e-15   6.2799053564e-02  -4.3168374154e+06
  -7.5013070425e-03  -8.5770826086e-03   5.9885737973e-01   1.2593523528e-05   5.2956017905e+00  -3.3544673887e-28   3.8335977487e-30   3.3150615037e+02   9.6363587787e-01   1.4214956150e-02   4.5173226541e-02   1.8303646005e-04   7.4354252701e-14   1.8648462687e-17   3.8858359261e-06   6.2109018004e-18   4.0829726088e-03   6.0724432957e-10   7.8925257635e-18  -8.5452436982e-22   1.8119175949e-07   9.6068397535e-01   3.2498836948e-03   4.9858518389e-03   1.3805572334e-12   2.0142550460e-08   1.8029288347e-15   2.6810192265e-02  -4.5052190434e+06
  -5.3547603613e-03  -6.4255314764e-03   6.1368687422e-01   1.2258668424e-05   5.3204642284e+00  -2.4851760161e-29   1.0556334993e-29   3.2211100155e+02   9.7391722092e-01   1.0691077043e-03   6.6232513569e-03   1.2979313130e-04   2.1232028141e-14   3.5978678701e-18   1.0136355043e-06   6.2473232430e-19   2.8297341230e-03   2.0999679201e-10   3.0689136006e-18   1.1986483529e-25   6.1570219606e-08   9.7178559221e-01   2.4491877156e-03   3.6394109168e-03   2.4254267590e-12   5.6275944988e-09   8.5087642542e-15   1.9165200857e-02  -4.5457013091e+06
  -2.1419892608e-03  -4.2839892461e-03   6.3125918758e-01   1.1877335778e-05   5.3518641462e+00   3.8033014797e-31   1.9633187837e-30   3.1154681350e+02   9.8599575787e-01   2.4327974909e-04   1.1315904726e-03   7.4918896776e-05   4.7600232149e-15   3.3318748104e-19   1.1626462788e-07   2.0700441142e-20   1.4460568603e-03   3.0356956960e-11   6.2299724861e-19   1.5748071706e-27   9.5518124427e-09   9.8482653002e-01   1.4144005503e-03   1.9855101321e-03   8.4914278248e-12   8.3746690138e-10   1.9311262695e-14   1.0252456847e-02  -4.5923666471e+06
   2.1420051728e-03   1.0724492282e-08   6.3125933211e-01   1.1877332735e-05   5.3518645361e+00  -7.3922218152e-30  -2.8022507309e-30   3.1154672943e+02   9.8599585397e-01   2.4329112274e-04   1.1315770775e-03   7.4918516731e-05   4.7628930191e-15   3.3355458448e-19   1.1625414618e-07   2.0710616664e-20   1.4460456382e-03   3.0355566486e-11   6.2290742271e-19   1.5747568123e-27   9.5513572957e-09   9.8482663362e-01   1.4143926083e-03   1.9854969932e-03   8.4913225600e-12   8.3741193725e-10   1.9311094300e-14   1.0252385940e-02  -4.5923670162e+06
   5.3547679036e-03   4.2839996211e-03   6.1368651376e-01   1.2258676459e-05   5.3204625574e+00  -7.9490614072e-29  -1.3549482308e-29   3.2211122541e+02   9.7391696877e-01   1.0691054815e-03   6.6225200529e-03   1.2979415833e-04   2.1232463061e-14   3.5978107125e-18   1.0136672148e-06   6.2477417712e-19   2.8297634878e-03   2.1000651602e-10   3.0682196206e-18   1.1987596037e-25   6.1573031966e-08   9.7178532033e-01   2.4492084830e-03   3.6394454102e-03   2.4238913941e-12   5.6277622632e-09   8.5046799866e-15   1.9165387052e-02  -4.5457003321e+06
   7.5013089859e-03   6.4255361860e-03   5.9885733731e-01   1.2593524505e-05   5.2956004880e+00  -2.2631002215e-28   3.9205236620e-29   3.3150617769e+02   9.6363584769e-01   1.4214894909e-02   4.5173580127e-02   1.8303680230e-04   7.4354361593e-14   1.8648009969e-17   3.8858217470e-06   6.2109094080e-18   4.0829758182e-03   6.0723918304e-10   7.8927913605e-18  -8.5456327210e-22   1.8119568675e-07   9.6068394227e-01   3.2498868684e-03   4.9858556338e-03   1.3803709906e-12   2.0142465916e-08   1.8021512592e-15   2.6810214843e-02  -4.5052189183e+06
   9.4260639117e-03   8.5770817858e-03   5.4003414746e-01   1.4138961035e-05   5.1747714925e+00  -2.7899934376e-28   5.4852156482e-28   3.7543682560e+02   9.1506956614e-01   1.3783158278e-01   1.6575192157e+00   3.5743522593e-04   1.0272043507e-12   2.7889769308e-16   2.3570170934e-05   3.1704511451e-16   1.0016344705e-02   3.0927835811e-09   8.1929323033e-17  -4.5343773179e-19   8.9333674681e-07   9.0841848690e-01   6.8869852954e-03   1.1497116285e-02   6.2013602338e-12   1.2764489892e-07   1.4318962252e-15   6.2799037341e-02  -4.3168375015e+06
   1.0769516381e-02   1.0275046038e-02   4.7120549833e-01   1.6543714327e-05   4.9759328718e+00   7.9054708393e-27   2.5686713431e-27   4.4532725701e+02   8.3950868337e-01   4.1662829406e-01   3.8812373696e+01   5.2666234323e-04   1.4263653264e-11   3.6903584204e-15   8.7710241248e-05   1.0372507877e-14   1.9254950594e-02   1.2622394587e-08   2.1733464696e-15  -5.9487216970e-17   2.6631580227e-06   8.2740468872e-01   1.1906586833e-02   2.1846677307e-02   4.2030623807e-11   5.4109648378e-07   3.2183439279e-14   1.1896950702e-01  -4.0214787516e+06
   1.1655856628e-02   1.1263986725e-02   4.3005875904e-01   1.8517436475e-05   4.8011728052e+00   4.5047137763e-26  -6.1208207128e-27   5.0280673484e+02   7.7633557527e-01   6.8485936563e-01   1.9803452996e+02   6.3593510685e-04   6.3733793502e-11   1.7516173935e-14   1.6204049306e-04   7.7148131579e-14   2.6685968848e-02   3.1338439390e-08   1.5596130090e-14  -6.4862332072e-16   4.2517056781e-06   7.5978138542e-01   1.5826481035e-02   3.0617730482e-02   1.3042044555e-10   1.1020589596e-06   1.9573801392e-13   1.6628507332e-01  -3.7750545027e+06
   1.2389404389e-02   1.2047726531e-02   3.9968747467e-01   2.0375874469e-05   4.6319250181e+00   1.3480957090e-25   5.9173165927e-27   5.5677980440e+02   7.1812549961e-01   9.3528638054e-01   5.1549315911e+02   7.1916249564e-04   1.6443641135e-10   4.7199236356e-14   2.3634696472e-04   3.2490108050e-13   3.3237884259e-02   5.6520514727e-08   6.1937806191e-14  -3.1656602036e-15   5.6941802046e-06   6.9752960499e-01   1.9280022009e-02   3.8754297071e-02   2.4877443781e-10   1.7121501799e-06   6.1147229316e-13   2.1023521895e-01  -3.5448150842e+06
   1.3045755244e-02   1.2731082247e-02   3.7558106641e-01   2.2193180986e-05   4.4659409388e+00   1.3529858905e-25   1.1782961160e-27   6.0932590840e+02   6.6338516285e-01   1.1459880483e+00   9.2061680343e+02   7.8596225318e-04   3.0394285925e-10   9.5074804644e-14   3.0405086628e-04   1.0548617308e-12   3.9134859937e-02   7.8912742699e-08   1.8173564372e-13  -1.6381189622e-15   7.1639598428e-06   6.3902827305e-01   2.2404535741e-02   4.6448796103e-02   3.2937709033e-10   2.2990670817e-06   1.2742663815e-12   2.5188397947e-01  -3.3247741983e+06
   1.3660364769e-02   1.3360428241e-02   3.5550098498e-01   2.4010867020e-05   4.3029726217e+00   8.2730219938e-26  -4.1842581551e-27   6.6167160446e+02   6.1138225584e-01   1.3065561779e+00   1.3632654031e+03   8.4128500761e-04   4.7060646142e-10   1.7689528560e-13   3.6171014887e-04   3.1598746545e-12   4.4516201135e-02   9.2253342687e-08   4.6692621244e-13   3.2252150045e-16   8.8398028406e-06   5.8348257944e-01   2.5262005502e-02   5.3791793571e-02   3.4135868947e-10   2.8179651320e-06   2.1163628317e-12   2.9173267436e-01  -3.1122833872e+06
   1.4248205521e-02   1.3960301297e-02   3.3830892213e-01   2.5839674746e-05   4.1448774406e+00   1.9912357659e-26  -1.0947722853e-26   7.1420456888e+02   5.6215850849e-01   1.4137116920e+00   1.8599980491e+03   8.8765192339e-04   6.6917788754e-10   3.2467610836e-13   4.0711667792e-04   9.0637495745e-12   4.9436214710e-02   9.6244329842e-08   1.1013303456e-12   1.1606330477e-15   1.0843995131e-05   5.3092981140e-01   2.7860838964e-02   6.0768025727e-02   3.0987352885e-10   3.2378837672e-06   3.0999950262e-12   3.2969616148e-01  -2.9079139930e+06
   1.4812992233e-02   1.4536109746e-02   3.2342412597e-01   2.7665591722e-05   3.9948310552e+00  -7.9544147545e-26  -1.8817481897e-26   7.6660867102e+02   5.1618680691e-01   1.4709288075e+00   2.4563166528e+03   9.2649840479e-04   9.1367351298e-10   5.8111564436e-13   4.3933870083e-04   2.4383117546e-11   5.3904948179e-02   9.3557333682e-08   2.4283543751e-12   3.7310452806e-15   1.3250188507e-05   4.8186947589e-01   3.0185927106e-02   6.7304963258e-02   2.6935026356e-10   3.5425585511e-06   4.2016579979e-12   3.6535196095e-01  -2.7143401141e+06
   1.5358410181e-02   1.5089874719e-02   3.1037462613e-01   2.9480391939e-05   3.8545098977e+00  -2.4625726880e-25  -2.6410026054e-26   8.1873349643e+02   4.7357458152e-01   1.4862060152e+00   3.2061359846e+03   9.5915129159e-04   1.2238104275e-09   1.0020773411e-12   4.5904526532e-04   6.0962624397e-11   5.7962572833e-02   8.6729572750e-08   5.0771879171e-12   1.0912335097e-14   1.6130646034e-05   4.3641198518e-01   3.2242515797e-02   7.3385713064e-02   2.3629419105e-10   3.7340588347e-06   5.3812281717e-12   3.9855906360e-01  -2.5328102075e+06
   1.5889032754e-02   1.5626945642e-02   2.9875802699e-01   3.1284043575e-05   3.7241953442e+00  -5.0138565467e-25  -3.2978226398e-26   8.7066541951e+02   4.3414893443e-01   1.4677880522e+00   4.1718851145e+03   9.8678233826e-04   1.6258887591e-09   1.6656996956e-12   4.6768967568e-04   1.4248188311e-10   6.1666024260e-02   7.7354280416e-08   1.0198876574e-11   2.9587770927e-14   1.9581834795e-05   3.9436965082e-01   3.4049009899e-02   7.9035788915e-02   2.1379713635e-10   3.8252376981e-06   6.5586918143e-12   4.2940156766e-01  -2.3632204037e+06
   1.6408198626e-02   1.6151119866e-02   2.8828574751e-01   3.3075552418e-05   3.6037678533e+00  -8.5989416273e-25  -3.8635398987e-26   9.2245551155e+02   3.9772388436e-01   1.4227633277e+00   5.4303472612e+03   1.0102996156e-03   2.1548204034e-09   2.6832945744e-12   4.6698169179e-04   3.1415166438e-10   6.5064474520e-02   6.6571324727e-08   1.9878160661e-11   7.5476483907e-14   2.3724730475e-05   3.5554157109e-01   3.5623328333e-02   8.4283648505e-02   2.0061352972e-10   3.8345493439e-06   7.6543268870e-12   4.5798206769e-01  -2.2052675835e+06
   1.6918485648e-02   1.6665277386e-02   2.7874638029e-01   3.4853190057e-05   3.4928372342e+00  -1.3325322854e-24  -4.3853990038e-26   9.7412509117e+02   3.6411241871e-01   1.3571521557e+00   7.0846154637e+03   1.0304253570e-03   2.8586592169e-09   4.2163671173e-12   4.5870149191e-04   6.5949609567e-10   6.8200478118e-02   5.5461870049e-08   3.7883713031e-11   1.8330267232e-13   2.8713380881e-05   3.1972621438e-01   3.6982647746e-02   8.9157657025e-02   1.9505858472e-10   3.7843137192e-06   8.7738298052e-12   4.8441131896e-01  -2.0585103269e+06
   1.7421974769e-02   1.7171693911e-02   2.6998198845e-01   3.6614751675e-05   3.3908367907e+00  -1.9238327613e-24  -4.8698349587e-26   1.0256723476e+03   3.3313092853e-01   1.2782854972e+00   9.2837899996e+03   1.0477419476e-03   3.8056507469e-09   6.5043063348e-12   4.4458114205e-04   1.3293786543e-09   7.1111040745e-02   4.5066742368e-08   7.1060186911e-11   4.2809129148e-13   3.4749554068e-05   2.8672599953e-01   3.8143255965e-02   9.3684717440e-02   1.9615538914e-10   3.6998804612e-06   1.0407749557e-11   5.0880416331e-01  -1.9224521237e+06
   1.7919782370e-02   1.7672255626e-02   2.6188140796e-01   3.8355742279e-05   3.2971668461e+00  -2.6303361175e-24  -5.2690073458e-26   1.0770186480e+03   3.0463428003e-01   1.1925183939e+00   1.2251491846e+04   1.0627009134e-03   5.0934603277e-09   9.9061188402e-12   4.2625062329e-04   2.5907051145e-09   7.3824830875e-02   3.6191108754e-08   1.3189040999e-10   9.6917821429e-13   4.2097316216e-05   2.5638457892e-01   3.9119092546e-02   9.7885204526e-02   2.0393395247e-10   3.6096003360e-06   1.3404263845e-11   5.3125159044e-01  -1.7969226585e+06
   1.8413522845e-02   1.8167309113e-02   2.5434739809e-01   4.0074620203e-05   3.2109278907e+00  -3.4516638439e-24  -5.5273354738e-26   1.1281585977e+03   2.7842647053e-01   1.1025592548e+00   1.6338078081e+04   1.0756902673e-03   6.8689496119e-09   1.4986655940e-11   4.0515821453e-04   4.9165452187e-09   7.6370577291e-02   2.9208874756e-08   2.4370301689e-10   2.1456419145e-12   5.1131026054e-05   2.2849162561e-01   3.9924915226e-02   1.0178656053e-01   2.1969579832e-10   3.5450811547e-06   1.8931291906e-11   5.5189075526e-01  -1.6813218468e+06
   1.8905256481e-02   1.8659736577e-02   2.4728985801e-01   4.1772779838e-05   3.1309976642e+00  -4.3786131298e-24  -5.6453412351e-26   1.1791722180e+03   2.5429180045e-01   1.0116248588e+00   2.2097963517e+04   1.0870291620e-03   9.3622348300e-09   2.2677586974e-11   3.8253031355e-04   9.1571119919e-09   7.8775124026e-02   2.4105388338e-08   4.5162665387e-10   4.6912915657e-12   6.2406559260e-05   2.0281608040e-01   4.0574053870e-02   1.0541951497e-01   2.4669563992e-10   3.5431491091e-06   2.8838591263e-11   5.7087967417e-01  -1.5747985167e+06
   1.9396189338e-02   1.9150776384e-02   2.4064409390e-01   4.3449841377e-05   3.0563038208e+00  -5.4016384572e-24  -5.7257019268e-26   1.2300817669e+03   2.3206156841e-01   9.2234126205e-01   3.0347595769e+04   1.0969563464e-03   1.2936004157e-08   3.4558070772e-11   3.5947300810e-04   1.6850311919e-08   8.1057548752e-02   2.0648663234e-08   8.4523790626e-10   1.0220073271e-11   7.6718677511e-05   1.7917696076e-01   4.1076833412e-02   1.0880806253e-01   2.9144119992e-10   3.6498376417e-06   4.6544633060e-11   5.8834374501e-01  -1.4766316081e+06
   1.9887493432e-02   1.9641602292e-02   2.3435476832e-01   4.5106267307e-05   2.9857218516e+00  -6.5109072564e-24  -5.9991982271e-26   1.2809314429e+03   2.1157381663e-01   8.3638429648e-01   4.2162919129e+04   1.1056691355e-03   1.8182787349e-08   5.3447674100e-11   3.3698616044e-04   3.0837359033e-08   8.3233974740e-02   1.8535177482e-08   1.6092892932e-09   2.2384831861e-11   9.5235908473e-05   1.5740032216e-01   4.1442193031e-02   1.1197513586e-01   3.6658589378e-10   3.9268543637e-06   7.8881178329e-11   6.0440648646e-01  -1.3860586719e+06
   2.0380344200e-02   2.0133384573e-02   2.2837466232e-01   4.6743125374e-05   2.9181160816e+00  -7.6881448081e-24  -6.8308248337e-26   1.3317813926e+03   1.9267693956e-01   7.5470214307e-01   5.8610819656e+04   1.1133349924e-03   2.6091841710e-08   8.4632089885e-11   3.1601005969e-04   5.6475817599e-08   8.5318185037e-02   1.7487820908e-08   3.1385970288e-09   4.9708064201e-11   1.1965400136e-04   1.3732289332e-01   4.1677868783e-02   1.1494166145e-01   4.9705786604e-10   4.4629285665e-06   1.4005780825e-10   6.1918582547e-01  -1.3023077630e+06
   2.0875902175e-02   2.0627303827e-02   2.2266421029e-01   4.8361683874e-05   2.8523694285e+00  -8.8947553492e-24  -8.6924069718e-26   1.3826962763e+03   1.7523378602e-01   6.7772391299e-01   7.9903249126e+04   1.1200939473e-03   3.8330699153e-08   1.3849279133e-10   2.9745286937e-04   1.0402353302e-07   8.7322038073e-02   1.7296296612e-08   6.2998329601e-09   1.1258298354e-10   1.5232405375e-04   1.1879626902e-01   4.1790573926e-02   1.1772541390e-01   7.3314738492e-10   5.3922877191e-06   2.6043792584e-10   6.3279027473e-01  -1.2246268141e+06
   2.1375213342e-02   2.1124500523e-02   2.1719141336e-01   4.9962873837e-05   2.7874089076e+00  -1.0078791775e-23  -1.2067141692e-25   1.4337295092e+03   1.5912605121e-01   6.0556342879e-01   1.0361250199e+05   1.1260424841e-03   5.7689009376e-08   2.3627661743e-10   2.8217364955e-04   1.9318448302e-07   8.9255654335e-02   1.7828003683e-08   1.3012611563e-08   2.6031850017e-10   1.9619978859e-04   1.0169161268e-01   4.1786102620e-02   1.2033971431e-01   1.1779498389e-09   6.9217629891e-06   5.0557679332e-10   6.4531529447e-01  -1.1523076325e+06
   2.1878980609e-02   2.1625926161e-02   2.1193205261e-01   5.1546602047e-05   2.7222403086e+00  -1.1161414473e-23  -1.7258566538e-25   1.4849027687e+03   1.4425938453e-01   5.3818970870e-01   1.2182290055e+05   1.1311803732e-03   8.8705085318e-08   4.2292024273e-10   2.7091710113e-04   3.6127536931e-07   9.1127303352e-02   1.9027641580e-08   2.7449659368e-08   6.1036523680e-10   2.5431117067e-04   8.5905663639e-02   4.1669118537e-02   1.2279215053e-01   2.0415132062e-09   9.3627159705e-06   1.0147727998e-09   6.5683949204e-01  -1.0847083625e+06
   2.2387159940e-02   2.2132035056e-02   2.0687014816e-01   5.3110935919e-05   2.6560046550e+00  -1.2083084350e-23  -2.4179375598e-25   1.5361814036e+03   1.3056906331e-01   4.7555289240e-01   1.1781852335e+05   1.1352893529e-03   1.3840371500e-07   7.9554612383e-10   2.6425705915e-04   6.7660899937e-07   9.2942934303e-02   2.0910189917e-08   5.8183971274e-08   1.4287636497e-09   3.2840579487e-04   7.1368396503e-02   4.1441998596e-02   1.2508415079e-01   3.7342660208e-09   1.3149837455e-05   2.0689670296e-09   6.6742051563e-01  -1.0212808338e+06
   2.2898400022e-02   2.2642284825e-02   2.0199829877e-01   5.4651364328e-05   2.5880638532e+00  -1.2765911277e-23  -3.2203616986e-25   1.5874520184e+03   1.1802420191e-01   4.1765477138e-01   6.4056261329e+04   1.1377045097e-03   2.1688500498e-07   1.5658670654e-09   2.6271912914e-04   1.2577639443e-06   9.4705423411e-02   2.3552077464e-08   1.2106514645e-07   3.2633074152e-09   4.1662106094e-04   5.8050645983e-02   4.1101321956e-02   1.2721348308e-01   6.9878646370e-09   1.8804690451e-05   4.1808365486e-09   6.7709164091e-01  -9.6160591548e+05
   2.3409487693e-02   2.3154515220e-02   1.9731731989e-01   5.6160556905e-05   2.5181095948e+00  -1.3149380000e-23  -4.0231414018e-25   1.6385151136e+03   1.0662639913e-01   3.6453203771e-01  -7.5243490832e+04   1.1369661089e-03   3.3729038030e-07   3.1954932044e-09   2.6738041384e-04   2.2972685285e-06   9.6413764465e-02   2.7110765207e-08   2.4077984089e-07   7.0832393839e-09   5.1085621566e-04   4.5967150338e-02   4.0629929487e-02   1.2918280309e-01   1.2915817556e-08   2.6786159474e-05   8.1443945375e-09   6.8586142993e-01  -9.0543178736e+05
   2.3914620310e-02   2.3664460167e-02   1.9283922047e-01   5.7627563650e-05   2.4463249182e+00  -1.3185339086e-23  -4.7004023868e-25   1.6890539595e+03   9.6408911203e-02   3.1650699570e-01  -3.2986430317e+05   1.1304407096e-03   5.1455726730e-07   6.6966675756e-09   2.8133337962e-04   4.0860419787e-06   9.8060889507e-02   3.1959381758e-08   4.4629380698e-07   1.4247496676e-08   5.9566134806e-04   3.5179709549e-02   3.9984419451e-02   1.3101372799e-01   2.2830917640e-08   3.7208023784e-05   1.4897758793e-08   6.9371147252e-01  -8.5274646663e+05
   2.4412963805e-02   2.4164780454e-02   1.8852729975e-01   5.9059462366e-05   2.3724092445e+00  -1.2849695399e-23  -5.1667172803e-25   1.7393728296e+03   8.7279632132e-02   2.7360822523e-01  -6.8133260255e+05   1.1140306912e-03   7.6892423669e-07   1.4563222370e-08   3.1251932868e-04   7.1109196352e-06   9.9656156401e-02   3.9191178010e-08   7.6364549845e-07   2.6334264092e-08   6.5216671344e-04   2.5632008159e-02   3.9071678102e-02   1.3278937428e-01   3.8075302846e-08   4.9767452402e-05   2.5322956717e-08   7.0071351190e-01  -8.0308208113e+05
   2.4932456322e-02   2.4661147156e-02   1.8411671390e-01   6.0545531717e-05   2.2917183914e+00  -1.2096725279e-23  -5.4349926238e-25   1.7927590503e+03   7.8694275721e-02   2.3384876365e-01  -8.7552250441e+05   1.0799046976e-03   1.1713064034e-06   3.6225103782e-08   3.8358473105e-04   1.2823910362e-05   1.0129372310e-01   5.2848567604e-08   1.2558869940e-06   4.6811839799e-08   6.6427155402e-04   1.6818467574e-02   3.7652078796e-02   1.3475150606e-01   6.2480151780e-08   6.4800381523e-05   4.1632271868e-08   7.0727617201e-01  -7.5347423201e+05
   2.5577493423e-02   2.5203765487e-02   1.7881363697e-01   6.2378181535e-05   2.1861722916e+00  -1.0690556641e-23  -5.8110357838e-25   1.8602783441e+03   6.9241276328e-02   1.8367298754e-01   2.0655926698e+06   1.0007543808e-03   2.3836085584e-06   1.8389463749e-07   5.9548730937e-04   3.3073946242e-05   1.0327153891e-01   9.9796891748e-08   2.6121990347e-06   1.0703052986e-07   6.1690351939e-04   7.4655194309e-03   3.4828023969e-02   1.3765473274e-01   1.3440999572e-07   8.7179663599e-05   8.7618065477e-08   7.1444117757e-01  -6.9520648114e+05
   2.6308877021e-02   2.5951221358e-02   1.7423334672e-01   6.4161100667e-05   2.0555175076e+00  -9.2616764114e-24  -5.8584496985e-25   1.9265462349e+03   6.0385178333e-02   1.2139726028e-01   2.5728170644e+07   7.7431247612e-04   1.9598751698e-05   1.7384229277e-05   1.5560365705e-03   4.2750286406e-04   1.0482456187e-01   3.5834443344e-07   5.9705214615e-06   2.7381960256e-07   1.3511018145e-04   2.6618395568e-04   2.7777536961e-02   1.4320981389e-01   5.7567797774e-07   5.0878650488e-05   2.1286546874e-07   7.2093368837e-01  -6.4807282206e+05
   2.6866939701e-02   2.6666532684e-02   1.7752019581e-01   6.3851682621e-05   1.9461467557e+00  -7.8143478841e-24  -1.4933280386e-25   1.9057290207e+03   5.5076370711e-02   9.9825438780e-02   1.9383894925e+07   3.6983959447e-04   4.3685078563e-05   3.3428333719e-04   1.0318059623e-02   1.9164590644e-03   1.0149214855e-01   1.6961424052e-06   1.9686862271e-07   1.0551850478e-08   1.5220228395e-06   2.9021989719e-06   1.3783899064e-02   1.4678888226e-01   8.6156166996e-08   1.7548371598e-06   9.1687725688e-09   7.2494456548e-01  -6.1375601599e+05
   2.7224153787e-02   2.7067346718e-02   1.8109075246e-01   6.3238200835e-05   1.8721835754e+00  -7.6449702361e-24  -4.3226408640e-25   1.8746966625e+03   5.1512623401e-02   1.0216627353e-01   1.8503312203e+07   2.2919018602e-04   3.4009699523e-05   4.6857632752e-04   2.0757347156e-02   2.1643660427e-03   9.7862850526e-02   2.8320350551e-06   2.9492207843e-09   1.6640473310e-10   2.3373592992e-08   5.4214522450e-08   8.2824242374e-03   1.4236346979e-01   5.4183476520e-09   3.8307586799e-08   1.4935924511e-10   7.2783480942e-01  -5.6007092404e+05
   2.7517740053e-02   2.7380960857e-02   1.8511300153e-01   6.2476130817e-05   1.8087696212e+00  -7.2144573738e-24  -4.6044304094e-25   1.8382205062e+03   4.8527393594e-02   1.0085439335e-01   1.8258242068e+07   1.5192747620e-04   2.4157697266e-05   4.8464875088e-04   3.0992116337e-02   2.0697172617e-03   9.4384418536e-02   3.6038190493e-06   5.3817359308e-11   3.1908070306e-12   5.0895924061e-10   1.4547017830e-09   5.2976295448e-03   1.3635027547e-01   1.7411655662e-09   9.7071219299e-10   2.8949226306e-12   7.3024150037e-01  -5.1264860138e+05
   2.7779698881e-02   2.7654519248e-02   1.8969128613e-01   6.1591456895e-05   1.7501210883e+00  -6.7737067653e-24  -4.2053641991e-25   1.7970571127e+03   4.5844771918e-02   9.7408698470e-02   1.6581227926e+07   1.0285469135e-04   1.6592762331e-05   4.4732283349e-04   4.0958077963e-02   1.8515538239e-03   9.0952977931e-02   4.0864667285e-06   1.3086778892e-12   8.0996776311e-14   1.5455580664e-11   5.2949652444e-11   3.4593459340e-03   1.2985045469e-01   8.3345625702e-10   3.3253322958e-11   7.3075998340e-14   7.3235673197e-01  -4.7190034326e+05
   2.8023040537e-02   2.7904878514e-02   1.9485005295e-01   6.0605708996e-05   1.6938782557e+00  -6.3655317822e-24  -3.8112542775e-25   1.7520633802e+03   4.3353219811e-02   9.2535802307e-02   1.4253680967e+07   6.9983893877e-05   1.1125582059e-05   3.8666684001e-04   5.0679029308e-02   1.5885893495e-03   8.7525099540e-02   4.3474589313e-06   4.2188732692e-14   2.7051414781e-15   6.3578061090e-13   2.5441445276e-12   2.2721148410e-03   1.2318650098e-01   4.0652224317e-10   2.2133090829e-12   2.4001063591e-15   7.3427654180e-01  -4.3647143439e+05
   2.8255069237e-02   2.8141202560e-02   2.0061617320e-01   5.9533775688e-05   1.6386804497e+00  -5.9729918188e-24  -3.4865700024e-25   1.7038883886e+03   4.0991822742e-02   8.6647007571e-02   1.1754053339e+07   4.7470943929e-05   7.2854936894e-06   3.1867863576e-04   6.0188717715e-02   1.3187947071e-03   8.4077552183e-02   4.4352396360e-06   1.7616303293e-15   1.1638528735e-16   3.4500531695e-14   1.5863153308e-13   1.4918590259e-03   1.1648569497e-01   1.9572684694e-10   4.6366410651e-13   1.0209225390e-16   7.3605951089e-01  -4.0510309369e+05
   2.8480237214e-02   2.8368935914e-02   2.0702232420e-01   5.8387182739e-05   1.5836845857e+00  -5.5881514044e-24  -3.1935465843e-25   1.6530705875e+03   3.8725519299e-02   8.0088315709e-02   9.3538525739e+06   3.1965952271e-05   4.6526873944e-06   2.5242554956e-04   6.9505973718e-02   1.0631752432e-03   8.0599996785e-02   4.3864131535e-06  -1.6790457247e-14   1.1365785063e-17   2.7476152580e-15   1.2748014843e-14   9.7798448026e-04   1.0981793982e-01   9.2433284276e-11   1.7474228085e-13  -1.3374618908e-16   7.3774149926e-01  -3.7685425772e+05
   2.8701453458e-02   2.8591538514e-02   2.1410813894e-01   5.7175427478e-05   1.5283386153e+00  -5.2173191552e-24  -2.9039668416e-25   1.6000767632e+03   3.6533205685e-02   7.3159763422e-02   7.2042197517e+06   2.1337740346e-05   2.8931176573e-06   1.9294625010e-04   7.8638888046e-02   8.3358793081e-04   7.7089696712e-02   4.2317542872e-06   6.6196974681e-18   4.5280036405e-19   2.2732316898e-16   1.3013309329e-15   6.4154346232e-04   1.0322978636e-01   4.2741839513e-11   7.1954138114e-14   5.5671668804e-19   7.3934508858e-01  -3.5103145745e+05
   2.8920745952e-02   2.8811368402e-02   2.2192202678e-01   5.5906443560e-05   1.4722649778e+00  -4.8630790111e-24  -2.6063104714e-25   1.5453133554e+03   3.4401625494e-02   6.6111949516e-02   5.3787615390e+06   1.4134149924e-05   1.7493803892e-06   1.4265013615e-04   8.7590833026e-02   6.3598222104e-04   7.3548159724e-02   3.9990618718e-06   5.1796755071e-19   3.6971481922e-20   2.5165807236e-17   1.6882069738e-16   4.2336071920e-04   9.6754148459e-02   1.9379329272e-11   2.9973940501e-14   8.3645196986e-20   7.4088498310e-01  -3.2711524511e+05
   2.9139586676e-02   2.9030123503e-02   2.3052248384e-01   5.4586914255e-05   1.4152059555e+00  -4.5474484877e-24  -2.2968033821e-25   1.4891359056e+03   3.2322406057e-02   5.9144547298e-02   3.8977884685e+06   9.3271384073e-06   1.0278322425e-06   1.0217390187e-04   9.6363032073e-02   4.7217858279e-04   6.9979498136e-02   3.7141139240e-06   5.3040695574e-20   3.8810664211e-21   3.6467860726e-18   2.7846866674e-17   2.8331215499e-04   9.0414911407e-02   8.6529738612e-12   1.2497730529e-14   1.7771573166e-20   7.4237082465e-01  -3.0471510140e+05
   2.9359093932e-02   2.9249049849e-02   2.3998065328e-01   5.3222331115e-05   1.3569889251e+00  -4.1783610754e-24  -1.9805472166e-25   1.4318498232e+03   3.0290246544e-02   5.2407362218e-02   2.7448969158e+06   6.1767343512e-06   5.8663002090e-07   7.0993775702e-05   1.0495634634e-01   3.4106800210e-04   6.6389106044e-02   3.4003048713e-06   6.7028166340e-21   5.0292555238e-22   6.6775303096e-19   5.8076458002e-18   1.9417571604e-04   8.4229142250e-02   3.8295502966e-12   5.2750477110e-15   4.2804545183e-21   7.4380900420e-01  -2.8353891216e+05
   2.9580180960e-02   2.9469138016e-02   2.5038450883e-01   5.1816888510e-05   1.2974992058e+00  -3.6190276468e-24  -1.6302976570e-25   1.3737059165e+03   2.8301677238e-02   4.6004413680e-02   1.8807725792e+06   4.1507795121e-06   3.2525152518e-07   4.7910690623e-05   1.1337260294e-01   2.3958618244e-04   6.2782420730e-02   3.0775636299e-06   1.0381623443e-21   7.9878005407e-23   1.5348725309e-19   1.5257564671e-18   1.3769691584e-04   7.8208277767e-02   1.6916631299e-12   2.2953276942e-15   1.0840694592e-21   7.4520395118e-01  -2.6337020521e+05
   2.9803640817e-02   2.9691223905e-02   2.6184293595e-01   5.0373539619e-05   1.2366659759e+00  -3.2188539959e-24  -1.2789228792e-25   1.3149040344e+03   2.6354482003e-02   4.0001910485e-02   1.2551638229e+06   2.8721895290e-06   1.7518180504e-07   3.1436708792e-05   1.2161419079e-01   1.6356921913e-04   5.9164418409e-02   2.7612095332e-06  -2.6756841865e-20   1.8303192074e-23   4.5494473580e-20   5.1034668300e-19   1.0185423204e-04   7.2359825693e-02   7.4968265964e-13   1.0511381052e-15   2.8589877194e-22   7.4655889637e-01  -2.4405296104e+05
   3.0030201388e-02   2.9916057729e-02   2.7449011461e-01   4.8894148331e-05   1.1744542041e+00  -2.8009532591e-24  -9.3006839723e-26   1.2556012896e+03   2.4447431475e-02   3.4437572362e-02   8.1633459394e+05   2.0793277765e-06   9.1618567518e-08   2.0073586871e-05   1.2968306968e-01   1.0845711030e-04   5.5539511807e-02   2.4610629943e-06  -6.8869518803e-21   4.7310548899e-24   1.8298222926e-20   2.4017285973e-19   7.8883920718e-05   6.6688989596e-02   3.3358888705e-13   5.1585182651e-16   7.9036122744e-23   7.4787638229e-01  -2.2547939366e+05
   3.0260577099e-02   3.0144345047e-02   2.8849118466e-01   4.7379626628e-05   1.1108574023e+00  -2.4171416949e-24  -5.9754212416e-26   1.1959199715e+03   2.2580073105e-02   2.9331837069e-02   5.1723179403e+05   1.5949335784e-06   4.6461815309e-08   1.2482722988e-05   1.3758012656e-01   6.9807373007e-05   5.1911516158e-02   2.1809545397e-06   2.2428029481e-23   1.8577450710e-24   1.2587328254e-20   2.0105613581e-19   6.3850039020e-05   6.1199715571e-02   1.4834040804e-13   2.7362912505e-16   2.3126605633e-23   7.4915867922e-01  -2.0757836180e+05
   3.0496521152e-02   3.0376809151e-02   3.0412275191e-01   4.5823059115e-05   1.0456046477e+00  -2.1098065494e-24  -2.9529460023e-26   1.1356872208e+03   2.0744772371e-02   2.4667722825e-02   3.1775194199e+05   1.3004703146e-06   2.2689135123e-08   7.5435204925e-06   1.4533777725e-01   4.3512666868e-05   4.8268201855e-02   1.9171613069e-06   1.5859979887e-23   1.3440896275e-24   1.4637875324e-20   2.8439023947e-19   5.3608061530e-05   5.5872677734e-02   6.4972286013e-14   1.5530334593e-16   7.1317972632e-24   7.5041343859e-01  -1.9024347150e+05
   3.0740125945e-02   3.0616233154e-02   3.2174849407e-01   4.4215845579e-05   9.7839326197e-01  -1.8277994415e-24  -3.3541790032e-27   1.0746945337e+03   1.8934283046e-02   2.0424528747e-02   1.8805694756e+05   1.1208947307e-06   1.0574036624e-08   4.4220951304e-06   1.5298725115e-01   2.6234584804e-05   4.4594987572e-02   1.6624454164e-06   1.2817309856e-23   1.1091146924e-24   2.0004333727e-20   4.7601138882e-19   4.6231455449e-05   5.0689459869e-02   2.7534553534e-14   9.2042500311e-17   2.2872106330e-24   7.5164861936e-01  -1.7336779689e+05
   3.0991996565e-02   3.0864018736e-02   3.4169473584e-01   4.2560010865e-05   9.0940700262e-01  -1.5607289210e-24   1.7613785465e-26   1.0131609055e+03   1.7155100246e-02   1.6618231424e-02   1.0676249162e+05   1.0094684082e-06   4.6756937391e-09   2.5226469306e-06   1.6050187378e-01   1.5371310547e-05   4.0903319343e-02   1.4099549694e-06  -1.4239274341e-21   9.1619646133e-25   2.6321439517e-20   7.7562280078e-19   4.0559551658e-05   4.5670248438e-02   1.1135825967e-14   5.5328535602e-17  -1.7589604983e-25   7.5286368083e-01  -1.5697530187e+05
   3.1252858818e-02   3.1119974395e-02   3.6436246962e-01   4.0857341915e-05   8.3886676913e-01  -1.3092655430e-24   3.4275628069e-26   9.5130314403e+02   1.5414164570e-02   1.3264024388e-02   5.7875306082e+04   9.3647638527e-07   1.9474643827e-09   1.4077026524e-06   1.6785309520e-01   8.8149596517e-06   3.7205717221e-02   1.1569123114e-06   7.1185136884e-24  -1.6922680141e-22   3.1353928023e-20   1.1719216526e-18   3.5860261185e-05   4.0834246612e-02   4.2379144906e-15   3.2903168058e-17   2.5663203059e-25   7.5405876271e-01  -1.4109390980e+05
   3.1524417807e-02   3.1385743240e-02   3.9030862812e-01   3.9105584245e-05   7.6685792245e-01  -1.0732403702e-24   4.5760894073e-26   8.8920353444e+02   1.3714518197e-02   1.0348336882e-02   2.9912218078e+04   8.8376578072e-07   7.5921511844e-10   7.7378997864e-07   1.7502869597e-01   4.9870425644e-06   3.3506139975e-02   9.1017403610e-07   4.3078605160e-24  -9.7365961080e-23   3.3883320180e-20   1.6398957478e-18   3.1679294281e-05   3.6188233288e-02   1.4996877028e-15   1.9194612724e-17   8.9436052377e-26   7.5523769594e-01  -1.2563568940e+05
   3.1808917066e-02   3.1663092374e-02   4.2024757864e-01   3.7302067506e-05   6.9349673305e-01  -8.5574322647e-25   5.1454409200e-26   8.2695406670e+02   1.2059889394e-02   7.8447140419e-03   1.4800139757e+04   8.4054670648e-07   2.7661841811e-10   4.2199610591e-07   1.8201338801e-01   2.8034557435e-06   2.9809693414e-02   6.8433065762e-07   2.4023333141e-24  -5.3472333564e-23   3.3543673332e-20   2.1438468265e-18   2.7747822731e-05   3.1739506069e-02   4.9031087602e-16   1.1111600560e-17  -1.6502086032e-26   7.5640491408e-01  -1.1055342865e+05
   3.2110106731e-02   3.1954741757e-02   4.5518416189e-01   3.5439870333e-05   6.1878206354e-01  -6.5872315553e-25   5.1715706860e-26   7.6453522500e+02   1.0451393710e-02   5.7346939491e-03   7.0567658464e+03   8.0021794609e-07   9.4279253756e-11   2.2879010717e-07   1.8880275456e-01   1.5705460643e-06   2.6115257379e-02   4.9244819204e-07   1.1840244831e-24   1.0809792093e-25   3.0714046078e-20   2.6432365766e-18   2.3905359091e-05   2.7487146863e-02   1.4737456683e-16   6.5367781537e-18   1.1387747222e-26   7.5756784375e-01  -9.5827795723e+04
   3.2441149398e-02   3.2265471704e-02   4.9762160213e-01   3.3461054527e-05   5.4084253188e-01  -4.8103127472e-25   4.7366552131e-26   7.0035593458e+02   8.8540088422e-03   3.9493866951e-03   3.1811090306e+03   7.5740408347e-07   2.9030637356e-11   1.2039589586e-07   1.9554478544e-01   8.6038298233e-07   2.2335200130e-02   3.3625239359e-07   6.0016434481e-25  -1.3402864772e-23   2.6183042271e-20   3.1036391033e-18   1.9973525175e-05   2.3335600623e-02   3.8854101847e-17   3.9607791273e-18  -1.0072895977e-26   7.5876236581e-01  -8.1242868342e+04
   3.2814184645e-02   3.2616827093e-02   5.5008538675e-01   3.1353756185e-05   4.5972446536e-01  -3.1574855683e-25   4.0757345309e-26   6.3453931830e+02   7.2736547859e-03   2.4970792626e-03   1.3498815779e+03   7.0790442295e-07   7.9636863370e-12   6.0655735777e-08   2.0221456296e-01   4.5845136634e-07   1.8467569237e-02   2.1676348276e-07   2.6321285852e-25  -5.6329665905e-24   2.0665119473e-20   3.4601671807e-18   1.5906365268e-05   1.9300323659e-02   8.7035243835e-18   2.5413947470e-18  -2.6788099165e-27   7.6000019400e-01  -6.6716813469e+04
   3.3239910978e-02   3.3011542197e-02   6.1494609653e-01   2.9146076732e-05   3.7714915389e-01  -1.8246885367e-25   2.5578165008e-26   5.6851694995e+02   5.7496447530e-03   1.4170341950e-03   5.3268044326e+02   6.4800846227e-07   1.9118514462e-12   2.8717980219e-08   2.0864621628e-01   2.3616491773e-07   1.4600737288e-02   1.3098485072e-07   1.0518332466e-25  -2.0652846380e-24   1.5063560741e-20   3.6139813680e-18   1.1797222823e-05   1.5472663431e-02   1.5854632019e-18   1.7407135366e-18  -4.2620503939e-28   7.6126754190e-01  -5.2692040591e+04
   3.3742597234e-02   3.3468279758e-02   6.9514917106e-01   2.6869397030e-05   2.9434021216e-01  -8.8226030160e-26   1.4628502491e-26   5.0372433568e+02   4.3113465643e-03   7.0829771937e-04   1.8943329900e+02   5.7232167705e-07   3.8663109392e-13   1.2420966366e-08   2.1471585249e-01   1.1614302903e-07   1.0824773056e-02   7.2844070247e-08   3.6543673780e-26   2.9639573933e-27   1.0027400898e-20   3.4287521622e-18   7.7969088599e-06   1.1892303212e-02   2.1503548004e-19   1.2174875689e-18   6.2189070983e-29   7.6255850060e-01  -3.9329260863e+04
   3.4439196449e-02   3.4016914709e-02   8.0744361229e-01   2.4281757882e-05   2.0137990411e-01  -2.5863185312e-26   4.9869729264e-27   4.3438221618e+02   2.8363141496e-03   2.6398838463e-04   4.7717428267e+01   4.6182722016e-07   4.7645373691e-14   4.1113345032e-09   2.2094024801e-01   4.7834507194e-08   6.8908303724e-03   3.2165508059e-08  -1.1901477203e-24   7.0586730016e-28   5.4962936166e-21   2.6624630408e-18   3.7806467818e-06   8.1504970623e-03   1.2800300701e-20   7.0831879052e-19  -2.7919736568e-27   7.6401409797e-01  -2.5854882736e+04
   3.5689981679e-02   3.4861478188e-02   9.6134490333e-01   2.1507679204e-05   1.0453102840e-01  -2.5721902352e-27   5.6634110468e-28   3.6539107067e+02   1.4070361988e-03   4.9887338002e-05   4.9300118738e+00   2.6902730113e-07   2.1905455741e-15   8.4103443082e-10   2.2697135032e-01   1.2978160242e-08   3.1330085533e-03   7.9926623018e-09  -3.7503987638e-25   1.0848512745e-28   1.7626395904e-21   9.5871544882e-19   7.5402892675e-07   4.3620362505e-03   1.1175620610e-22   1.7595782155e-19  -1.1726668142e-28   7.6553256001e-01  -1.2693231043e+04
   3.8388068749e-02   3.6518485171e-02   1.0942309544e+00   1.9596728374e-05   3.5650811428e-02  -8.0097702037e-29   1.8364620177e-29   3.2124144066e+02   4.5391963676e-04   2.8787131087e-06   1.1000260252e-01   5.6179700338e-08   3.5364153869e-17   1.2101233392e-10   2.3099326883e-01   1.7073294864e-09   9.6286533459e-04   7.6204665768e-10   3.4019992429e-29   1.7828078114e-30   2.1220466994e-22   9.8997879695e-20   4.7945487021e-08   1.5300486700e-03   1.0636964205e-25   1.3334340879e-20   4.8215214496e-33   7.6651371045e-01  -3.2019578628e+03
   4.2124659485e-02   4.0257652327e-02   1.1431962623e+00   1.8977036035e-05   1.2920786429e-02  -1.2749775007e-30   1.6321486964e-31   3.0753167804e+02   1.4874776082e-04   1.5753775610e-07   2.0549824976e-03   8.0087987158e-09   7.0559060624e-19   1.8726250593e-11   2.3228127873e-01   2.2739651610e-10   3.3520906821e-04   6.3328923014e-11   3.0652537595e-31   1.6334895618e-32   2.3348302769e-23   8.4461126411e-21   2.2961078758e-09   5.5982645946e-04   1.0031253624e-28   8.3777727021e-22   3.2031423340e-35   7.6682367513e-01   1.5012854451e+01
   4.7724549864e-02   4.3991666643e-02   1.1646503506e+00   1.8717718301e-05   3.2401718176e-03  -2.9927647741e-32  -8.2184569908e-33   3.0188355170e+02   2.1120234009e-05   1.1396218082e-08   2.5556502818e-05   8.4707245810e-10   9.0379025325e-21   2.1623863398e-12   2.3282005640e-01   2.5213349439e-11   8.3620277817e-05   4.9981326996e-12   3.2562614029e-33   1.6970340116e-34   2.1709822128e-24   6.7295071423e-22   1.2927323155e-10   1.4064159155e-04   8.8520909358e-32   5.6136540829e-23   2.9854932755e-37   7.6695568072e-01   1.4304656424e+03
   5.7680003580e-02   5.1457433085e-02   1.1707751801e+00   1.8644988054e-05   5.3252692875e-04  -4.7945380148e-34  -3.2059454680e-34   3.0030885634e+02  -1.4507351836e-05   2.1887124819e-10   4.6818865313e-08   4.3192808142e-11   1.7738248611e-23   9.4122295603e-14   2.3297046745e-01   1.1268397093e-12   1.3707485784e-05   1.3904158851e-13   4.7016603386e-36   2.4347245479e-37   6.9540904285e-26   1.8786126927e-23   2.7469096815e-12   2.3132156717e-05   2.2523872779e-35   1.2314996144e-24   4.1527465266e-40   7.6699269286e-01   1.8287272275e+03
   7.0125116316e-02   6.3902574075e-02   1.1718469707e+00   1.8632319180e-05   6.0437261645e-05  -3.6963147527e-36  -3.1469615767e-36   3.0003497863e+02  -2.0708988398e-05   4.4420158034e-12   1.4689611239e-11   1.0704077082e-12   5.9265629767e-27   1.6546758091e-15   2.3299665005e-01   2.0977850622e-14   1.5523860227e-06   1.5163497391e-15   1.0668875318e-39   5.5183320524e-41   8.4631916689e-28   2.0442253368e-25   2.3934492389e-14   2.6307360159e-06   3.5483913792e-39   1.1436413334e-26   9.3615123825e-44   7.6699916683e-01   1.8985482824e+03
   8.8792733626e-02   7.6347658556e-02   1.1719763158e+00   1.8630791450e-05   3.4019777449e-06  -5.6091240733e-39  -5.1176598214e-39   3.0000195952e+02  -2.1457807249e-05   3.2967363130e-14   1.8171493422e-16   6.5845530455e-15   7.6969896594e-32   5.6657626052e-18   2.3299981151e-01   7.5095373336e-17   8.6899408478e-08   3.1253061245e-18   8.6505524607e-45   4.4711020619e-46   1.9154209518e-30   4.3146458820e-28   4.2991834967e-17   1.4892744036e-07   1.1074079778e-43   1.1523144987e-28   7.5807321036e-49   7.6699995267e-01   1.9070581002e+03
   1.2620898063e-01   1.0123780870e-01   1.1719836846e+00   1.8630704421e-05   1.3684762358e-07  -2.0733064404e-42  -1.9663594302e-42   3.0000007850e+02  -2.1500660325e-05   2.0074448500e-17   1.5475294453e-22   1.1071187204e-17   6.7961799869e-38   4.8907948519e-21   2.3299999243e-01   6.8299382045e-20   3.4798885197e-09   1.5732223233e-21   4.3375515722e-51   2.2373236212e-52   1.0538000091e-33   2.2206672898e-31   1.8992381749e-20   6.0032179782e-09   3.4120855568e-48   4.0823281742e-30   3.7944836735e-55   7.6699999809e-01   1.9075557909e+03
   1.7615132452e-01   1.5118015256e-01   1.1719839849e+00   1.8630700875e-05   3.2066707653e-09  -5.5317165911e-46  -5.4067989732e-46   3.0000000184e+02  -2.1502411721e-05   1.4421720718e-20   1.1534992352e-28   1.5091160056e-20   5.1651131209e-44   3.6547593141e-24   2.3299999982e-01   5.9152856288e-23   8.1563667628e-11   5.9549568382e-25   1.5294856438e-57   7.8877358716e-59   4.2896458532e-37   7.9500134949e-35   5.5515021492e-24   1.4054903509e-10   6.9042525718e-53   9.5461829629e-32   1.3377894772e-61   7.6699999996e-01   1.9075763917e+03
   2.2609366843e-01   2.0112249647e-01   1.1719839920e+00   1.8630700790e-05   1.8185559029e-11  -9.3735164163e-49  -9.2865324452e-49   3.0000000001e+02  -2.1502453492e-05   7.9152778133e-24   1.9561853035e-33   3.6590991904e-23   3.1326631651e-49   8.5776214364e-27   2.3300000000e-01   1.5247710653e-25   4.6679047449e-13   1.1111417375e-27   7.2889720341e-63   3.7649695139e-64   7.9469198474e-40   1.3104027294e-37   7.9876958771e-27   7.9068921648e-13   1.0008363356e-57   5.3684679719e-34   6.3853675488e-67   7.6700000000e-01   1.9075768821e+03
   2.7603601235e-01   2.5106484039e-01   1.1719839921e+00   1.8630700790e-05   3.0111112734e-14  -2.0299722591e-52  -2.0023268433e-52   3.0000000000e+02  -2.1502453730e-05   2.5476142278e-28   3.7995608170e-37   3.3914556995e-26   8.3478009521e-56   3.7178133911e-30   2.3300000000e-01   6.5894759418e-29   7.9575038681e-16   3.0967011338e-31  -1.8644920389e-68   4.8905584462e-71   2.3888062151e-43   3.8807118868e-41   2.1690390267e-30   1.2703580656e-15   8.4960393464e-64   8.6144868790e-37   8.3063028748e-74   7.6700000000e-01   1.9075768848e+03
   3.2597835626e-01   3.0100718431e-01   1.1719839921e+00   1.8630700790e-05  -1.0878701932e-17  -2.2258338825e-56  -2.1852794030e-56   3.0000000000e+02  -2.1502453731e-05   5.6517970708e-34   5.8501383785e-41   1.7546256018e-29   7.4201762977e-63   8.3354770866e-34   2.3300000000e-01   1.4652243855e-32   3.4548356376e-19   4.4035241683e-35  -1.1412913915e-71   2.2016727134e-78   3.6797439850e-47   5.9170840722e-45   3.0369580502e-34   4.0234277325e-19   4.8905536465e-68   2.7076151842e-40   2.8562727955e-81   7.6700000000e-01   1.9075768848e+03
   3.7592070018e-01   3.5094952822e-01   1.1719839921e+00   1.8630700790e-05  -6.6203918077e-18  -1.6102011219e-60  -1.5733624903e-60   3.0000000000e+02  -2.1502453731e-05   0.0000000000e+00   5.9631394627e-45   6.1458777363e-33   4.0746185227e-70   1.2396057430e-37   2.3300000000e-01   2.1583411282e-36   7.7629620124e-23   4.1391455563e-39   3.4649192973e-82  -1.2959507499e-79   3.7508227896e-51   5.9763263323e-49   2.8172531679e-38   6.4038133934e-23   7.7130819920e-72   4.2743786832e-44   4.3180372657e-89   7.6700000000e-01   1.9075768848e+03
   4.2586304410e-01   4.0089187214e-01   1.1719839921e+00   1.8630700790e-05  -3.6558734355e-18  -8.6297349171e-65  -8.3911671343e-65   3.0000000000e+02  -2.1502453731e-05   4.8453940385e-36   4.5079787355e-49   1.6110274438e-36   4.8131958396e-75   1.3684534049e-41   2.3300000000e-01   2.3592348999e-40   1.1424065474e-26   2.8843572148e-43   1.1152820914e-92   5.8423480929e-94   2.8355247239e-55   4.4785237536e-53   1.9391726336e-42   6.6172625603e-27   7.9039815590e-76   4.3801698136e-48   3.6038283740e-97   7.6700000000e-01   1.9075768848e+03
   4.7580538801e-01   4.5083421606e-01   1.1719839921e+00   1.8630700790e-05   1.8547866718e-17  -3.6554756546e-69  -3.5363937230e-69   3.0000000000e+02  -2.1502453731e-05   3.1012120183e-36   2.6947028130e-53   3.3539824171e-40   4.0037941777e-79   1.1950618774e-45   2.3300000000e-01   2.0400250226e-44   1.2327297851e-30   1.5890575971e-47  -5.8906040058e-87  -4.1432705654e-94   1.6949717153e-59   2.6542989853e-57   1.0557121475e-46   4.9951408487e-31   5.9165395450e-80   3.2787850593e-52  1.8877264916e-105   7.6700000000e-01   1.9075768848e+03
   5.2574773193e-01   5.0077655997e-01   1.1719839921e+00   1.8630700790e-05   3.7956769071e-18  -1.2747708609e-73  -1.2266834443e-73   3.0000000000e+02  -2.1502453731e-05   1.2403249768e-35   1.3263401903e-57   5.7637293737e-44   4.1558789128e-83   8.5956296389e-50   2.3300000000e-01   1.4531795721e-48   1.0402289951e-34   7.2407768117e-52   1.1738766967e-96  -4.2137242329e-94   8.3426977426e-64   1.2955121972e-61   4.7334639564e-51   2.9428729175e-35   3.4564633220e-84   1.9154778141e-56  6.7320531223e-114   7.6700000000e-01   1.9075768848e+03
   5.7569007585e-01   5.5071890389e-01   1.1719839921e+00   1.8630700790e-05   1.9713713678e-18  -3.7619222566e-78  -3.5996734609e-78   3.0000000000e+02  -2.1502453731e-05   1.9377580571e-37   5.5245828378e-62   8.3946172205e-48   7.6280350384e-86   5.2328969359e-54   2.3300000000e-01   8.7648410123e-53   7.1466796805e-39   5.2783773500e-54   4.7813504767e-95  -1.7909642883e-92   3.4749704674e-68   5.3516122529e-66   1.7963810721e-55   1.4098839515e-39   1.6420176340e-88   9.0996128234e-61  1.7274150343e-122   7.6700000000e-01   1.9075768848e+03
   6.2563241976e-01   6.0066124780e-01   1.1719839921e+00   1.8630700790e-05  -2.3832088214e-17  -9.5762802547e-83  -9.1085661084e-83   3.0000000000e+02  -2.1502453731e-05   7.7510322283e-37   1.9786880381e-66   1.0556244665e-51   8.9251366474e-87   2.7482286689e-58   2.3300000000e-01   4.5628718792e-57   4.1043276653e-43   6.5737671350e-55  -1.8480137500e-96  2.8739007495e-103   1.2484743994e-72   1.9070460832e-70   5.8815763293e-60   5.6415420063e-44   6.5148798490e-93   3.6105030228e-65  3.3949546341e-131   7.6700000000e-01   1.9075768848e+03
   6.7557476368e-01   6.5060359172e-01   1.1719839921e+00   1.8630700790e-05  -2.4386914611e-17  -2.1309606822e-87  -2.0139722270e-87   3.0000000000e+02  -2.1502453731e-05   1.9664441671e-37  -6.1013229522e-69   1.1610620084e-55   1.7360938295e-88   1.2646238753e-62   2.3300000000e-01   2.0780313424e-61   2.0050628936e-47   1.2787941004e-56 -4.9410858209e-106  3.3835444275e-115   3.9205858390e-77   5.9406460830e-75   1.6835904115e-64   1.9190818328e-48   2.1975895677e-97   1.2178442484e-69  5.6891127320e-139   7.6700000000e-01   1.9075768848e+03
   7.2527296782e-01   7.0054593564e-01   1.1719839921e+00   1.8630700790e-05  -9.4659399272e-19  -4.4764767088e-92  -4.1913921771e-92   3.0000000000e+02  -2.1502453731e-05   7.8273723419e-37  -6.1636514616e-69   1.1523072596e-59   9.5482053236e-88   1.7570024783e-64   2.3300000000e-01   7.6117671442e-65   1.0086222475e-51   7.0331436158e-56 -5.2203870245e-110  2.2152666900e-119   1.1416681169e-81   1.7149812071e-79   4.4795196367e-69   7.1763479350e-53  8.1621041699e-102   4.5232157139e-74  1.0618339429e-142   7.6700000000e-01   1.9075768848e+03