1.900000000000000022e-01 7.695000000000000451e-02 1.076461999999999974e-01 5.379999999999999893e+00 2.430210766531723938e+11
1.900000000000000022e-01 7.695000000000000451e-02 1.152423999999999948e-01 5.759999999999999787e+00 2.323910821708957825e+11
1.900000000000000022e-01 7.695000000000000451e-02 1.228385999999999922e-01 6.139999999999999680e+00 2.288118447878092041e+11
1.900000000000000022e-01 7.695000000000000451e-02 1.042059943156442847e-01 4.845680773923596085e+00 2.410482538938073730e+11
1.900000000000000022e-01 7.695000000000000451e-02 9.660979431564428732e-02 4.465680773923596192e+00 2.460415286279422913e+11
1.900000000000000022e-01 7.695000000000000451e-02 5.213010193284015222e-03 5.611005638654519290e-01 6.075028070977087021e+08
1.900000000000000022e-01 7.695000000000000451e-02 1.010000000000000020e-04 9.411005638654519334e-01 2.001180382129177094e+09
1.900000000000000022e-01 7.695000000000000451e-02 1.010000000000000020e-04 1.013213106053307389e+00 2.370095350955300808e+09
1.900000000000000022e-01 7.695000000000000451e-02 7.697200000000002131e-03 6.332131060533072731e-01 1.348789170708362103e+09
1.900000000000000022e-01 7.695000000000000451e-02 1.566425801499636838e-01 5.756790962219589858e+00 2.140679049238432922e+11
1.900000000000000022e-01 7.695000000000000451e-02 1.490463801499636864e-01 5.376790962219589964e+00 2.099958043074868164e+11
1.900000000000000022e-01 7.695000000000000451e-02 1.414501801499636890e-01 4.996790962219590071e+00 2.068390207231082153e+11
1.900000000000000022e-01 7.695000000000000451e-02 1.338539801499636916e-01 4.616790962219590178e+00 1.883648978983312073e+11
1.900000000000000022e-01 7.695000000000000451e-02 1.262577801499636942e-01 4.236790962219590284e+00 1.733355727557377014e+11
1.900000000000000022e-01 7.695000000000000451e-02 1.186615801499636969e-01 3.856790962219590391e+00 1.580518860548941040e+11
1.900000000000000022e-01 7.695000000000000451e-02 1.110653801499636995e-01 3.476790962219590497e+00 1.410517343018493958e+11
1.900000000000000022e-01 7.695000000000000451e-02 1.034691801499637021e-01 3.096790962219590604e+00 1.190332543343908234e+11
1.900000000000000022e-01 7.695000000000000451e-02 9.587298014996370465e-02 2.716790962219590710e+00 9.754160835611164856e+10
1.900000000000000022e-01 7.695000000000000451e-02 8.827678014996370726e-02 2.336790962219590817e+00 7.680527817502969360e+10
1.900000000000000022e-01 7.695000000000000451e-02 8.068058014996370986e-02 1.956790962219590702e+00 5.688048855787683105e+10
1.900000000000000022e-01 7.695000000000000451e-02 7.308438014996371246e-02 1.576790962219590586e+00 3.089373061510175705e+10
1.900000000000000022e-01 7.695000000000000451e-02 6.548818014996371506e-02 1.956790962219590702e+00 3.381625295167020035e+10
1.900000000000000022e-01 7.695000000000000451e-02 5.789198014996371072e-02 2.336790962219590817e+00 3.337391090862351227e+10
1.900000000000000022e-01 7.695000000000000451e-02 5.029578014996370638e-02 2.716790962219590710e+00 2.822948161283061981e+10
1.900000000000000022e-01 7.695000000000000451e-02 4.269958014996370205e-02 3.096790962219590604e+00 1.950172348426461029e+10
1.900000000000000022e-01 7.695000000000000451e-02 3.510338014996369771e-02 3.476790962219590497e+00 1.383248503481861496e+10
1.900000000000000022e-01 7.695000000000000451e-02 2.750718014996369684e-02 3.856790962219590391e+00 1.004612051492302132e+10
1.900000000000000022e-01 7.695000000000000451e-02 1.991098014996369597e-02 4.236790962219590284e+00 6.103930228324060440e+09
1.900000000000000022e-01 7.695000000000000451e-02 1.231478014996369511e-02 4.616790962219590178e+00 3.460791177232406139e+09
1.900000000000000022e-01 7.695000000000000451e-02 4.718580149963693370e-03 4.996790962219590071e+00 1.514779258790063262e+08
1.900000000000000022e-01 7.695000000000000451e-02 4.807313071081241278e-03 5.376790962219589964e+00 4.605384469878516197e+08
1.900000000000000022e-01 7.695000000000000451e-02 1.010000000000000020e-04 5.756790962219589858e+00 3.375961856276870966e+08
1.900000000000000022e-01 7.695000000000000451e-02 1.084804742123239435e-01 5.337175217017404272e+00 2.410710136899967041e+11
1.900000000000000022e-01 7.695000000000000451e-02 1.160766742123239409e-01 5.717175217017404165e+00 2.304818344908818054e+11
1.900000000000000022e-01 7.695000000000000451e-02 1.236728742123239383e-01 6.097175217017404059e+00 2.278019912811363220e+11
1.900000000000000022e-01 7.695000000000000451e-02 7.446597079104441685e-02 6.516730823078963120e+00 2.545191213025298462e+11
1.900000000000000022e-01 7.695000000000000451e-02 6.686977079104441946e-02 6.896730823078963013e+00 2.070366561206688843e+11
1.900000000000000022e-01 7.695000000000000451e-02 5.927357079104441512e-02 7.276730823078962906e+00 1.705681846003464355e+11
1.900000000000000022e-01 7.695000000000000451e-02 5.167737079104441078e-02 7.656730823078962800e+00 1.453105085236197815e+11
1.900000000000000022e-01 7.695000000000000451e-02 4.408117079104440644e-02 8.036730823078963581e+00 1.298484044936973267e+11
1.900000000000000022e-01 7.695000000000000451e-02 6.007054963373967965e-02 4.836574143840405959e+00 1.331093452315510712e+11
1.900000000000000022e-01 7.695000000000000451e-02 5.247434963373967531e-02 5.216574143840405853e+00 9.468469340594960022e+10
1.900000000000000022e-01 7.695000000000000451e-02 4.487814963373967098e-02 5.596574143840405746e+00 6.531062461326028442e+10
1.900000000000000022e-01 7.695000000000000451e-02 3.728194963373966664e-02 5.976574143840405640e+00 4.581041510023330688e+10
1.900000000000000022e-01 7.695000000000000451e-02 2.968574963373966577e-02 6.356574143840405533e+00 3.235770111942376709e+10
1.900000000000000022e-01 7.695000000000000451e-02 2.208954963373966490e-02 6.736574143840405426e+00 1.890327744442372894e+10
1.900000000000000022e-01 7.695000000000000451e-02 1.449334963373966403e-02 7.116574143840405320e+00 9.023964452449621201e+09
1.900000000000000022e-01 7.695000000000000451e-02 6.897149633739662299e-03 7.496574143840405213e+00 2.228964452667733669e+09
1.900000000000000022e-01 7.695000000000000451e-02 1.010000000000000020e-04 7.876574143840405107e+00 3.375961856276828051e+08
1.900000000000000022e-01 7.695000000000000451e-02 8.263053891518400140e-02 2.075745037696568041e+00 6.300502375720773315e+10
1.900000000000000022e-01 7.695000000000000451e-02 7.503433891518400400e-02 1.695745037696567925e+00 3.751765596731261444e+10
1.900000000000000022e-01 7.695000000000000451e-02 6.743813891518400661e-02 2.075745037696568041e+00 4.094322035946630096e+10
1.900000000000000022e-01 7.695000000000000451e-02 5.984193891518400227e-02 2.455745037696567934e+00 4.048823413882829285e+10
1.900000000000000022e-01 7.695000000000000451e-02 5.224573891518399793e-02 2.835745037696567827e+00 3.465383698071850586e+10
1.900000000000000022e-01 7.695000000000000451e-02 4.464953891518399359e-02 3.215745037696567721e+00 2.498009009622115326e+10
1.900000000000000022e-01 7.695000000000000451e-02 3.705333891518398926e-02 3.595745037696567614e+00 1.619133598378648567e+10
1.900000000000000022e-01 7.695000000000000451e-02 2.945713891518398839e-02 3.975745037696567508e+00 1.203616964139051247e+10
1.900000000000000022e-01 7.695000000000000451e-02 2.186093891518398752e-02 4.355745037696567401e+00 7.730829131790740967e+09
1.900000000000000022e-01 7.695000000000000451e-02 1.426473891518398665e-02 4.735745037696567294e+00 4.384437466897949219e+09
1.900000000000000022e-01 7.695000000000000451e-02 6.668538915183984915e-03 5.115745037696567188e+00 1.583357723289493799e+09
1.900000000000000022e-01 7.695000000000000451e-02 1.010000000000000020e-04 5.495745037696567081e+00 3.375961856276870966e+08
1.900000000000000022e-01 7.695000000000000451e-02 1.010000000000000020e-04 5.875745037696566975e+00 3.375961856276828051e+08
1.900000000000000022e-01 7.695000000000000451e-02 1.521227098228097596e-01 9.032656904471092929e+00 3.036875160860189819e+11
1.900000000000000022e-01 7.695000000000000451e-02 1.445265098228097622e-01 8.652656904471092147e+00 2.977624082094978027e+11
1.900000000000000022e-01 7.695000000000000451e-02 1.369303098228097648e-01 8.272656904471091366e+00 2.832948761170609131e+11
1.900000000000000022e-01 7.695000000000000451e-02 1.293341098228097674e-01 7.892656904471091472e+00 2.713778443459456177e+11
1.900000000000000022e-01 7.695000000000000451e-02 1.217379098228097700e-01 7.512656904471091579e+00 2.580264215669739075e+11
1.900000000000000022e-01 7.695000000000000451e-02 1.141417098228097726e-01 7.132656904471091686e+00 2.547843369483205261e+11
1.900000000000000022e-01 7.695000000000000451e-02 1.206379340234452341e-01 5.210496494221281694e+00 2.177398917324976501e+11
1.900000000000000022e-01 7.695000000000000451e-02 1.282341340234452454e-01 5.590496494221281587e+00 2.196679555757893372e+11
1.900000000000000022e-01 7.695000000000000451e-02 4.263915230020905167e-02 1.140368859325632034e+00 4.934143768471403122e+09
1.900000000000000022e-01 7.695000000000000451e-02 3.504295230020904733e-02 1.520368859325632149e+00 4.713625591602904320e+09
1.900000000000000022e-01 7.695000000000000451e-02 2.744675230020904647e-02 1.900368859325632265e+00 4.147859104214527130e+09
1.900000000000000022e-01 7.695000000000000451e-02 1.985055230020904560e-02 2.280368859325632158e+00 3.072508759278706551e+09
1.900000000000000022e-01 7.695000000000000451e-02 1.225435230020904473e-02 2.660368859325632052e+00 2.237005263343905449e+09
1.900000000000000022e-01 7.695000000000000451e-02 4.658152300209042994e-03 3.040368859325631945e+00 9.797817091923755407e+07
1.900000000000000022e-01 7.695000000000000451e-02 4.955416447085310427e-03 3.420368859325631838e+00 5.405331945723381042e+08
1.900000000000000022e-01 7.695000000000000451e-02 1.010000000000000020e-04 3.800368859325631732e+00 3.375961856276870966e+08
1.900000000000000022e-01 7.695000000000000451e-02 5.757070111141607965e-02 2.936489143609275487e+00 5.063024906636786652e+10
1.900000000000000022e-01 7.695000000000000451e-02 4.997450111141607532e-02 3.316489143609275381e+00 4.073501194130402374e+10
1.900000000000000022e-01 7.695000000000000451e-02 4.237830111141607098e-02 3.696489143609275274e+00 2.581084559215494537e+10
1.900000000000000022e-01 7.695000000000000451e-02 3.478210111141606664e-02 4.076489143609275168e+00 1.760196841978441620e+10
1.900000000000000022e-01 7.695000000000000451e-02 2.718590111141606577e-02 4.456489143609275061e+00 1.269729433500846863e+10
1.900000000000000022e-01 7.695000000000000451e-02 1.958970111141606490e-02 4.836489143609274954e+00 7.343129127348686218e+09
1.900000000000000022e-01 7.695000000000000451e-02 1.199350111141606404e-02 5.216489143609274848e+00 3.830202137492084503e+09
1.900000000000000022e-01 7.695000000000000451e-02 4.397301111416062301e-03 5.596489143609274741e+00 3.375961856276870966e+08
1.900000000000000022e-01 7.695000000000000451e-02 5.451169872045703163e-02 6.323101132612888309e-01 5.023619014465816498e+09
1.900000000000000022e-01 7.695000000000000451e-02 4.691549872045702729e-02 1.012310113261288835e+00 5.437286972222207069e+09
1.900000000000000022e-01 7.695000000000000451e-02 3.931929872045702296e-02 1.392310113261288951e+00 5.014773315849916458e+09
1.900000000000000022e-01 7.695000000000000451e-02 3.172309872045701862e-02 1.772310113261289066e+00 4.778189494552781105e+09
1.900000000000000022e-01 7.695000000000000451e-02 2.412689872045701775e-02 2.152310113261289182e+00 3.872029558968906879e+09
1.900000000000000022e-01 7.695000000000000451e-02 1.653069872045701688e-02 2.532310113261289075e+00 2.816543638817079544e+09
1.900000000000000022e-01 7.695000000000000451e-02 8.934498720457016013e-03 2.912310113261288969e+00 1.818646107111267567e+09
1.900000000000000022e-01 7.695000000000000451e-02 1.338298720457014278e-03 3.292310113261288862e+00 3.375961856276870966e+08
1.900000000000000022e-01 7.695000000000000451e-02 8.340538410385497925e-02 7.760346274735711702e+00 2.783876036459777222e+11
1.900000000000000022e-01 7.695000000000000451e-02 9.100158410385497665e-02 8.140346274735712484e+00 2.679413846254858093e+11
1.900000000000000022e-01 7.695000000000000451e-02 9.859778410385497405e-02 8.520346274735713266e+00 2.571539998189316406e+11
1.900000000000000022e-01 7.695000000000000451e-02 1.276540525540479920e-01 5.867938435858635060e+00 2.233021352312231445e+11
1.900000000000000022e-01 7.695000000000000451e-02 1.200578525540479946e-01 5.487938435858635167e+00 2.210107140208235474e+11
