# L (m)  = 1
# P (Pa) = 101325
#             001_x           002_mixf              003_T              004_h             005_pv        006_density        007_hr             008_H2              009_H              010_O             011_O2             012_OH            013_H2O            014_HO2            015_CH2         016_CH2(S)            017_CH3            018_CH4             019_CO            020_CO2            021_HCO           022_CH2O          023_CH2OH             024_N2
                  0   0.0000000000e+00   3.0000000000e+02   1.9075768848e+03   0.0000000000e+00   1.1719839921e+00   0.0000000000e+00   0.0000000000e+00   0.0000000000e+00   0.0000000000e+00   2.3300000000e-01   0.0000000000e+00   0.0000000000e+00   0.0000000000e+00   0.0000000000e+00   0.0000000000e+00   0.0000000000e+00   0.0000000000e+00   0.0000000000e+00   0.0000000000e+00   0.0000000000e+00   0.0000000000e+00   0.0000000000e+00   7.6700000000e-01
   2.0000000000e-03   1.2698448406e-03   3.5456715092e+02  -8.4346080562e+04   1.4753727457e-02   9.9473827697e-01   3.2494494454e-03   1.4760179132e-07   6.1264346824e-19   9.7293673444e-12   2.2539918554e-01   8.8381417198e-12   1.8322739805e-03   5.7332889416e-09   1.5949606313e-21   9.9978195198e-23   3.8496700193e-12   1.9462302285e-06   1.5977656845e-06   1.2919708109e-02   1.3956939155e-18   1.2213893530e-08   4.3107600377e-25   7.4996389990e-01
   6.0000000000e-03   4.8421459748e-03   4.2821858538e+02  -2.1635020221e+05   3.6107498768e-02   8.2580700135e-01   6.7137228473e-03   6.8079363659e-07   2.0460278661e-18   2.6215165081e-12   2.1175138643e-01   1.2877064226e-12   5.4607094212e-03   5.6619433150e-08   1.3198767524e-21   9.3453725453e-23   2.6289523160e-11   4.4324212787e-05   1.7197537182e-05   3.0628911016e-02   5.0543456187e-18   2.4749503353e-07   1.1138392093e-23   7.4740507283e-01
   1.0000000000e-02   8.1673814518e-03   4.8820529196e+02  -3.3478698881e+05   5.4613506025e-02   7.2555049744e-01   2.1913751537e-02   1.4259137683e-06   1.2959796500e-17   4.5776571136e-13   1.9896448733e-01   9.1589226040e-13   9.0433131257e-03   1.5587823163e-07   2.7877981714e-21   2.0512751979e-22   5.9256965281e-11   1.7722465966e-04   5.8895553996e-05   4.5509871432e-02   2.4453885588e-17   9.8365426826e-07   1.9389124558e-21   7.4470506712e-01
   1.4000000000e-02   1.1365483198e-02   5.3789126921e+02  -4.4664893015e+05   7.1365365331e-02   6.5928827541e-01   7.2840632077e-02   2.3217388879e-06   8.5196871319e-17   5.8650058128e-14   1.8692133259e-01  -2.3084411776e-12   1.2504517059e-02   2.8494741715e-07   1.6928513901e-19   1.2517493114e-20   1.3544874204e-10   4.2372457078e-04   1.2911599250e-04   5.8729410541e-02   2.1379912244e-16   2.3046408254e-06   5.8692988779e-20   7.4194673924e-01
   1.8000000000e-02   1.4480033528e-02   5.7842079988e+02  -5.5461877922e+05   8.6742303081e-02   6.1357057899e-01   1.9358460508e-01   3.3324690562e-06  -5.4113627576e-17   8.9875174651e-15   1.7558234217e-01  -1.0931122554e-11   1.5814239071e-02   4.2811287923e-07   2.0479951914e-18   1.4844719535e-19   3.0049491114e-10   7.9366025464e-04   2.2637464235e-04   7.0698356899e-02   6.2906617212e-16   4.1915156296e-06   6.3056705076e-19   7.3915578721e-01
   2.2000000000e-02   1.7532327224e-02   6.1051603149e+02  -6.6000316642e+05   1.0092713048e-01   5.8159290418e-01   4.3345547154e-01   4.4353678241e-06  -9.6336330287e-17   8.4038393633e-15   1.6491866760e-01  -3.4206669221e-12   1.8962012552e-02   5.7412791819e-07   9.4756091343e-19   6.6647550520e-20   5.9250288559e-10   1.2900403642e-03   3.4777470097e-04   8.1612907862e-02   7.1288445587e-16   6.5868132632e-06   3.4848272114e-18   7.3634309666e-01
   2.6000000000e-02   2.0535081695e-02   6.3481599400e+02  -7.6351309828e+05   1.1403244518e-01   5.5945136574e-01   1.2255958643e+00   5.6152246030e-06   1.1632174322e-15   2.5041075719e-14   1.5490104039e-01   4.9944307233e-12   2.1946722595e-02   7.1542778185e-07   1.9910520315e-19   1.3144869845e-20   1.1087375525e-09   1.9121132378e-03   4.9000285878e-04   9.1590104505e-02   1.0693983321e-15   9.4220917171e-06   1.2416961359e-17   7.3351413223e-01
   3.0000000000e-02   2.3497101006e-02   6.5190400591e+02  -8.6559437655e+05   1.2614131708e-01   5.4477630024e-01   2.3549772391e+00   6.8615290525e-06   2.4759345403e-15   4.1335645050e-14   1.4549850103e-01   6.8696579121e-12   2.4771907084e-02   8.4717647005e-07   5.2301690537e-19   3.2668801309e-20   1.9683730404e-09   2.6570145308e-03   6.4976312988e-04   1.0071278534e-01   2.1623988540e-15   1.2629609087e-05   3.1829948904e-17   7.3067198344e-01
   3.4000000000e-02   2.6425157119e-02   6.6232859360e+02  -9.6654142618e+05   1.3732260197e-01   5.3607575508e-01   4.0329459559e+00   8.1669017853e-06   4.4875850284e-15   5.8211459343e-14   1.3667904057e-01   8.7389621348e-12   2.7443407806e-02   9.6652346704e-07   1.1810118148e-18   6.9136276557e-20   3.3010932742e-09   3.5207119959e-03   8.2396600068e-04   1.0904706126e-01   3.9312711890e-15   1.6146975678e-05   6.3107558969e-17   7.2781857385e-01
   3.8000000000e-02   2.9324842004e-02   6.6661342295e+02  -1.0665461276e+06   1.4763728314e-01   5.3239822407e-01   6.3167313333e+00   9.5261638811e-06   7.2946893300e-15   7.2801859584e-14   1.2841042934e-01   1.0594984097e-11   2.9968129055e-02   1.0720386066e-06   2.4480014486e-18   1.3351284623e-19   5.2875317443e-09   4.4985688525e-03   1.0098029145e-03   1.1664982501e-01   6.5621777749e-15   1.9918671156e-05   1.0150652872e-16   7.2495520648e-01
   4.2000000000e-02   3.2200989943e-02   6.6526823208e+02  -1.1657157121e+06   1.5714125959e-01   5.3314350128e-01   9.2117949839e+00   1.0935758398e-05   1.0797866013e-14   8.2134809490e-14   1.2066087304e-01   1.2336258695e-11   3.2353359141e-02   1.1633002376e-06   4.7353026589e-18   2.3929293046e-19   8.1731413080e-09   5.5856886058e-03   1.2047654260e-03   1.2357219927e-01   1.0213312219e-14   2.3896169671e-05   1.3670132897e-16   7.2208283227e-01
   4.6000000000e-02   3.5057905638e-02   6.5880942796e+02  -1.2640672456e+06   1.6588664939e-01   5.3794283414e-01   1.2696454502e+01   1.2393369132e-05   1.4726137699e-14   8.4510149854e-14   1.1339945360e-01   1.3888613271e-11   3.4606391083e-02   1.2406253162e-06   8.6672184577e-18   4.0369623182e-19   1.2286531494e-08   6.7771281345e-03   1.4066378756e-03   1.2986122707e-01   1.4982299108e-14   2.8037481845e-05   1.5745697672e-16   7.1920219159e-01
   5.0000000000e-02   3.7899498188e-02   6.4779869280e+02  -1.3614960583e+06   1.7392245237e-01   5.4656363846e-01   1.6734280530e+01   1.3897642965e-05   1.8632188097e-14   7.9723351622e-14   1.0659639714e-01   1.5181573253e-11   3.6734303652e-02   1.3049268039e-06   1.5138264367e-17   6.4658484918e-19   1.8048397097e-08   8.0680296822e-03   1.6134783540e-03   1.3556077272e-01   2.0844017475e-14   3.2306511103e-05   1.5752514820e-16   7.1631389339e-01
   5.4000000000e-02   4.0729365339e-02   6.3290907562e+02  -1.4577107367e+06   1.8129496212e-01   5.5880326798e-01   2.1296465000e+01   1.5447940240e-05   2.1956017174e-14   6.9114439694e-14   1.0022320914e-01   1.6140727544e-11   3.8743826986e-02   1.3576737104e-06   2.5325936954e-17   9.8705262929e-19   2.5969677952e-08   9.4536982934e-03   1.8235954596e-03   1.4071209174e-01   2.7584577708e-14   3.6672423807e-05   1.3878975403e-16   7.1341846308e-01
   5.8000000000e-02   4.3550844890e-02   6.1502491908e+02  -1.5521295290e+06   1.8804810125e-01   5.7433607843e-01   2.6420840186e+01   1.7044037413e-05   2.4156104845e-14   5.5179448111e-14   9.4252719870e-02   1.6706926305e-11   4.0641246436e-02   1.4009156049e-06   4.0640401716e-17   1.4387426358e-18   3.6646002896e-08   1.0929638988e-02   2.0355247923e-03   1.4535428598e-01   3.4809392824e-14   4.1109129626e-05   1.0962752414e-16   7.1051637558e-01
   6.2000000000e-02   4.6367034569e-02   5.9536729834e+02  -1.6437492244e+06   1.9422376859e-01   5.9248293327e-01   3.2293260144e+01   1.8685691911e-05   2.4331411579e-14   3.9717234563e-14   8.8659069755e-02   1.6879938320e-11   4.2432319116e-02   1.4373295060e-06   6.2670936435e-17   2.0081188504e-18   5.0760277181e-08   1.2491555996e-02   2.2480069733e-03   1.4952475681e-01   4.2102978968e-14   4.5594914210e-05   7.9695403237e-17   7.0760808323e-01
   6.6000000000e-02   4.9180771384e-02   5.7560586629e+02  -1.7310307786e+06   1.9986219606e-01   6.1190699574e-01   3.8985253679e+01   2.0371989139e-05   1.4575559702e-14   1.5480883777e-14   8.3417675541e-02   1.6764282253e-11   4.4122194674e-02   1.4702533992e-06   9.3245175728e-17   2.6998164075e-18   6.9104968730e-08   1.4135312415e-02   2.4599675854e-03   1.5325966181e-01   4.9255352490e-14   5.0112240956e-05   5.2102773292e-17   7.0469404383e-01
   7.0000000000e-02   5.1994560237e-02   5.5789989780e+02  -1.8118627674e+06   2.0500226520e-01   6.3031316410e-01   4.7496323997e+01   2.2100444004e-05  -6.5820394673e-14  -6.2987539904e-14   7.8505209030e-02   1.6574913920e-11   4.5715354527e-02   1.5036889166e-06   1.3415097191e-16   3.5146848117e-18   9.2628515223e-08   1.5856846660e-02   2.6704983001e-03   1.5659431193e-01   5.5809532749e-14   5.4647717471e-05  -5.2234021027e-18   7.0177474963e-01
   7.4000000000e-02   5.4810451493e-02   5.4489700648e+02  -1.8835613557e+06   2.0968171650e-01   6.4425395433e-01   6.0066735555e+01   2.3865907581e-05  -4.2449261010e-13  -2.8874601222e-13   7.3899607490e-02   1.6617147505e-11   4.7215591815e-02   1.5422773788e-06   1.8554812098e-16   4.4246431859e-18   1.2249949797e-07   1.7652049086e-02   2.8788383472e-03   1.5956342043e-01   5.9303996370e-14   5.9192209218e-05  -2.4436235164e-16   6.9885075261e-01
   7.8000000000e-02   5.7629869846e-02   5.3998230573e+02  -1.9425604325e+06   2.1393728166e-01   6.4895195966e-01   7.7409810044e+01   2.5659269125e-05  -9.6871208391e-13  -5.3447053342e-13   6.9580095250e-02   1.7633078492e-11   4.8626010676e-02   1.5911572641e-06   2.6197534455e-16   5.7889132802e-18   1.6018635082e-07   1.9516593972e-02   3.0843567022e-03   1.6220125501e-01   6.4965520347e-14   6.3741151298e-05  -6.9939719602e-16   6.9592268757e-01
   8.2000000000e-02   6.0453379110e-02   5.4828994318e+02  -1.9831730554e+06   2.1780491237e-01   6.3792464350e-01   1.0251477594e+02   2.7465680955e-05  -6.3837697835e-13  -3.4112615401e-13   6.5527151401e-02   2.1375509992e-11   4.9948971480e-02   1.6556678020e-06   4.5103719626e-16   9.5500104655e-18   2.0752575092e-07   2.1445692981e-02   3.2865381918e-03   1.6454193701e-01   1.1328835811e-13   6.8295288296e-05  -5.3871365312e-16   6.9299130228e-01
   8.6000000000e-02   6.3280439485e-02   5.7710259792e+02  -1.9968770141e+06   2.2131976781e-01   6.0490488190e-01   1.4088090152e+02   2.9263058259e-05   2.2000905034e-15   9.5081932117e-16   6.1722447910e-02   2.9968209775e-11   5.1186060248e-02   1.7412907705e-06   8.6275479723e-16   1.8073017534e-17   2.6671661613e-07   2.3433832541e-02   3.4849727401e-03   1.6661947176e-01   2.4611723976e-13   7.2860740758e-05   6.9656707475e-17   6.9005748177e-01
   9.0000000000e-02   6.6109804853e-02   6.2666205993e+02  -1.9826114563e+06   2.2451395175e-01   5.5596262222e-01   2.1666009141e+02   3.1027292058e-05   3.6568925883e-13   2.7863383203e-13   5.8149078822e-02   4.5898072981e-11   5.2338926229e-02   1.8519209605e-06   1.6677233976e-15   3.5556350929e-17   3.4055876291e-07   2.5475230148e-02   3.6793261711e-03   1.6846467206e-01   5.7042433806e-13   7.7440886618e-05   8.2259161794e-16   6.8712209978e-01
   9.4000000000e-02   6.8940775533e-02   6.8390533209e+02  -1.9548882117e+06   2.2741409334e-01   5.0839814641e-01   3.3876613593e+02   3.2744862525e-05   1.1728286351e-12   1.0326897350e-12   5.4791904438e-02   7.0010485568e-11   5.3410962824e-02   1.9873262460e-06   3.1928911861e-15   6.9494617259e-17   4.3334477123e-07   2.7565185396e-02   3.8692895398e-03   1.7010109612e-01   1.3422683851e-12   8.2019597029e-05   3.5923266985e-15   6.8418570333e-01
   9.8000000000e-02   7.1773849802e-02   7.3960147091e+02  -1.9246303477e+06   2.3004043854e-01   4.6914454530e-01   5.2934294443e+02   3.4415278273e-05   3.1534932532e-12   3.0556440017e-12   5.1637497004e-02   1.0382830112e-10   5.4407157738e-02   2.1421345750e-06   6.0717868955e-15   1.3367198912e-16   5.5222023297e-07   2.9700693892e-02   4.0545555259e-03   1.7154431000e-01   2.9903295340e-12   8.6555960354e-05   1.2559830734e-14   6.8124842665e-01
   1.0200000000e-01   7.4610088341e-02   7.9126832498e+02  -1.8952130576e+06   2.3241062205e-01   4.3759197448e-01   8.0934020371e+02   3.6043061417e-05   7.1075861316e-12   7.2201168347e-12   4.8673471512e-02   1.5186024130e-10   5.5332808317e-02   2.3058517089e-06   1.1678124468e-14   2.5772437342e-16   7.0789953530e-07   3.1879613464e-02   4.2348465958e-03   1.7280692408e-01   6.2295093589e-12   9.0992338047e-05   3.5510619140e-14   6.7831020366e-01
   1.0600000000e-01   7.7450595354e-02   8.3865333043e+02  -1.8673997099e+06   2.3454136486e-01   4.1198764644e-01   1.2040607481e+03   3.7632841583e-05   1.3695237142e-11   1.4048977783e-11   4.5888149732e-02   2.2094542536e-10   5.6192790638e-02   2.4644947628e-06   2.2830473194e-14   5.0190919666e-16   9.1413967015e-07   3.4100046174e-02   4.4099325111e-03   1.7390100887e-01   1.2164788788e-11   9.5259783015e-05   8.4316319445e-14   6.7537092339e-01
   1.1000000000e-01   8.0296381373e-02   8.8204434456e+02  -1.8412578681e+06   2.3644860847e-01   3.9087274471e-01   1.7407042127e+03   3.9188362811e-05   2.3304255156e-11   2.3504940482e-11   4.3270530688e-02   3.1926459529e-10   5.6991444889e-02   2.6036782768e-06   4.4963251128e-14   9.8090505709e-16   1.1860516090e-06   3.6360190911e-02   4.5796276878e-03   1.7483834753e-01   2.2332759955e-11   9.9279357296e-05   1.7419469685e-13   6.7243047553e-01
   1.1400000000e-01   8.3148330256e-02   9.2183950160e+02  -1.8166629698e+06   2.3814755811e-01   3.7317803238e-01   2.4424414494e+03   4.0712525991e-05   3.6176255928e-11   3.5207172554e-11   4.0810303688e-02   4.5555576680e-10   5.7732652030e-02   2.7115211435e-06   8.7912330801e-14   1.8992860276e-15   1.5379414295e-06   3.8658317240e-02   4.7437830520e-03   1.7563041051e-01   3.8626989222e-11   1.0296331584e-04   3.2173279164e-13   6.6948876368e-01
   1.1800000000e-01   8.6007214003e-02   9.5843079248e+02  -1.7934418786e+06   2.3965240628e-01   3.5813231854e-01   3.3206165198e+03   4.2207409232e-05   5.2523224083e-11   4.8672543525e-11   3.8497862433e-02   6.3840492235e-10   5.8419862154e-02   2.7800571487e-06   1.6828561063e-13   3.5976285880e-15   1.9813276951e-06   4.0992780825e-02   4.9022757194e-03   1.7628806099e-01   6.3063326547e-11   1.0621782961e-04   5.4172084945e-13   6.6654571027e-01
   1.2200000000e-01   8.8873703269e-02   9.9217275872e+02  -1.7714190521e+06   2.4097632112e-01   3.4517398140e-01   4.3679622248e+03   4.3674320373e-05   7.2466832692e-11   6.3345100727e-11   3.6324285047e-02   8.7531762156e-10   5.9056157445e-02   2.8052851687e-06   3.1199488418e-13   6.6005403179e-15   2.5230825767e-06   4.3362027960e-02   5.0549988074e-03   1.7682149055e-01   9.7389372029e-11   1.0894860165e-04   8.4331486833e-13   6.6360125782e-01
   1.2600000000e-01   9.1748377010e-02   1.0233811114e+03  -1.7504319915e+06   2.4213145757e-01   3.3388590570e-01   5.5550177391e+03   4.5113774423e-05   9.5884349444e-11   7.8534533495e-11   3.4281312190e-02   1.1714908051e-09   5.9644301509e-02   2.7866925655e-06   5.5592894666e-13   1.1646761386e-14   3.1635015885e-06   4.5764598572e-02   5.2018509116e-03   1.7724019138e-01   1.4261029196e-10   1.1106896339e-04   1.2266251441e-12   6.6065537006e-01
   1.3000000000e-01   9.4631731709e-02   1.0523284093e+03  -1.7303433369e+06   2.4312899327e-01   3.2395464780e-01   6.8300861269e+03   4.6525426271e-05   1.2226693830e-10   9.3391512163e-11   3.2361311917e-02   1.5282559980e-09   6.0186783149e-02   2.7269212814e-06   9.4696931383e-13   1.9666697860e-14   3.8942818632e-06   4.8199125363e-02   5.3427270909e-03   1.7755295760e-01   1.9853169912e-10   1.1250937207e-04   1.6808468376e-12   6.5770803256e-01
   1.3400000000e-01   9.7524201302e-02   1.0791318155e+03  -1.7111908975e+06   2.4397922532e-01   3.1517498376e-01   8.1211607199e+03   4.7908031305e-05   1.5062682120e-10   1.0692838623e-10   3.0557203907e-02   1.9403854813e-09   6.0685868389e-02   2.6318973574e-06   1.5353720296e-12   3.1644800055e-14   4.6966468956e-06   5.0664333805e-02   5.4775144751e-03   1.7776793443e-01   2.6336521514e-10   1.1322691280e-04   2.1833380496e-12   6.5475924652e-01
   1.3800000000e-01   1.0042621376e-01   1.1032574725e+03  -1.6939526080e+06   2.4469169482e-01   3.0756118776e-01   9.3349166415e+03   4.9259600767e-05   1.7942885966e-10   1.1800090054e-10   2.8862372394e-02   2.3879877935e-09   6.1143667077e-02   2.5113003255e-06   2.3555999318e-12   4.8190088055e-14   5.5403166283e-06   5.3159077914e-02   5.6060931803e-03   1.7789267496e-01   3.3326607307e-10   1.1321315073e-04   2.6929503556e-12   6.5180900898e-01
   1.4200000000e-01   1.0333828050e-01   1.1233617253e+03  -1.6808435690e+06   2.4527530522e-01   3.0134434824e-01   1.0367315761e+04   5.0577822858e-05   2.0673889593e-10   1.2545972164e-10   2.7270607484e-02   2.8283215329e-09   6.1562193224e-02   2.3776107533e-06   3.3943672573e-12   6.8779607015e-14   6.3858033089e-06   5.5682416919e-02   5.7283423396e-03   1.7793419183e-01   4.0247455668e-10   1.1249826242e-04   3.1468355636e-12   6.4885728854e-01
   1.4600000000e-01   1.0626101503e-01   1.1386824362e+03  -1.6732835858e+06   2.4573844410e-01   2.9658348677e-01   1.1146681551e+04   5.1860449470e-05   2.3085293517e-10   1.2875221565e-10   2.5776034576e-02   3.2136135688e-09   6.1943388294e-02   2.2418191767e-06   4.5836787274e-12   9.1641691623e-14   7.1925818753e-06   5.8233607773e-02   5.8441558689e-03   1.7789903949e-01   4.6540521804e-10   1.1114810793e-04   3.4944786658e-12   6.4590402465e-01
   1.5000000000e-01   1.0919504022e-01   1.1495640506e+03  -1.6710400271e+06   2.4608904507e-01   2.9307345458e-01   1.1652292269e+04   5.3105427680e-05   2.5073827767e-10   1.2812238313e-10   2.4373053899e-02   3.5133928230e-09   6.2289103790e-02   2.1101633958e-06   5.8282010032e-12   1.1451333932e-13   7.9278987184e-06   6.0811979268e-02   5.9534633554e-03   1.7779337250e-01   5.1837198801e-10   1.0925311636e-04   3.7212423163e-12   6.4294915749e-01
   1.5400000000e-01   1.1214090084e-01   1.1568117068e+03  -1.6731339054e+06   2.4633460526e-01   2.9053649763e-01   1.1898179948e+04   5.4310989754e-05   2.6600446001e-10   1.2428589778e-10   2.3056307392e-02   3.7169252694e-09   6.2601090251e-02   1.9847817419e-06   7.0331938175e-12   1.3534890729e-13   8.5705175627e-06   6.3416823875e-02   6.0562459420e-03   1.7762295808e-01   5.5965232417e-10   1.0691451148e-04   3.8364419355e-12   6.3999265198e-01
   1.5800000000e-01   1.1509903808e-01   1.1612242375e+03  -1.6785367277e+06   2.4648219663e-01   2.8873213521e-01   1.1915936342e+04   5.5475790856e-05   2.7672345975e-10   1.1810226811e-10   2.1820667874e-02   3.8271302977e-09   6.2881004164e-02   1.8657846611e-06   8.1213060002e-12   1.5267849433e-13   9.1101732607e-06   6.6047367200e-02   6.1525425735e-03   1.7739317410e-01   5.8898986972e-10   1.0423299275e-04   3.8582256202e-12   6.3703450217e-01
   1.6200000000e-01   1.1806979876e-01   1.1634521124e+03  -1.6863994321e+06   2.4653847901e-01   2.8747834844e-01   1.1744428142e+04   5.6599004678e-05   2.8325753154e-10   1.1038656586e-10   2.0661239227e-02   3.8545745713e-09   6.3130419004e-02   1.7527380948e-06   9.0396550850e-12   1.6569486939e-13   9.5452111684e-06   6.8702780321e-02   6.2424479329e-03   1.7710901307e-01   6.0709340658e-10   1.0130137702e-04   3.8061603083e-12   6.3407472621e-01
   1.6600000000e-01   1.2105345261e-01   1.1639922196e+03  -1.6960746733e+06   2.4650971352e-01   2.8664281329e-01   1.1423824745e+04   5.7680338007e-05   2.8612470758e-10   1.0182542418e-10   1.9573359381e-02   3.8132100302e-09   6.3350833461e-02   1.6452925382e-06   9.7600641462e-12   1.7417818901e-13   9.8799470385e-06   7.1382202270e-02   6.3261052730e-03   1.7677509444e-01   6.1523090909e-10   9.8200762814e-05   3.6984898987e-12   6.3111335988e-01
   1.7000000000e-01   1.2405020815e-01   1.1632174729e+03  -1.7070820832e+06   2.4640177483e-01   2.8612984564e-01   1.0992011001e+04   5.8719982019e-05   2.8590245910e-10   9.2953158985e-11   1.8552603234e-02   3.7176644588e-09   6.3543676086e-02   1.5433075235e-06   1.0275304313e-11   1.7834736589e-13   1.0122382070e-05   7.4084760802e-02   6.4036968648e-03   1.7639568190e-01   6.1492627963e-10   9.4999237035e-05   3.5511761224e-12   6.2815045121e-01
   1.7400000000e-01   1.2706022579e-01   1.1614078091e+03  -1.7190677865e+06   2.4622016430e-01   2.8586970286e-01   1.0482569545e+04   5.9718531355e-05   2.8316414786e-10   8.4159101362e-11   1.7594783132e-02   3.5816717266e-09   6.3710308089e-02   1.4467862922e-06   1.0593701694e-11   1.7869943783e-13   1.0282448840e-05   7.6809588949e-02   6.4754340554e-03   1.7597470362e-01   6.0775009782e-10   9.1752186843e-05   3.3775941415e-12   6.2518605643e-01
   1.7800000000e-01   1.3008362763e-01   1.1587748853e+03  -1.7317710686e+06   2.4597002379e-01   2.8581091150e-01   9.9238858282e+03   6.0676892011e-05   2.7844115947e-10   7.5708824773e-11   1.6695946685e-02   3.4172824543e-09   6.3852025167e-02   1.3557810655e-06   1.0733706016e-11   1.7587112560e-13   1.0370767837e-05   7.9555836787e-02   6.5415480466e-03   1.7551577368e-01   5.9518836076e-10   8.8503484761e-05   3.1885419886e-12   6.2222023712e-01
   1.8200000000e-01   1.3312050499e-01   1.1554803315e+03  -1.7449993366e+06   2.4565615084e-01   2.8591495593e-01   9.3390209177e+03   6.1596193051e-05   2.7220362703e-10   6.7769410350e-11   1.5852371932e-02   3.2345771816e-09   6.3970059147e-02   1.2703243260e-06   1.0719269326e-11   1.7053557425e-13   1.0397826398e-05   8.2322679521e-02   6.6022819478e-03   1.7502221355e-01   5.7857046721e-10   8.5287048854e-05   2.9924360846e-12   6.1925305813e-01
   1.8600000000e-01   1.3617092431e-01   1.1516490289e+03  -1.7586097076e+06   2.4528301498e-01   2.8615259412e-01   8.7460590843e+03   6.2477709470e-05   2.6485362244e-10   6.0433594560e-11   1.5060560278e-02   3.0416805111e-09   6.4065579759e-02   1.1903936188e-06   1.0576346503e-11   1.6333452269e-13   1.0373478668e-05   8.5109322790e-02   6.6578842752e-03   1.7449707324e-01   5.5903863724e-10   8.2128470305e-05   2.7956128526e-12   6.1628458618e-01
   1.9000000000e-01   1.3923493147e-01   1.1473788735e+03  -1.7724953374e+06   2.4485477504e-01   2.8650124684e-01   8.1587052054e+03   6.3322798701e-05   2.5672605090e-10   5.3740506756e-11   1.4317228414e-02   2.8449371902e-09   6.4139696682e-02   1.1159021083e-06   1.0330495995e-11   1.5483984400e-13   1.0306675033e-05   8.7915005792e-02   6.7086038607e-03   1.7394315170e-01   5.3754399420e-10   7.9046538837e-05   2.6026733856e-12   6.1331488876e-01
   1.9400000000e-01   1.4231255523e-01   1.1427481276e+03  -1.7865750137e+06   2.4437529681e-01   2.8694308632e-01   7.5869762897e+03   6.4132850607e-05   2.4809386168e-10   4.7692336862e-11   1.3619298686e-02   2.6491596376e-09   6.4193461806e-02   1.0467056700e-06   1.0005403176e-11   1.4553660731e-13   1.0205346829e-05   9.0739002738e-02   6.7546860125e-03   1.7336301615e-01   5.1485820823e-10   7.6054587470e-05   2.4168272096e-12   6.1034403347e-01
   1.9800000000e-01   1.4540380978e-01   1.1378210710e+03  -1.8007850494e+06   2.4384817090e-01   2.8746359313e-01   7.0379199350e+03   6.4909249519e-05   2.3917868013e-10   4.2268261589e-11   1.2963888782e-02   2.4578996642e-09   6.4227871707e-02   9.8262020181e-07   9.6221395532e-12   1.3582069007e-13   1.0076389972e-05   9.3580623004e-02   6.7963697319e-03   1.7275902021e-01   4.9159344988e-10   7.3161633011e-05   2.2402201614e-12   6.0737208748e-01
   2.0800000000e-01   1.5318096825e-01   1.1250943966e+03  -1.8364758914e+06   2.4242897376e-01   2.8889501215e-01   5.7729743987e+03   6.6769482435e-05   2.1750856588e-10   3.1130718973e-11   1.1424919688e-02   2.0255146327e-09   6.4267867851e-02   8.3468939691e-07   8.6194437880e-12   1.1277122389e-13   9.6995760802e-06   1.0072708650e-01   6.8901397784e-03   1.7120419665e-01   4.3456058384e-10   6.6216783202e-05   1.8455231108e-12   5.9993966243e-01
   2.2400000000e-01   1.6578484690e-01   1.1021960638e+03  -1.8934995378e+06   2.3956959182e-01   2.9193747876e-01   4.1766121322e+03   6.9241943976e-05   1.8348521963e-10   1.9159290194e-11   9.5027928437e-03   1.4418093823e-09   6.4072689515e-02   6.6257208760e-07   6.7685634401e-12   7.8650327019e-14   8.9177687066e-06   1.1237393020e-01   6.9819378191e-03   1.6844572254e-01   3.5086480768e-10   5.6914962369e-05   1.3561922608e-12   5.8803732592e-01
   2.4000000000e-01   1.7860267863e-01   1.0787985418e+03  -1.9488608353e+06   2.3626714372e-01   2.9526328203e-01   3.0224797466e+03   7.1315397412e-05   1.5422718091e-10   1.1963618739e-11   7.9970805331e-03   1.0162073053e-09   6.3664357134e-02   5.3740933530e-07   5.1543256279e-12   5.3370737198e-14   8.1092571129e-06   1.2423484491e-01   7.0269852770e-03   1.6550448591e-01   2.8263063958e-10   4.9284704999e-05   1.0128186555e-12   5.7612490166e-01
   2.5600000000e-01   1.9163075718e-01   1.0557031842e+03  -2.0021790161e+06   2.3262929380e-01   2.9867331193e-01   2.2041497284e+03   7.3036994767e-05   1.2978200231e-10   7.6173342327e-12   6.8133327466e-03   7.1508653147e-10   6.3079874653e-02   4.4572299473e-07   3.8612121845e-12   3.5771773185e-14   7.3350168320e-06   1.3628363432e-01   7.0343133346e-03   1.6244206881e-01   2.2893081292e-10   4.3094780186e-05   7.7376590269e-13   5.6420568183e-01
   2.7200000000e-01   2.0486474514e-01   1.0329345334e+03  -2.0541318678e+06   2.2873639133e-01   3.0216590499e-01   1.6246668972e+03   7.4441572195e-05   1.0948864310e-10   4.9494960217e-12   5.8791300333e-03   5.0303294522e-10   6.2349381523e-02   3.7831650013e-07   2.8593067331e-12   2.3777917992e-14   6.6147366761e-06   1.4849895652e-01   7.0110086821e-03   1.5930155955e-01   1.8709513367e-10   3.8106026798e-05   6.0512015206e-13   5.5228249551e-01
   2.8800000000e-01   2.1830013328e-01   1.0103395873e+03  -2.1055432958e+06   2.2464889447e-01   3.0579146871e-01   1.2116532906e+03   7.5555698749e-05   9.2615731771e-11   3.2794711201e-12   5.1387253987e-03   3.5340563808e-10   6.1497554437e-02   3.2861606202e-07   2.0961186319e-12   1.5679060312e-14   5.9526580455e-06   1.6086347262e-01   6.9626762742e-03   1.5611310806e-01   1.5448120500e-10   3.4099310974e-05   4.8359201230e-13   5.4035774857e-01
   3.0400000000e-01   2.3193235339e-01   9.8786465124e+02  -2.1569288233e+06   2.2041261610e-01   3.0957531895e-01   9.1450397931e+02   7.6400337021e-05   7.8531495874e-11   2.2130628820e-12   4.5490511403e-03   2.4777187146e-10   6.0544689868e-02   2.9173630519e-07   1.5225526858e-12   1.0256482406e-14   5.3479766501e-06   1.7336297398e-01   6.8937955184e-03   1.5289773037e-01   1.2889915392e-10   3.0884143740e-05   3.9390906525e-13   5.2843348572e-01
   3.2000000000e-01   2.4575657696e-01   9.6553804741e+02  -2.2085272031e+06   2.1606248668e-01   3.1351882308e-01   6.9843113717e+02   7.6992432199e-05   6.6726939505e-11   1.5189113323e-12   4.0767965565e-03   1.7331096298e-10   5.9507529123e-02   2.6405484612e-07   1.0968396177e-12   6.6591327952e-15   4.7984054016e-06   1.8598547717e-01   6.8079759159e-03   1.4966998921e-01   1.0863804418e-10   2.8300192605e-05   3.2604238086e-13   5.1651162173e-01
   3.3600000000e-01   2.5976776421e-01   9.4343491505e+02  -2.2604287677e+06   2.1162530160e-01   3.1760685669e-01   5.3954221496e+02   7.7346150378e-05   5.6798786346e-11   1.0587767967e-12   3.6961029343e-03   1.2097821267e-10   5.8399953550e-02   2.4289484472e-07   7.8456226353e-13   4.2953635983e-15   4.3012239828e-06   1.9872068161e-01   6.7081555046e-03   1.4643984640e-01   9.2393944052e-11   2.6214992147e-05   2.7336825864e-13   5.0459388486e-01
   3.5200000000e-01   2.7396081933e-01   9.2163027537e+02  -2.3126594116e+06   2.0712169784e-01   3.2182117943e-01   4.2134492593e+02   7.7473801998e-05   4.8426875138e-11   7.4848177254e-13   3.3868128096e-03   8.4315873159e-11   5.7233532616e-02   2.2628180126e-07   5.5790111071e-13   2.7558775848e-15   3.8535032655e-06   2.1155964385e-01   6.5967484271e-03   1.4321394300e-01   7.9186100791e-11   2.4520462322e-05   2.3148215353e-13   4.9268166644e-01
   3.6800000000e-01   2.8833060173e-01   9.0018388731e+02  -2.3652202532e+06   2.0256762087e-01   3.2614555769e-01   3.3238888166e+02   7.7386393515e-05   4.1354135156e-11   5.3584135852e-13   3.1331920807e-03   5.8707764488e-11   5.6017934542e-02   2.1275663535e-07   3.9488312293e-13   1.7609414944e-15   3.4521550927e-06   2.2449444902e-01   6.4757495363e-03   1.3999655040e-01   6.8283583917e-11   2.3129490501e-05   1.9744780435e-13   4.8077604987e-01
   3.8400000000e-01   3.0287194406e-01   8.7913839651e+02  -2.4181038830e+06   1.9797541944e-01   3.3056709928e-01   2.6466727722e+02   7.7094010344e-05   3.5371211874e-11   3.8793716440e-13   2.9229486683e-03   4.0865300653e-11   5.4761256353e-02   2.0124031424e-07   2.7853775101e-13   1.1220300509e-15   3.0939499861e-06   2.3751795911e-01   6.3468140372e-03   1.3679025504e-01   5.9145031386e-11   2.1972607279e-05   1.6929887499e-13   4.6887784035e-01
   4.0000000000e-01   3.1757967040e-01   8.5852151755e+02  -2.4713001861e+06   1.9335466591e-01   3.3507628039e-01   2.1253418857e+02   7.6606082702e-05   3.0305306917e-11   2.8364910501e-13   2.7464753488e-03   2.8457063481e-11   5.3470291714e-02   1.9094068262e-07   1.9601920598e-13   7.1379036215e-16   2.7755487378e-06   2.5062361115e-01   6.2113191046e-03   1.3359644901e-01   5.1371349175e-11   2.0994946270e-05   1.4570285056e-13   4.5698759311e-01
   4.1600000000e-01   3.3244861853e-01   8.3834899793e+02  -2.5247983485e+06   1.8871277552e-01   3.3966658963e-01   1.7197096985e+02   7.5931572261e-05   2.6012213120e-11   2.0920049492e-13   2.5962628387e-03   1.9838635559e-11   5.2150749679e-02   1.8128881360e-07   1.3777346420e-13   4.5388076542e-16   2.4935520357e-06   2.6380525672e-01   6.0704123944e-03   1.3041568187e-01   4.4669521075e-11   2.0153560697e-05   1.2573520717e-13   4.4510563944e-01
   4.3200000000e-01   3.4747366394e-01   8.1862734388e+02  -2.5785875114e+06   1.8405547586e-01   3.4433411250e-01   1.4008852012e+02   7.5079105018e-05   2.2370609450e-11   1.5545903732e-13   2.4664426156e-03   1.3855770077e-11   5.0807434710e-02   1.7189394190e-07   9.6801664548e-14   2.8878006401e-16   2.2445608372e-06   2.7705702958e-01   5.9250508398e-03   1.2724791120e-01   3.8825352950e-11   1.9415113569e-05   1.0873064230e-13   4.3323210916e-01
   4.4800000000e-01   3.6264974447e-01   7.9935606000e+02  -2.6326569767e+06   1.7938716408e-01   3.4907716022e-01   1.1478862287e+02   7.4057067398e-05   1.9277898932e-11   1.1627691017e-13   2.3524316463e-03   9.7018075726e-12   4.9444395550e-02   1.6250916691e-07   6.8042396916e-14   1.8400666636e-16   2.0252388199e-06   2.9037323307e-01   5.7760320890e-03   1.2409267938e-01   3.3683082217e-11   1.8753929291e-05   9.4188083602e-14   4.2136694910e-01
   4.6400000000e-01   3.7797188981e-01   7.8052941966e+02  -2.6869962806e+06   1.7471118064e-01   3.5389596220e-01   9.4532186674e+01   7.2873676375e-05   1.6647083103e-11   8.7454394745e-14   2.2506538301e-03   6.8151207092e-12   4.8065048504e-02   1.5300297085e-07   4.7874578968e-14   1.1750392799e-16   1.8323699570e-06   3.0374824654e-01   5.6240202732e-03   1.2094923818e-01   2.9130092669e-11   1.8150377912e-05   8.1712469912e-14   4.0950993822e-01
   4.8000000000e-01   3.9343525429e-01   7.6213784370e+02  -2.7415952331e+06   1.7003001949e-01   3.5879241901e-01   7.8179402907e+01   7.1537031968e-05   1.4404332141e-11   6.6083124553e-14   2.1583218224e-03   4.8058898664e-12   4.6672279959e-02   1.4333384011e-07   3.3730205399e-14   7.5240331190e-17   1.6629067336e-06   3.1717644440e-01   5.4695673271e-03   1.1781663517e-01   2.5085291945e-11   1.7589554668e-05   7.0980458295e-14   3.9766069928e-01
   4.9600000000e-01   4.0903515016e-01   7.4416896871e+02  -2.7964439475e+06   1.6534548902e-01   3.6376990643e-01   6.4878349839e+01   7.0055158088e-05   1.2487031709e-11   5.0123589917e-14   2.0732659877e-03   3.4041881622e-12   4.5268532054e-02   1.3352683756e-07   2.3800586899e-14   4.8324239723e-17   1.5140069452e-06   3.3065211937e-01   5.3131307396e-03   1.1469377107e-01   2.1490083670e-11   1.7060214828e-05   6.1720840346e-14   3.8581870656e-01
   5.1200000000e-01   4.2476708771e-01   7.2660847161e+02  -2.8515328815e+06   1.6065883687e-01   3.6883312153e-01   5.3986411355e+01   6.8436032771e-05   1.0842167243e-11   3.8129198288e-14   1.9938001918e-03   2.4234132626e-12   4.3855873773e-02   1.2365199403e-07   1.6818304507e-14   3.1134341344e-17   1.3830585871e-06   3.4416941772e-01   5.1550884125e-03   1.1157943865e-01   1.8301223984e-11   1.6553924638e-05   5.3703392846e-14   3.7398329165e-01
   5.2800000000e-01   4.4062681744e-01   7.0944070616e+02  -2.9068528821e+06   1.5597084555e-01   3.7398796314e-01   4.5014173704e+01   6.6687613252e-05   9.4249612894e-12   2.9063339656e-14   1.9186163953e-03   1.7346801143e-12   4.2436060481e-02   1.1380497498e-07   1.1898238689e-14   2.0120057424e-17   1.2676933037e-06   3.5772227527e-01   4.9957511520e-03   1.0847234631e-01   1.5485164474e-11   1.6064391015e-05   4.6732201904e-14   3.6215364642e-01
   5.4400000000e-01   4.5661037314e-01   6.9264919272e+02  -2.9623952321e+06   1.5128190443e-01   3.7924144167e-01   3.7584993085e+01   6.4817857602e-05   8.1977142682e-12   2.2176339054e-14   1.8467019008e-03   1.2489816278e-12   4.1010583921e-02   1.0409069974e-07   8.4233669409e-15   1.3037816710e-17   1.1657898671e-06   3.7130434838e-01   4.8353731688e-03   1.0537112948e-01   1.3013712925e-11   1.5586937308e-05   4.0641176531e-14   3.5032882249e-01
   5.6000000000e-01   4.7271412343e-01   6.7621699281e+02  -3.0181517115e+06   1.4659206525e-01   3.8460161310e-01   3.1405694884e+01   6.2834741092e-05   7.1288148257e-12   1.6921529072e-14   1.7772743656e-03   9.0481478867e-13   3.9580713586e-02   9.4610525244e-08   5.9636946217e-15   8.4676702258e-18   1.0754691410e-06   3.8490895150e-01   4.6741609347e-03   1.0227435599e-01   1.0860944323e-11   1.5118096960e-05   3.5290557785e-14   3.3850773019e-01
   5.7600000000e-01   4.8893482669e-01   6.6012699493e+02  -3.0741146628e+06   1.4190108297e-01   3.9007753401e-01   2.6245338493e+01   6.0746271481e-05   6.1919000035e-12   1.2897265434e-14   1.7097307733e-03   6.5962833471e-13   3.8147531366e-02   8.5453328928e-08   4.2192541851e-15   5.5085942776e-18   9.9508223938e-07   3.9852898866e-01   4.5122806461e-03   9.9180524691e-02   9.0012905864e-12   1.4655300768e-05   3.0563904311e-14   3.2668913518e-01
   5.9200000000e-01   5.0526968984e-01   6.4436213092e+02  -3.1302770597e+06   1.3720844383e-01   3.9567923546e-01   2.1919896929e+01   5.8560504301e-05   5.3651520318e-12   9.8063969465e-15   1.6436074010e-03   4.8392774246e-13   3.6711960645e-02   7.6690452513e-08   2.9803230849e-15   3.5868917658e-18   9.2319368842e-07   4.1215687435e-01   4.3498644942e-03   9.6088058190e-02   7.4086633633e-12   1.4196637908e-05   2.6365391996e-14   3.1487165232e-01
   6.0800000000e-01   5.2171643655e-01   6.2890553846e+02  -3.1866325867e+06   1.3251338481e-01   4.0141771236e-01   1.8281272805e+01   5.6285600980e-05   4.6307197831e-12   7.4276375935e-15   1.5785484118e-03   3.5721916235e-13   3.5274790411e-02   6.8374089408e-08   2.0998073866e-15   2.3358123708e-18   8.5856106063e-07   4.2578445186e-01   4.1870159495e-03   9.2995292848e-02   6.0563759208e-12   1.3740674225e-05   2.2617411010e-14   3.0305373892e-01
   6.2400000000e-01   5.3827338609e-01   6.1374068510e+02  -3.2431757266e+06   1.2781490504e-01   4.0730492495e-01   1.5209475987e+01   5.3929845625e-05   3.9742511374e-12   5.5951597075e-15   1.5142812725e-03   2.6522149481e-13   3.3836695057e-02   6.0538433199e-08   1.4741410557e-15   1.5198774287e-18   8.0011300652e-07   4.3940290632e-01   4.0238141675e-03   8.9900465971e-02   4.9175868236e-12   1.3286316020e-05   1.9258471571e-14   2.9123368612e-01
   6.4000000000e-01   5.5493953893e-01   5.9885145206e+02  -3.2999018617e+06   1.2311176756e-01   4.1335381927e-01   1.2607064159e+01   5.1501596547e-05   3.3845243170e-12   4.1839380835e-15   1.4505975482e-03   1.9795015822e-13   3.2398250853e-02   5.3202765889e-08   1.0300965461e-15   9.8721574087e-19   7.4692701085e-07   4.5300265579e-01   3.8603176236e-03   8.6801697484e-02   3.9659892982e-12   1.2832708052e-05   1.6241419049e-14   2.7940960704e-01
   6.5600000000e-01   5.7171467605e-01   5.8422219380e+02  -3.3568073856e+06   1.1840249427e-01   4.1957835950e-01   1.0395149253e+01   4.9009302104e-05   2.8531548365e-12   3.0991481916e-15   1.3873378713e-03   1.4839889264e-13   3.0959949521e-02   4.6375567821e-08   7.1567584033e-16   6.3945028204e-19   6.9820763424e-07   4.6657322761e-01   3.6965671362e-03   8.3696968308e-02   3.1765237321e-12   1.2379156659e-05   1.3531874993e-14   2.6757942355e-01
   6.7200000000e-01   5.8859947387e-01   5.6983777858e+02  -3.4138898222e+06   1.1368535291e-01   4.2599357202e-01   8.5104421055e+00   4.6461519503e-05   2.3743346358e-12   2.2684373053e-15   1.3243802129e-03   1.1163166177e-13   2.9522209328e-02   4.0058812505e-08   4.9380972023e-16   4.1259883625e-19   6.5326650766e-07   4.8010311123e-01   3.5325883251e-03   8.0584093739e-02   2.5259703110e-12   1.1925072196e-05   1.1106703512e-14   2.5574084997e-01
   6.8800000000e-01   6.0559564065e-01   5.5568361226e+02  -3.4711479629e+06   1.0895833618e-01   4.3261560195e-01   6.9029054247e+00   4.3866935483e-05   1.9445379497e-12   1.6362359437e-15   1.2616307437e-03   8.4155658172e-14   2.8085383865e-02   3.4251698428e-08   3.3798434545e-16   2.6490291824e-19   6.1150490252e-07   4.9357958681e-01   3.3683935828e-03   7.7460691801e-02   1.9933479536e-12   1.1469925687e-05   8.9521979629e-15   2.4389137400e-01
   7.0400000000e-01   6.2270607938e-01   5.4174564810e+02  -3.5285820255e+06   1.0421913168e-01   4.3946178249e-01   5.5336616631e+00   4.1234390840e-05   1.5621153306e-12   1.1595249478e-15   1.1990167198e-03   6.3487170397e-14   2.6649768868e-02   2.8953207206e-08   2.2919041731e-16   1.6903134078e-19   5.7239943414e-07   5.0698852135e-01   3.2039836062e-03   7.4324144816e-02   1.5601020923e-12   1.1013215480e-05   7.0616578379e-15   2.3202823365e-01
   7.2000000000e-01   6.3993508373e-01   5.2801038346e+02  -3.5861938342e+06   9.9465079468e-02   4.4655071822e-01   4.3728843621e+00   3.8572911981e-05   1.2267090733e-12   8.0465549270e-16   1.1364809392e-03   4.7850039364e-14   2.5215607415e-02   2.4163087736e-08   1.5378185313e-16   1.0705908110e-19   5.3549122743e-07   5.2031411647e-01   3.0393485142e-03   7.1171550626e-02   1.2101013749e-12   1.0554440355e-05   5.4321501383e-15   2.2014838756e-01
   7.3600000000e-01   6.5728858071e-01   5.1446484344e+02  -3.6439870394e+06   9.4693116655e-02   4.5390238367e-01   3.3975247799e+00   3.5891747165e-05   9.3847822472e-13   5.4495868911e-16   1.0739774207e-03   3.5965554206e-14   2.3783093315e-02   1.9881153491e-08   1.0196248994e-16   6.7216301268e-20   5.0037841639e-07   5.3353860898e-01   2.8744685941e-03   6.7999662999e-02   9.2948548182e-13   1.0093076636e-05   4.0605808824e-15   2.0824847926e-01
   7.5200000000e-01   6.7477443396e-01   5.0109654959e+02  -3.7019673855e+06   8.9899705203e-02   4.6153824015e-01   2.5889154491e+00   3.3200409201e-05   6.9722018941e-13   3.5898482241e-16   1.0114680167e-03   2.6905723702e-14   2.2352372748e-02   1.6105150705e-08   6.6709348284e-17   4.1773106480e-20   4.6671162821e-07   5.4664191144e-01   2.7093146874e-03   6.4804817358e-02   7.0641910600e-13   9.6285569566e-06   2.9396880341e-15   1.9632479337e-01
   7.6800000000e-01   6.9240282706e-01   4.8789346929e+02  -3.7601430380e+06   8.5080735729e-02   4.6948137626e-01   1.9304963586e+00   3.0508729506e-05   5.0157713171e-13   2.2927022930e-16   9.4891972465e-04   1.9990690106e-14   2.0923544219e-02   1.2827838165e-08   4.3001622957e-17   2.5657184322e-20   4.3419149474e-07   5.5960116729e-01   2.5438481842e-03   6.1582834596e-02   5.3081026077e-13   9.1602482462e-06   2.0549588275e-15   1.8437319868e-01
   7.8400000000e-01   7.1018675687e-01   4.7484393790e+02  -3.8185249921e+06   8.0231398926e-02   4.7775668079e-01   1.4060339301e+00   2.7826926077e-05   3.4855308660e-13   1.4153975691e-16   8.8630250435e-04   1.4717011801e-14   1.9496656519e-02   1.0034179441e-08   2.7265600139e-17   1.5546992921e-20   4.0256687807e-07   5.7239019821e-01   2.3780205845e-03   5.8328894896e-02   3.9404427367e-13   8.6874266885e-06   1.3834627993e-15   1.7238907344e-01
   8.0000000000e-01   7.2814268092e-01   4.6193654137e+02  -3.8771275979e+06   7.5346014294e-02   4.8639106233e-01   9.9864958639e-01   2.5165685703e-05   2.3349298888e-13   8.4228770370e-17   8.2358744061e-04   1.0707544150e-14   1.8071704066e-02   7.6995390826e-09   1.6973265983e-17   9.2750169713e-21   3.7163265777e-07   5.8497882650e-01   2.2117725722e-03   5.5037371970e-02   2.8876662753e-13   8.2092473246e-06   8.9503296590e-16   1.6036720848e-01
   8.1600000000e-01   7.4629138097e-01   4.4915993829e+02  -3.9359692390e+06   7.0417795503e-02   4.9541374093e-01   6.9074218875e-01   2.2536268748e-05   1.5050995780e-13   4.8185163595e-17   7.6074509359e-04   7.6763637056e-15   1.6648618943e-02   5.7894621021e-09   1.0350922057e-17   5.4339776673e-21   3.4122619247e-07   5.9733202461e-01   2.0450324468e-03   5.1701607844e-02   2.0872267163e-13   7.7247046062e-06   5.5535599853e-16   1.4830167563e-01
   8.3200000000e-01   7.6465914001e-01   4.3650258631e+02  -3.9950732214e+06   6.5438520751e-02   5.0485665633e-01   4.6460346323e-01   1.9950646193e-05   9.3184241216e-14   2.6421679196e-17   6.9774387289e-04   5.4041161987e-15   1.5227258310e-02   4.2611188234e-09   6.1669346227e-18   3.1163695219e-21   3.1122211347e-07   6.0940882979e-01   1.8777136631e-03   4.8313598132e-02   1.4864114871e-13   7.2325785955e-06   3.2985083647e-16   1.3618564360e-01
   8.4800000000e-01   7.8327938656e-01   4.2395231659e+02  -4.0544689643e+06   6.0398061980e-02   5.1475506911e-01   3.0334685483e-01   1.7421676372e-05   5.5288286222e-14   1.3837208173e-17   6.3454825798e-04   3.7205863538e-15   1.3807384753e-02   3.0660144554e-09   3.5767510039e-18   1.7419302145e-21   2.8152564883e-07   6.2116096452e-01   1.7097111212e-03   4.4863544429e-02   1.0413952844e-13   6.7313592347e-06   1.8710242422e-16   1.2401111728e-01
   8.6400000000e-01   8.0219505379e-01   4.1149565917e+02  -4.1141936125e+06   5.5283690701e-02   5.2514849420e-01   1.9177422855e-01   1.4963339368e-05   3.1339600983e-14   6.8883047715e-18   5.7111660958e-04   2.4923098994e-15   1.2388635664e-02   2.1532855751e-09   2.0096769366e-18   9.4336758667e-22   2.5206502851e-07   6.3253105763e-01   1.5408955475e-03   4.1339196150e-02   7.1632786871e-14   6.2191353981e-06   1.0104652536e-16   1.1176855598e-01
   8.8000000000e-01   8.2146207838e-01   3.9911674443e+02  -4.1742942452e+06   5.0079012933e-02   5.3608222773e-01   1.1694497978e-01   1.2591059759e-05   1.6894742386e-14   3.2379591909e-18   5.0739816609e-04   1.6137442550e-15   1.0970474667e-02   1.4728974461e-09   1.0864048567e-18   4.9085652387e-22   2.2278359576e-07   6.4345030346e-01   1.3711047706e-03   3.7724842435e-02   4.8237281533e-14   5.6934249496e-06   5.1728934968e-17   9.9446290288e-02
   8.9600000000e-01   8.4115480036e-01   3.8679545711e+02  -4.2348309405e+06   4.4762265000e-02   5.4760997277e-01   6.8383759238e-02   1.0322160253e-05   8.6028393348e-15   1.4236722220e-18   4.4332853893e-04   1.0009626157e-15   9.5521119320e-03   9.7824219468e-10   5.5937188307e-19   2.4241655991e-22   1.9363206034e-07   6.5383534850e-01   1.2001297650e-03   3.3999701143e-02   3.1670521777e-14   5.1509023095e-06   2.4940190923e-17   8.7029596599e-02
   9.1200000000e-01   8.6137471901e-01   3.7450420326e+02  -4.2958810576e+06   3.9303434773e-02   5.5979859539e-01   3.7985987614e-02   8.1765231700e-06   4.0945772492e-15   5.7745237775e-19   3.7882238812e-04   5.8712336600e-16   8.1323684509e-03   6.2789511300e-10   2.7013444472e-19   1.1156743863e-22   1.6456091394e-07   6.6358407944e-01   1.0276912462e-03   3.0135198553e-02   2.0152227459e-14   4.5869361155e-06   1.1214094780e-17   7.4499150180e-02
   9.2800000000e-01   8.8226563882e-01   3.6220188865e+02  -4.3575451969e+06   3.3659040811e-02   5.7273731847e-01   1.9731558295e-02   6.1776055072e-06   1.7914206766e-15   2.1156694279e-19   3.1376048916e-04   3.1916380042e-16   6.7094281064e-03   3.8651759551e-10   1.1938996530e-19   4.6472494165e-23   1.3551233629e-07   6.7256979000e-01   8.5339780212e-04   2.6090037297e-02   1.2312368054e-14   3.9947455358e-06   4.6306921657e-18   6.1828259689e-02
   9.4400000000e-01   9.0404224893e-01   3.4982172151e+02  -4.4199552149e+06   2.7761747932e-02   5.8655702676e-01   9.3139305929e-03   4.3540944776e-06   7.0028863334e-16   6.7637764692e-20   2.4796462495e-04   1.5531652754e-16   5.2803445819e-03   2.2504263876e-10   4.6300044852e-20   1.6654978224e-23   1.0640953500e-07   6.8063290493e-01   6.7666424385e-04   2.1800385012e-02   7.1099438741e-15   3.3637086781e-06   1.7114217445e-18   4.8977473022e-02
   9.6000000000e-01   9.2705116370e-01   3.3724326900e+02  -4.4832834373e+06   2.1496868256e-02   6.0147590317e-01   3.7632860709e-03   2.7428454680e-06   2.3176821836e-16   1.7677367292e-20   1.8114229326e-04   6.3165075410e-17   3.8399346908e-03   1.2034167884e-10   1.4535757080e-20   4.6442056227e-24   7.7137692633e-08   6.8756889890e-01   4.9653160494e-04   1.7157659114e-02   3.7639075875e-15   2.6754966069e-06   5.3956150892e-19   3.5882681930e-02
   9.7600000000e-01   9.5192851225e-01   3.2421496315e+02  -4.5477440170e+06   1.4637872085e-02   6.1792926584e-01   1.1102444875e-03   1.3947320875e-06   5.7344974913e-17   3.2260466116e-21   1.1274004325e-04   1.8047412554e-17   2.3777900076e-03   5.4560469141e-11   3.0702198278e-21   7.8240810970e-25   4.7496772774e-08   6.9311035211e-01   3.1118966529e-04   1.1947497680e-02   1.6957249383e-15   1.8933340114e-06   1.3028217444e-19   2.2423571940e-02
   9.9200000000e-01   9.8016203579e-01   3.1005655472e+02  -4.6135139820e+06   6.6020802443e-03   6.3707979905e-01   1.1322229914e-04   3.8812877095e-07   6.7339204870e-18   2.0758633762e-22   4.1412565449e-05   1.6829246633e-18   8.6724022613e-04   1.4175324957e-11   2.3400854832e-22   2.6371479094e-26   1.7031479447e-08   6.9690356841e-01   1.1624835701e-04   5.6182035324e-03   4.8124257810e-16   9.2067945351e-07   1.6841048596e-20   8.3095290063e-03
   1.0000000000e+00   1.0000000000e+00   3.0000000000e+02  -4.6458568819e+06   0.0000000000e+00   6.5169855213e-01   0.0000000000e+00   0.0000000000e+00   0.0000000000e+00   0.0000000000e+00   0.0000000000e+00   0.0000000000e+00   0.0000000000e+00   0.0000000000e+00   0.0000000000e+00   0.0000000000e+00   0.0000000000e+00   1.0000000000e+00   0.0000000000e+00   0.0000000000e+00   0.0000000000e+00   0.0000000000e+00   0.0000000000e+00   0.0000000000e+00