# L (m)  = 1
# P (Pa) = 101325
#             001_x           002_mixf              003_T              004_h             005_pv        006_density        007_hr             008_H2              009_H              010_O             011_O2             012_OH            013_H2O            014_HO2            015_CH2         016_CH2(S)            017_CH3            018_CH4             019_CO            020_CO2            021_HCO           022_CH2O          023_CH2OH             024_N2
                  0   0.0000000000e+00   3.0000000000e+02   1.9075768848e+03   0.0000000000e+00   1.1719839921e+00   0.0000000000e+00   0.0000000000e+00   0.0000000000e+00   0.0000000000e+00   2.3300000000e-01   0.0000000000e+00   0.0000000000e+00   0.0000000000e+00   0.0000000000e+00   0.0000000000e+00   0.0000000000e+00   0.0000000000e+00   0.0000000000e+00   0.0000000000e+00   0.0000000000e+00   0.0000000000e+00   0.0000000000e+00   7.6700000000e-01
   2.0000000000e-03   1.2687851679e-03   3.5887570179e+02  -7.8426224521e+04   1.4613100752e-02   9.8281582150e-01   1.5587801550e-04   2.0104308028e-07   1.0106792277e-20   5.8517809957e-14   2.2553536377e-01   2.4943734493e-14   1.7428906785e-03   2.8546385095e-08   3.3412302074e-24   2.1308318793e-25   2.9190413112e-12   3.7844153171e-05   1.0856450484e-05   1.2859152580e-02   1.0798868500e-19   3.1752695110e-07   7.0300677787e-26   7.4985537608e-01
   6.0000000000e-03   4.8587916965e-03   4.2863502272e+02  -2.0170626434e+05   3.4746321438e-02   8.2503248703e-01   9.8809343386e-04   6.2699670780e-07   1.3641922811e-19   4.6304593731e-15   2.1299014632e-01   2.1470336769e-14   4.7716969448e-03   1.6049616959e-07   4.6474003062e-24   3.3333446724e-25   5.6310032971e-12   3.5605136958e-04   8.3536744549e-05   2.9890460752e-02   7.1946935828e-19   2.4668501189e-06   2.7390603510e-22   7.4733328449e-01
   1.0000000000e-02   8.1826090693e-03   4.7738911450e+02  -3.1246261027e+05   5.1313681277e-02   7.4194441777e-01   3.6060628272e-03   1.1567939176e-06   7.9141413444e-19   3.1228594650e-16   2.0187919396e-01   3.5261155307e-14   7.5577436312e-03   3.0541983645e-07   1.4140987505e-23   1.0499280150e-24   1.0961937008e-11   8.9092787747e-04   1.9004253587e-04   4.3564738316e-02   2.8832052572e-18   5.6616795473e-06   1.3442215619e-20   7.4464509827e-01
   1.4000000000e-02   1.1363245199e-02   5.1209430024e+02  -4.1714986826e+05   6.5702770901e-02   6.9233123853e-01   1.0541008796e-02   1.7570394863e-06   2.9837709705e-18   3.8630882095e-17   1.9180994710e-01   5.8786653345e-14   1.0144225555e-02   4.4840521845e-07   4.5875710811e-23   3.3873103310e-24   2.1884153365e-11   1.6025129278e-03   3.1848994970e-04   5.5238298358e-02   8.8396770646e-18   9.5313144498e-06   1.4396286718e-19   7.4188946229e-01
   1.8000000000e-02   1.4450116166e-02   5.3603373404e+02  -5.1824442527e+05   7.8499305741e-02   6.6176578460e-01   2.5620638206e-02   2.4099368964e-06   8.3191625547e-18   5.6166282436e-17   1.8257345828e-01   9.2595020175e-14   1.2561288799e-02   5.8408008463e-07   1.3786581207e-22   9.8971266591e-24   4.1794023437e-11   2.4641935728e-03   4.6186711721e-04   6.5473739888e-02   2.2029129660e-17   1.3856287615e-05   6.8467332082e-19   7.3909556047e-01
   2.2000000000e-02   1.7469802138e-02   5.5123925848e+02  -6.1695240286e+05   9.0029445317e-02   6.4364014723e-01   5.2567041431e-02   3.1049900733e-06   1.8279012952e-17   1.0637248588e-16   1.7403446737e-01   1.3377324981e-13   1.4831220474e-02   7.1035957234e-07   3.6576766887e-22   2.5252954389e-23   7.4632049480e-11   3.4568285525e-03   6.1556811719e-04   7.4579551736e-02   4.5923782835e-17   1.8493174102e-05   1.9514363960e-18   7.3627599387e-01
   2.6000000000e-02   2.0439076689e-02   5.5914772100e+02  -7.1393011432e+05   1.0050439002e-01   6.3448881718e-01   9.3270598787e-02   3.8356057373e-06   3.3021386591e-17   1.5951651238e-16   1.6609608258e-01   1.7665871701e-13   1.6971209327e-02   8.2654763830e-07   8.4321776417e-22   5.5448206355e-23   1.2511074365e-10   4.5658636163e-03   7.7635642304e-04   8.2752988666e-02   8.2469317885e-17   2.3341471090e-05   3.8831237620e-18   7.3343742271e-01
   3.0000000000e-02   2.3369623000e-02   5.6081790149e+02  -8.0958906751e+05   1.1007397572e-01   6.3240374894e-01   1.4785771427e-01   4.5975252289e-06   5.1062118177e-17   1.9709116416e-16   1.5868456456e-01   2.1628934615e-13   1.8994934538e-02   9.3259578707e-07   1.7338238268e-21   1.0775734239e-22   1.9976148327e-10   5.7798065562e-03   9.4185426472e-04   9.0132589389e-02   1.3156592886e-16   2.8327081613e-05   5.8708847760e-18   7.3058385644e-01
   3.4000000000e-02   2.6270142818e-02   5.5706620886e+02  -9.0420104070e+05   1.1885103808e-01   6.3633685745e-01   2.1652569954e-01   5.3880245425e-06   6.9905992671e-17   2.0894223547e-16   1.5174147876e-01   2.5000955904e-13   2.0913547796e-02   1.0287710777e-06   3.2813752866e-21   1.9144089112e-22   3.0835575693e-10   7.0893393463e-03   1.1102597208e-03   9.6821842543e-02   1.9177325227e-16   3.3393166048e-05   7.0791612895e-18   7.2771794037e-01
   3.8000000000e-02   2.9147446148e-02   5.4854929767e+02  -9.9794315412e+05   1.2692414373e-01   6.4577002750e-01   3.0150566542e-01   6.2054734954e-06   8.6742393222e-17   1.9518983760e-16   1.4521914285e-01   2.7688338846e-13   2.2736312261e-02   1.1154966852e-06   5.8569264041e-21   3.1867620003e-22   4.6501126482e-10   8.4867618340e-03   1.2801765076e-03   1.0290144949e-01   2.6066139225e-16   3.8494674937e-05   6.9947515660e-18   7.2484154221e-01
   4.2000000000e-02   3.2007075915e-02   5.3582176040e+02  -1.0909143904e+06   1.3436493112e-01   6.6054598278e-01   4.0829445215e-01   7.0490813995e-06   9.8693351846e-17   1.6293426326e-16   1.3907776577e-01   2.9607745118e-13   2.4471034400e-02   1.1932736405e-06   9.9885254580e-21   5.0348489028e-22   6.8884988002e-10   9.9656241382e-03   1.4505051633e-03   1.0843634248e-01   3.3394148417e-16   4.3594883572e-05   5.7379973273e-18   7.2195605073e-01
   4.6000000000e-02   3.4853695335e-02   5.1938692455e+02  -1.1831305025e+06   1.4123268242e-01   6.8076790335e-01   5.4708758660e-01   7.9187415839e-06   1.0274530481e-16   1.2161721475e-16   1.3328353807e-01   3.0578916391e-13   2.6124361866e-02   1.2626427377e-06   1.6325617231e-20   7.5695240869e-22   1.0046934388e-09   1.1520472255e-02   1.6203702132e-03   1.1348003160e-01   4.0417070147e-16   4.8663102024e-05   3.9213038077e-18   7.1906254285e-01
   5.0000000000e-02   3.7691341075e-02   4.9975475406e+02  -1.2744948724e+06   1.4757734978e-01   7.0671149517e-01   7.3607499758e-01   8.8149223200e-06   9.4599324795e-17   7.7214723607e-17   1.2780730272e-01   3.0344778651e-13   2.7701987093e-02   1.3241665133e-06   2.5491246753e-20   1.0787435748e-21   1.4444743048e-09   1.3146664492e-02   1.7890696417e-03   1.1807747812e-01   4.6070943900e-16   5.3673128424e-05   2.2254219525e-18   7.1616188720e-01
   5.4000000000e-02   4.0523590757e-02   4.7751981258e+02  -1.3647385029e+06   1.5344168858e-01   7.3869248658e-01   1.0065354504e+00   9.7385568330e-06   5.8637850666e-17   1.6110840882e-17   1.2262359588e-01   2.8704661911e-13   2.9208779358e-02   1.3784223719e-06   3.7807190579e-20   1.4477270601e-21   2.0498365185e-09   1.4840228622e-02   1.9560388058e-03   1.2226713186e-01   4.9207316364e-16   5.8602229313e-05   1.0375112420e-18   7.1325481764e-01
   5.8000000000e-02   4.3353663584e-02   4.5346806571e+02  -1.4533243925e+06   1.5886286882e-01   7.7681103252e-01   1.4166580758e+00   1.0690874888e-05  -1.1332002408e-16  -1.9297808547e-16   1.1770994001e-01   2.5690054235e-13   3.0648857325e-02   1.4260041381e-06   5.2938195043e-20   1.8164907433e-21   2.8761157441e-09   1.6597735512e-02   2.1208239630e-03   1.2608249666e-01   4.9002327371e-16   6.3430565878e-05   3.4683458431e-19   7.1034199595e-01
   6.2000000000e-02   4.6184454099e-02   4.2870641816e+02  -1.5393265004e+06   1.6387381330e-01   8.2047208742e-01   2.0774748629e+00   1.1673094245e-05  -1.3786201093e-15  -1.5066718395e-15   1.1304631299e-01   2.1624797347e-13   3.2025613886e-02   1.4675327939e-06   6.9080140171e-20   2.0930857302e-21   3.9976823954e-09   1.8416162893e-02   2.2830622758e-03   1.2955346405e-01   4.4905111599e-16   6.8141088277e-05  -3.7484635404e-19   7.0742407381e-01
   6.6000000000e-02   4.9018489870e-02   4.0477857337e+02  -1.6213241704e+06   1.6850441173e-01   8.6761323743e-01   3.1145171979e+00   1.2685879866e-05  -1.2793524449e-14  -1.0158571677e-14   1.0861474939e-01   1.6329085707e-13   3.3341716063e-02   1.5036786319e-06   7.2739710010e-20   1.7863262348e-21   5.5143471633e-09   2.0292725904e-02   2.4424660750e-03   1.3270754372e-01   3.1560829534e-16   7.2719964299e-05  -4.7361018799e-18   7.0450175190e-01
   7.0000000000e-02   5.1857813731e-02   3.8371254828e+02  -1.6973683954e+06   1.7278269570e-01   9.1373305131e-01   4.6694489278e+00   1.3728508852e-05  -1.0495866615e-13  -5.7763043301e-14   1.0439902604e-01   2.8209743059e-14   3.4599127297e-02   1.5352016138e-06  -8.1763352127e-20  -3.8491937606e-21   7.5581033029e-09   2.2224662987e-02   2.5988101913e-03   1.3557102970e-01  -4.1385622431e-16   7.7157576722e-05  -4.0152937088e-17   7.0157581223e-01
   7.4000000000e-02   5.4703821117e-02   3.6802766085e+02  -1.7649817893e+06   1.7673599559e-01   9.5102549284e-01   6.9625337590e+00   1.4797759300e-05  -5.8823257194e-13  -2.3549287630e-13   1.0038436747e-01  -5.4101064614e-13   3.5799208470e-02   1.5630139727e-06  -1.3555168859e-18  -4.3265923104e-20   1.0303164132e-08   2.4208993240e-02   2.7519227017e-03   1.3817006666e-01  -4.1577535056e-15   8.1450010099e-05  -2.3212907042e-16   6.9864707559e-01
   7.8000000000e-02   5.7557089540e-02   3.6098638677e+02  -1.8208725570e+06   1.8039212199e-01   9.6782996480e-01   9.9460430754e+00   1.5886556552e-05  -1.6360809397e-12  -5.3528059989e-13   9.6557085937e-02  -1.6996102715e-12   3.6942902859e-02   1.5880887367e-06  -5.3505912859e-18  -1.5731992646e-19   1.3999567124e-08   2.6242260847e-02   2.9016810604e-03   1.4053165152e-01  -1.2941037428e-14   8.5600915132e-05  -6.9024408064e-16   6.9571624577e-01
   8.2000000000e-02   6.0417157484e-02   3.6759275364e+02  -1.8597912133e+06   1.8378059054e-01   9.4867021190e-01   1.3213874973e+01   1.6982313007e-05  -1.4989909641e-12  -4.7023974922e-13   9.2904141924e-02  -1.3207804081e-12   3.8030892046e-02   1.6110339626e-06  -6.1680772808e-18  -1.7656250391e-19   1.9005686806e-08   2.8320214509e-02   3.0480144422e-03   1.4268470173e-01  -1.2880361809e-14   8.9623755584e-05  -7.2959976278e-16   6.9278369065e-01
   8.6000000000e-02   6.3282229234e-02   3.9499851438e+02  -1.8738711027e+06   1.8693281066e-01   8.8117064904e-01   1.5860165220e+01   1.8066001556e-05  -3.6622090893e-13  -1.4223114721e-13   8.9412921023e-02   1.1547388375e-13   3.9063614801e-02   1.6329070968e-06  -6.5213436684e-19  -2.7342733081e-20   2.5630288509e-08   3.0437464219e-02   3.1909025468e-03   1.4466022731e-01  -2.3818173235e-15   9.3542581130e-05  -2.2597864115e-16   6.8984939712e-01
   9.0000000000e-02   6.6149608660e-02   4.4350846645e+02  -1.8621329769e+06   1.8987811291e-01   7.8327380475e-01   1.8333272253e+01   1.9117842121e-05  -5.8424895041e-14  -2.7958029971e-14   8.6071911842e-02   1.0392180313e-12   4.0041652291e-02   1.6549888798e-06   3.3684288252e-18   7.6675598136e-20   3.4078888461e-08   3.2588099097e-02   3.3303453819e-03   1.4648699740e-01   4.4688273503e-15   9.7382243557e-05  -4.6891749583e-17   6.8691337220e-01
   9.4000000000e-02   6.9017615408e-02   5.0031877180e+02  -1.8379723709e+06   1.9263616082e-01   6.9297709921e-01   2.2704703801e+01   2.0128087917e-05  -5.7669416692e-15  -3.7042796270e-15   8.2871775381e-02   2.4672841501e-12   4.0966624574e-02   1.6777097507e-06   9.8102850833e-18   2.5312513235e-19   4.4573530441e-08   3.4767885398e-02   3.4663174100e-03   1.4818309074e-01   1.6412088164e-14   1.0115099862e-04   8.7088932877e-19   6.8397584069e-01
   9.8000000000e-02   7.1886584038e-02   5.5625822203e+02  -1.8114721164e+06   1.9521707889e-01   6.2205679630e-01   3.2069155735e+01   2.1098148737e-05   1.0316280853e-14   5.0972064339e-15   7.9805245010e-02   4.6905029216e-12   4.1841526305e-02   1.7013214280e-06   2.2188546419e-17   6.1585723640e-19   5.7392497625e-08   3.6975212789e-02   3.5987548866e-03   1.4975569954e-01   4.3991297466e-14   1.0483928324e-04   7.3061802569e-17   6.8103695683e-01
   1.0200000000e-01   7.4757676459e-02   6.0874877201e+02  -1.7857477761e+06   1.9762797247e-01   5.6728245255e-01   4.8186135306e+01   2.2033055668e-05   3.6999406466e-14   2.2652883041e-14   7.6866059401e-02   7.7697173487e-12   4.2669779198e-02   1.7258726732e-06   4.4305312577e-17   1.2902889494e-18   7.2948237218e-08   3.9209581621e-02   3.7275859592e-03   1.5120857426e-01   1.0281345136e-13   1.0843186204e-04   3.7583881456e-16   6.7809680206e-01
   1.0600000000e-01   7.7632047787e-02   6.5742467409e+02  -1.7615039980e+06   1.9987589781e-01   5.2421831441e-01   7.3654727705e+01   2.2937385169e-05   1.0183113552e-13   7.3076638059e-14   7.4048313912e-02   1.1823345194e-11   4.3454546821e-02   1.7510871023e-06   8.2389759723e-17   2.4747794204e-18   9.1852800606e-08   4.1470580796e-02   3.8527540235e-03   1.5254565958e-01   2.1828875611e-13   1.1191359883e-04   1.3768336852e-15   6.7515544255e-01
   1.1000000000e-01   8.0510694849e-02   7.0247939706e+02  -1.7388031485e+06   2.0196818516e-01   4.8959274524e-01   1.1162618627e+02   2.3814686666e-05   2.4164144544e-13   1.9459555496e-13   7.1346311334e-02   1.7093666260e-11   4.4198618217e-02   1.7762904346e-06   1.4742940389e-16   4.5116321071e-18   1.1496190555e-07   4.3757697288e-02   3.9742226283e-03   1.5377152963e-01   4.3067328401e-13   1.1526979318e-04   3.9755840883e-15   6.7221293238e-01
   1.1400000000e-01   8.3394469225e-02   7.4423708702e+02  -1.7175302468e+06   2.0391225599e-01   4.6116604572e-01   1.6591374380e+02   2.4667659634e-05   5.0432192596e-13   4.3837461276e-13   6.8754561684e-02   2.3948588561e-11   4.4904443406e-02   1.8004424575e-06   2.5865424923e-16   7.9910127267e-18   1.4337147399e-07   4.6070331126e-02   4.0919739702e-03   1.5489117096e-01   8.0151884006e-13   1.1848551236e-04   9.6086988044e-15   6.6926930869e-01
   1.1800000000e-01   8.6284105787e-02   7.8303342683e+02  -1.6975254748e+06   2.0571543552e-01   4.3739949743e-01   2.4088375159e+02   2.5498376588e-05   9.3884694452e-13   8.5482081964e-13   6.6267808341e-02   3.2848949662e-11   4.5574186891e-02   1.8222964627e-06   4.4864586499e-16   1.3897580740e-17   1.7834092642e-07   4.8407831734e-02   4.2060059831e-03   1.5590974427e-01   1.4209934612e-12   1.2154495426e-04   2.0263571086e-14   6.6632459160e-01
   1.2200000000e-01   8.9180244521e-02   8.1918000140e+02  -1.6786267933e+06   2.0738482750e-01   4.1721445973e-01   3.4105823089e+02   2.6308454260e-05   1.5823132368e-12   1.4757957202e-12   6.3881049405e-02   4.4292988376e-11   4.6209775231e-02   1.8406556918e-06   7.7019826064e-16   2.3797509058e-17   2.2113435317e-07   5.0769525626e-02   4.3163294655e-03   1.5683241435e-01   2.4140202555e-12   1.2443098055e-04   3.8402665670e-14   6.6337878789e-01
   1.2600000000e-01   9.2083442742e-02   8.5295501230e+02  -1.6606842033e+06   2.0892727833e-01   3.9983718177e-01   4.7050246612e+02   2.7099186638e-05   2.4540402288e-12   2.3061924073e-12   6.1589546385e-02   5.8750311264e-11   4.6812942077e-02   1.8546421597e-06   1.3043451735e-15   4.0041447721e-17   2.7279672270e-07   5.3154732022e-02   4.4229656933e-03   1.5766427137e-01   3.9419181332e-12   1.2712491203e-04   6.6825157056e-14   6.6043189570e-01
   1.3000000000e-01   9.4994189447e-02   8.8459744717e+02  -1.6435709127e+06   2.1034929242e-01   3.8470257962e-01   6.3201822509e+02   2.7871610978e-05   3.5586562758e-12   3.3284322100e-12   5.9388828651e-02   7.6593616112e-11   4.7385251611e-02   1.8638796742e-06   2.1676449695e-15   6.5922113181e-17   3.3389935233e-07   5.5562777186e-02   4.5259441865e-03   1.5841022501e-01   6.1954385343e-12   1.2960653624e-04   1.0849259080e-13   6.5748390875e-01
   1.3400000000e-01   9.7912922370e-02   9.1421120217e+02  -1.6273218188e+06   2.1165700348e-01   3.7142998643e-01   8.2586855914e+02   2.8626574848e-05   4.8887936334e-12   4.5081558121e-12   5.7274689044e-02   9.7981028848e-11   4.7928124572e-02   1.8685487282e-06   3.5129551799e-15   1.0561113561e-16   4.0427107105e-07   5.7993010061e-02   4.6253008479e-03   1.5907495148e-01   9.3695739499e-12   1.3185452670e-04   1.6615191067e-13   6.5453481852e-01
   1.3800000000e-01   1.0084008086e-01   9.4127768300e+02  -1.6128396326e+06   2.1285616784e-01   3.5995652817e-01   1.0464183012e+03   2.9364872463e-05   6.4132164072e-12   5.7813334226e-12   5.5243178000e-02   1.2242922419e-10   4.8442879314e-02   1.8693403485e-06   5.5023669985e-15   1.6319673258e-16   4.8272142403e-07   6.0444856526e-02   4.7210761137e-03   1.5966284754e-01   1.3577479986e-11   1.3384733668e-04   2.4047409581e-13   6.5158460943e-01
   1.4200000000e-01   1.0377620178e-01   9.6450866748e+02  -1.6021690607e+06   2.1395216896e-01   3.5050794163e-01   1.2787560283e+03   3.0087438114e-05   8.0602558963e-12   7.0376210730e-12   5.3290596279e-02   1.4826203449e-10   4.8930780657e-02   1.8672412706e-06   8.2315362498e-15   2.4023162224e-16   5.6690850635e-07   6.2917920218e-02   4.8133130230e-03   1.6017798784e-01   1.8704661475e-11   1.3556480975e-04   3.2676894927e-13   6.4863324588e-01
   1.4600000000e-01   1.0672193755e-01   9.8317939753e+02  -1.5966206967e+06   2.1495005828e-01   3.4308321039e-01   1.5048080524e+03   3.0795348302e-05   9.7382067807e-12   8.1604692022e-12   5.1413473404e-02   1.7326300148e-10   4.9393044384e-02   1.8630106083e-06   1.1677704083e-14   3.3435650224e-16   6.5370040588e-07   6.5411996766e-02   4.9020560326e-03   1.6062416252e-01   2.4432897619e-11   1.3699052861e-04   4.1687932199e-13   6.4568067165e-01
   1.5000000000e-01   1.0967795255e-01   9.9762217183e+02  -1.5959798011e+06   2.1585461544e-01   3.3735458036e-01   1.7111859754e+03   3.1489603666e-05   1.1366027350e-11   9.0736629560e-12   4.9608529764e-02   1.9571478758e-10   4.9830799936e-02   1.8567641444e-06   1.5718545956e-14   4.4038844709e-16   7.3987354030e-07   6.7926952229e-02   4.9873512992e-03   1.6100497460e-01   3.0409764409e-11   1.3811372982e-04   5.0405214016e-13   6.4272682821e-01
   1.5400000000e-01   1.1264482333e-01   1.0086049126e+03  -1.5993426934e+06   2.1667036718e-01   3.3292356260e-01   1.8901626494e+03   3.2170968424e-05   1.2883066197e-11   9.7453227094e-12   4.7872660834e-02   2.1461798249e-10   5.0245064762e-02   1.8480373609e-06   2.0169559561e-14   5.5185233281e-16   8.2263976835e-07   7.0462610455e-02   5.0692465972e-03   1.6132388485e-01   3.6339748956e-11   1.3892991208e-04   5.8421574300e-13   6.3977167534e-01
   1.5800000000e-01   1.1562300483e-01   1.0168845460e+03  -1.6057599954e+06   2.1740157775e-01   3.2945762550e-01   2.0380606924e+03   3.2839959580e-05   1.4248621744e-11   1.0175444006e-11   4.6202940157e-02   2.2953663638e-10   5.0636747458e-02   1.8361086145e-06   2.4818742998e-14   6.6219006255e-16   8.9986656126e-07   7.3018716387e-02   5.1477907314e-03   1.6158419960e-01   4.2000724760e-11   1.3944049813e-04   6.5522993571e-13   6.3681520361e-01
   1.6200000000e-01   1.1861285154e-01   1.0230722982e+03  -1.6144479577e+06   2.1805228689e-01   3.2671077258e-01   2.1538341463e+03   3.3496907675e-05   1.5438646919e-11   1.0383125659e-11   4.4596581961e-02   2.4041417525e-10   5.1006675355e-02   1.8203032367e-06   2.9455079380e-14   7.6559300888e-16   9.7009225799e-07   7.5594947228e-02   5.2230349775e-03   1.6178907965e-01   4.7235005846e-11   1.3965219404e-04   7.1605339121e-13   6.3385742218e-01
   1.6600000000e-01   1.2161463837e-01   1.0276323551e+03  -1.6248090310e+06   2.1862631893e-01   3.2450683305e-01   2.2381880702e+03   3.4142014732e-05   1.6442307109e-11   1.0397470031e-11   4.3050932765e-02   2.4744151057e-10   5.1355611750e-02   1.8001703488e-06   3.3890000787e-14   8.5750531511e-16   1.0324454106e-06   7.8190931954e-02   5.2950331234e-03   1.6194153204e-01   5.1938224355e-11   1.3957606901e-04   7.6630072770e-13   6.3089835395e-01
   1.7000000000e-01   1.2462857895e-01   1.0309109078e+03  -1.6363997985e+06   2.1912729309e-01   3.2272000428e-01   2.2929866624e+03   3.4775398733e-05   1.7258712656e-11   1.0251414621e-11   4.1563464226e-02   2.5095952769e-10   5.1684268703e-02   1.7755422258e-06   3.7970224836e-14   9.3481171678e-16   1.0865323494e-06   8.0806268564e-02   5.3638413782e-03   1.6204440761e-01   5.6048688164e-11   1.3922659099e-04   8.0601613654e-13   6.2793803151e-01
   1.7400000000e-01   1.2765484007e-01   1.0331660718e+03  -1.6488936059e+06   2.1955863486e-01   3.2125963686e-01   2.3208276503e+03   3.5397125598e-05   1.7894120854e-11   9.9778564922e-12   4.0131766391e-02   2.5138893454e-10   5.1993316323e-02   1.7465180219e-06   4.1583069828e-14   9.9579448841e-16   1.1323248612e-06   8.3440537559e-02   5.4295181999e-03   1.6210040321e-01   5.9538274762e-11   1.3862070698e-04   8.3555258231e-13   6.2497649411e-01
   1.7800000000e-01   1.3069355214e-01   1.0345916185e+03  -1.6620497938e+06   2.1992358721e-01   3.2005955214e-01   2.3247222356e+03   3.6007230582e-05   1.8359648425e-11   9.6073897497e-12   3.8753541488e-02   2.4918080623e-10   5.2283389269e-02   1.7134105588e-06   4.4656106159e-14   1.0399476685e-15   1.1700611403e-06   8.6093311433e-02   5.4921240542e-03   1.6211206666e-01   6.2404725073e-11   1.3777701667e-04   8.5549140182e-13   6.2201378540e-01
   1.8200000000e-01   1.3374481701e-01   1.0353344545e+03  -1.6756905841e+06   2.2022522140e-01   3.1907074808e-01   2.3078544564e+03   3.6605732510e-05   1.8669467335e-11   9.1671378533e-12   3.7426598152e-02   2.4478313123e-10   5.2555091414e-02   1.6766821916e-06   4.7153186984e-14   1.0677251839e-15   1.2001640844e-06   8.8764161372e-02   5.5517211307e-03   1.6208180313e-01   6.4665185291e-11   1.3671506353e-04   8.6657778749e-13   6.1904995194e-01
   1.8600000000e-01   1.3680871371e-01   1.0355072959e+03  -1.6896840849e+06   2.2046644718e-01   3.1825639726e-01   2.2734056585e+03   3.7192643097e-05   1.8839429522e-11   8.6803033453e-12   3.6148846029e-02   2.3861963529e-10   5.2808999274e-02   1.6368841549e-06   4.9068600585e-14   1.0802779199e-15   1.2231767540e-06   9.1452661991e-02   5.6083730384e-03   1.6201188223e-01   6.6350880205e-11   1.3545475020e-04   8.6966540415e-13   6.1608504204e-01
   1.9000000000e-01   1.3988530279e-01   1.0351979558e+03  -1.7039316707e+06   2.2065002246e-01   3.1758834429e-01   2.2244325615e+03   3.7767972835e-05   1.8886051106e-11   8.1661641576e-12   3.4918290668e-02   2.3107768002e-10   5.3045664602e-02   1.5946058357e-06   5.0420629987e-14   1.0792134394e-15   1.2397129788e-06   9.4158394566e-02   5.6621444988e-03   1.6190444538e-01   6.7502799092e-11   1.3401587356e-04   8.6566955973e-13   6.1311910498e-01
   1.9400000000e-01   1.4297462952e-01   1.0344763075e+03  -1.7183583764e+06   2.2077856222e-01   3.1704458004e-01   2.1637885221e+03   3.8331734418e-05   1.8825789657e-11   7.6403309209e-12   3.3733028691e-02   2.2250266789e-10   5.3265616384e-02   1.5504357862e-06   5.1245355996e-14   1.0663951236e-15   1.2504204374e-06   9.6880949110e-02   5.7131010456e-03   1.6176151306e-01   6.8168279824e-11   1.3241776778e-04   8.5552984579e-13   6.1015219045e-01
   1.9800000000e-01   1.4607672613e-01   1.0333996126e+03  -1.7329054137e+06   2.2085454691e-01   3.1660736956e-01   2.0940787948e+03   3.8883944419e-05   1.8674698999e-11   7.1152508596e-12   3.2591243221e-02   2.1319703321e-10   5.3469362438e-02   1.5049340103e-06   5.1591190995e-14   1.0437853794e-15   1.2559534497e-06   9.9619925501e-02   5.7613087407e-03   1.6158499179e-01   6.8398340115e-11   1.3067904110e-04   8.4018140323e-13   6.0718434815e-01
   2.0800000000e-01   1.5387937173e-01   1.0300414993e+03  -1.7694260099e+06   2.2092174435e-01   3.1571486583e-01   1.9047656192e+03   4.0235612150e-05   1.8135549101e-11   5.8989299349e-12   2.9841141960e-02   1.8981282373e-10   5.3939429616e-02   1.3891395248e-06   5.1555337951e-14   9.7124703902e-16   1.2584487377e-06   1.0650741538e-01   5.8750991971e-03   1.6106697992e-01   6.8116484221e-11   1.2604068433e-04   7.9280983365e-13   5.9976254855e-01
   2.2400000000e-01   1.6651628983e-01   1.0210168890e+03  -1.8277835484e+06   2.2031168870e-01   3.1538786240e-01   1.5604524644e+03   4.2189368730e-05   1.6490730701e-11   4.1900187673e-12   2.6045133350e-02   1.5016567023e-10   5.4456109085e-02   1.2070140255e-06   4.6716678999e-14   7.8732331447e-16   1.2122348603e-06   1.1773873252e-01   6.0168010825e-03   1.5979658916e-01   6.3328964676e-11   1.1729706182e-04   6.7629264725e-13   5.8787706414e-01
   2.4000000000e-01   1.7935618731e-01   1.0101480910e+03  -1.8846066104e+06   2.1910272711e-01   3.1562654999e-01   1.2448722789e+03   4.3963309031e-05   1.4670889751e-11   2.9274057873e-12   2.2764590858e-02   1.1620546164e-10   5.4766001386e-02   1.0431933699e-06   4.0379357376e-14   6.0991727676e-16   1.1441350914e-06   1.2918939932e-01   6.1222810325e-03   1.5817048139e-01   5.6863641669e-11   1.0800970190e-04   5.5666433902e-13   5.7598224471e-01
   2.5600000000e-01   1.9239667948e-01   9.9821826586e+02  -1.9395437183e+06   2.1738957757e-01   3.1621030153e-01   9.8070252659e+02   4.5560421347e-05   1.2943849769e-11   2.0390066838e-12   1.9925333326e-02   8.9154971467e-11   5.4891417228e-02   9.0320459746e-07   3.4158007497e-14   4.6336316633e-16   1.0705704208e-06   1.4084033597e-01   6.1954351996e-03   1.5625716472e-01   5.0148090745e-11   9.8703862707e-05   4.4970888535e-13   5.6408063925e-01
   2.7200000000e-01   2.0563469272e-01   9.8531813374e+02  -1.9932205203e+06   2.1525034040e-01   3.1713073377e-01   7.6852752243e+02   4.6984004106e-05   1.1409203837e-11   1.4250687121e-12   1.7464935090e-02   6.8188770791e-11   5.4851857566e-02   7.8753534597e-07   2.8635851148e-14   3.4937113816e-16   9.9972872720e-07   1.5267481191e-01   6.2398531338e-03   1.5411164570e-01   4.3828449229e-11   8.9713759539e-05   3.5943542455e-13   5.5217449866e-01
   2.8800000000e-01   2.1906667522e-01   9.7139519284e+02  -2.0463975484e+06   2.1274970702e-01   3.1842647821e-01   6.0162246259e+02   4.8237506171e-05   1.0091509182e-11   1.0029748278e-12   1.5330814460e-02   5.2109576766e-11   5.4664380764e-02   6.9391207966e-07   2.3951226916e-14   2.6298968966e-16   9.3543931899e-07   1.6467820431e-01   6.2587847986e-03   1.5177830395e-01   3.8172375226e-11   8.1239344494e-05   2.8542544157e-13   5.4026600900e-01
   3.0400000000e-01   2.3268890119e-01   9.5650655697e+02  -2.0995506682e+06   2.0994169311e-01   3.2010326059e-01   4.7185602832e+02   4.9324512016e-05   8.9834385076e-12   7.1263392795e-13   1.3478286020e-02   3.9850300069e-11   5.4344045254e-02   6.1868948738e-07   2.0079619476e-14   1.9844005673e-16   8.7933671858e-07   1.7683776018e-01   6.2551605973e-03   1.4929316275e-01   3.3266869803e-11   7.3388758697e-05   2.2584536424e-13   5.2835710858e-01
   3.2000000000e-01   2.4649744438e-01   9.4079937210e+02  -2.1529002671e+06   2.0687158791e-01   3.2213748316e-01   3.7157814473e+02   5.0248606978e-05   8.0637146427e-12   5.1207585925e-13   1.1869219284e-02   3.0535081342e-11   5.3904198471e-02   5.5786443144e-07   1.6930514423e-14   1.5054982651e-16   8.3185438844e-07   1.8914218023e-01   6.2316068988e-03   1.4668553394e-01   2.9098273842e-11   6.6208676608e-05   1.7840770277e-13   5.1644950895e-01
   3.3600000000e-01   2.6048817403e-01   9.2444806131e+02  -2.2065297287e+06   2.0357751131e-01   3.2449446682e-01   2.9424154032e+02   5.1013333763e-05   7.3060281933e-12   3.7252731908e-13   1.0470948089e-02   2.3463836836e-11   5.3356726129e-02   5.0769594071e-07   1.4389466745e-14   1.1507477480e-16   7.9273774259e-07   2.0158128932e-01   6.1904680798e-03   1.4397930377e-01   2.5598574940e-11   5.9705447181e-05   1.4085513849e-13   5.0454469655e-01
   3.5200000000e-01   2.7465677545e-01   9.0761811395e+02  -2.2604629559e+06   2.0009166220e-01   3.2713945327e-01   2.3454133352e+02   5.1622194100e-05   6.6837861768e-12   2.7448334810e-13   9.2553899638e-03   1.8089538785e-11   5.2712257912e-02   4.6501658269e-07   1.2341467129e-14   8.8710972616e-17   7.6134792751e-07   2.1414579132e-01   6.1338306255e-03   1.4119395147e-01   2.2676669723e-11   5.3859674975e-05   1.1122438825e-13   4.9264393397e-01
   3.6800000000e-01   2.8899878866e-01   8.9045307948e+02  -2.3147009833e+06   1.9644132600e-01   3.3004185025e-01   1.8832071276e+02   5.2078669282e-05   6.1723448516e-12   2.0480117124e-13   8.1983295916e-03   1.3993089646e-11   5.1980336664e-02   4.2735056071e-07   1.0682728177e-14   6.8977683298e-17   7.3684043650e-07   2.2682709017e-01   6.0635473879e-03   1.3834536328e-01   2.0237358351e-11   4.8636222733e-05   8.7926162618e-14   4.8074826344e-01
   3.8400000000e-01   3.0350964927e-01   8.7307263158e+02  -2.3692369671e+06   1.9264969100e-01   3.3317618699e-01   1.5238187185e+02   5.2386244135e-05   5.7497928987e-12   1.5463852272e-13   7.2788313309e-03   1.0857945669e-11   5.1169558459e-02   3.9291717686e-07   9.3250204118e-15   5.4056305062e-17   7.1826340340e-07   2.3961714877e-01   5.9812609617e-03   1.3544648533e-01   1.8191213594e-11   4.3991031519e-05   6.9710942853e-14   4.6885851375e-01
   4.0000000000e-01   3.1818472500e-01   8.5557476413e+02  -2.4240615723e+06   1.8873651050e-01   3.3652180362e-01   1.2428497585e+02   5.2548427204e-05   5.3970414290e-12   1.1803516795e-13   6.4787552367e-03   8.4471585541e-12   5.0287688938e-02   3.6056326226e-07   8.1960864194e-15   4.2634284255e-17   7.0461211858e-07   2.5250836943e-01   5.8884254971e-03   1.3250784764e-01   1.6458856445e-11   3.9875735941e-05   5.5591709450e-14   4.5697530920e-01
   4.1600000000e-01   3.3301935144e-01   8.3803893095e+02  -2.4791648169e+06   1.8471864450e-01   3.4006222920e-01   1.0217340190e+02   5.2568767150e-05   5.0976673374e-12   9.0955893490e-14   5.7823543781e-03   6.5842202410e-12   4.9341760793e-02   3.2965217668e-07   7.2384367898e-15   3.3774202786e-17   6.9486578147e-07   2.6549349385e-01   5.7863267767e-03   1.2953798816e-01   1.4972269640e-11   3.6240747476e-05   4.4768912044e-14   4.4509908011e-01
   4.3200000000e-01   3.4800886561e-01   8.2052906445e+02  -2.5345366774e+06   1.8061050434e-01   3.4378456899e-01   8.4635503373e+01   5.2450865420e-05   4.8377152482e-12   7.0651452609e-14   5.1759372575e-03   5.1378690791e-12   4.8338156394e-02   2.9993210787e-07   6.4076731909e-15   2.6811376684e-17   6.8802017984e-07   2.7856551482e-01   5.6761005103e-03   1.2654379657e-01   1.3674702706e-11   3.3037270673e-05   3.6576466466e-14   4.3323007332e-01
   4.4800000000e-01   3.6314863542e-01   8.0309618878e+02  -2.5901672785e+06   1.7642441889e-01   3.4767898834e-01   7.0599591271e+01   5.2198385922e-05   4.6055183707e-12   5.5233530425e-14   4.6475866413e-03   4.0103882552e-12   4.7282678363e-02   2.7140414792e-07   5.6707619681e-15   2.1276423016e-17   6.8312011262e-07   2.9171759523e-01   5.5587488683e-03   1.2353079327e-01   1.2519952449e-11   3.0218578622e-05   3.0450141037e-14   4.2136836165e-01
   4.6400000000e-01   3.7843409205e-01   7.8578061348e+02  -2.6460469615e+06   1.7217093808e-01   3.5173829613e-01   5.9254517838e+01   5.1815062635e-05   4.3915341799e-12   4.3392103364e-14   4.1869197375e-03   3.1287531264e-12   4.6180610088e-02   2.4420639524e-07   5.0043476209e-15   1.6837692528e-17   6.7928986054e-07   3.0494299674e-01   5.4351553520e-03   1.2050335758e-01   1.1471400065e-11   2.7740776655e-05   2.5911839814e-14   4.0951385258e-01
   4.8000000000e-01   3.9386076367e-01   7.6861375700e+02  -2.7021663200e+06   1.6785908510e-01   3.5595761437e-01   4.9988810453e+01   5.1304706175e-05   4.1881744579e-12   3.4207364797e-14   3.7848839088e-03   2.4380270451e-12   4.5036768124e-02   2.1852395579e-07   4.3930818479e-15   1.3259008211e-17   6.7575835801e-07   3.1823501404e-01   5.3060981366e-03   1.1746491413e-01   1.0500977272e-11   2.5563213087e-05   2.2561948419e-14   3.9766629548e-01
   4.9600000000e-01   4.0942430849e-01   7.5161966026e+02  -2.7585162281e+06   1.6349656533e-01   3.6033411821e-01   4.2343242792e+01   5.0671210007e-05   3.9896154919e-12   2.7024459556e-14   3.4335821727e-03   1.8965003289e-12   4.3855547981e-02   1.9452791541e-07   3.8279541111e-15   1.0369144004e-17   6.7187642648e-07   3.3158690825e-01   5.1722619858e-03   1.1441808415e-01   9.5881462354e-12   2.3648650673e-05   2.0073957235e-14   3.8582528640e-01
   5.1200000000e-01   4.2512055388e-01   7.3481624440e+02  -2.8150878772e+06   1.5908994124e-01   3.6486683128e-01   3.5973569694e+01   4.9918555769e-05   3.7915855609e-12   2.1369957513e-14   3.1261236755e-03   1.4721600067e-12   4.2640963713e-02   1.7234089924e-07   3.3046516969e-15   8.0403126512e-18   6.6712500151e-07   3.4499184849e-01   5.0342488569e-03   1.1136481011e-01   8.7189252099e-12   2.1963280091e-05   1.8188360683e-14   3.7399027209e-01
   5.2800000000e-01   4.4094553735e-01   7.1821636088e+02  -2.8718728187e+06   1.5464477801e-01   3.6955646501e-01   3.0621359316e+01   4.9050819608e-05   3.5911369629e-12   1.6896050963e-14   2.8564947553e-03   1.1401568259e-12   4.1396682945e-02   1.5202358923e-07   2.8220145782e-15   6.1735134351e-18   6.6111481353e-07   3.5844285165e-01   4.8925873483e-03   1.0830645689e-01   7.8849523727e-12   2.0476627705e-05   1.6705030359e-14   3.6216055189e-01
   5.4400000000e-01   4.5689554851e-01   7.0182866708e+02  -2.9288630057e+06   1.5016576327e-01   3.7440529518e-01   2.6091478198e+01   4.8072179279e-05   3.3864148174e-12   1.3343134638e-14   2.6194478726e-03   8.8100247295e-13   4.0126057808e-02   1.3357557065e-07   2.3806630011e-15   4.6889820098e-18   6.5357898789e-07   3.7193271529e-01   4.7477410417e-03   1.0524389225e-01   7.0825554077e-12   1.9161398809e-05   1.5474488916e-14   3.5033527678e-01
   5.6000000000e-01   4.7296717975e-01   6.8565835868e+02  -2.9860508506e+06   1.4565680767e-01   3.7941706810e-01   2.2235037555e+01   4.6986921054e-05   3.1764364563e-12   1.0514542479e-14   2.4104054754e-03   6.7928812497e-13   3.8832151886e-02   1.1694439784e-07   1.9818661130e-15   3.5202857411e-18   6.4436048536e-07   3.8545395586e-01   4.6001158812e-03   1.0217755298e-01   6.3117901480e-12   1.7993282770e-05   1.4388928171e-14   3.3851344807e-01
   5.7600000000e-01   4.8915738080e-01   6.6970778370e+02  -3.0434292850e+06   1.4112112735e-01   3.8459693198e-01   1.8936740458e+01   4.5799448209e-05   2.9608953042e-12   8.2593180389e-15   2.2253764985e-03   5.2276642856e-13   3.7517764243e-02   1.0203814783e-07   1.6266935063e-15   2.6108784599e-18   6.3339631611e-07   3.9899874014e-01   4.4500666830e-03   9.9107496980e-02   5.5754293633e-12   1.6950736850e-05   1.3373747336e-14   3.2669391407e-01
   5.9200000000e-01   5.0546351761e-01   6.5397695677e+02  -3.1009918230e+06   1.3656131028e-01   3.8995139105e-01   1.6105681847e+01   4.4514291300e-05   2.7400012999e-12   6.4602988866e-15   2.0608838216e-03   4.0168195106e-13   3.6185450850e-02   8.8738337112e-08   1.3154583349e-15   1.9121897097e-18   6.2070017634e-07   4.1255880552e-01   4.2979028401e-03   9.6033442295e-02   4.8779185369e-12   1.6014761929e-05   1.2380126804e-14   3.1487536403e-01
   6.0800000000e-01   5.2188343876e-01   6.3846400301e+02  -3.1587326350e+06   1.3197937336e-01   3.9548827126e-01   1.3668786121e+01   4.3136176507e-05   2.5143714751e-12   5.0257374165e-15   1.9139006451e-03   3.0826989194e-13   3.4837545199e-02   7.6911425042e-08   1.0474311516e-15   1.3825742185e-18   6.0634483601e-07   4.2612537557e-01   4.1438933978e-03   9.2954798585e-02   4.2243514841e-12   1.5168656800e-05   1.1378884416e-14   3.0305632154e-01
   6.2400000000e-01   5.3841555663e-01   6.2316551819e+02  -3.2166466280e+06   1.2737680357e-01   4.0121671031e-01   1.1566230369e+01   4.1670022551e-05   2.2849697540e-12   3.8832770774e-15   1.7817953459e-03   2.3636916860e-13   3.3476174028e-02   6.6418290413e-08   8.2077921800e-16   9.8666735046e-19   5.9044507635e-07   4.3968907297e-01   3.9882714019e-03   8.9870688122e-02   3.6195615118e-12   1.4397809645e-05   1.0355652469e-14   2.9123513591e-01
   6.4000000000e-01   5.5505893646e-01   6.0807686084e+02  -3.2747295398e+06   1.2275458554e-01   4.0714717131e-01   9.7483382925e+00   4.0120906921e-05   2.0531039159e-12   2.9755431185e-15   1.6622835299e-03   1.8111527161e-13   3.2103270881e-02   5.7121616363e-08   6.3267577219e-16   6.9487679465e-19   5.7314184363e-07   4.5323981102e-01   3.8312376226e-03   8.6779956127e-02   3.0674041117e-12   1.3689505594e-05   9.3072763089e-15   2.7940997038e-01
   6.5600000000e-01   5.7181339739e-01   5.9319240854e+02  -3.3329780412e+06   1.1811322231e-01   4.1329146450e-01   8.1735479693e+00   3.8494082719e-05   1.8204823343e-12   2.2568553176e-15   1.5533856794e-03   1.3869096650e-13   3.0720589587e-02   4.8891373260e-08   4.7951986862e-16   4.8287352830e-19   5.5458809846e-07   4.6676666919e-01   3.6729638358e-03   8.3681174804e-02   2.5702878543e-12   1.3032725080e-05   8.2392609781e-15   2.6757878898e-01
   6.7200000000e-01   5.8867962940e-01   5.7850577443e+02  -3.3913898466e+06   1.1345274555e-01   4.1966278234e-01   6.8071460898e+00   3.6794999103e-05   1.5893130361e-12   1.6907239771e-15   1.4533899159e-03   1.0612110953e-13   2.9329716302e-02   4.1608752451e-08   3.5721016134e-16   3.3103344491e-19   5.3493662996e-07   4.8025774514e-01   3.5135956402e-03   8.0572638608e-02   2.1289761592e-12   1.2417953994e-05   7.1640149776e-15   2.5573934013e-01
   6.8800000000e-01   6.0565933199e-01   5.6400998852e+02  -3.4499638405e+06   1.0877271544e-01   4.2627574861e-01   5.6205047611e+00   3.5029324607e-05   1.3624117545e-12   1.2479051176e-15   1.3608192417e-03   8.1102871666e-14   2.7932080051e-02   3.5168794530e-08   2.6142583576e-16   2.2383381165e-19   5.1433010673e-07   4.9369998256e-01   3.3532548521e-03   7.7452351208e-02   1.7426310661e-12   1.1837006461e-05   6.0995579584e-15   2.4388913762e-01
   7.0400000000e-01   6.2275537919e-01   5.4969764895e+02  -3.5087002237e+06   1.0407220934e-01   4.3314648107e-01   4.5905730250e+00   3.3202975063e-05   1.1432610903e-12   9.0485941999e-16   1.2744026130e-03   6.1865466799e-14   2.6528962009e-02   2.9481798583e-08   1.8788001639e-16   1.4923259347e-19   4.9289365071e-07   5.0707896652e-01   3.1920415160e-03   7.4318002840e-02   1.4090344810e-12   1.1282859741e-05   5.0682733118e-15   2.3202543748e-01
   7.2000000000e-01   6.3997201769e-01   5.3556104589e+02  -3.5676006803e+06   9.9349796221e-02   4.4029266896e-01   3.6993792672e+00   3.1322148409e-05   9.3594150316e-13   6.4250816592e-16   1.1930493888e-03   4.7054986864e-14   2.5121503638e-02   2.4473478288e-08   1.3252372806e-16   9.8064074306e-20   4.7073019174e-07   5.2037867029e-01   3.0300355313e-03   7.1166934903e-02   1.1249052801e-12   1.0749500760e-05   4.0952443286e-15   2.2014520830e-01
   7.3600000000e-01   6.5731511125e-01   5.2159226030e+02  -3.6266685798e+06   9.4603496366e-02   4.4773366549e-01   2.9333218594e+00   2.9393365264e-05   7.4485668403e-13   4.4522002896e-16   1.1158267072e-03   3.5640753160e-14   2.3710713426e-02   2.0083776307e-08   9.1690476210e-17   6.3479375421e-20   4.4791878940e-07   5.3358115458e-01   2.8672979287e-03   6.7996091646e-02   8.8623455162e-13   1.0231783686e-05   3.2058133084e-15   2.0824509556e-01
   7.5200000000e-01   6.7479244561e-01   5.0778323796e+02  -3.6859092248e+06   8.9830722887e-02   4.5549059731e-01   2.2821077833e+00   2.7423517025e-05   5.7422477060e-13   3.0000016976e-16   1.0419393984e-03   2.6840074921e-14   2.2297472178e-02   1.6264339394e-08   6.2181374584e-17   4.0451232094e-20   4.2451587792e-07   5.4666620627e-01   2.7038717978e-03   6.4801955395e-02   6.8858199665e-13   9.7252972927e-06   2.4223383793e-15   1.9632137798e-01
   7.6800000000e-01   6.9241411259e-01   4.9412583610e+02  -3.7453301526e+06   8.5028197975e-02   4.6358649530e-01   1.7373632329e+00   2.5419925685e-05   4.2740751992e-13   1.9588116353e-16   9.7071209866e-04   2.0058645609e-14   2.0882536856e-02   1.2974898472e-08   4.1297830445e-17   2.5352574332e-20   4.0055898477e-07   5.5961089081e-01   2.5397828269e-03   6.1580458367e-02   5.2730723429e-13   9.2262402988e-06   1.7606610968e-15   1.8436991081e-01
   7.8400000000e-01   7.1019300370e-01   4.8061183645e+02  -3.8049415126e+06   8.0191835623e-02   4.7204645329e-01   1.2911481605e+00   2.3390418090e-05   3.0626344655e-13   1.2352148167e-16   9.0157328275e-04   1.4844084043e-14   1.9466542590e-02   1.0179119761e-08   2.6832915158e-17   1.5610148239e-20   3.7607218773e-07   5.7238899554e-01   2.3750394071e-03   5.8326863208e-02   3.9774013565e-13   8.7313027366e-06   1.2272894546e-15   1.7238605166e-01
   8.0000000000e-01   7.2814545693e-01   4.6723291521e+02  -3.8647565511e+06   7.5316580684e-02   4.8089782592e-01   9.3474558441e-01   2.1343416053e-05   2.1076042328e-13   7.4994177260e-17   8.3404094707e-04   1.0850325771e-14   1.8050002172e-02   7.8407331764e-09   1.7033798904e-17   9.4283502138e-21   3.5107215512e-07   5.8497034640e-01   2.2096322427e-03   5.5035602853e-02   2.9531206178e-13   8.2375509595e-06   8.1836157292e-16   1.6036456418e-01
   8.1600000000e-01   7.4629211852e-01   4.5398055077e+02  -3.9247922376e+06   7.0396183739e-02   4.9017048710e-01   6.5805809492e-01   1.9288050230e-05   1.3900972265e-13   4.3708520724e-17   7.6770967756e-04   7.8107570298e-15   1.6633302341e-02   5.9207458011e-09   1.0546868407e-17   5.5748535008e-21   3.2557358685e-07   5.9731994899e-01   2.0435333103e-03   5.1700060038e-02   2.1566968803e-13   7.7423122897e-06   5.2089176319e-16   1.4829948758e-01
   8.3200000000e-01   7.6465911710e-01   4.4084583712e+02  -3.9850700854e+06   6.5422880226e-02   4.9989718706e-01   4.4972100296e-01   1.7234307265e-05   8.7711297018e-14   2.4379315005e-17   7.0223885633e-04   5.5181950531e-15   1.5216695475e-02   4.3762578418e-09   6.3551207817e-18   3.2180635194e-21   2.9959313540e-07   6.0939689141e-01   1.8766939143e-03   4.8312256530e-02   1.5477914854e-13   7.2430536647e-06   3.1587382685e-16   1.3618395381e-01
   8.4800000000e-01   7.8327970359e-01   4.2781915027e+02  -4.0456172504e+06   6.0386927786e-02   5.1011407537e-01   2.9776523263e-01   1.5193219020e-05   5.2834478416e-14   1.2966054832e-17   6.3734173748e-04   3.8100982456e-15   1.3800284224e-02   3.1609164295e-09   3.7149974412e-18   1.8064315473e-21   2.7315138027e-07   6.2115294795e-01   1.7090414808e-03   4.4862408863e-02   1.0901321610e-13   6.7372462331e-06   1.8210797572e-16   1.2400992883e-01
   8.6400000000e-01   8.0219660451e-01   4.1488957531e+02  -4.1064680204e+06   5.5275919668e-02   5.2086151550e-01   1.9049872357e-01   1.3177112569e-05   3.0297953383e-14   6.5436743000e-18   5.7277504969e-04   2.5577136726e-15   1.2383995166e-02   2.2265936849e-09   2.0974864050e-18   9.8058495815e-22   2.4627292891e-07   6.3253077681e-01   1.5404744295e-03   4.1338272959e-02   7.5208746023e-14   6.2222020776e-06   9.9539783001e-17   1.1176783329e-01
   8.8000000000e-01   8.2146551358e-01   4.0204392563e+02  -4.1676658530e+06   5.0073726728e-02   5.3218543157e-01   1.1728940451e-01   1.1199952103e-05   1.6471367654e-14   3.1123813671e-18   5.0832864547e-04   1.6581727003e-15   1.0967534467e-02   1.5256433082e-09   1.1363843271e-18   5.1057706937e-22   2.1898501811e-07   6.4346154678e-01   1.3708539296e-03   3.7724138380e-02   5.0686925918e-14   5.6948587489e-06   5.1378005444e-17   9.9445962538e-02
   8.9600000000e-01   8.4116048311e-01   3.8926504051e+02  -4.2292662049e+06   4.4758799794e-02   5.4413966151e-01   6.9067395412e-02   9.2778175477e-06   8.4347609019e-15   1.3813902119e-18   4.4381444133e-04   1.0287814681e-15   9.5503123931e-03   1.0131101392e-09   5.8506754860e-19   2.5196608959e-22   1.9131500666e-07   6.5386177890e-01   1.1999904089e-03   3.3999219175e-02   3.3238568710e-14   5.1514675665e-06   2.4890776411e-17   8.7029565113e-02
   9.1200000000e-01   8.6138267114e-01   3.7652873356e+02  -4.2913404847e+06   3.9301296696e-02   5.5679030298e-01   3.8514291954e-02   7.4296002432e-06   4.0277787052e-15   5.6383477648e-19   3.7905326072e-04   6.0291806684e-16   8.1313115908e-03   6.4845723171e-10   2.8196906949e-19   1.1571827085e-22   1.6328686157e-07   6.6362907261e-01   1.0276206006e-03   3.0134934905e-02   2.1083875396e-14   4.5870976852e-06   1.1212843582e-17   7.4499300353e-02
   9.2800000000e-01   8.8227548085e-01   3.6379800578e+02  -4.3539815541e+06   3.3657865769e-02   5.7022429521e-01   2.0004481338e-02   5.6780665142e-06   1.7645938217e-15   2.0700809588e-19   3.1385672824e-04   3.2706814537e-16   6.7088426003e-03   3.9661781343e-10   1.2415364500e-19   4.8035513452e-23   1.3491607536e-07   6.7263618759e-01   8.5336610615e-04   2.6089978996e-02   1.2818180368e-14   3.9947638995e-06   4.6273990936e-18   6.1828477828e-02
   9.4400000000e-01   9.0405313944e-01   3.5101115301e+02  -4.4173111270e+06   2.7761263768e-02   5.8456782637e-01   9.3958387264e-03   4.0515869942e-06   6.8978871311e-16   6.5963568769e-20   2.4799758454e-04   1.5863083104e-16   5.2800538945e-03   2.2837466350e-10   4.7894560675e-20   1.7132287795e-23   1.0620102360e-07   6.8072265210e-01   6.7665213801e-04   2.1800506149e-02   7.3534080571e-15   3.3637109724e-06   1.7059745010e-18   4.8977667389e-02
   9.6000000000e-01   9.2706175381e-01   3.3805416848e+02  -4.4814882732e+06   2.1496854303e-02   6.0003076648e-01   3.7571460120e-03   2.5871971221e-06   2.2815767339e-16   1.7087603664e-20   1.8115034013e-04   6.4217082704e-17   3.8398271658e-03   1.2017993206e-10   1.4937478440e-20   4.7476830916e-24   7.7104870839e-08   6.8768252580e-01   4.9652783209e-04   1.7157912108e-02   3.8616240213e-15   2.6755271419e-06   5.3597770174e-19   3.5882804494e-02
   9.7600000000e-01   9.5193695110e-01   3.2468333289e+02  -4.5467106722e+06   1.4638103396e-02   6.1703556393e-01   1.0937412971e-03   1.3366822043e-06   5.6471282082e-17   3.0863429876e-21   1.1274097799e-04   1.8243395365e-17   2.3777881265e-03   5.3540266621e-11   3.1306853593e-21   7.9383623976e-25   4.7507879539e-08   6.9324625282e-01   3.1118887577e-04   1.1947789711e-02   1.7238537887e-15   1.8933862471e-06   1.2904743059e-19   2.2423629124e-02
   9.9200000000e-01   9.8016610479e-01   3.1022503744e+02  -4.6131417347e+06   6.6022153786e-03   6.3673250471e-01   1.1155213460e-04   3.8065567782e-07   6.6748838698e-18   2.0101805053e-22   4.1412584274e-05   1.6899828431e-18   8.6726008338e-04   1.3919749899e-11   2.3637073405e-22   2.6527357468e-26   1.7033812919e-08   6.9705706003e-01   1.1624834038e-04   5.6183262992e-03   4.8437770829e-16   9.2070627010e-07   1.6733212002e-20   8.3095384108e-03
   1.0000000000e+00   1.0000000000e+00   3.0000000000e+02  -4.6458568819e+06   0.0000000000e+00   6.5169855213e-01   0.0000000000e+00   0.0000000000e+00   0.0000000000e+00   0.0000000000e+00   0.0000000000e+00   0.0000000000e+00   0.0000000000e+00   0.0000000000e+00   0.0000000000e+00   0.0000000000e+00   0.0000000000e+00   1.0000000000e+00   0.0000000000e+00   0.0000000000e+00   0.0000000000e+00   0.0000000000e+00   0.0000000000e+00   0.0000000000e+00