# L (m)  = 1
# P (Pa) = 101325
#             001_x           002_mixf              003_T              004_h             005_pv        006_density        007_hr             008_H2              009_H              010_O             011_O2             012_OH            013_H2O            014_HO2            015_CH2         016_CH2(S)            017_CH3            018_CH4             019_CO            020_CO2            021_HCO           022_CH2O          023_CH2OH             024_N2
                  0   0.0000000000e+00   3.0000000000e+02   1.9075768848e+03   0.0000000000e+00   1.1719839921e+00   0.0000000000e+00   0.0000000000e+00   0.0000000000e+00   0.0000000000e+00   2.3300000000e-01   0.0000000000e+00   0.0000000000e+00   0.0000000000e+00   0.0000000000e+00   0.0000000000e+00   0.0000000000e+00   0.0000000000e+00   0.0000000000e+00   0.0000000000e+00   0.0000000000e+00   0.0000000000e+00   0.0000000000e+00   7.6700000000e-01
   2.0000000000e-03   1.2097913207e-03   3.6664630724e+02  -6.0666656399e+04   1.3590069024e-02   9.6164688722e-01   1.5401647345e+02   6.2157956725e-07   5.5224491169e-14   1.1702074982e-08   2.2559831275e-01   4.0456567033e-09   1.7190563449e-03   3.3468037809e-07   4.8530798623e-15   3.1824175786e-16   2.7015375389e-08   5.7448304157e-06   9.0635745863e-05   1.1779755354e-02   1.3497888440e-14   1.6965306194e-07   1.5939720104e-18   7.5039006805e-01
   6.0000000000e-03   4.6995553158e-03   4.5834849091e+02  -1.5777445072e+05   3.3398509891e-02   7.7103682208e-01   5.9025902299e+02   2.0729716153e-06   4.5389366360e-13   3.9183960936e-09   2.1246499148e-01   3.5909530331e-09   4.9976868400e-03   1.4389000153e-06   4.9914492288e-14   3.8286943124e-15   3.9320657076e-07   9.5252952472e-05   3.6189585020e-04   2.8036854229e-02   1.7586264679e-13   2.2451632291e-06   5.5010326903e-17   7.4794177881e-01
   1.0000000000e-02   7.9521420685e-03   5.3111492611e+02  -2.4548947463e+05   5.0311722768e-02   6.6633408334e-01   1.7003873932e+03   3.8802892830e-06   1.4261731674e-12   1.1098612771e-09   2.0042367183e-01   6.4224089958e-09   8.1412854272e-03   2.6248080249e-06   2.3393646280e-13   1.8960988913e-14   1.1353439290e-06   3.1497991703e-04   7.4236256092e-04   4.1424194491e-02   9.6672481935e-13   6.6680213867e-06   5.0679035034e-16   7.4531448784e-01
   1.4000000000e-02   1.1077817689e-02   5.9027370241e+02  -3.2865268258e+05   6.5363371299e-02   6.0006868108e-01   4.2579630984e+03   5.9106692966e-06   4.9998882841e-12   3.2043541038e-10   1.8928011539e-01   1.1515691480e-08   1.1121620265e-02   3.7224547931e-06   7.7793412215e-13   6.3737566285e-14   2.1873941159e-06   6.7140871013e-04   1.2058031436e-03   5.3030037221e-02   3.6673625210e-12   1.2952239560e-05   2.6529334085e-15   7.4261409894e-01
   1.8000000000e-02   1.4119632204e-02   6.3833506329e+02  -4.0912136511e+05   7.8967417411e-02   5.5514592972e-01   8.4027367393e+03   8.0945116469e-06   1.3615066468e-11   1.4252918076e-10   1.7892541041e-01   1.6830494381e-08   1.3937103981e-02   4.6728279768e-06   1.8142661137e-12   1.4672856308e-13   3.5116418222e-06   1.1622289994e-03   1.7295782775e-03   6.3292640641e-02   9.4437015051e-12   2.0533759718e-05   8.6394509318e-15   7.3987251957e-01
   2.2000000000e-02   1.7100480578e-02   6.7697505297e+02  -4.8780011251e+05   9.1355329491e-02   5.2353521141e-01   1.3921138052e+04   1.0391157461e-05   2.8383480639e-11   1.5633686165e-10   1.6927911152e-01   2.1209436201e-08   1.6594313607e-02   5.4550077200e-06   3.3552832391e-12   2.6405345520e-13   5.0836451945e-06   1.7821596201e-03   2.2959086408e-03   7.2454716086e-02   1.8793439236e-11   2.8910223113e-05   2.0631644664e-14   7.3710319438e-01
   2.6000000000e-02   2.0034878605e-02   7.0748485024e+02  -5.6518116051e+05   1.0268350516e-01   5.0089516875e-01   2.0464689037e+04   1.2774947784e-05   4.8887832966e-11   2.3677322132e-10   1.6027547923e-01   2.4320809784e-08   1.9102299853e-02   6.0671651077e-06   5.3507756215e-12   4.0595439370e-13   6.8829239996e-06   2.5249058705e-03   2.8909941523e-03   8.0677436206e-02   3.1701916078e-11   3.7668697563e-05   4.0140574618e-14   7.3431293710e-01
   3.0000000000e-02   2.2933072636e-02   7.3089476927e+02  -6.4157313917e+05   1.1306981300e-01   4.8467732479e-01   2.7648237988e+04   1.5228789298e-05   7.3705038535e-11   3.3354902142e-10   1.5185850551e-01   2.6232620553e-08   2.1470547531e-02   6.5186572810e-06   7.7286826546e-12   5.6160360899e-13   8.8897450395e-06   3.3839602344e-03   3.5041023087e-03   8.8079934366e-02   4.7880098745e-11   4.6485628546e-05   6.7635800022e-14   7.3150567009e-01
   3.4000000000e-02   2.5802810300e-02   7.4805395719e+02  -7.1717988400e+05   1.2260900173e-01   4.7329100279e-01   3.5091603564e+04   1.7740859109e-05   1.0090375099e-10   4.1762414893e-10   1.4397946587e-01   2.7134448692e-08   2.3708207913e-02   6.8252128716e-06   1.0408239616e-11   7.2086428846e-13   1.1084339661e-05   4.3529548299e-03   4.1268481524e-03   9.4756204809e-02   6.6846276806e-11   5.5118423042e-05   1.0235472814e-13   7.2868388521e-01
   3.8000000000e-02   2.8650225964e-02   7.5968149467e+02  -7.9213423369e+05   1.3138031636e-01   4.6569646249e-01   4.2442440361e+04   2.0302767652e-05   1.2836106112e-10   4.7175028659e-10   1.3659542759e-01   2.7223612596e-08   2.5823823654e-02   7.0058216508e-06   1.3300891788e-11   8.7467016852e-13   1.3446847374e-05   5.4258165619e-03   4.7526533892e-03   1.0078353655e-01   8.7913211143e-11   6.3394378938e-05   1.4234265741e-13   7.2584929830e-01
   4.2000000000e-02   3.1480334849e-02   7.6640469496e+02  -8.6651042543e+05   1.3945174686e-01   4.6118737387e-01   4.9394523090e+04   2.2908464970e-05   1.5399675211e-10   4.8928989135e-10   1.2966822013e-01   2.6674926628e-08   2.7825255294e-02   7.0808567806e-06   1.6310148520e-11   1.0151617735e-12   1.5957408708e-05   6.5968296910e-03   5.3763429751e-03   1.0622724012e-01   1.1017930278e-10   7.1199115322e-05   1.8477108465e-13   7.2300317273e-01
   4.6000000000e-02   3.4297333457e-02   7.6879469382e+02  -9.4032027408e+05   1.4688264976e-01   4.5926245021e-01   5.5704092561e+04   2.5553541175e-05   1.7599213560e-10   4.7257744452e-10   1.2316366604e-01   2.5639263229e-08   2.9719689711e-02   7.0710501590e-06   1.9334707955e-11   1.1359447828e-12   1.8596249156e-05   7.8606520953e-03   5.9938426963e-03   1.1114356381e-01   1.3257868375e-10   7.8465511585e-05   2.2648422565e-13   7.2014649307e-01
   5.0000000000e-02   3.7104794293e-02   7.6740748915e+02  -1.0134913161e+06   1.5372549708e-01   4.5953829869e-01   6.1204689443e+04   2.8234737226e-05   1.9300837166e-10   4.2985112882e-10   1.1705098394e-01   2.4248962672e-08   3.1513677271e-02   6.9969942169e-06   2.2275244735e-11   1.2324557804e-12   2.1343736220e-05   9.2123086382e-03   6.6019504174e-03   1.1558163465e-01   1.5400191826e-10   8.5163625490e-05   2.6464193292e-13   7.1728006555e-01
   5.4000000000e-02   3.9905798062e-02   7.6283830527e+02  -1.0858218036e+06   1.6002713244e-01   4.6167638835e-01   6.5821974131e+04   3.0949549719e-05   2.0440214098e-10   3.7187348359e-10   1.1130230564e-01   2.2624094974e-08   3.3213174498e-02   6.8789178587e-06   2.5044674994e-11   1.3023757917e-12   2.4180434111e-05   1.0647171062e-02   7.1981615209e-03   1.1958484687e-01   1.7348154290e-10   9.1291778013e-05   2.9733819172e-13   7.1440458135e-01
   5.8000000000e-02   4.2703024830e-02   7.5579423913e+02  -1.1569089855e+06   1.6582972701e-01   4.6530713974e-01   6.9589536559e+04   3.3695845442e-05   2.1042046075e-10   3.0919123871e-10   1.0589227700e-01   2.0878080014e-08   3.4823580252e-02   6.7365497812e-06   2.7582270170e-11   1.3460678639e-12   2.7087198849e-05   1.2160929035e-02   7.7805346858e-03   1.2319191622e-01   1.9043162695e-10   9.6868810248e-05   3.2412987156e-13   7.1152066084e-01
   6.2000000000e-02   4.5498814642e-02   7.4717988010e+02  -1.2260583309e+06   1.7117155065e-01   4.6994420553e-01   7.2663538551e+04   3.6471412862e-05   2.1234583285e-10   2.5038150653e-10   1.0079771651e-01   1.9121634855e-08   3.6349761230e-02   6.5889356433e-06   2.9871614934e-11   1.3669822377e-12   3.0045353072e-05   1.3749551674e-02   8.3475883075e-03   1.2643772970e-01   2.0491178507e-10   1.0192743775e-04   3.4656520432e-13   7.0862888862e-01
   6.6000000000e-02   4.8295201906e-02   7.3817030798e+02  -1.2922043478e+06   1.7608760341e-01   4.7489991709e-01   7.5330202796e+04   3.9273412864e-05   2.1259887872e-10   2.0135599569e-10   9.5997323869e-02   1.7463709565e-08   3.7796067905e-02   6.4541154931e-06   3.1960404842e-11   1.3718711487e-12   3.3036966802e-05   1.5409239665e-02   8.8982199464e-03   1.2935404215e-01   2.1784040154e-10   1.0650858303e-04   3.6567853603e-13   7.0572984352e-01
   7.0000000000e-02   5.1093926130e-02   7.3023514727e+02  -1.3538852808e+06   1.8061012483e-01   4.7923211419e-01   7.7997072006e+04   4.2097745813e-05   2.1493948890e-10   1.6574635783e-10   9.1471432980e-02   1.6009407716e-08   3.9166349875e-02   6.3486054360e-06   3.3979376245e-11   1.3706947856e-12   3.6045240813e-05   1.7136367768e-02   9.4316427422e-03   1.3197003447e-01   2.3107353006e-10   1.1065660762e-04  -3.5209833036e-14   7.0282412400e-01
   7.4000000000e-02   5.3896422361e-02   7.2513559042e+02  -1.4092430903e+06   1.8476898008e-01   4.8173232346e-01   8.1271460223e+04   4.4938393162e-05   2.2515445899e-10   1.4643827383e-10   8.7201811440e-02   1.4860125723e-08   4.0463977847e-02   6.2866482727e-06   3.6162712444e-11   1.3765267048e-12   3.9054956093e-05   1.8927420478e-02   9.9473337346e-03   1.3431273010e-01   2.4740715212e-10   1.1441541401e-04   2.7651306702e-12   6.9991236789e-01
   7.8000000000e-02   5.6703790831e-02   7.2509025167e+02  -1.4558089301e+06   1.8859196752e-01   4.8086061418e-01   8.5766608004e+04   4.7786675821e-05   2.5280376074e-10   1.4853985211e-10   8.3171490473e-02   1.4127902232e-08   4.1691861176e-02   6.2791972028e-06   3.8905706929e-11   1.4070688576e-12   4.2052932666e-05   2.0778914975e-02   1.0444992059e-02   1.3640732761e-01   2.7189040832e-10   1.1782542080e-04   7.4817118504e-13   6.9699527239e-01
   8.2000000000e-02   5.9516728037e-02   7.3344861745e+02  -1.4896456872e+06   1.9210513602e-01   4.7446182867e-01   9.3262883338e+04   5.0630065986e-05   3.1403877021e-10   1.8433424338e-10   7.9364594301e-02   1.3971563682e-08   4.2852417385e-02   6.3323601454e-06   4.2875612801e-11   1.4892995464e-12   4.5028478214e-05   2.2687284603e-02   1.0924508461e-02   1.3827758010e-01   3.1508591419e-10   1.2092098963e-04   4.1627271248e-11   6.9407363377e-01
   8.6000000000e-02   6.2335418161e-02   7.5498756128e+02  -1.5048533677e+06   1.9533304514e-01   4.6001074594e-01   1.0338125074e+05   5.3450811295e-05   4.3203393421e-10   2.7937112309e-10   7.5766181282e-02   1.4595607080e-08   4.3947527285e-02   6.4453879898e-06   4.9167651164e-11   1.6641796488e-12   4.7974045909e-05   2.4648724714e-02   1.1385942299e-02   1.3994612474e-01   4.0011241822e-10   1.2372724863e-04   2.0461680010e-11   6.9114839972e-01
   9.0000000000e-02   6.5159640887e-02   7.8995312486e+02  -1.5006975388e+06   1.9829823469e-01   4.3875679307e-01   1.1807576716e+05   5.6229236093e-05   6.2600732061e-10   4.6875763815e-10   7.2362365427e-02   1.6019823063e-08   4.4978932746e-02   6.6078986461e-06   5.8765427275e-11   1.9619151662e-12   5.0886837088e-05   2.6659326706e-02   1.1829465117e-02   1.4143360759e-01   5.5301490901e-10   1.2625295135e-04   5.0316615263e-11   6.8822054496e-01
   9.4000000000e-02   6.7989303760e-02   8.2988268011e+02  -1.4872248488e+06   2.0102014312e-01   4.1678210688e-01   1.3537697683e+05   5.8953023944e-05   8.9307948412e-10   7.6965187066e-10   6.9140694717e-02   1.7909831725e-08   4.5949059342e-02   6.8012571971e-06   7.1773788761e-11   2.3681183118e-12   5.3770070791e-05   2.8715703770e-02   1.2255268140e-02   1.4275686262e-01   7.7874845832e-10   1.2848766452e-04   1.0653934658e-10   6.8529071760e-01
   9.8000000000e-02   7.0824784834e-02   8.6874231272e+02  -1.4719974223e+06   2.0351533841e-01   3.9730142392e-01   1.5154068221e+05   6.1620104782e-05   1.2127145227e-09   1.1636473527e-09   6.6090088771e-02   1.9984328485e-08   4.6861120690e-02   7.0043957629e-06   8.8154063401e-11   2.8644451316e-12   5.6630411714e-05   3.0815313704e-02   1.2663535306e-02   1.4392906231e-01   1.0704292713e-09   1.3041291241e-04  -4.4058212844e-12   6.8235911313e-01
   1.0200000000e-01   7.3666721429e-02   9.0488434259e+02  -1.4573519315e+06   2.0579864734e-01   3.8061784396e-01   1.6832463861e+05   6.4233004130e-05   1.5605466789e-09   1.6074782592e-09   6.3200436328e-02   2.2141612628e-08   4.7718494773e-02   7.1974704769e-06   1.0781999388e-10   3.4443920552e-12   5.9474077652e-05   3.2956138652e-02   1.3054478574e-02   1.4496144099e-01   1.4215478437e-09   1.3201273496e-04  -5.8739180391e-11   6.7942570186e-01
   1.0600000000e-01   7.6515778843e-02   9.3811875724e+02  -1.4438168625e+06   2.0788375118e-01   3.6633822136e-01   1.8391545693e+05   6.6794843535e-05   1.9137802286e-09   2.0503683801e-09   6.0462342053e-02   2.4343709664e-08   4.8524348084e-02   7.3646665734e-06   1.3064410892e-10   4.1044864190e-12   6.2304330167e-05   3.5136385301e-02   1.3428355406e-02   1.4586425285e-01   1.8234630605e-09   1.3327834993e-04  -3.7591547894e-11   6.7649041045e-01
   1.1000000000e-01   7.9372574944e-02   9.6861361098e+02  -1.4314389898e+06   2.0978335587e-01   3.5402579164e-01   1.9799712911e+05   6.9308310184e-05   2.2542480800e-09   2.4495550655e-09   5.7867038592e-02   2.6562009897e-08   4.9281569142e-02   7.4947964955e-06   1.5684138773e-10   4.8465898655e-12   6.5120440680e-05   3.7354385395e-02   1.3785464740e-02   1.4664701367e-01   2.2652086958e-09   1.3420854263e-04  -1.0969227730e-11   6.7355317683e-01
   1.1400000000e-01   8.2237665933e-02   9.9661417213e+02  -1.4201320780e+06   2.1150928186e-01   3.4331458498e-01   2.1044845625e+05   7.1775530381e-05   2.5700213219e-09   2.7783055385e-09   5.5406324350e-02   2.8765851305e-08   4.9992791179e-02   7.5808933739e-06   1.8623281918e-10   5.6647781465e-12   6.7917784752e-05   3.9608564196e-02   1.4126140495e-02   1.4731857465e-01   2.7347360396e-09   1.3480886202e-04   3.1264898613e-12   6.7061395928e-01
   1.1800000000e-01   8.5111541667e-02   1.0223710097e+03  -1.4097762624e+06   2.1307249922e-01   3.3391340913e-01   2.2126006880e+05   7.4198111194e-05   2.8550647603e-09   3.0259777010e-09   5.3072544915e-02   3.0929288595e-08   5.0660416343e-02   7.6197078312e-06   2.1916385620e-10   6.5615839502e-12   7.0688495322e-05   4.1897429944e-02   1.4450740834e-02   1.4788714393e-01   3.2197997918e-09   1.3509051150e-04   9.2900337254e-12   6.6767274095e-01
   1.2200000000e-01   8.7994621568e-02   1.0461144593e+03  -1.4002500160e+06   2.1448314444e-01   3.2559389582e-01   2.3042990018e+05   7.6577218451e-05   3.1075061087e-09   3.1936938558e-09   5.0858589501e-02   3.3029201371e-08   5.1286634022e-02   7.6111221667e-06   2.5554919516e-10   7.5319857402e-12   7.3422372280e-05   4.4219567725e-02   1.4759637182e-02   1.4836029601e-01   3.7090335269e-09   1.3506910604e-04   1.2230474559e-11   6.6472953576e-01
   1.2600000000e-01   9.0887275202e-02   1.0680444873e+03  -1.3914408382e+06   2.1575066363e-01   3.1817783313e-01   2.3803903797e+05   7.8913697931e-05   3.3279625915e-09   3.2893931164e-09   4.8757782073e-02   3.5046118849e-08   5.1873471486e-02   7.5575494551e-06   2.9528848389e-10   8.5705515862e-12   7.6107806661e-05   4.6573630061e-02   1.5053218208e-02   1.4874506024e-01   4.1922051625e-09   1.3476370821e-04   1.4207424817e-11   6.6178437043e-01
   1.3000000000e-01   9.3789828340e-02   1.0883348437e+03  -1.3832536349e+06   2.1688386060e-01   3.1152431594e-01   2.4416508033e+05   8.1208150257e-05   3.5181799177e-09   3.3237953450e-09   4.6763852296e-02   3.6962603138e-08   5.2422814067e-02   7.4633235719e-06   3.3822588774e-10   9.6705704607e-12   7.8732563889e-05   4.8958334236e-02   1.5331885057e-02   1.4904795333e-01   4.6604735437e-09   1.3419581467e-04   1.5999012067e-11   6.5883728117e-01
   1.3400000000e-01   9.6702572001e-02   1.1070641722e+03  -1.3757145790e+06   2.1789094345e-01   3.0554063283e-01   2.4886212424e+05   8.3461017605e-05   3.6799978531e-09   3.3072829490e-09   4.4870908912e-02   3.8749641384e-08   5.2936423582e-02   7.3341467335e-06   3.8403223795e-10   1.0820123347e-11   8.1284433154e-05   5.1372463592e-02   1.5596047256e-02   1.4927501160e-01   5.1055088380e-09   1.3338848105e-04   1.7777811783e-11   6.5588830940e-01
   1.3800000000e-01   9.9625793999e-02   1.1238621806e+03  -1.3695007039e+06   2.1877957543e-01   3.0026772107e-01   2.5209531349e+05   8.5672812143e-05   3.8146223019e-09   3.2471646490e-09   4.3073417151e-02   4.0311756699e-08   5.3415964185e-02   7.1766140035e-06   4.3157667419e-10   1.1980010045e-11   8.3751840489e-05   5.3814893959e-02   1.5846118778e-02   1.4943181965e-01   5.5154786213e-09   1.3236564110e-04   1.9520312973e-11   6.5293748828e-01
   1.4200000000e-01   1.0255983733e-01   1.1377953417e+03  -1.3661455406e+06   2.1955693523e-01   2.9589024225e-01   2.5375052672e+05   8.7844483422e-05   3.9229480106e-09   3.1482385285e-09   4.1366178481e-02   4.1465531959e-08   5.3863032723e-02   6.9977222353e-06   4.7846469572e-10   1.3066853203e-11   8.6124506016e-05   5.6284649803e-02   1.6082514523e-02   1.4952354350e-01   5.8746609052e-09   1.3115174340e-04   2.1125445867e-11   6.4998482048e-01
   1.4600000000e-01   1.0550511369e-01   1.1483298337e+03  -1.3666320315e+06   2.2022976582e-01   2.9247908701e-01   2.5382300333e+05   8.9977454884e-05   4.0069267197e-09   3.0178475846e-09   3.9744305522e-02   4.2083002002e-08   5.4279161476e-02   6.8041993658e-06   5.2232597167e-10   1.4002472787e-11   8.8394035656e-05   5.8780912249e-02   1.6305648790e-02   1.4955497810e-01   6.1748412644e-09   1.2977149860e-04   2.2492322720e-11   6.4703027806e-01
   1.5000000000e-01   1.0846204342e-01   1.1557003051e+03  -1.3707991240e+06   2.2080439174e-01   2.8991913187e-01   2.5248438867e+05   9.2073224440e-05   4.0697576190e-09   2.8662867225e-09   3.8203195055e-02   4.2171078218e-08   5.4665794319e-02   6.6018827018e-06   5.6195922616e-10   1.4755071301e-11   9.0554299613e-05   6.1302948240e-02   1.6515935138e-02   1.4953058906e-01   6.4185785466e-09   1.2824926768e-04   2.3578958574e-11   6.4407383067e-01
   1.5400000000e-01   1.1143099721e-01   1.1604643628e+03  -1.3779690575e+06   2.2128672671e-01   2.8803500381e-01   2.4998688439e+05   9.4133033215e-05   4.1149763693e-09   2.7034465522e-09   3.6738506517e-02   4.1812978691e-08   5.5024273294e-02   6.3954484788e-06   5.9709305313e-10   1.5327236587e-11   9.2601458732e-05   6.3850042305e-02   1.6713785630e-02   1.4945453475e-01   6.6130784144e-09   1.2660830781e-04   2.4392030334e-11   6.4111546844e-01
   1.5800000000e-01   1.1441227792e-01   1.1631777718e+03  -1.3874297984e+06   2.2168229020e-01   2.8666895218e-01   2.4657930960e+05   9.6157793687e-05   4.1457466293e-09   2.5369447479e-09   3.5346146173e-02   4.1107635270e-08   5.5355843792e-02   6.1884403787e-06   6.2787504328e-10   1.5735823077e-11   9.4533682718e-05   6.6421472383e-02   1.6899609249e-02   1.4933067937e-01   6.7658637095e-09   1.2487023571e-04   2.4959812260e-11   6.3815520655e-01
   1.6200000000e-01   1.1740612586e-01   1.1642946116e+03  -1.3985935347e+06   2.2199623156e-01   2.8569892210e-01   2.4247474983e+05   9.8148145096e-05   4.1646329352e-09   2.3719977767e-09   3.4022253690e-02   4.0143544038e-08   5.5661666615e-02   5.9834360599e-06   6.5458301660e-10   1.6001041375e-11   9.6350745644e-05   6.9016511563e-02   1.7073810167e-02   1.4916260664e-01   6.8833850339e-09   1.2305475863e-04   2.5316620086e-11   6.3519308098e-01
   1.6600000000e-01   1.2041272987e-01   1.1641628520e+03  -1.4110121041e+06   2.2223335669e-01   2.8503480483e-01   2.3784655738e+05   1.0010452795e-04   4.1736404927e-09   2.2119343993e-09   3.2763188834e-02   3.8992568211e-08   5.5942829636e-02   5.7822452341e-06   6.7751228164e-10   1.6142316024e-11   9.8053634412e-05   7.1634436134e-02   1.7236786345e-02   1.4895363618e-01   6.9708913344e-09   1.2117959570e-04   2.5496267955e-11   6.3222914263e-01
   1.7000000000e-01   1.2343223762e-01   1.1630445094e+03  -1.4243529441e+06   2.2239815333e-01   2.8461066613e-01   2.3283306458e+05   1.0202724453e-04   4.1743294802e-09   2.0587543942e-09   3.1565518933e-02   3.7710871540e-08   5.6200357024e-02   5.5860914765e-06   6.9692851341e-10   1.6176840156e-11   9.9644221912e-05   7.4274533172e-02   1.7388928385e-02   1.4870684068e-01   7.0326385055e-09   1.1926051308e-04   2.5527306826e-11   6.2926345263e-01
   1.7400000000e-01   1.2646476432e-01   1.1611369985e+03  -1.4383710642e+06   2.2249481517e-01   2.8437798119e-01   2.2754518254e+05   1.0391650436e-04   4.1679348874e-09   1.9135655516e-09   3.0426006504e-02   3.6341887004e-08   5.6435216548e-02   5.3957623958e-06   7.1307846079e-10   1.6119802313e-11   1.0112501155e-04   7.6936106453e-02   1.7530618686e-02   1.4842506343e-01   7.0721159612e-09   1.1731142292e-04   2.5436387452e-11   6.2629607858e-01
   1.7800000000e-01   1.2951039913e-01   1.1585902234e+03  -1.4528859696e+06   2.2252726376e-01   2.8430063845e-01   2.2207159615e+05   1.0577245486e-04   4.1554511216e-09   1.7768874127e-09   2.9341597509e-02   3.4918960741e-08   5.6648325223e-02   5.2117271934e-06   7.2617848905e-10   1.5984306809e-11   1.0249894472e-04   7.9618480172e-02   1.7662230801e-02   1.4811093528e-01   7.0922359621e-09   1.1534451381e-04   2.5245433279e-11   6.2332709205e-01
   1.8200000000e-01   1.3256921008e-01   1.1555192418e+03  -1.4677643267e+06   2.2249916866e-01   2.8435141407e-01   2.1648376241e+05   1.0759520227e-04   4.1376983664e-09   1.6488572338e-09   2.8309410197e-02   3.3467718099e-08   5.6840553820e-02   5.0342258884e-06   7.3642519851e-10   1.5781778574e-11   1.0376925656e-04   8.2321001210e-02   1.7784128977e-02   1.4776689067e-01   7.0954674205e-09   1.1337039439e-04   2.4973254915e-11   6.2035656678e-01
   1.8600000000e-01   1.3564124793e-01   1.1520134945e+03  -1.4829072168e+06   2.2241396585e-01   2.8450949193e-01   2.1083950476e+05   1.0938482620e-04   4.1153711019e-09   1.5293686152e-09   2.7326724606e-02   3.2007861031e-08   5.7012730581e-02   4.8633357384e-06   7.4400024053e-10   1.5522228081e-11   1.0493936890e-04   8.5043040415e-02   1.7896667823e-02   1.4739518262e-01   7.0839340488e-09   1.1139823937e-04   2.4636000792e-11   6.1738457739e-01
   1.9000000000e-01   1.3872654908e-01   1.1481436009e+03  -1.4982406706e+06   2.2227487461e-01   2.8475868675e-01   2.0518590531e+05   1.1114138945e-04   4.0890818841e-09   1.4181702052e-09   2.6390972675e-02   3.0554576220e-08   5.7165644351e-02   4.6990200379e-06   7.4907525339e-10   1.5214498214e-11   1.0601281047e-04   8.7783993106e-02   1.8000192097e-02   1.4699789677e-01   7.0594873716e-09   1.0943593136e-04   2.4247462609e-11   6.1441119852e-01
   1.9400000000e-01   1.4182513782e-01   1.1439664764e+03  -1.5137084643e+06   2.2208491300e-01   2.8508613290e-01   1.9956246966e+05   1.1286494434e-04   4.0594188567e-09   1.3149670351e-09   2.5499728973e-02   2.9119803110e-08   5.7300047259e-02   4.5411636100e-06   7.5182203323e-10   1.4866552049e-11   1.0699315559e-04   9.0543278988e-02   1.8095036575e-02   1.4657696422e-01   7.0237724101e-09   1.0749019520e-04   2.3819836869e-11   6.1143650418e-01
   1.9800000000e-01   1.4493702793e-01   1.1395292664e+03  -1.5292665068e+06   2.2184691200e-01   2.8548128908e-01   1.9401573755e+05   1.1455553623e-04   4.0270553046e-09   1.2197644847e-09   2.4650702030e-02   2.7716028078e-08   5.7416657067e-02   4.3895982043e-06   7.5247441877e-10   1.4486589456e-11   1.0788396972e-04   9.3320341567e-02   1.8181526009e-02   1.4613417338e-01   6.9783873532e-09   1.0556672289e-04   2.3366667177e-11   6.0846056743e-01
   2.0800000000e-01   1.5276510829e-01   1.1280637472e+03  -1.5682763650e+06   2.2114512705e-01   2.8658208301e-01   1.8042264894e+05   1.1869968214e-04   3.9418682999e-09   1.0092249571e-09   2.2628352895e-02   2.4441540596e-08   5.7665411783e-02   4.0259444239e-06   7.5062336865e-10   1.3510827756e-11   1.0989578038e-04   1.0030609757e-01   1.8377593032e-02   1.4498342255e-01   6.8482505183e-09   1.0084329538e-04   2.2271048628e-11   6.0101780050e-01
   2.2400000000e-01   1.6544713302e-01   1.1071420989e+03  -1.6306355760e+06   2.1939229909e-01   2.8907367050e-01   1.6045583366e+05   1.2471897530e-04   3.7667965228e-09   7.4845302029e-10   1.9954535353e-02   1.9645117249e-08   5.7814362191e-02   3.5333770694e-06   7.1882124644e-10   1.1653645536e-11   1.1187067922e-04   1.1170646682e-01   1.8574416187e-02   1.4287880174e-01   6.5392625129e-09   9.3869548038e-05   2.0235805120e-11   5.8909818723e-01
   2.4000000000e-01   1.7833907517e-01   1.0852783725e+03  -1.6918439300e+06   2.1713518260e-01   2.9193020983e-01   1.4286983314e+05   1.3021883292e-04   3.5739615392e-09   5.5836302331e-10   1.7737504344e-02   1.5644133963e-08   5.7750932071e-02   3.1152701814e-06   6.7002817193e-10   9.8122533985e-12   1.1281033471e-04   1.2333422611e-01   1.8671414996e-02   1.4058261670e-01   6.1841231752e-09   8.7580788679e-05   1.8265412246e-11   5.7716658826e-01
   2.5600000000e-01   1.9143822643e-01   1.0631545378e+03  -1.7516378185e+06   2.1447121107e-01   2.9499690514e-01   1.2764559691e+05   1.3520220944e-04   3.3725130507e-09   4.1961035940e-10   1.5892664830e-02   1.2385854063e-08   5.7504655618e-02   2.7590399889e-06   6.1135557703e-10   8.1130489434e-12   1.1289418439e-04   1.3516587339e-01   1.8683368874e-02   1.3814798437e-01   5.8114711687e-09   8.1989333967e-05   1.6421644966e-11   5.6522652263e-01
   2.7200000000e-01   2.0474124806e-01   1.0408985477e+03  -1.8104864795e+06   2.1147764327e-01   2.9825604610e-01   1.1456246084e+05   1.3967290075e-04   3.1677636318e-09   3.1757648413e-10   1.4351684857e-02   9.7574162617e-09   5.7100648669e-02   2.4542202659e-06   5.4757993817e-10   6.6031359361e-12   1.1227749969e-04   1.4718142628e-01   1.8623016048e-02   1.3561430565e-01   5.4363499791e-09   7.7058675400e-05   1.4724396966e-11   5.5328103825e-01
   2.8800000000e-01   2.1824449674e-01   1.0185003546e+03  -1.8689603086e+06   2.0821618763e-01   3.0172687143e-01   1.0334153873e+05   1.4363577965e-04   2.9630615967e-09   2.4186028695e-10   1.3059158078e-02   7.6490039220e-09   5.6560362892e-02   2.1919570593e-06   4.8229310454e-10   5.2964119455e-12   1.1109419746e-04   1.5936393634e-01   1.8501297875e-02   1.3301089108e-01   5.0665417697e-09   7.2727994126e-05   1.3191679024e-11   5.4133275099e-01
   3.0400000000e-01   2.3194411940e-01   9.9600600829e+02  -1.9274162065e+06   2.0473642539e-01   3.0541276715e-01   9.3693210119e+04   1.4709661458e-04   2.7606249351e-09   1.8517417388e-10   1.1970008725e-02   5.9686941635e-09   5.5902187552e-02   1.9647290357e-06   4.1839411386e-10   4.1920930635e-12   1.0945949617e-04   1.7169893629e-01   1.8327589699e-02   1.3035955152e-01   4.7059636997e-09   6.8926832613e-05   1.1834492234e-11   5.2938389964e-01
   3.2000000000e-01   2.4583595291e-01   9.7350024889e+02  -1.9860194637e+06   2.0107837706e-01   3.0930412078e-01   8.5339941046e+04   1.5006166625e-04   2.5619097178e-09   1.4237841830e-10   1.1047513416e-02   4.6388422937e-09   5.5141920211e-02   1.7662187143e-06   3.5803778294e-10   3.2786130292e-12   1.0747193629e-04   1.8417385052e-01   1.8109900507e-02   1.2767649467e-01   4.3561000182e-09   6.5583809580e-05   1.0649394819e-11   5.1743649783e-01
   3.3600000000e-01   2.5991543807e-01   9.5108562374e+02  -2.0448326180e+06   1.9727449444e-01   3.1338290511e-01   7.8029998365e+04   1.5253749806e-04   2.3678608949e-09   1.0981713307e-10   1.0261725674e-02   3.5935917566e-09   5.4293163438e-02   1.5912020590e-06   3.0265974678e-10   2.5373133881e-12   1.0521512234e-04   1.9677752220e-01   1.7855055121e-02   1.2497373838e-01   4.0170846463e-09   6.2631494817e-05   9.6209481892e-12   5.0549245503e-01
   3.5200000000e-01   2.7417783873e-01   9.2886037827e+02  -2.1038735965e+06   1.9335122868e-01   3.1762869481e-01   7.1544343531e+04   1.5453119688e-04   2.1790953982e-09   8.4865520067e-11   9.5880837313e-03   2.7771535534e-09   5.3367704836e-02   1.4354082216e-06   2.5305029105e-10   1.9456511660e-12   1.0275943628e-04   2.0950002125e-01   1.7568880248e-02   1.2226011240e-01   3.6884741284e-09   6.0008469902e-05   8.7260625158e-12   4.9355337115e-01
   3.6800000000e-01   2.8861830374e-01   9.0690375950e+02  -2.1631431734e+06   1.8933021105e-01   3.2202359304e-01   6.5699675811e+04   1.5605044345e-04   1.9960166980e-09   6.5621977224e-11   9.0063994696e-03   2.1427760523e-09   5.2375790312e-02   1.2953981425e-06   2.0947997517e-10   1.4800375576e-12   1.0016341059e-04   2.2233241740e-01   1.7256345950e-02   1.1954202435e-01   3.3697778898e-09   5.7660310205e-05   7.9385460844e-12   4.8162051990e-01
   3.8400000000e-01   3.0323188880e-01   8.8527586628e+02  -2.2226362191e+06   1.8522917662e-01   3.2655301863e-01   6.0347313804e+04   1.5710351176e-04   1.8189045633e-09   5.0698593122e-11   8.5000633494e-03   1.6519392486e-09   5.1326342561e-02   1.1684504247e-06   1.7184450640e-10   1.1179697118e-12   9.7474992111e-05   2.3526657250e-01   1.6921684885e-02   1.1682404566e-01   3.0608398446e-09   5.5539769935e-05   7.2328078337e-12   4.6969487960e-01
   4.0000000000e-01   3.1801357743e-01   8.6402018494e+02  -2.2823457309e+06   1.8106269327e-01   3.3120563189e-01   5.5370267928e+04   1.5769926538e-04   1.6479875143e-09   3.9074768087e-11   8.0554027857e-03   1.2733991190e-09   5.0227143873e-02   1.0524542500e-06   1.3979286483e-10   8.3925791563e-13   9.4732736414e-05   2.4829496595e-01   1.6568495686e-02   1.1410935444e-01   2.7620402546e-09   5.3606468535e-05   6.5863842895e-12   4.5777716125e-01
   4.1600000000e-01   3.3295830467e-01   8.4316655911e+02  -2.3422642222e+06   1.7684274159e-01   3.3597301949e-01   5.0679646332e+04   1.5784715281e-04   1.4835021730e-09   2.9993968061e-11   7.6611618177e-03   9.8214923826e-10   4.9084990067e-02   9.4581000930e-07   1.1282939132e-10   6.2655413813e-13   9.1966930791e-05   2.6141055002e-01   1.6199832493e-02   1.1140007188e-01   2.4743373029e-09   5.1826312086e-05   5.9813644172e-12   4.4586783433e-01
   4.3200000000e-01   3.4806098272e-01   8.2273389390e+02  -2.4023841754e+06   1.7257917791e-01   3.4084935124e-01   4.6211077705e+04   1.5755720123e-04   1.3257412917e-09   2.2890435454e-11   7.3080749781e-03   7.5839663257e-10   4.7905821205e-02   8.4733737461e-07   9.0389789093e-11   4.6542045880e-13   8.9200644430e-05   2.7460662544e-01   1.5818282376e-02   1.0869751712e-01   2.1991783371e-09   5.0170795677e-05   5.4049321021e-12   4.3396714964e-01
   4.4800000000e-01   3.6331652779e-01   8.0273242746e+02  -2.4626981840e+06   1.6828010516e-01   3.4583107573e-01   4.1921488745e+04   1.5684000937e-04   1.1750891953e-09   1.7336884051e-11   6.9885183933e-03   5.8661836753e-10   4.6694833195e-02   7.5619075103e-07   7.1894418638e-11   3.4413051786e-13   8.6450706511e-05   2.8787673167e-01   1.5426032138e-02   1.0600239982e-01   1.9383176876e-09   4.8616277256e-05   4.8492728191e-12   4.2207515846e-01
   4.6400000000e-01   3.7871989139e-01   7.8316558666e+02  -2.5231990041e+06   1.6395217186e-01   3.5091666631e-01   3.7786308272e+04   1.5570674067e-04   1.0320407802e-09   1.3006971565e-11   6.6962232669e-03   4.5473262218e-10   4.5456573261e-02   6.7178248684e-07   5.6783341166e-11   2.5334049478e-13   8.3728615870e-05   3.0121455281e-01   1.5024925905e-02   1.0331496595e-01   1.6935848796e-09   4.7143276676e-05   4.3110596377e-12   4.1019172862e-01
   4.8000000000e-01   3.9426609511e-01   7.6403148940e+02  -2.5838795809e+06   1.5960081342e-01   3.5610641319e-01   3.3796981303e+04   1.5416911845e-04   8.9719903936e-10   9.6482605269e-12   6.4260399206e-03   3.5339459499e-10   4.4195022086e-02   5.9371448939e-07   4.4537484371e-11   1.8571747411e-13   8.1041388294e-05   3.1461383380e-01   1.4616514714e-02   1.0063510750e-01   1.4666487452e-09   4.5735828757e-05   3.7906765032e-12   3.9831655722e-01
   4.9600000000e-01   4.0995026616e-01   7.4532415639e+02  -2.6447330697e+06   1.5523044677e-01   3.6140225525e-01   2.9958549605e+04   1.5223942401e-04   7.7124696518e-10   7.0627079647e-12   6.1737431513e-03   2.7541330340e-10   4.2913664924e-02   5.2171890658e-07   3.4689743711e-11   1.3557680580e-13   7.8392348381e-05   3.2806829970e-01   1.4202099119e-02   9.7962443304e-02   1.2588172556e-09   4.4380904117e-05   3.2912846467e-12   3.8644917941e-01
   5.1200000000e-01   4.2576768020e-01   7.2703448838e+02  -2.7057528644e+06   1.5084462869e-01   3.6680764361e-01   2.6287002077e+04   1.4993049506e-04   6.5489286332e-10   5.0926354905e-12   5.9358714294e-03   2.1527776875e-10   4.1615552727e-02   4.5560823227e-07   2.6829120413e-11   9.8555260137e-14   7.5781871034e-05   3.4157158600e-01   1.3782765764e-02   9.5296379699e-02   1.0709004013e-09   4.3067902866e-05   2.8178068298e-12   3.7458897526e-01
   5.2800000000e-01   4.4171380643e-01   7.0915105455e+02  -2.7669326284e+06   1.4644618394e-01   3.7232743187e-01   2.2806171846e+04   1.4725572961e-04   5.4879400355e-10   3.6107463938e-12   5.7095937376e-03   1.6877794827e-10   4.0303355366e-02   3.9523473151e-07   2.0600295731e-11   7.1330954479e-14   7.3208074529e-05   3.5511716948e-01   1.3359418756e-02   9.2636154085e-02   9.0314735258e-10   4.1788218314e-05   2.3758991231e-12   3.6273517360e-01
   5.4400000000e-01   4.5778435384e-01   6.9166072695e+02  -2.8282663265e+06   1.4203730790e-01   3.7796778991e-01   1.9544129892e+04   1.4422909370e-04   4.5346973968e-10   2.5131440801e-12   5.4925993172e-03   1.3270522587e-10   3.8979408053e-02   3.4045885784e-07   1.5700422705e-11   5.1391622048e-14   7.0667462878e-05   3.6869829394e-01   1.2932806472e-02   8.9980864283e-02   7.5525397199e-10   4.0534865841e-05   1.9709891102e-12   3.5088685240e-01
   5.6000000000e-01   4.7397532606e-01   6.7454919263e+02  -2.8897482679e+06   1.3761965034e-01   3.8373613561e-01   1.6529249216e+04   1.4086512933e-04   3.6921949692e-10   1.7145383273e-12   5.2830062412e-03   1.0461815689e-10   3.7645751377e-02   2.9112604267e-07   1.1874401084e-11   3.6847733389e-14   6.8155509224e-05   3.8230790244e-01   1.2503544489e-02   8.7329489342e-02   6.2642590295e-10   3.9302171051e-05   1.6074670669e-12   3.3904293842e-01
   5.7600000000e-01   4.9028307963e-01   6.5780136691e+02  -2.9513731516e+06   1.3319438212e-01   3.8964108274e-01   1.3786341500e+04   1.3717896752e-04   2.9606212151e-10   1.1449778949e-12   5.0792855222e-03   8.2660784127e-11   3.6304166320e-02   2.4705115169e-07   8.9095014419e-12   2.6284692767e-14   6.5667169549e-05   3.9593856366e-01   1.2072135152e-02   8.4680901678e-02   5.1547730218e-10   3.8085509098e-05   1.2881109081e-12   3.2720220454e-01
   5.9200000000e-01   5.0670438575e-01   6.4140172687e+02  -3.0131361129e+06   1.2876224716e-01   3.9569240280e-01   1.1333381872e+04   1.3318634620e-04   2.3370929467e-10   7.4756307371e-13   4.8801981235e-03   6.5422672628e-11   3.4956204966e-02   2.0800989598e-07   6.6299000335e-12   1.8647678402e-14   6.3197315233e-05   4.0958238776e-01   1.1638984183e-02   8.2033871668e-02   4.2094533683e-10   3.6881088006e-05   1.0137971253e-12   3.1536326424e-01
   6.0800000000e-01   5.2323650114e-01   6.2533458254e+02  -3.0750327797e+06   1.2432360342e-01   4.0190099687e-01   9.1792604005e+03   1.2890367024e-04   1.8157728290e-10   4.7670516303e-13   4.6847426390e-03   5.1831638148e-11   3.3603217202e-02   1.7373630522e-07   4.8914620217e-12   1.3152953740e-14   6.0741075032e-05   4.2323093947e-01   1.1204414830e-02   7.9387067714e-02   3.4120387103e-10   3.5685769470e-05   7.8349975989e-13   3.0352456547e-01
   6.2400000000e-01   5.3987724748e-01   6.0958430258e+02  -3.1370593324e+06   1.1987845444e-01   4.0827887191e-01   7.3226275222e+03   1.2434827604e-04   1.3882791122e-10   2.9661976630e-13   4.4921117311e-03   4.1071803679e-11   3.2246374506e-02   1.4392507342e-07   3.5769509691e-12   9.2201723027e-15   5.8294082619e-05   4.3687514245e-01   1.0768679873e-02   7.6739051785e-02   2.7456374096e-10   3.4496919407e-05   5.9451162607e-13   2.9168438249e-01
   6.4000000000e-01   5.5662510064e-01   5.9413549288e+02  -3.1992125740e+06   1.1542646868e-01   4.1483913008e-01   5.7524757211e+03   1.1953814770e-04   1.0444591568e-10   1.7994682888e-13   4.3016562452e-03   3.2521304727e-11   3.0886689349e-02   1.1823849289e-07   2.5917593169e-12   6.4210698224e-15   5.5852632763e-05   4.5050516947e-01   1.0331971538e-02   7.4088269649e-02   2.1935611064e-10   3.3312290448e-05   4.4288109778e-13   2.7984080479e-01
   6.5600000000e-01   5.7347929031e-01   5.7897314808e+02  -3.2614900079e+06   1.1096699155e-01   4.2159595871e-01   4.4495485758e+03   1.1449194857e-04   7.7318926285e-11   1.0635653047e-13   4.1128552629e-03   2.5704890568e-11   2.9525032989e-02   9.6315751253e-08   1.8601534926e-12   4.4407575680e-15   5.3413753580e-05   4.6411031380e-01   9.8944298907e-03   7.1433036723e-02   1.7399315368e-10   3.2129921302e-05   3.2388774535e-13   2.6799172452e-01
   6.7200000000e-01   5.9043991423e-01   5.6408278061e+02  -3.3238899198e+06   1.0649904845e-01   4.2856462006e-01   3.3884820425e+03   1.0922906227e-04   5.6315666306e-11   6.1202472024e-14   3.9252912464e-03   2.0257997207e-11   2.8162150949e-02   7.7783550669e-08   1.3220218305e-12   3.0486355302e-15   5.0975209550e-05   4.7767883649e-01   9.4561497749e-03   6.8771518667e-02   1.3700858217e-10   3.0948053009e-05   2.3250808639e-13   2.5613482102e-01
   6.8800000000e-01   6.0750807227e-01   5.4945053267e+02  -3.3864114730e+06   1.0202133931e-01   4.3576143731e-01   2.5402179890e+03   1.0376964065e-04   4.0351485596e-11   3.4268025947e-14   3.7386294293e-03   1.5899563005e-11   2.6798676269e-02   6.2266864089e-08   9.3008181038e-13   2.0765892866e-15   4.8535451708e-05   4.9119778921e-01   9.0171864729e-03   6.6101706929e-02   1.0708054987e-10   2.9765058489e-05   1.6380695595e-13   2.4426754246e-01
   7.0400000000e-01   6.2468602540e-01   5.3506327591e+02  -3.4490548183e+06   9.7532223515e-02   4.4320377247e-01   1.8743076049e+03   9.8134664121e-05   2.8435701977e-11   1.8658436397e-14   3.5526007238e-03   1.2411514106e-11   2.5435140778e-02   4.9398825460e-08   6.4749890465e-13   1.4026781366e-15   4.6093531800e-05   5.0465280378e-01   8.5775602144e-03   6.3421387858e-02   8.3040549782e-11   2.8579381657e-05   1.1322232264e-13   2.3238708385e-01
   7.2000000000e-01   6.4197738540e-01   5.2090870197e+02  -3.5118212186e+06   9.3029692722e-02   4.5090999136e-01   1.3608462844e+03   9.2346020956e-05   1.9699821642e-11   9.8741988575e-15   3.3669875325e-03   9.6233343500e-12   2.4071984644e-02   3.8829090810e-08   4.4587044996e-13   9.3895246758e-16   4.3648995659e-05   5.1802783243e-01   8.1372595792e-03   6.0728102477e-02   6.3872094204e-11   2.7389482220e-05   7.6739035111e-14   2.2049035822e-01
   7.3600000000e-01   6.5938734874e-01   5.0697540812e+02  -3.5747132011e+06   8.8511331081e-02   4.5889940685e-01   9.7191110958e+02   8.6426601869e-05   1.3408863975e-11   5.0766195993e-15   3.1816119653e-03   7.4005027661e-12   2.2709563966e-02   3.0230294041e-08   3.0353103235e-13   6.2237256066e-16   4.1201768207e-05   5.3130483954e-01   7.6962439115e-03   5.8019096602e-02   4.8702600130e-11   2.6193783598e-05   5.0965433230e-14   2.0857396213e-01
   7.5200000000e-01   6.7692298799e-01   4.9325298047e+02  -3.6377347426e+06   8.3974259642e-02   4.6719219130e-01   6.8248426288e+02   8.0400414436e-05   8.9597194379e-12   2.5347806096e-15   2.9963260158e-03   5.6358633134e-12   2.1348156420e-02   2.3302496041e-08   2.0414014219e-13   4.0805637005e-16   3.8752039133e-05   5.4446343203e-01   7.2544447599e-03   5.5291258047e-02   3.6791276097e-11   2.4990620568e-05   3.3136093643e-14   1.9663413298e-01
   7.6800000000e-01   6.9459361913e-01   4.7973207513e+02  -3.7008914963e+06   7.9415058706e-02   4.7580924693e-01   4.7092039099e+02   7.4292729364e-05   5.8708538761e-12   1.2288440087e-15   2.8110032933e-03   4.2432071181e-12   1.9987964963e-02   1.7775740887e-08   1.3551670279e-13   2.6427626458e-16   3.6300155491e-05   5.5748040222e-01   6.8117662535e-03   5.2541034760e-02   2.7515115911e-11   2.3778182168e-05   2.1065642615e-14   1.8466669330e-01
   7.8400000000e-01   7.1241127373e-01   4.6640449730e+02  -3.7641910742e+06   7.4829660723e-02   4.8477201895e-01   3.1905349796e+02   6.8130265512e-05   3.7672068604e-12   5.7835844923e-16   2.6255319524e-03   3.1525140001e-12   1.8629119226e-02   1.3410976520e-08   8.8688267473e-14   1.6876866544e-16   3.3846524293e-05   5.7032916062e-01   6.3680842916e-03   4.9764326940e-02   2.0354467066e-11   2.2554445153e-05   1.3075474741e-14   1.7266697710e-01
   8.0000000000e-01   7.3039131860e-01   4.5326327748e+02  -3.8276434109e+06   7.0213204618e-02   4.9410223102e-01   2.1204758908e+02   6.1941416172e-05   2.3632631626e-12   2.6426760744e-16   2.4398084999e-03   2.3064297716e-12   1.7271673955e-02   9.9996539315e-09   5.7125284867e-14   1.0602790057e-16   3.1391525991e-05   5.8297904112e-01   5.9232443935e-03   4.6956344853e-02   1.4879109771e-11   2.1317092626e-05   7.9100207187e-15   1.6062973367e-01
   8.1600000000e-01   7.4855328249e-01   4.4030273875e+02  -3.8912612336e+06   6.5559833215e-02   5.0382152006e-01   1.3808629873e+02   5.5756537777e-05   1.4463458815e-12   1.1723613247e-16   2.2537321050e-03   1.6576567905e-12   1.5915603725e-02   7.3623319932e-09   3.6132749799e-14   6.5335777730e-17   2.8935437707e-05   5.9539443016e-01   5.4770577743e-03   4.4111415178e-02   1.0735377447e-11   2.0063408472e-05   4.6538293341e-15   1.4854899601e-01
   8.3200000000e-01   7.6692198334e-01   4.2751854323e+02  -3.9550606772e+06   6.0862405661e-02   5.1395094292e-01   8.7978683049e+01   4.9608325962e-05   8.6135984545e-13   5.0493413140e-17   2.0671989893e-03   1.1670138093e-12   1.4560792533e-02   5.3466024094e-09   2.2374805151e-14   3.9338549254e-17   2.6478363229e-05   6.0753365767e-01   5.0292949518e-03   4.1222709851e-02   7.6345718053e-12   1.8790133716e-05   2.6561286198e-15   1.3641789533e-01
   8.4800000000e-01   7.8552910407e-01   4.1490769811e+02  -4.0190621089e+06   5.6112083718e-02   5.2451032151e-01   5.4738064828e+01   4.3532299717e-05   4.9758618919e-13   2.1105746330e-17   1.8800963947e-03   8.0198161644e-13   1.3207015725e-02   3.8245999214e-09   1.3508576514e-14   2.3028420485e-17   2.4020165122e-05   6.1934759049e-01   4.5796758910e-03   3.8281859802e-02   5.3427403260e-12   1.7493264731e-05   1.4660809931e-15   1.2422839662e-01
   8.6400000000e-01   8.0441545455e-01   4.0246848086e+02  -4.0832912442e+06   5.1297718725e-02   5.3551739655e-01   3.3172635031e+01   3.7567440817e-05   2.7770538474e-13   8.5521344324e-18   1.6922953682e-03   5.3559770580e-13   1.1853910208e-02   2.6903098333e-09   7.9069848925e-15   1.3021448814e-17   2.1560391594e-05   6.3077782444e-01   4.1278548515e-03   3.5278386224e-02   3.6717724988e-12   1.6167758029e-05   7.7964386103e-16   1.1197090903e-01
   8.8000000000e-01   8.2363432572e-01   3.9020020300e+02  -4.1477806765e+06   4.6404908061e-02   5.4698677850e-01   1.9511627376e+01   3.1757067945e-05   1.4896522210e-13   3.3511048117e-18   1.5036411230e-03   3.4559881676e-13   1.0500925721e-02   1.8568385910e-09   4.4524033163e-15   7.0503243236e-18   1.9098186110e-05   6.4175431444e-01   3.6733966362e-03   3.2198828636e-02   2.4717129163e-12   1.4807078574e-05   3.9754734615e-16   9.9633687879e-02
   8.9600000000e-01   8.4325666143e-01   3.7810265490e+02  -4.2125719982e+06   4.1414483177e-02   5.5892873679e-01   1.1079593335e+01   2.6150056806e-05   7.6269877463e-14   1.2638668161e-18   1.3139388692e-03   2.1373735002e-13   9.1472441349e-03   1.2537668334e-09   2.3855655451e-15   3.6110995797e-18   1.6632159476e-05   6.5219223845e-01   3.2157383553e-03   2.9025350630e-02   1.6241653468e-12   1.3402476375e-05   1.9315179200e-16   8.7201882408e-02
   9.1200000000e-01   8.6337942965e-01   3.6617488934e+02  -4.2777187659e+06   3.6299953858e-02   5.7134803902e-01   6.0233464333e+00   2.0802606766e-05   3.6908261985e-14   4.5497109150e-19   1.1229310741e-03   1.2521827114e-13   7.7916409266e-03   8.2466269850e-10   1.1966575721e-15   1.7188385249e-18   1.4160186038e-05   6.6198778203e-01   2.7541251112e-03   2.5733385213e-02   1.0366562218e-12   1.1941760072e-05   8.8634654470e-17   7.4655941614e-02
   9.2800000000e-01   8.8414005904e-01   3.5441253829e+02  -4.3432906258e+06   3.1022875357e-02   5.8424355832e-01   3.0908470095e+00   1.5780931639e-05   1.6631507116e-14   1.5405838587e-19   9.3025764586e-04   6.8218864607e-14   6.4322324579e-03   5.2480473940e-10   5.4792089903e-16   7.3939640106e-19   1.1679043973e-05   6.7101234767e-01   2.2874948791e-03   2.2287367089e-02   6.3783284735e-13   1.0407061720e-05   3.7909553840e-17   6.1968765134e-02
   9.4400000000e-01   9.0574355718e-01   3.4280159469e+02  -4.4093788633e+06   2.5523647108e-02   5.9761091083e-01   1.4579624235e+00   1.1165618197e-05   6.8078004806e-15   4.7785066483e-20   7.3537912830e-04   3.3465822252e-14   5.0659771378e-03   3.1913802038e-10   2.1928869600e-16   2.7387151200e-19   9.1837124324e-06   6.7910442354e-01   1.8142543665e-03   1.8632249985e-02   3.7338311913e-13   8.7703619821e-06   1.4783474178e-17   4.9100157612e-02
   9.6000000000e-01   9.2852008401e-01   3.3130246606e+02  -4.4761027808e+06   1.9700737238e-02   6.1145584390e-01   5.9721451918e-01   7.0593154012e-06   2.4145093632e-15   1.2874092858e-20   5.3740856369e-04   1.3853559891e-14   3.6875665920e-03   1.8046579768e-10   7.0513961153e-17   7.9261547643e-20   6.6658141537e-06   6.8605786449e-01   1.3317865117e-03   1.4674324819e-02   2.0257127297e-13   6.9832817735e-06   5.0414159980e-18   3.5984644106e-02
   9.7600000000e-01   9.5307250354e-01   3.1980133433e+02  -4.5436106379e+06   1.3353825242e-02   6.2584968181e-01   1.8193365748e-01   3.6019859776e-06   6.6365099375e-16   2.6447943499e-21   3.3466821748e-04   4.0954079012e-15   2.2864646072e-03   8.7846782816e-11   1.4890857484e-17   1.3977390889e-20   4.1094697431e-06   6.9160475424e-01   8.3514978230e-04   1.0228608867e-02   9.5273099687e-14   4.9487816412e-06   1.3645440405e-18   2.2499305028e-02
   9.9200000000e-01   9.8079852356e-01   3.0790792941e+02  -4.6120249926e+06   5.9689752868e-03   6.4120323853e-01   1.9759694185e-02   1.0060929443e-06   9.2434224898e-17   2.4539953729e-22   1.2309400660e-04   4.0731792016e-16   8.3609402121e-04   2.5029079245e-11   9.8438831353e-19   4.9229052074e-22   1.4762604084e-06   6.9539355812e-01   3.1238951124e-04   4.8194856614e-03   2.9259984165e-14   2.4124609759e-06   2.0949420528e-19   8.3479942958e-03
   1.0000000000e+00   1.0000000000e+00   3.0000000000e+02  -4.6458568819e+06   0.0000000000e+00   6.5169855213e-01   0.0000000000e+00   0.0000000000e+00   0.0000000000e+00   0.0000000000e+00   0.0000000000e+00   0.0000000000e+00   0.0000000000e+00   0.0000000000e+00   0.0000000000e+00   0.0000000000e+00   0.0000000000e+00   1.0000000000e+00   0.0000000000e+00   0.0000000000e+00   0.0000000000e+00   0.0000000000e+00   0.0000000000e+00   0.0000000000e+00