# L (m)  = 1
# P (Pa) = 101325
#             001_x           002_mixf              003_T              004_h             005_pv        006_density        007_hr             008_H2              009_H              010_O             011_O2             012_OH            013_H2O            014_HO2            015_CH2         016_CH2(S)            017_CH3            018_CH4             019_CO            020_CO2            021_HCO           022_CH2O          023_CH2OH             024_N2
                  0   0.0000000000e+00   3.0000000000e+02   1.9075768848e+03   0.0000000000e+00   1.1719839921e+00   0.0000000000e+00   0.0000000000e+00   0.0000000000e+00   0.0000000000e+00   2.3300000000e-01   0.0000000000e+00   0.0000000000e+00   0.0000000000e+00   0.0000000000e+00   0.0000000000e+00   0.0000000000e+00   0.0000000000e+00   0.0000000000e+00   0.0000000000e+00   0.0000000000e+00   0.0000000000e+00   0.0000000000e+00   7.6700000000e-01
   2.0000000000e-03   1.2043737804e-03   3.6599255287e+02  -6.0666656399e+04   1.3539402570e-02   9.6338596109e-01   8.7822849529e+01   5.2942554023e-07   2.9948941134e-14   2.7076349065e-09   2.2567288291e-01   1.3846115084e-09   1.6698854796e-03   3.8494443032e-07   4.8332732757e-15   3.1653262133e-16   7.8434782406e-08   2.4157176339e-05   1.0919533634e-04   1.1759792329e-02   1.4082316284e-14   5.4906284432e-07   1.5763887706e-18   7.5020709333e-01
   6.0000000000e-03   4.7019168066e-03   4.5045509398e+02  -1.5777445072e+05   3.2644906579e-02   7.8454552255e-01   5.4142687604e+02   1.5407846866e-06   1.9266979304e-13   6.2013421868e-10   2.1316911672e-01   2.0624605362e-09   4.6305642288e-03   1.3470163453e-06   5.0684248323e-14   3.8430809816e-15   6.8315108663e-07   2.5977689809e-04   4.6710827994e-04   2.7545693286e-02   1.8468117618e-13   4.5736073739e-06   5.1192519466e-17   7.4781594983e-01
   1.0000000000e-02   7.9511658527e-03   5.1307211597e+02  -2.4548947463e+05   4.8481602289e-02   6.8970315643e-01   1.7540555857e+03   2.7558203738e-06   9.0488605938e-13   1.4026673283e-10   2.0203000120e-01   4.6983244081e-09   7.3725160479e-03   2.1337578871e-06   2.4621248320e-13   1.9603256258e-14   1.5886663746e-06   6.8998853166e-04   9.1337026270e-04   4.0192960158e-02   1.0547089908e-12   1.0647314368e-05   4.6012457224e-16   7.4521579524e-01
   1.4000000000e-02   1.1067529167e-02   5.6106092301e+02  -3.2865268258e+05   6.2276412093e-02   6.3117550557e-01   3.9072412377e+03   4.1024460856e-06   3.0954818054e-12   3.7456716194e-11   1.9190739918e-01   7.8769801709e-09   9.9243839468e-03   2.7470945471e-06   6.8291947581e-13   5.4807595314e-14   2.7150352700e-06   1.2878064007e-03   1.4107252896e-03   5.0937200410e-02   3.2627706968e-12   1.7861035283e-05   1.9081838794e-15   7.4253075846e-01
   1.8000000000e-02   1.4097628030e-02   5.9788497903e+02  -4.0912136511e+05   7.4556177248e-02   5.9249232310e-01   6.8649214862e+03   5.5429632667e-06   7.2103399384e-12   2.1229579818e-11   1.8261022086e-01   1.0633134265e-08   1.2310306923e-02   3.2069867452e-06   1.3610759151e-12   1.0775846698e-13   4.0219444566e-06   2.0326669854e-03   1.9377606759e-03   6.0302566686e-02   6.9926736069e-12   2.5641341409e-05   5.0397025084e-15   7.3979773228e-01
   2.2000000000e-02   1.7066657602e-02   6.2570736389e+02  -4.8780011251e+05   8.5620167214e-02   5.6614724806e-01   1.0374916973e+04   7.0554474549e-06   1.2991249033e-11   2.7269842922e-11   1.7401150185e-01   1.2621851799e-08   1.4549662663e-02   3.5342137913e-06   2.2340974188e-12   1.7224891992e-13   5.4819648967e-06   2.9086187735e-03   2.4809874248e-03   6.8582461679e-02   1.2063921371e-11   3.3610308203e-05   1.0130842545e-14   7.3703249000e-01
   2.6000000000e-02   1.9990536443e-02   6.4606084222e+02  -5.6518116017e+05   9.5665896715e-02   5.4816686293e-01   1.4160858563e+04   8.6261053079e-06   1.9742507454e-11   3.8461802203e-11   1.6601844141e-01   1.3836832380e-08   1.6658102622e-02   3.7489760926e-06   3.2435816102e-12   2.4147497116e-13   7.0725529437e-06   3.9028763765e-03   3.0313882569e-03   7.5967779731e-02   1.8137498413e-11   4.1514899182e-05   1.7021339812e-14   7.3424323633e-01
   3.0000000000e-02   2.2880314108e-02   6.6008344382e+02  -6.4157313977e+05   1.0483585519e-01   5.3626045277e-01   1.7962379202e+04   1.0245791246e-05   2.6628096220e-11   4.8080826405e-11   1.5855932772e-01   1.4391024638e-08   1.8648457641e-02   3.8704751711e-06   4.3318888625e-12   3.0952012894e-13   8.7735675348e-06   5.0049230921e-03   3.5826977388e-03   8.2594454018e-02   2.4817510736e-11   4.9187986628e-05   2.5184386706e-14   7.3143482702e-01
   3.4000000000e-02   2.5744149764e-02   6.6865755724e+02  -7.1717988419e+05   1.1323889392e-01   5.2902393815e-01   2.1553766469e+04   1.1908242354e-05   3.2859197370e-11   5.2967036777e-11   1.5157667547e-01   1.4418082619e-08   2.0531410196e-02   3.9166125918e-06   5.4446045525e-12   3.7165211606e-13   1.0566426485e-05   6.2059341946e-03   4.1304496204e-03   8.8565125858e-02   3.1681911694e-11   5.6523998618e-05   3.3851007168e-14   7.2861041974e-01
   3.8000000000e-02   2.8588337651e-02   6.7249375516e+02  -7.9213423373e+05   1.2096151069e-01   5.2555918263e-01   2.4753828416e+04   1.3609100113e-05   3.7789469887e-11   5.2242104653e-11   1.4502317259e-01   1.4039810638e-08   2.2315980109e-02   3.9038712516e-06   6.5307210878e-12   4.2429005921e-13   1.2433774476e-05   7.4983882977e-03   4.6714075594e-03   9.3960513919e-02   3.8296913556e-11   6.3462194860e-05   4.2152859747e-14   7.2577222305e-01
   4.2000000000e-02   3.1417895240e-02   6.7218780528e+02  -8.6651042544e+05   1.2807443346e-01   5.2527248833e-01   2.7431522450e+04   1.5345329474e-05   4.0956735271e-11   4.6615185077e-11   1.3885909047e-01   1.3359610167e-08   2.4009877262e-02   3.8473524006e-06   7.5431048006e-12   4.6493492843e-13   1.4359331904e-05   8.8757949677e-03   5.2032051241e-03   9.8846005747e-02   4.4239176507e-11   6.9974444732e-05   4.9257258258e-14   7.2292187388e-01
   4.6000000000e-02   3.4236927267e-02   6.6826751253e+02  -9.4032027408e+05   1.3463677259e-01   5.2775425697e-01   2.9509513728e+04   1.7114844637e-05   4.2097819712e-11   3.7650700258e-11   1.3305052758e-01   1.2464393421e-08   2.5619760256e-02   3.7608975933e-06   8.4398614881e-12   4.9213132574e-13   1.6327824778e-05   1.0332496221e-02   5.7241082145e-03   1.0327578927e-01   4.9130644367e-11   7.6055975269e-05   5.4475275898e-14   7.2006064433e-01
   5.0000000000e-02   3.7048863745e-02   6.6124117351e+02  -1.0134913161e+06   1.4069879913e-01   5.3269197383e-01   3.0967252265e+04   1.8916239127e-05   4.1153716922e-11   2.7144231956e-11   1.2756816709e-01   1.1428732575e-08   2.7151426099e-02   3.6572342830e-06   9.1868673377e-12   5.0547371691e-13   1.8324966895e-05   1.1863517400e-02   6.2328529324e-03   1.0729560386e-01   5.2684030442e-11   8.1718230787e-05   5.7337256080e-14   7.1718956351e-01
   5.4000000000e-02   3.9856621330e-02   6.5165764033e+02  -1.0858218036e+06   1.4630390889e-01   5.3978714600e-01   3.1844799338e+04   2.0748549556e-05   3.8278918966e-11   1.6724477458e-11   1.2238636206e-01   1.0319256701e-08   2.8609948721e-02   3.5481067995e-06   9.7618033605e-12   5.0565919749e-13   2.0337483943e-05   1.3464449558e-02   6.7285322430e-03   1.1094467937e-01   5.4755046566e-11   8.6983325497e-05   5.7644121814e-14   7.1430949482e-01
   5.8000000000e-02   4.2662712991e-02   6.4018424805e+02  -1.1569089854e+06   1.5149007662e-01   5.4865501456e-01   3.2247805617e+04   2.2610994875e-05   3.3866309786e-11   7.6679913716e-12   1.1748244137e-01   9.1984756666e-09   2.9999776316e-02   3.4443681186e-06   1.0159953280e-11   4.9457252476e-13   2.2353172682e-05   1.5131351121e-02   7.2105153298e-03   1.1425717398e-01   5.5395779740e-11   9.1879740149e-05   5.5515620851e-14   7.1142118982e-01
   6.2000000000e-02   4.5469317757e-02   6.2769782984e+02  -1.2260583309e+06   1.5629098694e-01   5.5869675392e-01   3.2351870996e+04   2.4502633049e-05   2.8585022073e-11   8.3067256290e-13   1.1283616522e-01   8.1271233843e-09   3.1324796022e-02   3.3560134241e-06   1.0401336916e-11   4.7534655035e-13   2.4360983702e-05   1.6860657148e-02   7.6783897130e-03   1.1726329857e-01   5.4898132817e-11   9.6439035110e-05   5.1459553876e-14   7.0852533045e-01
   6.6000000000e-02   4.8278314955e-02   6.1536269058e+02  -1.2922043478e+06   1.6073693346e-01   5.6895992053e-01   3.2403810512e+04   2.6421899615e-05   2.3397811093e-11  -3.3903555374e-12   1.0842929393e-01   7.1640275380e-09   3.2588374744e-02   3.2921447729e-06   1.0537337624e-11   4.5229052760e-13   2.6351110997e-05   1.8649088502e-02   8.1319190363e-03   1.1999021778e-01   5.3809770833e-11   1.0069341301e-04   4.6447315553e-14   7.0562256484e-01
   7.0000000000e-02   5.1091285190e-02   6.0465773092e+02  -1.3538852808e+06   1.6485552704e-01   5.7803774481e-01   3.2695922393e+04   2.8366038144e-05   1.9501186483e-11  -5.0591064994e-12   1.0424524811e-01   6.3639004203e-09   3.3793389298e-02   3.2608777144e-06   1.0654782060e-11   4.3063893417e-13   2.8315066359e-05   2.0493555893e-02   8.5710111532e-03   1.2246276055e-01   5.2919354190e-11   1.0467401452e-04   4.1047026979e-14   7.0271353838e-01
   7.4000000000e-02   5.3909483191e-02   5.9737483234e+02  -1.4092430903e+06   1.6867222853e-01   5.8403914595e-01   3.3546909569e+04   3.0330476008e-05   1.8194555939e-11  -4.5717689456e-12   1.0026884815e-01   5.7770895725e-09   3.4942257973e-02   3.2692134595e-06   1.0879148672e-11   4.1633868794e-13   3.0245715855e-05   2.2391059501e-02   8.9956926032e-03   1.2470394748e-01   5.3269461237e-11   1.0840983979e-04   4.9032696836e-14   6.9979891806e-01
   7.8000000000e-02   5.6733784044e-02   5.9579139530e+02  -1.4558089304e+06   1.7221076484e-01   5.8450872204e-01   3.5283757384e+04   3.2308114670e-05   2.0924670372e-11  -2.2847304566e-12   9.6486104885e-02   5.4587086231e-09   3.6036964696e-02   3.3228395629e-06   1.1386429263e-11   4.1650623777e-13   3.2137257227e-05   2.4338576846e-02   9.4060885336e-03   1.2673540350e-01   5.6373489274e-11   1.1192719559e-04   4.6470034546e-14   6.9687941452e-01
   8.2000000000e-02   5.9564585171e-02   6.0336959148e+02  -1.4896456872e+06   1.7549355280e-01   5.7606926977e-01   3.8310967390e+04   3.4288253903e-05   3.0013709871e-11   2.2067264348e-12   9.2884013066e-02   5.4890065114e-09   3.7079034476e-02   3.4256545014e-06   1.2426340613e-11   4.4102000050e-13   3.3985130636e-05   2.6332907304e-02   9.8024109252e-03   1.2857781914e-01   6.4946715892e-11   1.1524947597e-04   2.5298169784e-13   6.9395581649e-01
   8.6000000000e-02   6.2401673964e-02   6.2506079035e+02  -1.5048533676e+06   1.7854203182e-01   5.5499473943e-01   4.3221225741e+04   3.6255446801e-05   5.0110306231e-11   1.1314950474e-11   8.9450362494e-02   5.9683311522e-09   3.8069492902e-02   3.5786606021e-06   1.4288850717e-11   5.0267844284e-13   3.5785979733e-05   2.8370486590e-02   1.0184951940e-02   1.3025133153e-01   8.4327268196e-11   1.1839623757e-04   1.2352416063e-13   6.9102902712e-01
   9.0000000000e-02   6.5244395692e-02   6.6109133967e+02  -1.5006975388e+06   1.8137581842e-01   5.2370430884e-01   5.0597103564e+04   3.8192584784e-05   8.8060567203e-11   3.0977129955e-11   8.6173911747e-02   6.8772106138e-09   3.9009258248e-02   3.7782551484e-06   1.7069324471e-11   6.0613525821e-13   3.7538218992e-05   3.0447597824e-02   1.0554040554e-02   1.3177432703e-01   1.2184963220e-10   1.2137808464e-04  -6.9088739040e-14   6.8809993867e-01
   9.4000000000e-02   6.8092339080e-02   7.0260577418e+02  -1.4872248488e+06   1.8401098264e-01   4.9176574222e-01   6.0110856365e+04   4.0089151080e-05   1.4918386226e-10   7.0363230988e-11   8.3044884782e-02   7.9748369046e-09   3.9899962526e-02   4.0159519406e-06   2.0496849794e-11   7.3665982032e-13   3.9243126302e-05   3.2561184837e-02   1.0909960736e-02   1.3316097023e-01   1.8113662279e-10   1.2419019809e-04  -1.0286509728e-12   6.8516913086e-01
   9.8000000000e-02   7.0945727329e-02   7.4327406721e+02  -1.4719974223e+06   1.8646021081e-01   4.6390648877e-01   7.0855369854e+04   4.1943707698e-05   2.3527018524e-10   1.3864634381e-10   8.0054922032e-02   9.0585768532e-09   4.0744082603e-02   4.2807909825e-06   2.4310840005e-11   8.7952964341e-13   4.0904672740e-05   3.4709223343e-02   1.1252933435e-02   1.3442125106e-01   2.6320468629e-10   1.2681610092e-04   5.3416818392e-13   6.8223678602e-01
   1.0200000000e-01   7.3805128503e-02   7.8134037016e+02  -1.4573519315e+06   1.8873447247e-01   4.4038887018e-01   8.2102463314e+04   4.3758802106e-05   3.4467409235e-10   2.4070242750e-10   7.7196516047e-02   1.0066736417e-08   4.1544323548e-02   4.5614232946e-06   2.8472906487e-11   1.0305180404e-12   4.2528304326e-05   3.6890272934e-02   1.1583167496e-02   1.3556322262e-01   3.6945066649e-10   1.2923634621e-04   3.5829056053e-12   6.7930289023e-01
   1.0600000000e-01   7.6671168219e-02   8.1657524031e+02  -1.4438168625e+06   1.9084390245e-01   4.2049984676e-01   9.3269172448e+04   4.5537445770e-05   4.7269846350e-10   3.7416356141e-10   7.4462681211e-02   1.1004791261e-08   4.2303228513e-02   4.8470894497e-06   3.3067519864e-11   1.1910262099e-12   4.4119881465e-05   3.9103096521e-02   1.1900888784e-02   1.3659424771e-01   5.0111054285e-10   1.3143338706e-04   4.1577576335e-12   6.7636738515e-01
   1.1000000000e-01   7.9544439004e-02   8.4912888533e+02  -1.4314389898e+06   1.9279799516e-01   4.0351781156e-01   1.0403146482e+05   4.7282252806e-05   6.1264764001e-10   5.2969419887e-10   7.1846866500e-02   1.1893237148e-08   4.3023101957e-02   5.1280946029e-06   3.8209113677e-11   1.3639146785e-12   4.5684874685e-05   4.1346544656e-02   1.2206341871e-02   1.3752126908e-01   6.5851607754e-10   1.3339334446e-04   3.0652569075e-12   6.7343021340e-01
   1.1400000000e-01   8.2425479325e-02   8.7923666001e+02  -1.4201320780e+06   1.9460564346e-01   3.8886081769e-01   1.1419459740e+05   4.8995346570e-05   7.5727058460e-10   6.9401515040e-10   6.9342927725e-02   1.2749453572e-08   4.3706022171e-02   5.3960911463e-06   4.4000862585e-11   1.5517639909e-12   4.7227761070e-05   4.3619526588e-02   1.2499785355e-02   1.3835084059e-01   8.4085263683e-10   1.3510653615e-04   2.0517600829e-12   6.7049132968e-01
   1.1800000000e-01   8.5314770978e-02   9.0713884590e+02  -1.4097762634e+06   1.9627516081e-01   3.7607960091e-01   1.2363917643e+05   5.0678417043e-05   9.0004830673e-10   8.5370147743e-10   6.6945106927e-02   1.3584018595e-08   4.4353869319e-02   5.6442327641e-06   5.0529640377e-11   1.7565469630e-12   4.8751658970e-05   4.5921001841e-02   1.2781487115e-02   1.3908912596e-01   1.0462082603e-09   1.3656744177e-04   1.6366072640e-12   6.6755070319e-01
   1.2200000000e-01   8.8212741883e-02   9.3305752939e+02  -1.4002500167e+06   1.9781430866e-01   3.6482882870e-01   1.3230542384e+05   5.2332797572e-05   1.0359864438e-09   9.9802947562e-10   6.4648010055e-02   1.4401853002e-08   4.4968353118e-02   5.8672130994e-06   5.7861494587e-11   1.9795231012e-12   5.0258203727e-05   4.8249976730e-02   1.3051720593e-02   1.3974190215e-01   1.2717906046e-09   1.3777438451e-04   1.7080544935e-12   6.6460831724e-01
   1.2600000000e-01   9.1119770567e-02   9.5719095670e+02  -1.3914408387e+06   1.9923032928e-01   3.5484116404e-01   1.4017619479e+05   5.3959533834e-05   1.1618289071e-09   1.1201714894e-09   6.2446582808e-02   1.5204144550e-08   4.5551036871e-02   6.0612170032e-06   6.6046172236e-11   2.2214044842e-12   5.1747618836e-05   5.0605502000e-02   1.3310762062e-02   1.4031457081e-01   1.5141767337e-09   1.3872907611e-04   2.0650717274e-12   6.6166416793e-01
   1.3000000000e-01   9.4036191361e-02   9.7970998741e+02  -1.3832536342e+06   2.0052998127e-01   3.4590874891e-01   1.4725751669e+05   5.5559442605e-05   1.2758062074e-09   1.2169413785e-09   6.0336085924e-02   1.5989341481e-08   4.6103357828e-02   6.2238167706e-06   7.5115977810e-11   2.4823747569e-12   5.3218910990e-05   5.2986670994e-02   1.3558888663e-02   1.4081217534e-01   1.7695190160e-09   1.3943611394e-04   2.5879102699e-12   6.5871826228e-01
   1.3400000000e-01   9.6962304057e-02   1.0006877967e+03  -1.3757145786e+06   2.0171957529e-01   3.3789280841e-01   1.5354570268e+05   5.7133182019e-05   1.3770832734e-09   1.2875374688e-09   5.8312071666e-02   1.6748625587e-08   4.6626646421e-02   6.3538416508e-06   8.5055524737e-11   2.7610542951e-12   5.4670130908e-05   5.5392622825e-02   1.3796376873e-02   1.4123941882e-01   2.0331034289e-09   1.3990248170e-04   3.2267273234e-12   6.5577061448e-01
   1.3800000000e-01   9.9898408268e-02   1.0197427228e+03  -1.3695007037e+06   2.0280500478e-01   3.3082461686e-01   1.5894444874e+05   5.8681429690e-05   1.4651325707e-09   1.3317013006e-09   5.6370368382e-02   1.7444202400e-08   4.7122152774e-02   6.4512532170e-06   9.5656376423e-11   3.0490539643e-12   5.6098680905e-05   5.7822573984e-02   1.4023500378e-02   1.4160067020e-01   2.2963918605e-09   1.4013712119e-04   3.9419764151e-12   6.5282123409e-01
   1.4200000000e-01   1.0284485989e-01   1.0359180513e+03  -1.3661455405e+06   2.0379175165e-01   3.2491270429e-01   1.6324641098e+05   6.0205152612e-05   1.5396553267e-09   1.3493263592e-09   5.4507095437e-02   1.7999133549e-08   4.7591069743e-02   6.5170647090e-06   1.0638592698e-10   3.3262504263e-12   5.7501617965e-05   6.0275882733e-02   1.4240524482e-02   1.4189995227e-01   2.5456342498e-09   1.4015076594e-04   4.6675166916e-12   6.4987011394e-01
   1.4600000000e-01   1.0580209610e-01   1.0486636586e+03  -1.3666320314e+06   2.0468497462e-01   3.2022306892e-01   1.6634147048e+05   6.1705644888e-05   1.6012500104e-09   1.3427607748e-09   5.2718599629e-02   1.8354843264e-08   4.8034549565e-02   6.5532605716e-06   1.1668840307e-10   3.5730042971e-12   5.8875923059e-05   6.2752058680e-02   1.4447711118e-02   1.4214100830e-01   2.7703422387e-09   1.3995621897e-04   5.3393875474e-12   6.4691721881e-01
   1.5000000000e-01   1.0877056592e-01   1.0582143242e+03  -1.3707991239e+06   2.0548953331e-01   3.1659589890e-01   1.6830352082e+05   6.3184208608e-05   1.6514894379e-09   1.3170295077e-09   5.1001430814e-02   1.8506429534e-08   4.8453675699e-02   6.5625184381e-06   1.2627399385e-10   3.7808554681e-12   6.0218755004e-05   6.5250682992e-02   1.4645319797e-02   1.4232735361e-01   2.9679013469e-09   1.3956809870e-04   5.9253008936e-12   6.4396251258e-01
   1.5400000000e-01   1.1175066391e-01   1.0651336282e+03  -1.3779690575e+06   2.0621000013e-01   3.1380404297e-01   1.6929463907e+05   6.4641896625e-05   1.6923194834e-09   1.2777807412e-09   4.9352323041e-02   1.8481419909e-08   4.8849445442e-02   6.5478466065e-06   1.3507250764e-10   3.9498446595e-12   6.1527658780e-05   6.7771332301e-02   1.4833607978e-02   1.4246230481e-01   3.1402103269e-09   1.3900211808e-04   6.4186346768e-12   6.4100597997e-01
   1.5800000000e-01   1.1474271013e-01   1.0699826703e+03  -1.3874297984e+06   2.0685067171e-01   3.1164739932e-01   1.6948426956e+05   6.6079464384e-05   1.7255518272e-09   1.2298413696e-09   4.7768182525e-02   1.8315517554e-08   4.9222773672e-02   6.5122938445e-06   1.4311347740e-10   4.0835375931e-12   6.2800652100e-05   7.0313553215e-02   1.5012830490e-02   1.4254898808e-01   3.2904078453e-09   1.3827434646e-04   6.8251722403e-12   6.3804763074e-01
   1.6200000000e-01   1.1774695655e-01   1.0732186842e+03  -1.3985935347e+06   2.0741558356e-01   3.0997298817e-01   1.6901926977e+05   6.7497421633e-05   1.7526614023e-09   1.1768341719e-09   4.6246078480e-02   1.8041524005e-08   4.9574504763e-02   6.4587698390e-06   1.5045570619e-10   4.1862856698e-12   6.4036215189e-05   7.2876865945e-02   1.5183238687e-02   1.4259034268e-01   3.4214963164e-09   1.3740065970e-04   7.1550496622e-12   6.3508749528e-01
   1.6600000000e-01   1.2076359978e-01   1.0751908640e+03  -1.4110121041e+06   2.0790852696e-01   3.0866887064e-01   1.6801952380e+05   6.8896097730e-05   1.7747766784e-09   1.1213118166e-09   4.4783234057e-02   1.7686375920e-08   4.9905424354e-02   6.3899529813e-06   1.5715872016e-10   4.2621797982e-12   6.5233236053e-05   7.5460774835e-02   1.5345079783e-02   1.4258912672e-01   3.5359848772e-09   1.3639638414e-04   7.4192262811e-12   6.3212561890e-01
   1.7000000000e-01   1.2379279277e-01   1.0761611013e+03  -1.4243529441e+06   2.0833306549e-01   3.0765375669e-01   1.6658158811e+05   7.0275694542e-05   1.7927421925e-09   1.0650173632e-09   4.3377017790e-02   1.7271283840e-08   5.0216268561e-02   6.3082537795e-06   1.6327382644e-10   4.3147621886e-12   6.6390944668e-05   7.8064778129e-02   1.5498596310e-02   1.4254792492e-01   3.6358900340e-09   1.3527608360e-04   7.6285286841e-12   6.2916205700e-01
   1.7400000000e-01   1.2683465447e-01   1.0763258381e+03  -1.4383710642e+06   2.0869255121e-01   3.0686823425e-01   1.6478359138e+05   7.1636326231e-05   1.8071909567e-09   1.0091201587e-09   4.2024935062e-02   1.6812707187e-08   5.0507731107e-02   6.2158104745e-06   1.6884285729e-10   4.3470203855e-12   6.7508851667e-05   8.0688375674e-02   1.5644025778e-02   1.4246915800e-01   3.7228257150e-09   1.3405344489e-04   7.7922690960e-12   6.2619687156e-01
   1.7800000000e-01   1.2988927692e-01   1.0758335173e+03  -1.4528859696e+06   2.0899013966e-01   3.0626838186e-01   1.6268945739e+05   7.2978046541e-05   1.8186048310e-09   9.5439327734e-10   4.0724619928e-02   1.6323379618e-08   5.0780468651e-02   6.1145017331e-06   1.7389914735e-10   4.3614587891e-12   6.8586695923e-05   8.3331074082e-02   1.5781600440e-02   1.4235509253e-01   3.7980975540e-09   1.3274122695e-04   7.9185814746e-12   6.2323012853e-01
   1.8200000000e-01   1.3295673064e-01   1.0747974902e+03  -1.4677643267e+06   2.0922880371e-01   3.0582130172e-01   1.6035216329e+05   7.4300867840e-05   1.8273595247e-09   9.0133825942e-10   3.9473827370e-02   1.5813174250e-08   5.1035104882e-02   6.0059674796e-06   1.7846925403e-10   4.3601882223e-12   6.9624401494e-05   8.5992390189e-02   1.5911547147e-02   1.4220785081e-01   3.8627802066e-09   1.3135125115e-04   8.0141327881e-12   6.2026189613e-01
   1.8600000000e-01   1.3603706869e-01   1.0733054071e+03  -1.4829072168e+06   2.0941134632e-01   3.0550199982e-01   1.5781617813e+05   7.5604774555e-05   1.8337573156e-09   8.5027122556e-10   3.8270426022e-02   1.5289785097e-08   5.1272233760e-02   5.8916327551e-06   1.8257462371e-10   4.3450072716e-12   7.0622042770e-05   8.8671853335e-02   1.6034087263e-02   1.4202942052e-01   3.9177767118e-09   1.2989441762e-04   8.0839937211e-12   6.1729224355e-01
   1.9000000000e-01   1.3913032982e-01   1.0714261184e+03  -1.4982406706e+06   2.0954041231e-01   3.0529116644e-01   1.5511932870e+05   7.6889732552e-05   1.8380523682e-09   8.0138454969e-10   3.7112391311e-02   1.4759260201e-08   5.1492422134e-02   5.7727317933e-06   1.8623323450e-10   4.3174743781e-12   7.1579816244e-05   9.1369006731e-02   1.6149436634e-02   1.4182166381e-01   3.9638643084e-09   1.2838073782e-04   8.1316463842e-12   6.1432124014e-01
   1.9400000000e-01   1.4223654078e-01   1.0692148623e+03  -1.5137084643e+06   2.0961849910e-01   3.0517355155e-01   1.5229452391e+05   7.8155695473e-05   1.8404746078e-09   7.5480561546e-10   3.5997799078e-02   1.4226478521e-08   5.1696211902e-02   5.6503308261e-06   1.8946210264e-10   4.2789830501e-12   7.2498017161e-05   9.4083408119e-02   1.6257805590e-02   1.4158632591e-01   4.0017342482e-09   1.2681937651e-04   8.1590623867e-12   6.1134895478e-01
   1.9800000000e-01   1.4535571798e-01   1.0667172456e+03  -1.5292665068e+06   2.0964796652e-01   3.0513674325e-01   1.4937507733e+05   7.9402608765e-05   1.8412606688e-09   7.1075062116e-10   3.4924819599e-02   1.3696456874e-08   5.1884121812e-02   5.5253488120e-06   1.9229112463e-10   4.2310083676e-12   7.3377018149e-05   9.6814629843e-02   1.6359398974e-02   1.4132504312e-01   4.0320890537e-09   1.2521869881e-04   8.1678000387e-12   6.0837545549e-01
   2.0800000000e-01   1.5320146253e-01   1.0599841507e+03  -1.5682763650e+06   2.0960952110e-01   3.0518727829e-01   1.4183487381e+05   8.2472069205e-05   1.8398588364e-09   6.1004018078e-10   3.2342223891e-02   1.2429495794e-08   5.2315437517e-02   5.2084497660e-06   1.9877742522e-10   4.0956201801e-12   7.5477545553e-05   1.0368368059e-01   1.6596878472e-02   1.4061473304e-01   4.0940866029e-09   1.2115237294e-04   8.1743393368e-12   6.0093884294e-01
   2.2400000000e-01   1.6590855999e-01   1.0461935952e+03  -1.6306355766e+06   2.0888637697e-01   3.0615058515e-01   1.2936459983e+05   8.7013523327e-05   1.8145958429e-09   4.7585637991e-10   2.8784184444e-02   1.0475213265e-08   5.2775933386e-02   4.6988598168e-06   2.0261935404e-10   3.7693877990e-12   7.8232811527e-05   1.1489015430e-01   1.6879116900e-02   1.3914431316e-01   4.0955171253e-09   1.1440655341e-04   7.8588991958e-12   5.8902821880e-01
   2.4000000000e-01   1.7882071393e-01   1.0309361535e+03  -1.6918439308e+06   2.0761268464e-01   3.0758261078e-01   1.1723211283e+05   9.1244112778e-05   1.7744343797e-09   3.7083470676e-10   2.5712621620e-02   8.7477432211e-09   5.3035540752e-02   4.2101991265e-06   2.0169872854e-10   3.3958180220e-12   8.0428092707e-05   1.2632047511e-01   1.7074744069e-02   1.3741115571e-01   4.0316128287e-09   1.0771373749e-04   7.3668283932e-12   5.7710551973e-01
   2.5600000000e-01   1.9193540487e-01   1.0148799323e+03  -1.7516378195e+06   2.0587639477e-01   3.0931308870e-01   1.0585265376e+05   9.5160252047e-05   1.7233977821e-09   2.8924121771e-10   2.3054727648e-02   7.2581436400e-09   5.3116633453e-02   3.7544546540e-06   1.9690730599e-10   3.0076178540e-12   8.2107447782e-05   1.3795517449e-01   1.7193662655e-02   1.3547093841e-01   3.9212663708e-09   1.0125890694e-04   6.8447664556e-12   5.6517404292e-01
   2.7200000000e-01   2.0524951078e-01   9.9815476933e+02  -1.8104864787e+06   2.0374963440e-01   3.1132499245e-01   9.5401601575e+04   9.8759189176e-05   1.6639520739e-09   2.2581475782e-10   2.0749648371e-02   5.9853253069e-09   5.3038687192e-02   3.3368184679e-06   1.8881199706e-10   2.6218437416e-12   8.3315799260e-05   1.4977725654e-01   1.7244675902e-02   1.3336751212e-01   3.7761970904e-09   9.5151583935e-05   6.3608082898e-12   5.5323666237e-01
   2.8800000000e-01   2.1875962761e-01   9.8076021353e+02  -1.8689603072e+06   2.0129202389e-01   3.1364091707e-01   8.5938437167e+04   1.0203917889e-04   1.5978407184e-09   1.7638262145e-10   1.8746243839e-02   4.9039350523e-09   5.2818757430e-02   2.9584747146e-06   1.7795617566e-10   2.2500062549e-12   8.4097845073e-05   1.6177195672e-01   1.7235602075e-02   1.3113562520e-01   3.6049857113e-09   8.9449559375e-05   5.9209336736e-12   5.4129586816e-01
   3.0400000000e-01   2.3246188770e-01   9.6276319578e+02  -1.9274162047e+06   1.9855302261e-01   3.1626341677e-01   7.7457671029e+04   1.0499899954e-04   1.5264447654e-09   1.3777544871e-10   1.7001553622e-02   3.9922407850e-09   5.2471766790e-02   2.6183611972e-06   1.6500045358e-10   1.9018924687e-12   8.4497032155e-05   1.7392620745e-01   1.7173346076e-02   1.2880291074e-01   3.4150092605e-09   8.4176121146e-05   5.5212508985e-12   5.2935409051e-01
   3.2000000000e-01   2.4635226207e-01   9.4429372009e+02  -1.9860194637e+06   1.9557403263e-01   3.1917371351e-01   6.9908114236e+04   1.0763807367e-04   1.4508943146e-09   1.0757755888e-10   1.5479096642e-02   3.2307384906e-09   5.2010922583e-02   2.3141834154e-06   1.5066612265e-10   1.5849904429e-12   8.4555274160e-05   1.8622843565e-01   1.7064045503e-02   1.2639142647e-01   3.2125637615e-09   7.9331322949e-05   5.1597205845e-12   5.1741341412e-01
   3.3600000000e-01   2.6042653623e-01   9.2549586350e+02  -2.0448326180e+06   1.9238986350e-01   3.2234544782e-01   6.3208396707e+04   1.0995630656e-04   1.3721007040e-09   8.3927963299e-11   1.4147788077e-02   2.6006506631e-09   5.1447960038e-02   2.0430490175e-06   1.3563873331e-10   1.3037135250e-12   8.4312356197e-05   1.9866823317e-01   1.6913154421e-02   1.2391879273e-01   3.0026847127e-09   7.4900214839e-05   4.8329747744e-12   5.0547562180e-01
   3.5200000000e-01   2.7468032851e-01   9.0650221828e+02  -2.1038735965e+06   1.8902990682e-01   3.2575243386e-01   5.7260892515e+04   1.1195402801e-04   1.2907978883e-09   6.5385504426e-11   1.2981049604e-02   2.0838414709e-09   5.0793349620e-02   1.8018470814e-06   1.2051099971e-10   1.0595437741e-12   8.3805489543e-05   2.1123611725e-01   1.6725520811e-02   1.2139908236e-01   2.7892395468e-09   7.0858599841e-05   4.5353753985e-12   4.9354220807e-01
   3.6800000000e-01   2.8910912039e-01   8.8742525869e+02  -2.1631431734e+06   1.8551907466e-01   3.2937172417e-01   5.1962630313e+04   1.1363197374e-04   1.2075911512e-09   5.0832443393e-11   1.1956088550e-02   1.6632444224e-09   5.0056466900e-02   1.5874778651e-06   1.0575981659e-10   8.5165099409e-13   8.3068986944e-05   2.2392334837e-01   1.6505454622e-02   1.1884352116e-01   2.5751680871e-09   6.7177063578e-05   4.2597763313e-12   4.8161439437e-01
   3.8400000000e-01   3.0370828752e-01   8.6835670939e+02  -2.2226362191e+06   1.8187855429e-01   3.3318433749e-01   4.7212940487e+04   1.1499128345e-04   1.1230056777e-09   3.9401680379e-11   1.1053309353e-02   1.3232815939e-09   4.9245733304e-02   1.3969909139e-06   9.1744152464e-11   6.7761685453e-13   8.2134049137e-05   2.3672178286e-01   1.6256787839e-02   1.1626104186e-01   2.3627525415e-09   6.3823763052e-05   3.9985997856e-12   4.6969314596e-01
   4.0000000000e-01   3.1847312581e-01   8.4936982882e+02  -2.2823457309e+06   1.7812641708e-01   3.3717506247e-01   4.2918432546e+04   1.1603350219e-04   1.0375317596e-09   3.0420409123e-11   1.0255832757e-02   1.0501148137e-09   4.8368733394e-02   1.2276646559e-06   7.8714172324e-11   5.3408342712e-13   8.1028646475e-05   2.4962374648e-01   1.5982927281e-02   1.1365872291e-01   2.1538546896e-09   6.0766326337e-05   3.7447280741e-12   4.5777918919e-01
   4.1600000000e-01   3.3339887965e-01   8.3052226397e+02  -2.3422642222e+06   1.7427811400e-01   3.4133202496e-01   3.8996048585e+04   1.1676058529e-04   9.5166548726e-10   2.3366150672e-11   9.5490949820e-03   8.3172526136e-10   4.7432313422e-02   1.0770467330e-06   6.6825712438e-11   4.1726349532e-13   7.9777483379e-05   2.6262192832e-01   1.5686901196e-02   1.1104213880e-01   1.9500948297e-09   5.7973114572e-05   3.4921695930e-12   4.4587302862e-01
   4.3200000000e-01   3.4848076927e-01   8.1185871842e+02  -2.4023841754e+06   1.7034688061e-01   3.4564625153e-01   3.5374839164e+04   1.1717490420e-04   8.6594397433e-10   1.7832481166e-11   8.9205130496e-03   6.5786618753e-10   4.6442665054e-02   9.4296730022e-07   5.6156692230e-11   3.2330818224e-13   7.8402034851e-05   2.7570928707e-01   1.5371400435e-02   1.0841564022e-01   1.7529657587e-09   5.5414026667e-05   3.2365226839e-12   4.3397496290e-01
   4.4800000000e-01   3.6371401762e-01   7.9341324156e+02  -2.4626981840e+06   1.6634406930e-01   3.5011129538e-01   3.1996913152e+04   1.1727925287e-04   7.8097305509e-10   1.3502374103e-11   8.3592038750e-03   5.1993537674e-10   4.5405397017e-02   8.2353371723e-07   4.6723450773e-11   2.4855023282e-13   7.6920645784e-05   2.8887896570e-01   1.5038814860e-02   1.0578257817e-01   1.5638851058e-09   5.3060979024e-05   2.9752582620e-12   4.2208509844e-01
   4.6400000000e-01   3.7909388052e-01   7.7521113920e+02  -2.5231990041e+06   1.6227942348e-01   3.5472293147e-01   2.8817823088e+04   1.1707685533e-04   6.9744402294e-10   1.0127510579e-11   7.8557472425e-03   4.1080443054e-10   4.4325596578e-02   7.1711273110e-07   3.8495843578e-11   1.8964839347e-13   7.5348685977e-05   3.0212421643e-01   1.4691265550e-02   1.0314548449e-01   1.3841956516e-09   5.0888156819e-05   2.7078302803e-12   4.1020336136e-01
   4.8000000000e-01   3.9461567917e-01   7.5727055659e+02  -2.5838795809e+06   1.5816130467e-01   3.5947891161e-01   2.5806484379e+04   1.1657137535e-04   6.1613524228e-10   7.5122695289e-12   7.4019846947e-03   3.2463127807e-10   4.3207882830e-02   6.2230472560e-07   3.1410488682e-11   1.4365828981e-13   7.3698755575e-05   3.1543833190e-01   1.4330633386e-02   1.0050621708e-01   1.2151277936e-09   4.8872105587e-05   2.4356146258e-12   3.9832950711e-01
   4.9600000000e-01   4.1027483306e-01   7.3960378758e+02  -2.6447330697e+06   1.5399688012e-01   3.6437876981e-01   2.2944601524e+04   1.1576692813e-04   5.3789495231e-10   5.5014066534e-12   6.9908483491e-03   2.5667336179e-10   4.2056453218e-02   5.3791363164e-07   2.5381917635e-11   1.0805203252e-13   7.1980935601e-05   3.2881457598e-01   1.3958584361e-02   9.7866075613e-02   1.0577409760e-09   4.6991713846e-05   2.1616765273e-12   3.8646312711e-01
   5.1200000000e-01   4.2606689964e-01   7.2221835915e+02  -2.7057528644e+06   1.4979227936e-01   3.6942366662e-01   2.0225500774e+04   1.1466809336e-04   4.6360362372e-10   3.9706613438e-12   6.6162147395e-03   2.0311215984e-10   4.0875123804e-02   4.6291525564e-07   2.0311630201e-11   8.0704536627e-14   7.0203077402e-05   3.4224612302e-01   1.3576592030e-02   9.5225895435e-02   9.1286127443e-10   4.5228125105e-05   1.8903764487e-12   3.7460365420e-01
   5.2800000000e-01   4.4198761634e-01   7.0511793287e+02  -2.7669326284e+06   1.4555272434e-01   3.7461626515e-01   1.7652283057e+04   1.1327993257e-04   3.9411822247e-10   2.8197023662e-12   6.2727792864e-03   1.6089487803e-10   3.9667364848e-02   3.9642603714e-07   1.6095201562e-11   5.9860251051e-14   6.8371123945e-05   3.5572599543e-01   1.3185957476e-02   9.2586122085e-02   7.8102998807e-10   4.3564603576e-05   1.6268454222e-12   3.6275036546e-01
   5.4400000000e-01   4.5803294388e-01   6.8830305264e+02  -2.8282663265e+06   1.4128263633e-01   3.7996063464e-01   1.5235302732e+04   1.1160800934e-04   3.3020529737e-10   1.9669327974e-12   5.9559485323e-03   1.2759580344e-10   3.8436332220e-02   3.3767393970e-07   1.2627667796e-11   4.4090147991e-14   6.6489451526e-05   3.6924699452e-01   1.2787826981e-02   8.9946869120e-02   6.6247359865e-10   4.1986373679e-05   1.3763860366e-12   3.5090238212e-01
   5.6000000000e-01   4.7419911851e-01   6.7177176846e+02  -2.8897482679e+06   1.3698572562e-01   3.8546217448e-01   1.2989120992e+04   1.0965841129e-04   2.7247353977e-10   1.3457368133e-12   5.6617472132e-03   1.0129761291e-10   3.7184894788e-02   2.8597262180e-07   9.8074480728e-12   3.2245671971e-14   6.4561217983e-05   3.8280163667e-01   1.2383207734e-02   8.7307964688e-02   5.5709999396e-10   4.0480447386e-05   1.1438761589e-12   3.3905866895e-01
   5.7600000000e-01   4.9048270800e-01   6.5552015753e+02  -2.9513731516e+06   1.3266506521e-01   3.9112755604e-01   1.0929248278e+04   1.0743777658e-04   2.2131825853e-10   9.0179495082e-13   5.3867378435e-03   8.0491602720e-11   3.5915658818e-02   2.4069970651e-07   7.5390615908e-12   2.3413900882e-14   6.2588701488e-05   3.9638208242e-01   1.1972981809e-02   8.4668986807e-02   4.6452038436e-10   3.9035447453e-05   9.3326028014e-13   3.2721803147e-01
   5.9200000000e-01   5.0688067180e-01   6.3954275960e+02  -3.0131361129e+06   1.2832315013e-01   3.9696468018e-01   9.0690965048e+03   1.0495332464e-04   1.7688863835e-10   5.9113426441e-13   5.1279510814e-03   6.3995052621e-11   3.4630989746e-02   2.0127968311e-07   5.7348770939e-12   1.6876365954e-14   6.0573612843e-05   4.0998005452e-01   1.1557918536e-02   8.2029288527e-02   3.8409216783e-10   3.7641433165e-05   7.4720084420e-13   3.1537911057e-01
   6.0800000000e-01   5.2339042978e-01   6.2383294765e+02  -3.0750327797e+06   1.2396194711e-01   4.0298264305e-01   7.4174990960e+03   1.0221297377e-04   1.3908214584e-10   3.7862507483e-13   4.8828250538e-03   5.0883579163e-11   3.3333032106e-02   1.6717144975e-07   4.3161010473e-12   1.2072717038e-14   5.8517366776e-05   4.2358675133e-01   1.1138685604e-02   7.9388016425e-02   3.1497520170e-10   3.6289727793e-05   5.8692314196e-13   3.0354037645e-01
   6.2400000000e-01   5.4000994124e-01   6.0838324450e+02  -3.1370593324e+06   1.1958293412e-01   4.0919170814e-01   5.9770838884e+03   9.9225496828e-05   1.0756574253e-10   2.3672205751e-13   4.6491524204e-03   4.0436306889e-11   3.2023727258e-02   1.3786029446e-07   3.2131791496e-12   8.5695882138e-15   5.6421300848e-05   4.3719275310e-01   1.0715858945e-02   7.6744122423e-02   2.5619350405e-10   3.4972755615e-05   4.5225309787e-13   2.9170012076e-01
   6.4000000000e-01   5.5673779525e-01   5.9318557429e+02  -3.1992125740e+06   1.1518712520e-01   4.1560329829e-01   4.7438521288e+03   9.6000351139e-05   8.1824529543e-11   1.4433901715e-13   4.4250349620e-03   3.2091851840e-11   3.0704826681e-02   1.1285423809e-07   2.3657595377e-12   6.0345100235e-15   5.4286834223e-05   4.5078791323e-01   1.0289931098e-02   7.4096367068e-02   2.0669640981e-10   3.3683908922e-05   3.4183688976e-13   2.7985644573e-01
   6.5600000000e-01   5.7357331084e-01   5.7823148922e+02  -3.2614900079e+06   1.1077508990e-01   4.2222998401e-01   3.7075789141e+03   9.2547725155e-05   6.1219341752e-11   8.5761603738e-14   4.2088434115e-03   2.5413165031e-11   2.9377905774e-02   9.1683218716e-08   1.7223278569e-12   4.2144239327e-15   5.2115569992e-05   4.6436123006e-01   9.8613188423e-03   7.1443317558e-02   1.6541213367e-10   3.2417410577e-05   2.5344484602e-13   2.6800725191e-01
   6.7200000000e-01   5.9051665206e-01   5.6351236735e+02  -3.3238899198e+06   1.0634696357e-01   4.2908547184e-01   2.8529410136e+03   8.8878594108e-05   4.5047413030e-11   4.9618827711e-14   3.9991822311e-03   2.0059685880e-11   2.8044376227e-02   7.3900391876e-08   1.2396132068e-12   2.9182324613e-15   4.9909345064e-05   4.7790069454e-01   9.4303699025e-03   6.8783338850e-02   1.3129145821e-10   3.1168187288e-05   1.8431093134e-13   2.5615022295e-01
   6.8800000000e-01   6.0756896347e-01   5.4901958681e+02  -3.3864114730e+06   1.0190244873e-01   4.3618458950e-01   2.1610494719e+03   8.5004783443e-05   3.2597084146e-11   2.7935274452e-14   3.7948587001e-03   1.5765425626e-11   2.6705496914e-02   5.9084610442e-08   8.8184175329e-13   2.0027861468e-15   4.7670236269e-05   4.9139311303e-01   8.9973688009e-03   6.6114578233e-02   1.0334023741e-10   2.9931753204e-05   1.3145027013e-13   2.4428280774e-01
   7.0400000000e-01   6.2473253072e-01   5.3474468212e+02  -3.4490548183e+06   9.7440806626e-02   4.4354326312e-01   1.6110807934e+03   8.0939044711e-05   2.3190966310e-11   1.5294975054e-14   3.5948556838e-03   1.2321836936e-11   2.5362383519e-02   4.6843224771e-08   6.1990240341e-13   1.3617387906e-15   4.5400533524e-05   5.0482389694e-01   8.5625419114e-03   6.3434942151e-02   8.0641087952e-11   2.8704102286e-05   9.1917506821e-14   2.3240219868e-01
   7.2000000000e-01   6.4201097219e-01   5.2067948570e+02  -3.5118212186e+06   9.2960836373e-02   4.5117848192e-01   1.1817694784e+03   7.6695149387e-05   1.6215419073e-11   8.1396052025e-15   3.3983076056e-03   9.5645213160e-12   2.4016017010e-02   3.6814582934e-08   4.3047816340e-13   9.1676020132e-16   4.3102690895e-05   5.1817680274e-01   8.1260616800e-03   6.0742062534e-02   6.2365679634e-11   2.7481607319e-05   6.2990066968e-14   2.2050530341e-01
   7.3600000000e-01   6.5940947491e-01   5.0681625977e+02  -3.5747132011e+06   8.8460841246e-02   4.5910824170e-01   8.5261414497e+02   7.2287999076e-05   1.1136889754e-11   4.2085000652e-15   3.2044791895e-03   7.3629905918e-12   2.2667250716e-02   2.8669810998e-08   2.9518645739e-13   6.1066429945e-16   4.0779265167e-05   5.3143362348e-01   7.6880500699e-03   5.8033252461e-02   4.7779525194e-11   2.6260924209e-05   4.2277257536e-14   2.0858871069e-01
   7.5200000000e-01   6.7693508818e-01   4.9314782131e+02  -3.6377347426e+06   8.3938578929e-02   4.6735145771e-01   6.0473810597e+02   6.7733756902e-05   7.5073764619e-12   2.1134093386e-15   3.0127465774e-03   5.6128390981e-12   2.1316815943e-02   2.2113665121e-08   1.9976214637e-13   4.0207918043e-16   3.8432847077e-05   5.4457381874e-01   7.2485811990e-03   5.5305448031e-02   3.6241236929e-11   2.5038898894e-05   2.7766909288e-14   1.9664864826e-01
   7.6800000000e-01   6.9459709303e-01   4.7966766092e+02  -3.7008914963e+06   7.9391189515e-02   4.7592783611e-01   4.2141260434e+02   6.3050010793e-05   4.9619692471e-12   1.0306167857e-15   2.8225804572e-03   4.2298024997e-12   1.9965326085e-02   1.6884423734e-08   1.3330778079e-13   2.6134896018e-16   3.6065993682e-05   5.5757405690e-01   6.8076830349e-03   5.2555130384e-02   2.7198033488e-11   2.3812472899e-05   1.7825834998e-14   1.8468092768e-01
   7.8400000000e-01   7.1240747645e-01   4.6637005607e+02  -3.7641910742e+06   7.4815093854e-02   4.8485768887e-01   2.8829170715e+02   5.8255976042e-05   3.2113690835e-12   4.8804482691e-16   2.6335308811e-03   3.1452775701e-12   1.8613278832e-02   1.2752915848e-08   8.7626742971e-14   1.6741197332e-16   3.3681163943e-05   5.7040764709e-01   6.3653379842e-03   4.9778221061e-02   2.0178957835e-11   2.2578583078e-05   1.1170402297e-14   1.7268087120e-01
   8.0000000000e-01   7.3038155306e-01   4.5325017816e+02  -3.8276434109e+06   7.0205853171e-02   4.9416167175e-01   1.9342561653e+02   5.3372742113e-05   2.0318042708e-12   2.2445041047e-16   2.4452134647e-03   2.3029614278e-12   1.7261055757e-02   9.5208411505e-09   5.6647047033e-14   1.0544676535e-16   3.1280658867e-05   5.8304384329e-01   5.9214821926e-03   4.6969942479e-02   1.4786916822e-11   2.1334050262e-05   6.8209510075e-15   1.6064321618e-01
   8.1600000000e-01   7.4853879345e-01   4.4030418773e+02  -3.8912612336e+06   6.5557971639e-02   5.0386042288e-01   1.2712069508e+02   4.8423584233e-05   1.2541360637e-12   1.0026578111e-16   2.2572966034e-03   1.6563387000e-12   1.5908918528e-02   7.0185648637e-09   3.5936550937e-14   6.5116443668e-17   2.8866565764e-05   5.9544697205e-01   5.4760030932e-03   4.4124626434e-02   1.0690326374e-11   2.0075447309e-05   4.0502791912e-15   1.4856198413e-01
   8.3200000000e-01   7.6690395301e-01   4.2752930628e+02  -3.9550606772e+06   6.0864613803e-02   5.1397407443e-01   8.1706166879e+01   4.3434364707e-05   7.5333283533e-13   4.3509367393e-17   2.0694892889e-03   1.1668030185e-12   1.4557000257e-02   5.1025776956e-09   2.2306071951e-14   3.9274518022e-17   2.6440704178e-05   6.0757532136e-01   5.0287344827e-03   4.1235444699e-02   7.6148844070e-12   1.8798932557e-05   2.3329872535e-15   1.3643029582e-01
   8.4800000000e-01   7.8550864895e-01   4.1492384528e+02  -4.0190621089e+06   5.6117195748e-02   5.2452160466e-01   5.1254911988e+01   3.8434048247e-05   4.3898749771e-13   1.8334272793e-17   1.8815290245e-03   8.0224642524e-13   1.3205289448e-02   3.6527846757e-09   1.3491931021e-14   2.3022431645e-17   2.4004569369e-05   6.1937973155e-01   4.5794481117e-03   3.8294024140e-02   5.3357900727e-12   1.7500028366e-05   1.2996331977e-15   1.2424010747e-01
   8.6400000000e-01   8.0439362318e-01   4.0248715233e+02  -4.0832912442e+06   5.1304776808e-02   5.3552000076e-01   3.1293089653e+01   3.3455380692e-05   2.4718853338e-13   7.4934265315e-18   1.6931690679e-03   5.3598871118e-13   1.1853602438e-02   2.5697553494e-09   7.9081532713e-15   1.3031523207e-17   2.1559266373e-05   6.3080178374e-01   4.1278399356e-03   3.5289879054e-02   3.6705816217e-12   1.6173309181e-05   6.9758620060e-16   1.1198182174e-01
   8.8000000000e-01   8.2361209720e-01   3.9021939420e+02  -4.1477806765e+06   4.6413120675e-02   5.4698322127e-01   1.8522044413e+01   2.8535812810e-05   1.3381291086e-13   2.9625627933e-18   1.5041637550e-03   3.4594947519e-13   1.0501537104e-02   1.7720402238e-09   4.4573922717e-15   7.0608856258e-18   1.9105422697e-05   6.4177142530e-01   3.6735077090e-03   3.2209540048e-02   2.4726680073e-12   1.4811935760e-05   3.5908435552e-16   9.9643690358e-02
   8.9600000000e-01   8.4323494445e-01   3.7812102052e+02  -4.2125719982e+06   4.1423188132e-02   5.5892099845e-01   1.0566796837e+01   2.3718787350e-05   6.9163996529e-14   1.1272226284e-18   1.3142497850e-03   2.1399024311e-13   9.1483949504e-03   1.1936276624e-09   2.3897010920e-15   3.6180912177e-18   1.6643059068e-05   6.5220382743e-01   3.2159140245e-03   2.9035160370e-02   1.6255684308e-12   1.3406919996e-05   1.7616035504e-16   8.7210862371e-02
   9.1200000000e-01   8.6335906254e-01   3.6619156294e+02  -4.2777187659e+06   3.6308585501e-02   5.7133769634e-01   5.7585368953e+00   1.9055600574e-05   3.3802938040e-14   4.0910772789e-19   1.1231194082e-03   1.2537337526e-13   7.7930450540e-03   7.8158563505e-10   1.1990886014e-15   1.7224698120e-18   1.4171379169e-05   6.6199516113e-01   2.7543231863e-03   2.5742161660e-02   1.0378358655e-12   1.1945888729e-05   8.1647309311e-17   7.4663790474e-02
   9.2800000000e-01   8.8412181127e-01   3.5442696900e+02  -4.3432906258e+06   3.1030936169e-02   5.8423193755e-01   2.9536229369e+00   1.4608233156e-05   1.5392801730e-14   1.3949649410e-19   9.3037699152e-04   6.8299924320e-14   6.4336742454e-03   4.9391131936e-10   5.4904879115e-16   7.4091646885e-19   1.1688396784e-05   6.7101679480e-01   2.2876871833e-03   2.2294966507e-02   6.3862133215e-13   1.0410840447e-05   3.5284340279e-17   6.1975382147e-02
   9.4400000000e-01   9.0572813396e-01   3.4281340248e+02  -4.4093788633e+06   2.5530683774e-02   5.9759925865e-01   1.3882136575e+00   1.0453929793e-05   6.3722478474e-15   4.3510013274e-20   7.3545902081e-04   3.3500761744e-14   5.0672913406e-03   2.9758660681e-10   2.1969692851e-16   2.7436485331e-19   9.1902101022e-06   6.7910714679e-01   1.8144225215e-03   1.8638515982e-02   3.7382551708e-13   8.7736637921e-06   1.3910116039e-17   4.9105453857e-02
   9.6000000000e-01   9.2850813793e-01   3.3131132149e+02  -4.4761027808e+06   1.9706321604e-02   6.1144550516e-01   5.6557806956e-01   6.6932673190e-06   2.2883569027e-15   1.1782974470e-20   5.3746315591e-04   1.3864990209e-14   3.6886217327e-03   1.6680476674e-10   7.0619426838e-17   7.9372305784e-20   6.6694058668e-06   6.8605994348e-01   1.3319185368e-03   1.4679088067e-02   2.0277585609e-13   6.9859237160e-06   4.7992339911e-18   3.5988545079e-02
   9.7600000000e-01   9.5306466324e-01   3.1980688195e+02  -4.5436106379e+06   1.3357541526e-02   6.2584223990e-01   1.7216472817e-01   3.4661460979e-06   6.3816193834e-16   2.4427456848e-21   3.3470245687e-04   4.0977094321e-15   2.2871508281e-03   8.1256600841e-11   1.4906190623e-17   1.3990173405e-20   4.1108461072e-06   6.9160704874e-01   8.3523722450e-04   1.0231687328e-02   9.5343601377e-14   4.9505565154e-06   1.3162474457e-18   2.2501748104e-02
   9.9200000000e-01   9.8079547215e-01   3.0790983338e+02  -4.6120249926e+06   5.9704190658e-03   6.4120042857e-01   1.9210337774e-02   9.8883412908e-07   9.0727542389e-17   2.3428903950e-22   1.2310739610e-04   4.0744502454e-16   8.3632070899e-04   2.4073462359e-11   9.8492126462e-19   4.9252284955e-22   1.4764960069e-06   6.9539657027e-01   3.1242431499e-04   4.8206852077e-03   2.9271893104e-14   2.4131665734e-06   2.0586447615e-19   8.3489057975e-03
   1.0000000000e+00   1.0000000000e+00   3.0000000000e+02  -4.6458568819e+06   0.0000000000e+00   6.5169855213e-01   0.0000000000e+00   0.0000000000e+00   0.0000000000e+00   0.0000000000e+00   0.0000000000e+00   0.0000000000e+00   0.0000000000e+00   0.0000000000e+00   0.0000000000e+00   0.0000000000e+00   0.0000000000e+00   1.0000000000e+00   0.0000000000e+00   0.0000000000e+00   0.0000000000e+00   0.0000000000e+00   0.0000000000e+00   0.0000000000e+00