# L (m)  = 1
# P (Pa) = 101325
#             001_x           002_mixf              003_T              004_h             005_pv        006_density        007_hr             008_H2              009_H              010_O             011_O2             012_OH            013_H2O            014_HO2            015_CH2         016_CH2(S)            017_CH3            018_CH4             019_CO            020_CO2            021_HCO           022_CH2O          023_CH2OH             024_N2
                  0   0.0000000000e+00   3.0000000000e+02   1.9075768848e+03   0.0000000000e+00   1.1719839921e+00   0.0000000000e+00   0.0000000000e+00   0.0000000000e+00   0.0000000000e+00   2.3300000000e-01   0.0000000000e+00   0.0000000000e+00   0.0000000000e+00   0.0000000000e+00   0.0000000000e+00   0.0000000000e+00   0.0000000000e+00   0.0000000000e+00   0.0000000000e+00   0.0000000000e+00   0.0000000000e+00   0.0000000000e+00   7.6700000000e-01
   2.0000000000e-03   1.0745678412e-03   3.6500201900e+02  -4.2907088277e+04   1.1790515139e-02   9.6556712764e-01   1.9608256131e+03   6.0408160307e-07   2.3970145109e-13   1.3291967260e-09   2.2634501442e-01   2.1324581521e-09   1.3667028498e-03   2.4472771216e-06   1.1235294535e-13   7.3854844875e-15   1.1840445259e-06   1.0243836198e-04   5.3794794606e-04   9.8852602615e-03   1.7044122421e-13   3.0231781020e-06   3.6362893883e-17   7.4930403593e-01
   6.0000000000e-03   4.4681826909e-03   4.3774795425e+02  -1.1384263710e+05   2.7279161645e-02   8.0628297887e-01   1.2622014864e+04   1.5993693311e-06   1.7171447214e-12   3.5781607332e-10   2.1592561733e-01   5.0721261658e-09   3.4939001002e-03   4.7558314549e-06   1.2142304383e-12   9.1490370301e-14   6.5291290627e-06   6.6853080324e-04   1.7126544684e-03   2.2071007707e-02   2.1645807174e-12   1.3591902227e-05   1.0702672276e-15   7.4721650783e-01
   1.0000000000e-02   7.6251090358e-03   4.8821095366e+02  -1.7851633898e+05   3.9652258563e-02   7.2334576469e-01   2.8679252018e+04   2.7735174958e-06   7.1940316040e-12   1.0063091023e-10   2.0692660303e-01   1.0688662775e-08   5.4038823665e-03   6.0534637173e-06   4.6956438897e-12   3.7156320596e-13   1.2985578715e-05   1.4598719363e-03   2.8669168304e-03   3.1378685849e-02   9.3344027071e-12   2.4629531634e-05   7.0562263504e-15   7.4478037091e-01
   1.4000000000e-02   1.0662224804e-02   5.2539610861e+02  -2.4015549690e+05   5.0198467790e-02   6.7218067926e-01   4.8853127550e+04   4.0721538758e-06   1.9426040806e-11   3.2997747872e-11   1.9886751472e-01   1.7329258913e-08   7.1604175156e-03   6.8216053104e-06   1.1354235499e-11   9.1092566820e-13   2.0037635425e-05   2.4171790381e-03   3.9863869394e-03   3.9047591181e-02   2.4255607197e-11   3.5482001635e-05   2.3894938170e-14   7.4220274068e-01
   1.8000000000e-02   1.3626144263e-02   5.5326581823e+02  -2.9999830453e+05   5.9466711824e-02   6.3812654360e-01   7.1624447505e+04   5.4647504554e-06   3.7825893950e-11   1.6038390143e-11   1.9151422036e-01   2.3582684120e-08   8.7961040219e-03   7.2695539113e-06   2.0963437488e-11   1.6742944407e-12   2.7445426266e-05   3.5078837842e-03   5.0674476227e-03   4.5597695429e-02   4.7085402824e-11   4.5907721195e-05   5.5342036123e-14   7.3954616448e-01
   2.2000000000e-02   1.6541376547e-02   5.7406624992e+02  -3.5864782179e+05   6.7758832396e-02   6.1465707023e-01   9.5447878449e+04   6.9325771150e-06   5.9626982143e-11   1.3684472129e-11   1.8472606017e-01   2.8657374322e-08   1.0331399596e-02   7.5081459370e-06   3.2725292468e-11   2.5736618012e-12   3.5071327088e-05   4.7109848153e-03   6.1096281022e-03   5.1310872121e-02   7.6207231889e-11   5.5805339065e-05   1.0104520568e-13   7.3683788609e-01
   2.6000000000e-02   1.9422868101e-02   5.8925703870e+02  -4.1643220659e+05   7.5265604007e-02   5.9834887605e-01   1.1900744354e+05   8.4632291303e-06   8.1639067717e-11   1.5359349877e-11   1.7840842859e-01   3.2269286744e-08   1.1780530491e-02   7.6038592601e-06   4.5679687043e-11   3.5122011726e-12   4.2826349131e-05   6.0116445409e-03   7.1136369849e-03   5.6362973302e-02   1.0921624705e-10   6.5136293076e-05   1.5719730857e-13   7.3409230354e-01
   3.0000000000e-02   2.2280607799e-02   5.9985283114e+02  -4.7355721217e+05   8.2118489868e-02   5.8722568677e-01   1.4131182327e+05   1.0048034836e-05   1.0125780137e-10   1.7432552973e-11   1.7249305586e-01   3.4441588458e-08   1.3154033553e-02   7.6002264260e-06   5.8935443855e-11   4.4078466322e-12   5.0648364851e-05   7.3987455711e-03   8.0806559936e-03   6.0873752286e-02   1.4360777074e-10   7.3894175848e-05   2.1818806520e-13   7.3131801709e-01
   3.4000000000e-02   2.5121699877e-02   6.0659916068e+02  -5.3015872770e+05   8.8413551024e-02   5.8006428238e-01   1.6168828658e+05   1.1680700681e-05   1.1679198929e-10   1.8572134786e-11   1.6692824196e-01   3.5347030052e-08   1.4460057407e-02   7.5276667101e-06   7.1761215766e-11   5.2009880414e-12   5.8491716597e-05   8.8636100920e-03   9.0120443557e-03   6.4929768561e-02   1.7713015008e-10   8.2090242620e-05   2.7812884844e-13   7.2852062364e-01
   3.8000000000e-02   2.7951431613e-02   6.1007001838e+02  -5.8632531334e+05   9.4224018422e-02   5.7606670174e-01   1.7974110593e+05   1.3356537582e-05   1.2742901855e-10   1.8434468184e-11   1.6167342718e-01   3.5211814888e-08   1.5705105730e-02   7.4085109098e-06   8.3601571215e-11   5.8539914081e-12   6.6321655446e-05   1.0399257742e-02   9.9092047908e-03   6.8596351364e-02   2.0792780622e-10   8.9745696972e-05   3.3188027154e-13   7.2570400647e-01
   4.2000000000e-02   3.0773877862e-02   6.1072844691e+02  -6.4210646042e+05   9.9607538038e-02   5.7468774580e-01   1.9530766513e+05   1.5071987853e-05   1.3306782864e-10   1.7167683162e-11   1.5669591802e-01   3.4266323446e-08   1.6894495702e-02   7.2597945292e-06   9.4065101067e-11   6.3478592242e-12   7.4111091733e-05   1.1999943273e-02   1.0773520511e-02   7.1924449837e-02   2.3458998283e-10   9.6887221969e-05   3.7561432440e-13   7.2287099796e-01
   4.6000000000e-02   3.3592268440e-02   6.0897079110e+02  -6.9751004546e+05   1.0461065123e-01   5.7553237059e-01   2.0842465518e+05   1.6824311315e-05   1.3413481368e-10   1.5138807986e-11   1.5196878514e-01   3.2724770611e-08   1.8032656849e-02   7.0949191251e-06   1.0291026560e-10   6.6787350755e-12   8.1838559977e-05   1.3660851140e-02   1.1606326409e-02   7.4954843656e-02   2.5617515919e-10   1.0354424721e-04   4.0705951353e-13   7.2002374965e-01
   5.0000000000e-02   3.6409223250e-02   6.0516690706e+02  -7.5248775943e+05   1.0927171932e-01   5.7828254788e-01   2.1930633631e+05   1.8611354304e-05   1.3142745590e-10   1.2759539110e-11   1.4746944873e-01   3.0780618569e-08   1.9123333117e-02   6.9246929335e-06   1.1004083988e-10   6.8553118974e-12   8.9486871993e-05   1.5377884303e-02   1.2408897275e-02   7.7720877568e-02   2.7224535511e-10   1.0974721752e-04   4.2556663968e-13   7.1716395312e-01
   5.4000000000e-02   3.9226908207e-02   5.9970518535e+02  -8.0690510370e+05   1.1362292673e-01   5.8263030568e-01   2.2833128135e+05   2.0431348956e-05   1.2599685926e-10   1.0383969914e-11   1.4317868525e-01   2.8609496015e-08   2.0169722918e-02   6.7580055299e-06   1.1551494544e-10   6.8973441182e-12   9.7042183580e-05   1.7147510590e-02   1.3182445359e-02   8.0250327099e-02   2.8292273649e-10   1.1552649110e-04   4.3208521045e-13   7.1429298047e-01
   5.8000000000e-02   4.2047139760e-02   5.9304761580e+02  -8.6049357754e+05   1.1769170963e-01   5.8820217765e-01   2.3602962919e+05   2.2282701625e-05   1.1906843230e-10   8.2644339625e-12   1.3907990592e-01   2.6374583578e-08   2.1174576537e-02   6.6022692241e-06   1.1956638791e-10   6.8350018892e-12   1.0449331909e-04   1.8966644822e-02   1.3928123092e-02   8.2566727299e-02   2.8896474447e-10   1.2091165364e-04   4.2908899809e-13   7.1141197976e-01
   6.2000000000e-02   4.4871452657e-02   5.8579212030e+02  -9.1279016047e+05   1.2150181853e-01   5.9447061952e-01   2.4306005470e+05   2.4163731279e-05   1.1200086284e-10   6.5507819783e-12   1.3515861317e-01   2.4231303528e-08   2.2140263352e-02   6.4636981093e-06   1.2263285021e-10   6.7085429656e-12   1.1183125986e-04   2.0832550960e-02   1.4647029255e-02   8.4690362196e-02   2.9183858947e-10   1.2593113133e-04   4.2045143587e-13   7.0852194465e-01
   6.6000000000e-02   4.7701138489e-02   5.7872485037e+02  -9.6308452435e+05   1.2507412835e-01   6.0066779348e-01   2.5016982266e+05   2.6072338468e-05   1.0629310280e-10   5.3196584663e-12   1.3140198272e-01   2.2329709534e-08   2.3068817951e-02   6.3474631292e-06   1.2538373045e-10   6.5677599403e-12   1.1904873682e-04   2.2742754902e-02   1.5340216680e-02   8.6639021381e-02   2.9376787112e-10   1.3061200870e-04   4.1127480724e-13   7.0562376838e-01
   7.0000000000e-02   5.0537260211e-02   5.7283764713e+02  -1.0104021656e+06   1.2842726139e-01   6.0573759430e-01   2.5814764288e+05   2.8005618009e-05   1.0366433796e-10   4.6254478750e-12   1.2779853834e-01   2.0815200472e-08   2.3961974738e-02   6.2577454151e-06   1.2874301038e-10   6.4711068689e-12   1.2613989407e-04   2.4694962396e-02   1.6008700114e-02   8.8428580926e-02   2.9775039093e-10   1.3497997623e-04   4.0777445802e-13   7.0271828595e-01
   7.4000000000e-02   5.3380647874e-02   5.6932676887e+02  -1.0535043913e+06   1.3157805748e-01   6.0833557926e-01   2.6778957058e+05   2.9959453356e-05   1.0624188232e-10   4.5732339370e-12   1.2433790093e-01   1.9830615949e-08   2.4821197560e-02   6.1977051479e-06   1.3390111801e-10   6.4852301321e-12   1.3310000380e-04   2.6686981142e-02   1.6653462702e-02   9.0073437764e-02   3.0764177421e-10   1.3905934000e-04   4.1755721088e-13   6.9980630515e-01
   7.8000000000e-02   5.6231877131e-02   5.6971079785e+02  -1.0907453039e+06   1.3454194598e-01   6.0676466991e-01   2.7984815473e+05   3.1928057214e-05   1.1686584760e-10   5.4263915320e-12   1.2101058460e-01   1.9521922944e-08   2.5647700852e-02   6.1693794454e-06   1.4227281759e-10   6.6856495005e-12   1.3992520584e-04   2.8716640008e-02   1.7275462722e-02   9.1586854347e-02   3.2856915448e-10   1.4287309858e-04   4.5098921856e-13   6.9688863184e-01
   8.2000000000e-02   5.9091217381e-02   5.7630693141e+02  -1.1195001610e+06   1.3733330798e-01   5.9865146166e-01   2.9483365456e+05   3.3903226452e-05   1.3939119298e-10   7.7731303951e-12   1.1780779825e-01   2.0039078000e-08   2.6442441226e-02   6.1735081605e-06   1.5525206864e-10   7.1559384958e-12   1.4661221024e-04   3.0781680110e-02   1.7875645800e-02   9.2981317731e-02   3.6815121233e-10   1.4644315931e-04   5.2467265491e-13   6.9396610310e-01
   8.6000000000e-02   6.1958549875e-02   5.9245396727e+02  -1.1358356343e+06   1.3996579345e-01   5.8118161579e-01   3.1292709176e+05   3.5873438181e-05   1.7852729280e-10   1.2757120913e-11   1.1472126020e-01   2.1494725885e-08   2.7206092207e-02   6.2092598372e-06   1.7364721835e-10   7.9728338554e-12   1.5315800855e-04   3.2879619642e-02   1.8454960049e-02   9.4268867755e-02   4.3843098486e-10   1.4979034101e-04   6.6597337640e-13   6.9103962186e-01
   9.0000000000e-02   6.4833462449e-02   6.1835345133e+02  -1.1392621007e+06   1.4245192693e-01   5.5571978625e-01   3.3544173475e+05   3.7825785987e-05   2.3844357194e-10   2.2238663907e-11   1.1174332435e-01   2.3821782127e-08   2.7939228590e-02   6.2739239195e-06   1.9752241944e-10   9.1560062312e-12   1.5956032995e-04   3.5007879754e-02   1.9014319190e-02   9.5460553366e-02   5.5217789184e-10   1.5293200421e-04   9.0289250947e-13   6.8811005630e-01
   9.4000000000e-02   6.7715679133e-02   6.4808129925e+02  -1.1364773266e+06   1.4480205033e-01   5.2914960504e-01   3.6416472894e+05   3.9751758769e-05   3.2114943476e-10   3.8648322415e-11   1.0886743778e-01   2.6684310547e-08   2.8642746325e-02   6.3631970111e-06   2.2633927529e-10   1.0622701725e-11   1.6581902982e-04   3.7164333960e-02   1.9554507053e-02   9.6565045194e-02   7.1170012904e-10   1.5587812167e-04   1.2393998070e-12   6.8517799129e-01
   9.8000000000e-02   7.0605317450e-02   6.7735714344e+02  -1.1325227282e+06   1.4702431703e-01   5.0523749777e-01   3.9828564112e+05   4.1649238652e-05   4.2706913423e-10   6.4721409562e-11   1.0608816517e-01   2.9693082981e-08   2.9317951427e-02   6.4722508081e-06   2.5864146437e-10   1.2247456181e-11   1.7193637332e-04   3.9347566816e-02   2.0076160846e-02   9.7588555520e-02   9.1333558365e-10   1.5863206385e-04   1.6673770524e-12   6.8224367373e-01
   1.0200000000e-01   7.3502717906e-02   7.0496420705e+02  -1.1289560870e+06   1.4912567666e-01   4.8444231096e-01   4.3593462428e+05   4.3519146915e-05   5.5588956965e-10   1.0321043501e-10   1.0340074169e-01   3.2579301167e-08   2.9966270835e-02   6.5964219030e-06   2.9293604423e-10   1.3931602683e-11   1.7791592914e-04   4.1556577363e-02   2.0579843351e-02   9.8536043327e-02   1.1546111019e-09   1.6119452112e-04   2.1812356115e-12   6.7930718575e-01
   1.0600000000e-01   7.6408265524e-02   7.3071748971e+02  -1.1261297269e+06   1.5111246394e-01   4.6638697123e-01   4.7553159862e+05   4.5362965488e-05   7.0672310578e-10   1.5650303779e-10   1.0080078276e-01   3.5204419712e-08   3.0589059155e-02   6.7314145260e-06   3.2832370668e-10   1.5617536736e-11   1.8376174977e-04   4.3790518989e-02   2.1066089480e-02   9.9411952341e-02   1.4346632938e-09   1.6356576948e-04   2.7775522907e-12   6.7636856651e-01
   1.1000000000e-01   7.9322331199e-02   7.5469393104e+02  -1.1240748310e+06   1.5299056508e-01   4.5061241662e-01   5.1592858246e+05   4.7182064727e-05   8.7809440204e-10   2.2624138230e-10   9.8284194377e-02   3.7519954106e-08   3.1187556133e-02   6.8733276402e-06   3.6446704466e-10   1.7279579880e-11   1.8947806151e-04   4.6048615131e-02   2.1535417275e-02   1.0022040961e-01   1.7535252181e-09   1.6574640753e-04   3.4521162727e-12   6.7342784767e-01
   1.1400000000e-01   8.2245256918e-02   7.7703334560e+02  -1.1227339091e+06   1.5476547005e-01   4.3672107915e-01   5.5629949286e+05   4.8977588932e-05   1.0679262496e-09   3.1302934084e-10   9.5847141710e-02   3.9528536050e-08   3.1762889422e-02   7.0186319259e-06   4.0138916262e-10   1.8911918293e-11   1.9506913303e-04   4.8330135242e-02   2.1988328927e-02   1.0096527411e-01   2.1115506478e-09   1.6773759597e-04   4.1986780684e-12   6.7048506196e-01
   1.1800000000e-01   8.5177352888e-02   7.9788334147e+02  -1.1220270520e+06   1.5644230183e-01   4.2439110799e-01   5.9603290879e+05   5.0750465803e-05   1.2735502058e-09   4.1626459303e-10   9.3486030443e-02   4.1256881629e-08   3.2316086271e-02   7.1641360088e-06   4.3930028311e-10   2.0519224584e-11   2.0053919643e-04   5.0634386330e-02   2.2425310082e-02   1.0165015501e-01   2.5090084992e-09   1.6954113211e-04   5.0102927759e-12   6.6754024528e-01
   1.2200000000e-01   8.8118898264e-02   8.1738278922e+02  -1.1218732393e+06   1.5802584157e-01   4.1336572572e-01   6.3465686832e+05   5.2501439904e-05   1.4917372900e-09   5.3409153690e-10   9.1197490688e-02   4.2739422417e-08   3.2848085884e-02   7.3069546860e-06   4.7847962798e-10   2.2110394109e-11   2.0589238840e-04   5.2960708914e-02   2.2846829244e-02   1.0227842501e-01   2.9458097782e-09   1.7115945218e-04   5.8816152911e-12   6.6459343699e-01
   1.2600000000e-01   9.1070143045e-02   8.3565722141e+02  -1.1221974734e+06   1.5952055283e-01   4.0343987384e-01   6.7178698180e+05   5.4231106021e-05   1.7187356324e-09   6.6343670462e-10   8.8978361592e-02   4.4008743877e-08   3.3359750491e-02   7.4444828167e-06   5.1919374363e-10   2.3694416465e-11   2.1113270319e-04   5.5308474381e-02   2.3253337548e-02   1.0285323369e-01   3.4213059252e-09   1.7259559588e-04   6.8101208391e-12   6.6164467970e-01
   1.3000000000e-01   9.4031310518e-02   8.5281573943e+02  -1.1229363572e+06   1.6093060510e-01   3.9444994800e-01   7.0708134160e+05   5.5939938713e-05   1.9502997915e-09   8.0005529443e-10   8.6825676454e-02   4.5088600361e-08   3.3851874996e-02   7.5743753964e-06   5.6161376586e-10   2.5276758446e-11   2.1626395816e-04   5.7677083109e-02   2.3645268872e-02   1.0337752129e-01   3.9339306975e-09   1.7385315049e-04   7.7953721091e-12   6.5869401874e-01
   1.3400000000e-01   9.7002603038e-02   8.6890162884e+02  -1.1241073393e+06   1.6225989539e-01   3.8628692917e-01   7.4016779175e+05   5.7628335439e-05   2.1817044161e-09   9.3848417067e-10   8.4736649471e-02   4.5984518481e-08   3.4325196658e-02   7.6945350096e-06   6.0565586611e-10   2.6852300585e-11   2.2128977948e-04   6.0065966534e-02   2.4023039998e-02   1.0385403040e-01   4.4794550009e-09   1.7493618223e-04   8.8355759522e-12   6.5574150050e-01
   1.3800000000e-01   9.9984226792e-02   8.8364132079e+02  -1.1261617752e+06   1.6351206466e-01   3.7899353200e-01   7.7050694830e+05   5.9296756963e-05   2.4078140544e-09   1.0719035448e-09   8.2708668270e-02   4.6669604103e-08   3.4780411070e-02   7.8031175228e-06   6.5064186069e-10   2.8385696295e-11   2.2621362833e-04   6.2474610756e-02   2.4387049936e-02   1.0428530690e-01   5.0448743470e-09   1.7584917143e-04   9.9189938152e-12   6.5278716461e-01
   1.4200000000e-01   1.0297643923e-01   8.9636358551e+02  -1.1301220190e+06   1.6469051192e-01   3.7277321917e-01   7.9742630081e+05   6.0945961834e-05   2.6235540272e-09   1.1927452544e-09   8.0739291427e-02   4.7089338402e-08   3.5218192908e-02   7.8985900149e-06   6.9512270571e-10   2.9800180955e-11   2.3103881651e-04   6.4902605759e-02   2.4737678478e-02   1.0467369457e-01   5.6050691638e-09   1.7659706833e-04   1.1020451691e-11   6.4983103040e-01
   1.4600000000e-01   1.0597955932e-01   9.0668204807e+02  -1.1366433656e+06   1.6579841776e-01   3.6769613917e-01   8.2053428162e+05   6.2577015077e-05   2.8248907551e-09   1.2948500386e-09   7.8826235444e-02   4.7207284945e-08   3.5639197262e-02   7.9798362197e-06   7.3756896542e-10   3.1024127963e-11   2.3576838877e-04   6.7349653479e-02   2.5075287081e-02   1.0502135640e-01   6.1367058164e-09   1.7718552808e-04   1.2121691432e-11   6.4687309791e-01
   1.5000000000e-01   1.0899391614e-01   9.1475581069e+02  -1.1456184466e+06   1.6683877208e-01   3.6362047302e-01   8.3989315338e+05   6.4191001980e-05   3.0094240956e-09   1.3750807643e-09   7.6967350391e-02   4.7032264460e-08   3.6044039985e-02   8.0462063981e-06   7.7709652867e-10   3.2030153036e-11   2.4040497921e-04   6.9815507799e-02   2.5400222300e-02   1.0533031880e-01   6.6290149788e-09   1.7762100883e-04   1.3228218229e-11   6.4391336733e-01
   1.5400000000e-01   1.1201979893e-01   9.2097325184e+02  -1.1565954216e+06   1.6781439336e-01   3.6033820398e-01   8.5583681915e+05   6.5788794665e-05   3.1762554778e-09   1.4331382934e-09   7.5160600125e-02   4.6604813491e-08   3.6433284670e-02   8.0974748505e-06   8.1348110286e-10   3.2826231744e-11   2.4495079112e-04   7.2299916503e-02   2.5712818563e-02   1.0560250133e-01   7.0808496192e-09   1.7791061013e-04   1.4366605301e-11   6.4095185423e-01
   1.5800000000e-01   1.1505744127e-01   9.2572183183e+02  -1.1690996015e+06   1.6872794020e-01   3.5766399735e-01   8.6878028369e+05   6.7371002254e-05   3.3255593893e-09   1.4705766905e-09   7.3404051777e-02   4.5975673963e-08   3.6807444010e-02   8.1337534613e-06   8.4687375282e-10   3.3435879712e-11   2.4940766622e-04   7.4802601102e-02   2.6013399221e-02   1.0583972596e-01   7.4952566351e-09   1.7806181636e-04   1.5575919427e-11   6.3798859244e-01
   1.6200000000e-01   1.1810702552e-01   9.2931742477e+02  -1.1827391116e+06   1.6958192077e-01   3.5545516545e-01   8.7912213520e+05   6.8938012528e-05   3.4581656546e-09   1.4898721435e-09   7.1695869634e-02   4.5192759714e-08   3.7166987242e-02   8.1554030174e-06   8.7756536626e-10   3.3885721385e-11   2.5377717051e-04   7.7323259136e-02   2.6302276810e-02   1.0604371870e-01   7.8763259780e-09   1.7808226794e-04   1.6900475243e-11   6.3502363056e-01
   1.6600000000e-01   1.2116869211e-01   9.3200123547e+02  -1.1972151771e+06   1.7037870252e-01   3.5360676664e-01   8.8721127263e+05   7.0490048059e-05   3.5752466853e-09   1.4937902258e-09   7.0034309633e-02   4.4296236103e-08   3.7512347825e-02   8.1629588003e-06   9.0587273578e-10   3.4200765988e-11   2.5806066523e-04   7.9861572017e-02   2.6579753289e-02   1.0621611136e-01   8.2278841670e-09   1.7797959279e-04   1.8382886253e-11   6.3205702762e-01
   1.7000000000e-01   1.2424254829e-01   9.3395409186e+02  -1.2123060898e+06   1.7112052139e-01   3.5204228769e-01   8.9334019570e+05   7.2027212589e-05   3.6781032549e-09   1.4850233513e-09   6.8417714406e-02   4.3317958136e-08   3.7843929516e-02   8.1570727544e-06   9.3205271452e-10   3.4400632402e-11   2.6225935825e-04   8.2417212389e-02   2.6846120248e-02   1.0635844441e-01   8.5532213496e-09   1.7776129015e-04   2.0057043910e-11   6.2908884954e-01
   1.7400000000e-01   1.2732867539e-01   9.3531155969e+02  -1.2278485224e+06   1.7180949094e-01   3.5070562228e-01   8.9775342488e+05   7.3549526978e-05   3.7680437392e-09   1.4660164184e-09   6.6844508175e-02   4.2282458014e-08   3.8162111145e-02   8.1384705027e-06   9.5633821572e-10   3.4502716868e-11   2.6637434152e-04   8.4989850150e-02   2.7101659232e-02   1.0647217104e-01   8.8549126048e-09   1.7743465459e-04   2.1941995969e-11   6.2611916647e-01
   1.7800000000e-01   1.3042713425e-01   9.3617602524e+02  -1.2437221453e+06   1.7244761107e-01   3.4955517045e-01   9.0065421971e+05   7.5056953994e-05   3.8463070957e-09   1.4388999267e-09   6.5313191714e-02   4.1208502881e-08   3.8467250163e-02   8.1079195955e-06   9.7890716835e-10   3.4520536420e-11   2.7040661720e-04   8.7579156539e-02   2.7346642123e-02   1.0655866183e-01   9.1350178382e-09   1.7700672815e-04   2.4032748589e-11   6.2314805100e-01
   1.8200000000e-01   1.3353796944e-01   9.3662563800e+02  -1.2598380694e+06   1.7303677600e-01   3.4855968441e-01   9.0221287519e+05   7.6549415741e-05   3.9140265214e-09   1.4054848835e-09   6.3822337497e-02   4.0110406069e-08   3.8759685381e-02   8.0662065699e-06   9.9989786628e-10   3.4465122210e-11   2.7435711630e-04   9.0184806978e-02   2.7581331558e-02   1.0661920965e-01   9.3951547281e-09   1.7648427192e-04   2.6292875224e-11   6.2017557606e-01
   1.8600000000e-01   1.3666121229e-01   9.3672081507e+02  -1.2761303487e+06   1.7357878169e-01   3.4769535498e-01   9.0257398581e+05   7.8026806348e-05   3.9722184829e-09   1.3672903544e-09   6.2370585291e-02   3.8999265985e-08   3.9039739082e-02   8.0141203548e-06   1.0194196709e-09   3.4345405196e-11   2.7822671234e-04   9.2806483011e-02   2.7805981307e-02   1.0665503449e-01   9.6366052959e-09   1.7587375085e-04   2.8649423046e-11   6.1720181472e-01
   1.9000000000e-01   1.3979688333e-01   9.3650902252e+02  -1.2925496705e+06   1.7407533253e-01   3.4694373308e-01   9.0186307758e+05   7.9489000902e-05   4.0217828936e-09   1.3255855675e-09   6.0956637960e-02   3.7883964764e-08   3.9307718713e-02   7.9524403628e-06   1.0375682434e-09   3.4169065326e-11   2.8201623142e-04   9.5443873528e-02   2.8020836667e-02   1.0666728815e-01   9.8604310479e-09   1.7518132789e-04   3.0992971288e-11   6.1422683936e-01
   1.9400000000e-01   1.4294499402e-01   9.3602836874e+02  -1.3090585522e+06   1.7452804763e-01   3.4629020817e-01   9.0019421703e+05   8.0935861527e-05   4.0635101734e-09   1.2814408646e-09   5.9579257601e-02   3.6772339977e-08   3.9563918249e-02   7.8819279100e-06   1.0544408371e-09   3.3943065623e-11   2.8572645918e-04   9.8096675452e-02   2.8226134832e-02   1.0665705869e-01   1.0067698713e-08   1.7441286405e-04   3.3186765468e-11   6.1125072122e-01
   1.9800000000e-01   1.4610554798e-01   9.3531036071e+02  -1.3256275998e+06   1.7493846645e-01   3.4572286683e-01   8.9768351432e+05   8.2367241391e-05   4.0980903978e-09   1.2357908882e-09   5.8237261899e-02   3.5673167745e-08   3.9808619311e-02   7.8033199695e-06   1.0701881798e-09   3.3675129241e-11   2.8935814483e-04   1.0076459395e-01   2.8422105259e-02   1.0662537464e-01   1.0259919164e-08   1.7357392271e-04   3.5090289142e-11   6.0827353012e-01
   2.0800000000e-01   1.5405318993e-01   9.3306873481e+02  -1.3671267202e+06   1.7586292031e-01   3.4446732292e-01   8.8893359598e+05   8.5906521639e-05   4.1681658564e-09   1.1201114063e-09   5.4968823746e-02   3.2991841822e-08   4.0392297073e-02   7.5883854641e-06   1.1074125182e-09   3.2908287607e-11   2.9824276343e-04   1.0747143426e-01   2.8889075899e-02   1.0649564082e-01   1.0711903617e-08   1.7132188576e-04   3.8859487620e-11   6.0082804396e-01
   2.2400000000e-01   1.6691842708e-01   9.2674880189e+02  -1.4334876052e+06   1.7674092178e-01   3.4345117960e-01   8.6544045373e+05   9.1245826796e-05   4.1935189855e-09   9.3392678001e-10   5.0245672765e-02   2.8881934122e-08   4.1153809823e-02   7.1524254379e-06   1.1463370085e-09   3.1148069635e-11   3.1122372419e-04   1.1840152171e-01   2.9498858325e-02   1.0599700780e-01   1.1189234025e-08   1.6687035667e-04   3.1665305016e-11   5.8890410316e-01
   2.4000000000e-01   1.7998004773e-01   9.1881183271e+02  -1.4990812518e+06   1.7709485282e-01   3.4302442032e-01   8.3512449134e+05   9.6319444952e-05   4.1559496583e-09   7.6520219960e-10   4.5970496618e-02   2.5138517214e-08   4.1760500888e-02   6.6596724470e-06   1.1691823785e-09   2.9085341722e-11   3.2302775154e-04   1.2954147821e-01   2.9983425440e-02   1.0525460705e-01   1.1477978001e-08   1.6182376258e-04   1.5185928903e-11   5.7697034026e-01
   2.5600000000e-01   1.9323553520e-01   9.0974527143e+02  -1.5637319214e+06   1.7698652346e-01   3.4302252991e-01   8.0020926315e+05   1.0111779585e-04   4.0689171795e-09   6.1895384805e-10   4.2093577461e-02   2.1783913252e-08   4.2224835815e-02   6.1372428530e-06   1.1775175275e-09   2.6851666282e-11   3.3369143992e-04   1.4087709515e-01   3.0353571257e-02   1.0430699859e-01   1.1603108026e-08   1.5638089428e-04   3.8799989838e-12   5.6502998111e-01
   2.7200000000e-01   2.0668189552e-01   8.9966925267e+02  -1.6277524381e+06   1.7646833806e-01   3.4341779105e-01   7.6209705906e+05   1.0563217953e-04   3.9399305166e-09   4.9474281467e-10   3.8572201910e-02   1.8792690010e-08   4.2557844140e-02   5.6053314961e-06   1.1714540368e-09   2.4512216588e-11   3.4324914514e-04   1.5239569012e-01   3.0618931839e-02   1.0318592990e-01   1.1574848122e-08   1.5069680890e-04   4.1576076408e-12   5.5308581362e-01
   2.8800000000e-01   2.2031588482e-01   8.8862198802e+02  -1.6915230679e+06   1.7558513779e-01   3.4421478938e-01   7.2173263861e+05   1.0985495298e-04   3.7741988990e-09   3.9063181784e-10   3.5369391303e-02   1.6133524832e-08   4.2769368330e-02   5.0787831758e-06   1.1510741979e-09   2.2117600532e-11   3.5173320086e-04   1.6408598468e-01   3.0788151149e-02   1.0191776336e-01   1.1402054544e-08   1.4489191191e-04   9.7721664473e-12   5.4114024149e-01
   3.0400000000e-01   2.3413406449e-01   8.7669041560e+02  -1.7552817434e+06   1.7437558415e-01   3.4540099756e-01   6.7983345267e+05   1.1377935773e-04   3.5769056213e-09   3.0450548683e-10   3.2452912575e-02   1.3780997671e-08   4.2868246962e-02   4.5683858956e-06   1.1172081962e-09   1.9723825186e-11   3.5917393272e-04   1.7593787029e-01   3.0869017139e-02   1.0052454069e-01   1.1098945733e-08   1.3905911943e-04   1.3732618072e-11   5.2919533701e-01
   3.2000000000e-01   2.4813279529e-01   8.6400181762e+02  -1.8191386585e+06   1.7287322524e-01   3.4694843282e-01   6.3697863090e+05   1.1739930101e-04   3.3538275809e-09   2.3426327682e-10   2.9794495428e-02   1.1713062448e-08   4.2862461611e-02   4.0817932964e-06   1.0714265053e-09   1.7387356744e-11   3.6559969193e-04   1.8794215624e-01   3.0868574559e-02   9.9024789768e-02   1.0684259889e-08   1.3326941475e-04   1.4721097327e-11   5.1725287742e-01
   3.3600000000e-01   2.6230823586e-01   8.5069181750e+02  -1.8831355050e+06   1.7110734095e-01   3.4882470260e-01   5.9362923366e+05   1.2070921675e-04   3.1111736685e-09   1.7782044219e-10   2.7369208597e-02   9.9078310940e-09   4.2759260344e-02   3.6241972656e-06   1.0157210405e-09   1.5157254601e-11   3.7103693810e-04   2.0009036318e-01   3.0793218872e-02   9.7434152515e-02   1.0178516788e-08   1.2757623898e-04   1.4235747898e-11   5.0531437151e-01
   3.5200000000e-01   2.7665635759e-01   8.3688613420e+02  -1.9472842342e+06   1.6910362037e-01   3.5099950246e-01   5.5015389984e+05   1.2370399359e-04   2.8552789575e-09   1.3314422627e-10   2.5154956002e-02   8.3426383741e-09   4.2565259609e-02   3.1988443710e-06   9.5225638941e-10   1.3071262887e-11   3.7551036225e-04   2.1237456523e-01   3.0648775008e-02   9.5765881761e-02   9.6021599418e-09   1.2201900812e-04   1.3380394979e-11   4.9338107898e-01
   3.6800000000e-01   2.9117297226e-01   8.2269437398e+02  -2.0115853623e+06   1.6688471028e-01   3.5344693661e-01   5.0686459869e+05   1.2637894432e-04   2.5923406295e-09   9.8312803345e-11   2.3132067501e-02   6.9942713023e-09   4.2286528330e-02   2.8074496916e-06   8.8320014054e-10   1.1155149835e-11   3.7904304131e-04   2.2478727222e-01   3.0440563555e-02   9.4031239453e-02   8.9745440708e-09   1.1662594830e-04   1.2447516161e-11   4.8145402761e-01
   3.8400000000e-01   3.0585376281e-01   8.0820954302e+02  -2.0760354695e+06   1.6447066324e-01   3.5614584017e-01   4.6404896717e+05   1.2872979434e-04   2.3282139378e-09   7.1567208426e-11   2.1282961960e-02   5.8396429243e-09   4.1928657912e-02   2.4505364750e-06   8.1061792191e-10   9.4236948005e-12   3.8165663104e-04   2.3732133433e-01   3.0173457247e-02   9.2239818283e-02   8.3134604358e-09   1.1141638481e-04   1.1451420761e-11   4.6953402911e-01
   4.0000000000e-01   3.2069431274e-01   7.9350966809e+02  -2.1406298874e+06   1.6187930413e-01   3.5907936223e-01   4.2199140577e+05   1.3075267586e-04   2.0682486679e-09   5.1344301311e-11   1.9591868600e-02   4.8564216153e-09   4.1496820306e-02   2.1277169168e-06   7.3640739170e-10   7.8823680154e-12   3.8337158946e-04   2.4996985908e-01   2.9851929036e-02   9.0399802114e-02   7.6349208302e-09   1.0640259070e-04   1.0403202962e-11   4.5762169285e-01
   4.1600000000e-01   3.3569013746e-01   7.7865985576e+02  -2.2053636274e+06   1.5912653337e-01   3.6223439956e-01   3.8098289068e+05   1.3244412952e-04   1.8171534193e-09   3.6290826555e-11   1.8044594290e-02   4.0235088057e-09   4.0995816615e-02   1.8379234155e-06   6.6225700794e-10   6.5291872479e-12   3.8420742924e-04   2.6272614129e-01   2.9480093426e-02   8.8518179202e-02   6.9530614268e-09   1.0159128078e-04   9.3362693954e-12   4.4571743846e-01
   4.3200000000e-01   3.5083671515e-01   7.6371425101e+02  -2.2702316733e+06   1.5622657889e-01   3.6560106726e-01   3.4132134024e+05   1.3380110941e-04   1.5788885337e-09   2.5262743926e-11   1.6628327587e-02   3.3213553612e-09   4.0430118186e-02   1.5795976370e-06   5.8962319384e-10   5.3565307912e-12   3.8418299050e-04   2.7558359971e-01   2.9061742234e-02   8.6600917365e-02   6.2801152681e-09   9.6984817131e-05   8.2834156886e-12   4.3382150658e-01
   4.4800000000e-01   3.6612951692e-01   7.4871773223e+02  -2.3352290896e+06   1.5319220632e-01   3.6917226228e-01   3.0330435432e+05   1.3482099013e-04   1.3565920193e-09   1.7314128984e-11   1.5331472841e-02   2.7321332823e-09   3.9803901512e-02   1.3508439152e-06   5.1971953668e-10   4.3527603576e-12   3.8331672003e-04   2.8853571699e-01   2.8600375597e-02   8.4653108225e-02   5.6264109760e-09   9.2582180663e-05   7.2685077123e-12   4.2193396755e-01
   4.6400000000e-01   3.8156403953e-01   7.3370735970e+02  -2.4003510467e+06   1.5003489560e-01   3.7294330736e-01   2.6721711252e+05   1.3550157694e-04   1.1525458253e-09   1.1679474492e-11   1.4143508942e-02   2.2398029725e-09   3.9121077910e-02   1.1495527587e-06   4.5351692707e-10   3.5036358939e-12   3.8162694352e-04   3.0157598575e-01   2.8099228961e-02   8.2679087152e-02   5.0004086515e-09   8.8379754663e-05   6.3080198167e-12   4.1005472874e-01
   4.8000000000e-01   3.9713583966e-01   7.1871359414e+02  -2.4655928417e+06   1.4676499020e-01   3.7691166901e-01   2.3331798055e+05   1.3584111875e-04   9.6818455750e-10   7.7522149805e-12   1.3054867994e-02   1.8300997985e-09   3.8385319119e-02   9.7349928318e-07   3.9175135444e-10   2.7934847725e-12   3.7913212050e-04   3.1469785719e-01   2.7561296781e-02   8.0682533177e-02   4.4087612719e-09   8.4371954537e-05   5.4135958433e-12   3.9818354024e-01
   4.9600000000e-01   4.1284056748e-01   7.0376132475e+02  -2.5309499114e+06   1.4339182258e-01   3.8107673461e-01   2.0182446461e+05   1.3583832260e-04   8.0414560271e-10   5.0617271060e-12   1.2056830818e-02   1.4904651985e-09   3.7600079458e-02   8.2042082615e-07   3.3493777380e-10   2.2061364965e-12   3.7585106898e-04   3.2789468621e-01   2.6989353267e-02   7.8666551533e-02   3.8564050038e-09   8.0551731968e-05   4.5933667090e-12   3.8631999805e-01
   5.1200000000e-01   4.2867400610e-01   6.8887074138e+02  -2.5964178516e+06   1.3992382101e-01   3.8543963453e-01   1.7290154838e+05   1.3549237020e-04   6.6035456876e-10   3.2504796564e-12   1.1141436762e-02   1.2099411954e-09   3.6768614722e-02   6.8807728189e-07   2.8338853962e-10   1.7256393084e-12   3.7180314915e-04   3.4115968240e-01   2.6385970569e-02   7.6633743351e-02   3.3466782790e-09   7.6910980010e-05   3.8524264541e-12   3.7446354667e-01
   5.2800000000e-01   4.4463211220e-01   6.7405807926e+02  -2.6619924380e+06   1.3636860039e-01   3.9000309972e-01   1.4665384770e+05   1.3480293866e-04   5.3613715000e-10   2.0525492048e-12   1.0301404782e-02   9.7904288563e-10   3.5893998899e-02   5.7429685242e-07   2.3723513609e-10   1.3367831370e-12   3.6700840832e-04   3.5448585700e-01   2.5753534979e-02   7.4586263577e-02   2.8814673466e-09   7.3440854218e-05   3.1930482696e-12   3.6261347985e-01
   5.4400000000e-01   4.6071105715e-01   6.5933625277e+02  -2.7276696472e+06   1.3273303801e-01   3.9477135074e-01   1.2312230791e+05   1.3377022293e-04   4.3034676291e-10   1.2743155520e-12   9.5300649205e-03   7.8962007973e-10   3.4979138683e-02   4.7700986188e-07   1.9645212228e-10   1.0254565156e-12   3.6148767645e-04   3.6786596145e-01   2.5094261026e-02   7.2525868078e-02   2.4613738064e-09   7.0132026443e-05   2.6149194421e-12   3.5076893849e-01
   5.6000000000e-01   4.7690727611e-01   6.4471540301e+02  -2.7934456853e+06   1.2902333847e-01   3.9975000710e-01   1.0228537566e+05   1.3239496164e-04   3.4149655217e-10   7.7778405938e-13   8.8212983156e-03   6.3471602295e-10   3.4026785896e-02   3.9427254425e-07   1.6088234495e-10   7.7886582196e-13   3.5526261700e-04   3.8129242944e-01   2.4410203970e-02   7.0453953647e-02   2.0858981701e-09   6.6974885856e-05   2.1154709494e-12   3.3892890870e-01
   5.7600000000e-01   4.9321752010e-01   6.3020337220e+02  -2.8593170182e+06   1.2524508826e-01   4.0494601383e-01   8.4064170074e+04   1.3067846815e-04   2.6788626263e-10   4.6668984153e-13   8.1694842485e-03   5.0842899985e-10   3.3039548501e-02   3.2428246911e-07   1.3026257099e-10   5.8564400599e-13   3.4835573883e-04   3.9475731055e-01   2.3703270888e-02   6.8371590403e-02   1.7536317695e-09   6.3959694417e-05   1.6902938416e-12   3.2709221793e-01
   5.9200000000e-01   5.0963891152e-01   6.1580611512e+02  -2.9252804028e+06   1.2140330026e-01   4.1036758234e-01   6.8330871720e+04   1.2862266713e-04   2.0771673663e-10   2.7530572092e-13   7.5694536048e-03   4.0578108868e-10   3.2019900232e-02   2.6538717333e-07   1.0424878255e-10   4.3587381565e-13   3.4079037040e-04   4.0825219148e-01   2.2975230351e-02   6.6279547014e-02   1.4624498710e-09   6.1076705529e-05   1.3336056315e-12   3.1525752859e-01
   6.0800000000e-01   5.2616900097e-01   6.0152809394e+02  -2.9913329245e+06   1.1750246035e-01   4.1602411651e-01   5.4917039049e+04   1.2623041853e-04   1.5917668275e-10   1.5968967196e-13   7.0164457147e-03   3.2259419198e-10   3.0970193078e-02   2.1608677834e-07   8.2440191668e-11   3.2104645762e-13   3.3259062000e-04   4.2176810419e-01   2.2227722229e-02   6.4178314628e-02   1.2096919047e-09   5.8316211339e-05   1.0386859696e-12   3.0342333128e-01
   6.2400000000e-01   5.4280584871e-01   5.8737257470e+02  -3.0574720367e+06   1.1354654919e-01   4.2192617707e-01   4.3625988700e+04   1.2350537217e-04   1.2052465331e-10   9.1100483162e-14   6.5060732480e-03   2.5537948258e-10   2.9892660478e-02   1.7503306047e-07   6.4401773390e-11   2.3397662510e-13   3.2378127793e-04   4.3529544301e-01   2.1462264273e-02   6.2068119063e-02   9.9233599807e-10   5.5668640521e-05   7.9834506104e-13   2.9158793642e-01
   6.4000000000e-01   5.5954810669e-01   5.7334190446e+02  -3.1236956083e+06   1.0953906130e-01   4.2808543973e-01   3.4243858728e+04   1.2045194448e-04   9.0143034496e-11   5.1135834739e-14   6.0342904330e-03   2.0123654326e-10   2.8789422316e-02   1.4102488441e-07   4.9684392724e-11   1.6868790612e-13   3.1438771291e-04   4.4882385253e-01   2.0680258154e-02   5.9948928885e-02   8.0715150858e-10   5.3124615125e-05   6.0530972442e-13   2.7974946274e-01
   6.5600000000e-01   5.7639511144e-01   5.5943777417e+02  -3.1900019746e+06   1.0548302080e-01   4.3451463952e-01   2.6549402361e+04   1.1707538650e-04   6.6570796991e-11   2.8259050811e-14   5.5973642380e-03   1.5776368051e-10   2.7662490233e-02   1.1300095566e-07   3.7842165967e-11   1.2028198301e-13   3.0443576204e-04   4.6234209817e-01   1.9882995007e-02   5.7820460174e-02   6.5082900695e-10   5.0674978241e-05   4.5252665229e-13   2.6790582462e-01
   6.7200000000e-01   5.9334699108e-01   5.4566146201e+02  -3.2563899930e+06   1.0138098978e-01   4.4122750201e-01   2.0322571567e+04   1.1338186670e-04   4.8520480619e-11   1.5388289411e-14   5.1918485443e-03   1.2297926665e-10   2.6513772142e-02   9.0030786370e-08   2.8446759545e-11   8.4801689598e-14   2.9395161479e-04   4.7583791137e-01   1.9071660111e-02   5.5682175659e-02   5.2008747956e-10   4.8310806492e-05   3.3338952924e-13   2.5605471651e-01
   6.8800000000e-01   6.1040479181e-01   5.3201406219e+02  -3.3228591056e+06   9.7235069464e-02   4.4823865376e-01   1.5351537598e+04   1.0937856786e-04   3.4882284882e-11   8.2664213902e-15   4.8145610879e-03   9.5253347436e-11   2.5345075778e-02   7.1304551238e-08   2.1098452104e-11   5.9095456409e-14   2.8296169244e-04   4.8929780879e-01   1.8247336721e-02   5.3533278397e-02   4.1175861325e-10   4.6023410219e-05   2.4189199842e-13   2.4419359473e-01
   7.0400000000e-01   6.2757062833e-01   5.1849670539e+02  -3.3894094129e+06   9.3046893382e-02   4.5556350119e-01   1.1438023154e+04   1.0507380433e-04   2.4718469004e-11   4.3868895052e-15   4.4625626122e-03   7.3248721791e-11   2.4158111464e-02   5.6122337061e-08   1.5433947096e-11   4.0688622123e-14   2.7149253350e-04   5.0270687670e-01   1.7411009106e-02   5.1372699008e-02   3.2284940313e-10   4.3804321528e-05   1.7271422785e-13   2.3231965566e-01
   7.2000000000e-01   6.4484786378e-01   5.0511077361e+02  -3.4560417569e+06   8.8817609943e-02   4.6321806717e-01   8.4010004092e+03   1.0047716638e-04   1.7251157945e-11   2.3037201736e-15   4.1331380956e-03   5.5870656658e-11   2.2954494043e-02   4.3883249137e-08   1.1131108711e-11   2.7665288658e-14   2.5957069077e-04   5.1604850428e-01   1.6563564587e-02   4.9199074147e-02   2.5058532483e-10   4.1645270035e-05   1.2125462748e-13   2.2042980724e-01
   7.3600000000e-01   6.6224133223e-01   4.9185811737e+02  -3.5227578223e+06   8.4547854060e-02   4.7121876532e-01   6.0788997496e+03   9.5599691969e-05   1.1846172079e-11   1.1992481260e-15   3.8237797598e-03   4.2224333675e-11   2.1735743707e-02   3.4074704197e-08   7.9109265015e-12   1.8562888673e-14   2.4722259742e-04   5.2930406651e-01   1.5705794630e-02   4.7010716031e-02   1.9243680062e-10   3.9538147270e-05   8.3619207687e-14   2.0852063487e-01
   7.5200000000e-01   6.7975761634e-01   4.7874128044e+02  -3.5895602605e+06   8.0237705020e-02   4.7958209000e-01   4.3305472550e+03   9.0454073247e-05   7.9949898147e-12   6.1989728707e-16   3.5321715507e-03   3.1579154915e-11   2.0503285630e-02   2.6262154375e-08   5.5371344382e-12   1.2280467909e-14   2.3447445024e-04   5.4245254322e-01   1.4838394873e-02   4.4805570444e-02   1.4613187274e-10   3.7474958077e-05   5.6580667364e-14   1.9658835926e-01
   7.6800000000e-01   6.9740539772e-01   4.6576373678e+02  -3.6564528400e+06   7.5886625191e-02   4.8832419302e-01   3.0350706306e+03   8.5054912877e-05   5.2964092918e-12   3.1856552036e-16   3.2561748128e-03   2.3339047378e-11   1.9258448263e-02   2.0079419515e-08   3.8139820703e-12   8.0007347329e-15   2.2135209287e-04   5.5547004799e-01   1.3961963755e-02   4.2581158261e-02   1.0965790874e-10   3.5447755106e-05   3.7517844829e-14   1.8462878120e-01
   7.8400000000e-01   7.1519590775e-01   4.5293014608e+02  -3.7234406357e+06   7.1493373009e-02   4.9746030783e-01   2.0910135348e+03   7.9419042174e-05   3.4389824290e-12   1.6282847168e-16   2.9938149902e-03   1.7017956749e-11   1.8002459793e-02   1.5219750946e-08   2.5826867504e-12   5.1252630978e-15   2.0788089362e-04   5.6832924374e-01   1.3076999320e-02   4.0334494854e-02   8.1254990160e-11   3.3448552115e-05   2.4344290400e-14   1.7263720814e-01
   8.0000000000e-01   7.3314351984e-01   4.4024663737e+02  -3.7905302706e+06   6.7055882296e-02   5.0700396516e-01   1.4148804168e+03   7.3565912233e-05   2.1848868870e-12   8.2716636166e-17   2.7432690867e-03   1.2219770636e-11   1.6736442015e-02   1.1427685054e-08   1.7170566692e-12   3.2217690644e-15   1.9408561319e-04   5.8099862716e-01   1.2183893768e-02   3.8061980600e-02   5.9403283364e-11   3.1469210125e-05   1.5432729747e-14   1.6060835792e-01
   8.1600000000e-01   7.5126654016e-01   4.2772112882e+02  -3.8577302295e+06   6.2571092016e-02   5.1696592900e-01   9.3931150214e+02   6.7518089567e-05   1.3555981557e-12   4.1673272819e-17   2.5028535111e-03   8.6219813261e-12   1.5461400762e-02   8.4917037440e-09   1.1187791965e-12   1.9820986059e-15   1.7999025412e-04   5.9344163292e-01   1.1282924737e-02   3.5759248427e-02   4.2806316904e-11   2.9501283672e-05   9.5404212883e-15   1.4853622603e-01
   8.3200000000e-01   7.6958828631e-01   4.1536369348e+02  -3.9250512691e+06   5.8034701850e-02   5.2735275449e-01   6.1105855220e+02   6.1301895905e-05   8.1949904626e-13   2.0747377692e-17   2.2710119803e-03   5.9624599142e-12   1.4178211208e-02   6.2376988687e-09   7.1272285240e-13   1.1894268382e-15   1.6561787488e-04   6.0561549523e-01   1.0374241720e-02   3.3420947026e-02   3.0371727156e-11   2.7535807965e-05   5.7389161791e-15   1.3641389730e-01
   8.4800000000e-01   7.8813859584e-01   4.0318698635e+02  -3.9925069673e+06   5.3440817681e-02   5.3816482849e-01   3.8890062908e+02   5.4948236212e-05   4.8140756482e-13   1.0156766817e-17   2.0463029834e-03   4.0287788495e-12   1.2887595326e-02   4.5232074013e-09   4.4252381039e-13   6.9315151107e-16   1.5099034557e-04   6.1746980735e-01   9.4578453781e-03   3.1040428741e-02   2.1190696476e-11   2.5562998349e-05   3.3504720273e-15   1.2423327575e-01
   8.6400000000e-01   8.0695599096e-01   3.9120674776e+02  -4.0601144679e+06   4.8781423263e-02   5.4939370110e-01   2.4161067290e+02   4.8493697688e-05   2.7391049625e-13   4.8589971534e-18   1.8273859763e-03   2.6495897620e-12   1.1590087112e-02   3.2323663114e-09   2.6664856063e-13   3.9003666948e-16   1.3612800662e-04   6.2894467599e-01   8.5335557547e-03   2.8609286698e-02   1.4517008111e-11   2.3571810483e-05   1.8923976150e-15   1.1198468428e-01
   8.8000000000e-01   8.2609088262e-01   3.7944241024e+02  -4.1278954999e+06   4.4045566741e-02   5.6101841806e-01   1.4605629573e+02   4.1982055503e-05   1.5033540862e-13   2.2548861830e-18   1.6130050122e-03   1.6876307198e-12   1.0285980602e-02   2.2715309033e-09   1.5502366915e-13   2.1029781027e-16   1.2104915924e-04   6.3996831202e-01   7.6009622258e-03   2.6116641858e-02   9.7464113338e-12   2.1549268777e-05   1.0298516389e-15   9.9656248034e-02
   8.9600000000e-01   8.4561050588e-01   3.6791778073e+02  -4.1958777915e+06   3.9218048986e-02   5.7300051105e-01   8.5492214749e+01   3.5466389358e-05   7.9165978329e-14   1.0060555900e-18   1.4019675792e-03   1.0340008229e-12   8.9752402352e-03   1.5654934660e-09   8.6252045033e-14   1.0749345173e-16   1.0576926034e-04   6.5045385893e-01   6.6593425098e-03   2.3547999852e-02   6.3967957361e-12   1.9479394096e-05   5.3702589325e-16   8.7232910423e-02
   9.1200000000e-01   8.6560688106e-01   3.5666178511e+02  -4.2640970471e+06   3.4277207350e-02   5.8527706502e-01   4.8078725614e+01   2.9012176293e-05   3.9698387372e-14   4.2668068617e-19   1.1931142813e-03   6.0340762588e-13   7.6573512422e-03   1.0542309504e-09   4.5383166381e-14   5.1279362131e-17   9.0299575716e-05   6.6029515781e-01   5.7075259680e-03   2.0883317963e-02   4.0895412790e-12   1.7341391122e-05   2.6620435996e-16   7.4694785702e-02
   9.2800000000e-01   8.8621047492e-01   3.4570908930e+02  -4.3325996975e+06   2.9190904392e-02   5.9775110181e-01   2.5640428293e+01   2.2702045743e-05   1.8740649183e-14   1.6926112941e-19   9.8527027002e-04   3.3015528162e-13   6.3310523871e-03   6.9010599361e-10   2.2173353042e-14   2.2270320802e-17   7.4644767290e-05   6.6936097863e-01   4.7436486634e-03   1.8093501296e-02   2.5322869195e-12   1.5106353907e-05   1.2388539132e-16   6.2014220516e-02
   9.4400000000e-01   9.0761569291e-01   3.3509991353e+02  -4.4014465996e+06   2.3908580340e-02   6.1027835548e-01   1.2662422101e+01   1.6643569668e-05   8.1679122873e-15   6.1154652821e-20   7.7715713779e-04   1.6470292222e-13   4.9938156056e-03   4.3542496942e-10   9.7575760393e-15   8.4277874849e-18   5.8798187675e-05   6.7748700597e-01   3.7646771136e-03   1.5133444051e-02   1.5032606350e-12   1.2730687925e-05   5.2968096088e-17   4.9150095346e-02
   9.6000000000e-01   9.3013454574e-01   3.2487649134e+02  -4.4707172884e+06   1.8343370005e-02   6.2265003133e-01   5.5088258161e+00   1.0983184154e-05   3.1630232403e-15   1.9086025404e-20   5.6720734448e-04   7.0684588985e-14   3.6407047009e-03   2.6019524409e-10   3.6531036530e-15   2.5402621227e-18   4.2731540129e-05   6.8446444207e-01   2.7653654289e-03   1.1926316691e-02   8.3719003600e-13   1.0141142408e-05   1.9930179236e-17   3.6035365775e-02
   9.7600000000e-01   9.5433282389e-01   3.1506518813e+02  -4.5405105998e+06   1.2323363035e-02   6.3457659539e-01   1.8431169671e+00   5.9342446476e-06   9.9060299759e-16   4.4876807180e-21   3.5308572234e-04   2.2350854627e-14   2.2613673014e-03   1.3969359893e-10   1.0219496441e-15   4.8158773189e-19   2.6367623736e-05   6.9002361285e-01   1.7355138228e-03   8.3205476663e-03   4.1252370440e-13   7.1934196779e-06   5.9439905887e-18   2.2544354568e-02
   9.9200000000e-01   9.8150688519e-01   3.0557978258e+02  -4.6109082475e+06   5.4082112469e-03   6.4572562768e-01   2.4513448599e-01   1.8433107074e-06   1.7336936169e-16   4.3528028806e-22   1.2998681842e-04   2.5077831297e-15   8.2918660359e-04   5.0330722695e-11   1.2722206339e-16   1.9251881555e-20   9.4823129548e-06   6.9381355745e-01   6.5013005747e-04   3.9270512752e-03   1.3825294286e-13   3.5135258636e-06   9.6923854204e-19   8.3755860287e-03
   1.0000000000e+00   1.0000000000e+00   3.0000000000e+02  -4.6458568819e+06   0.0000000000e+00   6.5169855213e-01   0.0000000000e+00   0.0000000000e+00   0.0000000000e+00   0.0000000000e+00   0.0000000000e+00   0.0000000000e+00   0.0000000000e+00   0.0000000000e+00   0.0000000000e+00   0.0000000000e+00   0.0000000000e+00   1.0000000000e+00   0.0000000000e+00   0.0000000000e+00   0.0000000000e+00   0.0000000000e+00   0.0000000000e+00   0.0000000000e+00