# L (m)  = 1
# P (Pa) = 101325
#             001_x           002_mixf              003_T              004_h             005_pv        006_density        007_hr             008_H2              009_H              010_O             011_O2             012_OH            013_H2O            014_HO2            015_CH2         016_CH2(S)            017_CH3            018_CH4             019_CO            020_CO2            021_HCO           022_CH2O          023_CH2OH             024_N2
                  0   0.0000000000e+00   3.0000000000e+02   1.9075768848e+03   0.0000000000e+00   1.1719839921e+00   0.0000000000e+00   0.0000000000e+00   0.0000000000e+00   0.0000000000e+00   2.3300000000e-01   0.0000000000e+00   0.0000000000e+00   0.0000000000e+00   0.0000000000e+00   0.0000000000e+00   0.0000000000e+00   0.0000000000e+00   0.0000000000e+00   0.0000000000e+00   0.0000000000e+00   0.0000000000e+00   0.0000000000e+00   7.6700000000e-01
   2.0000000000e-03   1.1360565448e-03   3.6930852148e+02  -4.2907088277e+04   1.2155500267e-02   9.5422882635e-01   5.7844098837e+04   1.3029504492e-06   1.8434026768e-11   4.0292488900e-07   2.2588354410e-01   2.5878192099e-07   1.6144309680e-03   4.0270699644e-06   5.8057934898e-17   3.8098599654e-18   5.0583330425e-12   3.1993770775e-09   4.1908112687e-04   1.0120685222e-02   1.4466315874e-15   2.5701356792e-10   2.3617590287e-20   7.5071074581e-01
   6.0000000000e-03   4.5236899809e-03   4.7261409641e+02  -1.1384263710e+05   3.0665529381e-02   7.4693300543e-01   4.3447516255e+05   5.1358642177e-06   4.7170456168e-10   1.5090295257e-06   2.1286361167e-01   1.2560326534e-06   4.9074918982e-03   1.1947973136e-05   1.1627476681e-14   9.1627639814e-16   2.7049324769e-10   5.7246204520e-08   1.2047247460e-03   2.4548176872e-02   1.1778448193e-13   3.3228676873e-09   1.6834948528e-17   7.4824868839e-01
   1.0000000000e-02   7.7004363548e-03   5.6347697262e+02  -1.7851633898e+05   4.7282592716e-02   6.2708034227e-01   1.2896870157e+06   1.0963429267e-05   4.1578146919e-09   3.4247037917e-06   2.0034581733e-01   3.1857292024e-06   8.3447315008e-03   1.9105011364e-05   3.3506190446e-13   2.8408676283e-14   3.4665950944e-09   6.1531696911e-07   1.9964597353e-03   3.6930438050e-02   3.4809020003e-12   4.1223323338e-08   1.2475540377e-15   7.4559268017e-01
   1.4000000000e-02   1.0769912669e-02   6.4653105042e+02  -2.4015549690e+05   6.2905152128e-02   5.4680815041e-01   2.8735077208e+06   1.8522375514e-05   2.0646227213e-08   6.6137311448e-06   1.8815367532e-01   6.3513612231e-06   1.1856022788e-02   2.5381041874e-05   3.9859831185e-12   3.4590626089e-13   2.1877389159e-08   3.3418586552e-06   2.8402667479e-03   4.8190340218e-02   4.8459442574e-11   2.6893568684e-07   3.1364461526e-14   7.4287042630e-01
   1.8000000000e-02   1.3770689766e-02   7.2311113057e+02  -2.9999830453e+05   7.7833987578e-02   4.8900551598e-01   5.1203655904e+06   2.7590820267e-05   6.4503618554e-08   1.1198017995e-05   1.7624410714e-01   1.0795282698e-05   1.5394279232e-02   2.9971733710e-05   2.8510595913e-11   2.4624828958e-12   9.3802717948e-08   1.1882076622e-05   3.7787764770e-03   5.8633341049e-02   3.8816661320e-10   1.1172463083e-06   3.7649584620e-13   7.4011290438e-01
   2.2000000000e-02   1.6721613685e-02   7.9363549939e+02  -3.5864782208e+05   9.2178106912e-02   4.4553928335e-01   7.7532105894e+06   3.7988462289e-05   1.4576390359e-07   1.6814458791e-05   1.6462134027e-01   1.6216372953e-05   1.8923555866e-02   3.2837786014e-05   1.4501076587e-10   1.2247823774e-11   3.1572538427e-07   3.2295126727e-05   4.8479022168e-03   6.8368660367e-02   2.0787300474e-09   3.4397698283e-06   2.6365009731e-12   7.3733147811e-01
   2.6000000000e-02   1.9633387505e-02   8.5820667670e+02  -4.1643220669e+05   1.0596254001e-01   4.1191602357e-01   1.0659360691e+07   4.9571743432e-05   2.6401614500e-07   2.2567076470e-05   1.5331264933e-01   2.2075942636e-05   2.2413649412e-02   3.4831287733e-05   5.7427009892e-10   4.6869308563e-11   8.9706188224e-07   7.3178507252e-05   6.0733885138e-03   7.7425930340e-02   8.1675072589e-09   8.5744115775e-06   1.2589285553e-11   7.3453151917e-01
   3.0000000000e-02   2.2512651239e-02   9.1678965798e+02  -4.7355721220e+05   1.1916886566e-01   3.8542058576e-01   1.4065491684e+07   6.2227527026e-05   4.0913377498e-07   2.7220747749e-05   1.4235901391e-01   2.7706248355e-05   2.5837390042e-02   3.7084110059e-05   1.8670277106e-09   1.4600207460e-10   2.2396806008e-06   1.4557906803e-04   7.4687262917e-03   8.5800521802e-02   2.4952570786e-08   1.8222457199e-05   4.5635150542e-11   7.3171611548e-01
   3.4000000000e-02   2.5363805921e-02   9.6929045057e+02  -5.3015872771e+05   1.3175505402e-01   3.6430729707e-01   1.8381526421e+07   7.5863423988e-05   5.6494488141e-07   2.9641437545e-05   1.3180957593e-01   3.2354203139e-05   2.9169338196e-02   4.0478666515e-05   5.1307511523e-09   3.8204665385e-10   5.0276252618e-06   2.6273812669e-04   9.0343466283e-03   9.3475505767e-02   6.1505072398e-08   3.4057440043e-05   1.3415376216e-10   7.2888734956e-01
   3.8000000000e-02   2.8190031488e-02   1.0155975046e+03  -5.8632531334e+05   1.4366801032e-01   3.4740181127e-01   2.3791592388e+07   9.0394865034e-05   7.1281779237e-07   2.9273955541e-05   1.2171667220e-01   3.5275614728e-05   3.2385460352e-02   4.5342665765e-05   1.2088768363e-08   8.5306588840e-10   1.0279502339e-05   4.3963527403e-04   1.0758025534e-02   1.0043412957e-01   1.2541635508e-07   5.7089407727e-05   3.3162608224e-10   7.2604680152e-01
   4.2000000000e-02   3.0993937902e-02   1.0556101771e+03  -6.4210646042e+05   1.5485343476e-01   3.3388599647e-01   2.9857204173e+07   1.0573155267e-04   8.3466604299e-07   2.6372753680e-05   1.1213068111e-01   3.5944561590e-05   3.5463599428e-02   5.1356346644e-05   2.4585106680e-08   1.6379949058e-09   1.9285455948e-05   6.9224409681e-04   1.2616580984e-02   1.0666752279e-01   2.1578844859e-07   8.7031560113e-05   7.0175376377e-10   7.2319576218e-01
   4.6000000000e-02   3.3778105595e-02   1.0892840250e+03  -6.9751004462e+05   1.6526526398e-01   3.2316692899e-01   3.5496581751e+07   1.2176768396e-04   9.1611829737e-07   2.1843874779e-05   1.0309416371e-01   3.4276686730e-05   3.8384757818e-02   5.7695279852e-05   4.3386977947e-08   2.7210160113e-09   3.3368691491e-05   1.0364143328e-03   1.4578837150e-02   1.1217990132e-01   3.1923408602e-07   1.2207447045e-04   1.2834715777e-09   7.2033522481e-01
   5.0000000000e-02   3.6545329771e-02   1.1167177637e+03  -7.5248775908e+05   1.7487267717e-01   3.1478361815e-01   3.9466917300e+07   1.3837964967e-04   9.4975810609e-07   1.6807229122e-05   9.4637329373e-02   3.0689553193e-05   4.1134424140e-02   6.3375852033e-05   6.6996246381e-08   3.9458642001e-09   5.3524745401e-05   1.4865688744e-03   1.6609483246e-02   1.1699039013e-01   4.1417872223e-07   1.5933428855e-04   2.0478200258e-09   7.1746592208e-01
   5.4000000000e-02   3.9298652817e-02   1.1381999861e+03  -8.0690510357e+05   1.8366377808e-01   3.0835422379e-01   4.1007209982e+07   1.5543174697e-04   9.3671812216e-07   1.2164544714e-05   8.6775710413e-02   2.5948773851e-05   4.3703434994e-02   6.7593888792e-05   9.1667330301e-08   5.0609666816e-09   8.0128175105e-05   2.0545421292e-03   1.8672931288e-02   1.2113198005e-01   4.8128323432e-07   1.9574881111e-04   2.8864981505e-09   7.1458840475e-01
   5.8000000000e-02   4.2041306271e-02   1.1542392840e+03  -8.6049357751e+05   1.9164594618e-01   3.0354023941e-01   4.0141100550e+07   1.7278660661e-04   8.8559120265e-07   8.3986573609e-06   7.9510108317e-02   2.0894568810e-05   4.6088112610e-02   6.9894945329e-05   1.1290859923e-07   5.8322972109e-09   1.1288077108e-04   2.7488461022e-03   2.0736316895e-02   1.2464873007e-01   5.1202115175e-07   2.2886843003e-04   3.6496619771e-09   7.1170310357e-01
   6.2000000000e-02   4.4776597872e-02   1.1655826676e+03  -9.1279016047e+05   1.9884331981e-01   3.0001951993e-01   3.7493669929e+07   1.9031527418e-04   8.0948970813e-07   5.6131067215e-06   7.2828458506e-02   1.6181452614e-05   4.8289612702e-02   7.0249153793e-05   1.2743056115e-07   6.1464041956e-09   1.5098284806e-04   3.5745025159e-03   2.2771246123e-02   1.2759214571e-01   5.0875273155e-07   2.5722090596e-04   4.2081680360e-09   7.0881038053e-01
   6.6000000000e-02   4.7507786705e-02   1.1732177055e+03  -9.6308452435e+05   2.0529271164e-01   2.9746634335e-01   3.3895387902e+07   2.0790382027e-04   7.2191458850e-07   3.6851898557e-06   6.6708846983e-02   1.2198034872e-05   5.0312806211e-02   6.8869408983e-05   1.3407312262e-07   6.0247611864e-09   1.9340888566e-04   4.5333472157e-03   2.4754420810e-02   1.3001758080e-01   4.8159558287e-07   2.8022113697e-04   4.4929316641e-09   7.0591057221e-01
   7.0000000000e-02   5.0237963319e-02   1.1783471400e+03  -1.0104021656e+06   2.1103917649e-01   2.9554057714e-01   3.0075701216e+07   2.2545500280e-04   6.3423656058e-07   2.4108631979e-06   6.1122659729e-02   9.0675794194e-06   5.2165018553e-02   6.6132503948e-05   1.3391898766e-07   5.6008132054e-09   2.3911720740e-04   5.6246145845e-03   2.6667510800e-02   1.3198119214e-01   4.4268740340e-07   2.9790513553e-04   4.5282903822e-09   7.0300402566e-01
   7.4000000000e-02   5.2969957674e-02   1.1823574585e+03  -1.0535043913e+06   2.1613214720e-01   2.9388143454e-01   2.6541426060e+07   2.4288628894e-04   5.5430981615e-07   1.5932311045e-06   5.6037343681e-02   6.7400095217e-06   5.3854952122e-02   6.2441253294e-05   1.2995616119e-07   5.0684081041e-09   2.8715825761e-04   6.8455850411e-03   2.8496657719e-02   1.3353765107e-01   4.0214070036e-07   3.1065451756e-04   4.4250459440e-09   7.0009112675e-01
   7.8000000000e-02   5.5706273984e-02   1.1869035011e+03  -1.0907453039e+06   2.2062247177e-01   2.9207814513e-01   2.3545505169e+07   2.6012561840e-04   4.8646055075e-07   1.0788704729e-06   5.1418499940e-02   5.0864652626e-06   5.5391882013e-02   5.8150433172e-05   1.2561954558e-07   4.5896758189e-09   3.3669818758e-04   8.1921599150e-03   3.0231864919e-02   1.3473859922e-01   3.6635049761e-07   3.1900347888e-04   4.3325266702e-09   6.9717232631e-01
   8.2000000000e-02   5.8449041464e-02   1.1943161512e+03  -1.1195001610e+06   2.2456032972e-01   2.8957268329e-01   2.1103903431e+07   2.7710543544e-04   4.3233854853e-07   7.6034524505e-07   4.7231336140e-02   3.9605310792e-06   5.6785091782e-02   5.3553727488e-05   1.2330138795e-07   4.2480247601e-09   3.8699876092e-04   9.6593032927e-03   3.1866405775e-02   1.3563172673e-01   3.3847389434e-07   3.2352946669e-04   4.3249850728e-09   6.9424817970e-01
   8.6000000000e-02   6.1199970674e-02   1.2078062911e+03  -1.1358356346e+06   2.2799384462e-01   2.8563834815e-01   1.9072633090e+07   2.9375595543e-04   3.9176366214e-07   5.6574400742e-07   4.3441627969e-02   3.2292142170e-06   5.8043516529e-02   4.8881955901e-05   1.2430851267e-07   4.0790097711e-09   4.3738911293e-04   1.1241344451e-02   3.3396289468e-02   1.3626028267e-01   3.1926048711e-07   3.2479839555e-04   4.4324577949e-09   6.9131939841e-01
   9.0000000000e-02   6.3960370019e-02   1.2278766824e+03  -1.1392621006e+06   2.3096826156e-01   2.8026929495e-01   1.7377148287e+07   3.1000870662e-04   3.6320118962e-07   4.4618139908e-07   4.0016439314e-02   2.7773770463e-06   5.9175770559e-02   4.4313089942e-05   1.2941365886e-07   4.0939257289e-09   4.8725093884e-04   1.2932237435e-02   3.4819731960e-02   1.3666275034e-01   3.0797509436e-07   3.2334474194e-04   4.6684680183e-09   6.8838676534e-01
   9.4000000000e-02   6.6731301791e-02   1.2496899082e+03  -1.1364773264e+06   2.3352576463e-01   2.7468083355e-01   1.6098804761e+07   3.2581512272e-04   3.4421743773e-07   3.6859362074e-07   3.6924667983e-02   2.5044496051e-06   6.0190487332e-02   3.9978876665e-05   1.3866399271e-07   4.2616556512e-09   5.3604489565e-04   1.4725851551e-02   3.6136636829e-02   1.3687282534e-01   3.0316895760e-07   3.1966824654e-04   5.0169968777e-09   6.8545085433e-01
   9.8000000000e-02   6.9513718618e-02   1.2697751479e+03  -1.1325227281e+06   2.3570562201e-01   2.6964446331e-01   1.5198788353e+07   3.4115288313e-04   3.3218691951e-07   3.1395532557e-07   3.4137194470e-02   2.3352519298e-06   6.1096305755e-02   3.5960190276e-05   1.5137150739e-07   4.5351704563e-09   5.8334491454e-04   1.6616141438e-02   3.7348246402e-02   1.3691991697e-01   3.0248937003e-07   3.1422732859e-04   5.4603699796e-09   6.8251193295e-01
   1.0200000000e-01   7.2308455114e-02   1.2872836532e+03  -1.1289560869e+06   2.3754419853e-01   2.6529071636e-01   1.4557993202e+07   3.5601394355e-04   3.2479469258e-07   2.7254699525e-07   3.1626795963e-02   2.2222865429e-06   6.1901546090e-02   3.2294704292e-05   1.6655061996e-07   4.8731004438e-09   6.2882797063e-04   1.8597168502e-02   3.8456930157e-02   1.3682970834e-01   3.0362254700e-07   3.0743275055e-04   5.9711570911e-09   6.7957012059e-01
   1.0600000000e-01   7.5116199347e-02   1.3022375853e+03  -1.1261297269e+06   2.3907493716e-01   2.6156329125e-01   1.4075657116e+07   3.7039535186e-04   3.2021037504e-07   2.3937593953e-07   2.9368091821e-02   2.1379513217e-06   6.2614034966e-02   2.8990816732e-05   1.8321661884e-07   5.2418086171e-09   6.7225010928e-04   2.0663117024e-02   3.9465975262e-02   1.3662453158e-01   3.0495579654e-07   2.9964411454e-04   6.5170894418e-09   6.7662550687e-01
   1.1000000000e-01   7.7937497321e-02   1.3148652386e+03  -1.1240748310e+06   2.4032842562e-01   2.5837549803e-01   1.3684087500e+07   3.8429629546e-04   3.1709099921e-07   2.1173926818e-07   2.7337523741e-02   2.0669141797e-06   6.3241078037e-02   2.6038789564e-05   2.0049460138e-07   5.6148581407e-09   7.1342802893e-04   2.2808338308e-02   4.0379371690e-02   1.3632367960e-01   3.0555593559e-07   2.9116896440e-04   7.0685332289e-09   6.7367818429e-01
   1.1400000000e-01   8.0772769708e-02   1.3254304430e+03  -1.1227339091e+06   2.4133252091e-01   2.5564529023e-01   1.3341168153e+07   3.9771726871e-04   3.1451412981e-07   1.8809718770e-07   2.5513324042e-02   2.0010114683e-06   6.3789473906e-02   2.3418305366e-05   2.1764887650e-07   5.9722017180e-09   7.5222666280e-04   2.5027393502e-02   4.1201617366e-02   1.3594371237e-01   3.0496966784e-07   2.8226446825e-04   7.6010004456e-09   6.7072825358e-01
   1.1800000000e-01   8.3622330424e-02   1.3341866501e+03  -1.1220270520e+06   2.4211250504e-01   2.5330187978e-01   1.3021911778e+07   4.1065982342e-04   3.1188909472e-07   1.6753361439e-07   2.3875463526e-02   1.9361633300e-06   6.4265536819e-02   2.1103464442e-05   2.3408352224e-07   6.2992375456e-09   7.8855081067e-04   2.7315085819e-02   4.1937550261e-02   1.3549875814e-01   3.0304571118e-07   2.7314110339e-04   8.0954987561e-09   6.6777582270e-01
   1.2200000000e-01   8.6486404105e-02   1.3413642888e+03  -1.1218732402e+06   2.4269125777e-01   2.5128574536e-01   1.2712159006e+07   4.2312649077e-04   3.0886953667e-07   1.4947557407e-07   2.2405581254e-02   1.8705602255e-06   6.4675121451e-02   1.9066078102e-05   2.4933071489e-07   6.5858343711e-09   8.2233924910e-04   2.9666481827e-02   4.2592207598e-02   1.3500080223e-01   2.9980888607e-07   2.6396755628e-04   8.5381230332e-09   6.6482100445e-01
   1.2600000000e-01   8.9365141645e-02   1.3471683274e+03  -1.1221974741e+06   2.4308943644e-01   2.4954716382e-01   1.2404206139e+07   4.3512074200e-04   3.0527766917e-07   1.3353793488e-07   2.1086901324e-02   1.8035894434e-06   6.5023648054e-02   1.7277809958e-05   2.6303094881e-07   6.8253587525e-09   8.5356027669e-04   3.2076923662e-02   4.3170710055e-02   1.3445995759e-01   2.9537595716e-07   2.5487614649e-04   8.9191652701e-09   6.6186391428e-01
   1.3000000000e-01   9.2258633755e-02   1.3517769016e+03  -1.1229363577e+06   2.4332565640e-01   2.4804501706e-01   1.2093741106e+07   4.4664695290e-04   3.0104353543e-07   1.1943431858e-07   1.9904141057e-02   1.7351420626e-06   6.5316127694e-02   1.5711524582e-05   2.7490160723e-07   7.0135536471e-09   8.8220812804e-04   3.4542034082e-02   4.3678168386e-02   1.3388471337e-01   2.8989962159e-07   2.4596828185e-04   9.2316995776e-09   6.5890466820e-01
   1.3400000000e-01   9.5166924247e-02   1.3552973895e+03  -1.1241073397e+06   2.4341666985e-01   2.4675371206e-01   1.1778892408e+07   4.5771043165e-04   2.9615902233e-07   1.0692052156e-07   1.8843414623e-02   1.6649813888e-06   6.5557188068e-02   1.4342090215e-05   2.8468476613e-07   7.1464252940e-09   9.0830010864e-04   3.7057717506e-02   4.4119609574e-02   1.3328216178e-01   2.8354048963e-07   2.3731964583e-04   9.4694033153e-09   6.5594338006e-01
   1.3800000000e-01   9.8090031789e-02   1.3575366316e+03  -1.1261617755e+06   2.4337755038e-01   2.4570371500e-01   1.1466804001e+07   4.6831783457e-04   2.9064635720e-07   9.5754230788e-08   1.7892135955e-02   1.5919914547e-06   6.5751101556e-02   1.3146749908e-05   2.9208416584e-07   7.2153460284e-09   9.3187456860e-04   3.9620167104e-02   4.4499919434e-02   1.3265821156e-01   2.7649093972e-07   2.2898490770e-04   9.6243613512e-09   6.5298015286e-01
   1.4200000000e-01   1.0102798356e-01   1.3579242684e+03  -1.1301220192e+06   2.4322188058e-01   2.4499389532e-01   1.1176967278e+07   4.7847794647e-04   2.8454599316e-07   8.5706605250e-08   1.7038922329e-02   1.5143790954e-06   6.5901811615e-02   1.2104912153e-05   2.9679159221e-07   7.2063005906e-09   9.5298890794e-04   4.2225883206e-02   4.4823800190e-02   1.3201779083e-01   2.6898742507e-07   2.2100130955e-04   9.6886204175e-09   6.5001506450e-01
   1.4600000000e-01   1.0398082928e-01   1.3561396624e+03  -1.1366433657e+06   2.4296190124e-01   2.4467899572e-01   1.0921441053e+07   4.8820157496e-04   2.7792209782e-07   7.6626629222e-08   1.6273495843e-02   1.4315843869e-06   6.6012949106e-02   1.1197508117e-05   2.9865962746e-07   7.1127453528e-09   9.7171637681e-04   4.4871671514e-02   4.5095743268e-02   1.3136500729e-01   2.6121710727e-07   2.1339078937e-04   9.6600449760e-09   6.4704816813e-01
   1.5000000000e-01   1.0694862037e-01   1.3523576724e+03  -1.1456184466e+06   2.4260861149e-01   2.4472746761e-01   1.0698136062e+07   4.9750032538e-04   2.7086277118e-07   6.8440799795e-08   1.5586587682e-02   1.3449670968e-06   6.6087845365e-02   1.0406770855e-05   2.9779725685e-07   6.9417686898e-09   9.8814316434e-04   4.7554604700e-02   4.5320011611e-02   1.3070325419e-01   2.5329076584e-07   2.0616223163e-04   9.5447678746e-09   6.4407951006e-01
   1.5400000000e-01   1.0993138629e-01   1.3469617287e+03  -1.1565954216e+06   2.4217186325e-01   2.4507282102e-01   1.0500226858e+07   5.0638559328e-04   2.6346853312e-07   6.1103333979e-08   1.4969849911e-02   1.2567960009e-06   6.6129551739e-02   9.7164794892e-06   2.9450409019e-07   6.7082037433e-09   1.0023663450e-03   5.0271980531e-02   4.5500627175e-02   1.3003529875e-01   2.4528800073e-07   1.9931445957e-04   9.3545704585e-09   6.4110914430e-01
   1.5800000000e-01   1.1292912692e-01   1.3403322391e+03  -1.1690996015e+06   2.4166046651e-01   2.4565013945e-01   1.0321567804e+07   5.1486825115e-04   2.5583929275e-07   5.4564433779e-08   1.4415775073e-02   1.1692693512e-06   6.6140862612e-02   9.1122015015e-06   2.8916273357e-07   6.4284259354e-09   1.0144917084e-03   5.3021297373e-02   4.5641363080e-02   1.2936337257e-01   2.3727971863e-07   1.9283919729e-04   9.1032376994e-09   6.3813713568e-01
   1.6200000000e-01   1.1594181533e-01   1.3327809531e+03  -1.1827391116e+06   2.4108229597e-01   2.4640680495e-01   1.0157614524e+07   5.2295869069e-04   2.4806571960e-07   4.8763053216e-08   1.3917621574e-02   1.0840969539e-06   6.6124337479e-02   8.5813562269e-06   2.8216300472e-07   6.1172747516e-09   1.0246312960e-03   5.5800241694e-02   4.5745740848e-02   1.2868925895e-01   2.2932893662e-07   1.8672349077e-04   8.8041568428e-09   6.3516355744e-01
   1.6600000000e-01   1.1896940334e-01   1.3245478194e+03  -1.1972151771e+06   2.4044439076e-01   2.4730260671e-01   1.0005058960e+07   5.3066693159e-04   2.4022541058e-07   4.3630492854e-08   1.3469343420e-02   1.0024482292e-06   6.6082320984e-02   8.1131285861e-06   2.7386441849e-07   5.7870856930e-09   1.0329009723e-03   5.8606678765e-02   4.5817032602e-02   1.2801437024e-01   2.2148788307e-07   1.8095151185e-04   8.4692575971e-09   6.3218848789e-01
   1.7000000000e-01   1.2201182664e-01   1.3158141691e+03  -1.2123060898e+06   2.3975304409e-01   2.4830726213e-01   9.8614045825e+06   5.3800270623e-04   2.3238232355e-07   3.9095938126e-08   1.3065524955e-02   9.2504111363e-07   6.6016960742e-02   7.6983024532e-06   2.6458290076e-07   5.4476722467e-09   1.0394182580e-03   6.1438643696e-02   4.5858266757e-02   1.2733981388e-01   2.1379714603e-07   1.7550585282e-04   8.1087510115e-09   6.2921200771e-01
   1.7400000000e-01   1.2506900925e-01   1.3067168397e+03  -1.2278485224e+06   2.3901388381e-01   2.4939791517e-01   9.7246947162e+06   5.4497552232e-04   2.2458795059e-07   3.5090782235e-08   1.2701320181e-02   8.5225698606e-07   6.5930223559e-02   7.3290643697e-06   2.5458940793e-07   5.1066381242e-09   1.0443005397e-03   6.4294332224e-02   4.5872236581e-02   1.2666644815e-01   2.0628670768e-07   1.7036843415e-04   7.7312225438e-09   6.2623419793e-01
   1.7800000000e-01   1.2814086693e-01   1.2973595860e+03  -1.2437221453e+06   2.3823194407e-01   2.5055717131e-01   9.5933646129e+06   5.5159469624e-04   2.1688322769e-07   3.1551265908e-08   1.2372396846e-02   7.8424090991e-07   6.5823910237e-02   6.9988076444e-06   2.4411350023e-07   4.7697583130e-09   1.0476636421e-03   6.7172090838e-02   4.5861510655e-02   1.2599492848e-01   1.9897783002e-07   1.6552112761e-04   7.3438439225e-09   6.2325513863e-01
   1.8200000000e-01   1.3122730959e-01   1.2878216142e+03  -1.2598380693e+06   2.3741172907e-01   2.5177165545e-01   9.4661699872e+06   5.5786937099e-04   2.0930062142e-07   2.8419804039e-08   1.2074885182e-02   7.2097928433e-07   6.5699669162e-02   6.7019514291e-06   2.3334882211e-07   4.4413384581e-09   1.0496207194e-03   7.0070406731e-02   4.5828444586e-02   1.2532574595e-01   1.9188519618e-07   1.6094617381e-04   6.9526133087e-09   6.2027490804e-01
   1.8600000000e-01   1.3432824335e-01   1.2781638658e+03  -1.2761303487e+06   2.3655726991e-01   2.5303096473e-01   9.3421713911e+06   5.6380852522e-04   2.0186614437e-07   2.5645539389e-08   1.1805331108e-02   6.6235935656e-07   6.5559008798e-02   6.4337804278e-06   2.2245967729e-07   4.1245352654e-09   1.0502814060e-03   7.2987897862e-02   4.5775193460e-02   1.2465925912e-01   1.8501919038e-07   1.5662645178e-04   6.5626138791e-09   6.1729358206e-01
   1.9000000000e-01   1.3744357196e-01   1.2684336892e+03  -1.2925496705e+06   2.3567217518e-01   2.5432689465e-01   9.2207950936e+06   5.6942097640e-04   1.9460122172e-07   2.3184758813e-08   1.1560653643e-02   6.0822235214e-07   6.5403309191e-02   6.1903059388e-06   2.1158916514e-07   3.8216572121e-09   1.0497511692e-03   7.5923303246e-02   4.5703724649e-02   1.2399572036e-01   1.7838844014e-07   1.5254564157e-04   6.1783241634e-09   6.1431123390e-01
   1.9400000000e-01   1.4057319784e-01   1.2586683932e+03  -1.3090585522e+06   2.3475967593e-01   2.5565284871e-01   9.1020861650e+06   5.7471537961e-04   1.8752439305e-07   2.1002302905e-08   1.1338106275e-02   5.5843927304e-07   6.5233832537e-02   5.9681464097e-06   2.0086979788e-07   3.5345074151e-09   1.0481307889e-03   7.8875473588e-02   4.5615830651e-02   1.2333529736e-01   1.7200217741e-07   1.4868830910e-04   5.8040003002e-09   6.1132793394e-01
   1.9800000000e-01   1.4371702279e-01   1.2488980020e+03  -1.3256275998e+06   2.3382266550e-01   2.5700337387e-01   8.9875818337e+06   5.7970022333e-04   1.8065278614e-07   1.9076969375e-08   1.1135242025e-02   5.1310118300e-07   6.5051732769e-02   5.7644247169e-06   1.9043495542e-07   3.2649947636e-09   1.0455158359e-03   8.1843362407e-02   4.5513141735e-02   1.2267809077e-01   1.6586744823e-07   1.4503993036e-04   5.4438723282e-09   6.0834374972e-01
   2.0800000000e-01   1.5162528173e-01   1.2248177980e+03  -1.3671267194e+06   2.3143682385e-01   2.6041178487e-01   8.6742326165e+06   5.9140950069e-04   1.6402799856e-07   1.4934635934e-08   1.0672035665e-02   4.1320725208e-07   6.4567557331e-02   5.2953244919e-06   1.6537166768e-07   2.6603746277e-09   1.0367157296e-03   8.9300028965e-02   4.5223340104e-02   1.2105451692e-01   1.5114640805e-07   1.3644696115e-04   4.5896195945e-09   6.0088123559e-01
   2.2400000000e-01   1.6444514414e-01   1.1869138752e+03  -1.4334876052e+06   2.2736197339e-01   2.6605586967e-01   8.1824941356e+06   6.0542286891e-04   1.4027488313e-07   1.0377031362e-08   1.0136195749e-02   2.9322244205e-07   6.3649666892e-02   4.7242717792e-06   1.2978324588e-07   1.8886553743e-09   1.0116576790e-03   1.0139990990e-01   4.4598378809e-02   1.1850850482e-01   1.3070007865e-07   1.2534370061e-04   3.4252412049e-09   5.8893514927e-01
   2.4000000000e-01   1.7747997028e-01   1.1506877651e+03  -1.4990812519e+06   2.2312164193e-01   2.7171364704e-01   7.6571370708e+06   6.1546131752e-04   1.1941978563e-07   7.3012136238e-09   9.7279712170e-03   2.0867602171e-07   6.2627542459e-02   4.2606850075e-06   1.0063333302e-07   1.3291345806e-09   9.7978266341e-04   1.1366358123e-01   4.3869293881e-02   1.1600934427e-01   1.1311354448e-07   1.1628247065e-04   2.5171070836e-09   5.7698181216e-01
   2.5600000000e-01   1.9072402099e-01   1.1163338920e+03  -1.5637319215e+06   2.1877749292e-01   2.7730888307e-01   7.1083903626e+06   6.2195184514e-04   1.0135284538e-07   5.1875213280e-09   9.3990555798e-03   1.4934161114e-07   6.1530848737e-02   3.8651840114e-06   7.7574872883e-08   9.3296621250e-10   9.4417628149e-04   1.2606507435e-01   4.3073478119e-02   1.1355121422e-01   9.8021982557e-08   1.0881258376e-04   1.8391395061e-09   5.6502409057e-01
   2.7200000000e-01   2.0417188543e-01   1.0836873682e+03  -1.6277524383e+06   2.1436933746e-01   2.8284679916e-01   6.5494388082e+06   6.2528320150e-04   8.5781316236e-08   3.7073824023e-09   9.1194923566e-03   1.0750065101e-07   6.0380200672e-02   3.5155181706e-06   5.9637921568e-08   6.5489374604e-10   9.0700913880e-04   1.3858651171e-01   4.2235113095e-02   1.1112874049e-01   8.5040022550e-08   1.0259144809e-04   1.3447018083e-09   5.5306438649e-01
   2.8800000000e-01   2.1781850565e-01   1.0525120445e+03  -1.6915230681e+06   2.0992285625e-01   2.8835765798e-01   5.9919499457e+06   6.2580777709e-04   7.2382697805e-08   2.6553687735e-09   8.8707328451e-03   7.7797774105e-08   5.9189928708e-02   3.1986949696e-06   4.5800450079e-08   4.6021116256e-10   8.6974425234e-04   1.5121548887e-01   4.1369707606e-02   1.0873741215e-01   7.3816541716e-08   9.7353725722e-05   9.8838851235e-10   5.4110472635e-01
   3.0400000000e-01   2.3165909088e-01   1.0226344816e+03  -1.7552817438e+06   2.0545456936e-01   2.9386346977e-01   5.4439444160e+06   6.2384351757e-04   6.0861694810e-08   1.9002989246e-09   8.6412948762e-03   5.6583658425e-08   5.7970021700e-02   2.9069447215e-06   3.5170700325e-08   3.2396818169e-10   8.3331894836e-04   1.6394321855e-01   4.0487151157e-02   1.0637355299e-01   6.4052452258e-08   9.2891040755e-05   7.3273440670e-10   5.2914683586e-01
   3.2000000000e-01   2.4568899963e-01   9.9394067861e+02  -1.8191386591e+06   2.0097505104e-01   2.9937544077e-01   4.9109024078e+06   6.1967620069e-04   5.0963184390e-08   1.3555161469e-09   8.4240630320e-03   4.1352596495e-08   5.6727483478e-02   2.6355960394e-06   2.7020300100e-08   2.2855776770e-10   7.9829125088e-04   1.7676323543e-01   3.9593727816e-02   1.0403416355e-01   5.5504558010e-08   8.9038535945e-05   5.4898121562e-10   5.1719219213e-01
   3.3600000000e-01   2.5990355991e-01   9.6632995271e+02  -1.8831355058e+06   1.9649105364e-01   3.0490490322e-01   4.3972181805e+06   6.1356154669e-04   4.2469492217e-08   9.6175636152e-10   8.2146199957e-03   3.0361560431e-08   5.5467275968e-02   2.3818969285e-06   2.0771417159e-08   1.6161703138e-10   7.6495356403e-04   1.8967045652e-01   3.8693430686e-02   1.0171678543e-01   4.7980398313e-08   8.5665615312e-05   4.1594879951e-10   5.0524215047e-01
   3.5200000000e-01   2.7429784638e-01   9.3973146364e+02  -1.9472842352e+06   1.9200692404e-01   3.1045729388e-01   3.9064897233e+06   6.0572726325e-04   3.5197786317e-08   6.7757009826e-10   8.0102172266e-03   2.2393858659e-08   5.4192976901e-02   2.1443179863e-06   1.5976799439e-08   1.1454623476e-10   7.3341881102e-04   2.0266047846e-01   3.7788814245e-02   9.9419405628e-02   4.1332743114e-08   8.2669078557e-05   3.1854156240e-10   4.9329811766e-01
   3.6800000000e-01   2.8886700594e-01   9.1409073878e+02  -2.0115853636e+06   1.8752534714e-01   3.1603479426e-01   3.4418634007e+06   5.9637729988e-04   2.8993142974e-08   4.7330266331e-10   7.8091269594e-03   1.6592870298e-08   5.2907200150e-02   1.9220778426e-06   1.2293303877e-08   8.1364495721e-11   7.0367979561e-04   2.1572950042e-01   3.6881507193e-02   9.7140262501e-02   3.5450446603e-08   7.9967156536e-05   2.4619758813e-10   4.8136118851e-01
   3.8400000000e-01   3.0360621202e-01   8.8935609931e+02  -2.0760354712e+06   1.8304792546e-01   3.2164017813e-01   3.0061929606e+06   5.8569403666e-04   2.3722477395e-08   3.2738987816e-10   7.6102540802e-03   1.2351236925e-08   5.1611897494e-02   1.7148365245e-06   9.4590369471e-09   5.7908852322e-11   6.7565424741e-04   2.2887404347e-01   3.5972551599e-02   9.4877782328e-02   3.0249311377e-08   7.7495295736e-05   1.9162185734e-10   4.6943218501e-01
   4.0000000000e-01   3.1851063669e-01   8.6547786917e+02  -2.1406298894e+06   1.7857555815e-01   3.2727705241e-01   2.6019217408e+06   5.7384036917e-04   1.9269798558e-08   2.2399805383e-10   7.4128968811e-03   9.2364779611e-09   5.0308565190e-02   1.5224762458e-06   7.2748235768e-09   4.1281674651e-11   6.4921685193e-04   2.4209075863e-01   3.5062617701e-02   9.2630534885e-02   2.5663968232e-08   7.5202720871e-05   1.4981387096e-10   4.5751169035e-01
   4.1600000000e-01   3.3357543855e-01   8.4240826976e+02  -2.2053636274e+06   1.7410868772e-01   3.3294990043e-01   2.2309433610e+06   5.6096167283e-04   1.5532550575e-08   1.5144134605e-10   7.2165995878e-03   6.9393853543e-09   4.8998384796e-02   1.3449443791e-06   5.5893575848e-09   2.9463368991e-11   6.2422143041e-04   2.5537629553e-01   3.4152139364e-02   9.0397201892e-02   2.1641036173e-08   7.3049627282e-05   1.1735007164e-10   4.4560007743e-01
   4.3200000000e-01   3.4879576187e-01   8.2010148031e+02  -2.2702316733e+06   1.6964745911e-01   3.3866406577e-01   1.8944787416e+06   5.4718764246e-04   1.2418917312e-08   1.0108500658e-10   7.0210613307e-03   5.2379873192e-09   4.7682319008e-02   1.1821449869e-06   4.2875916240e-09   2.1042907279e-11   6.0051579662e-04   2.6872720893e-01   3.3241399201e-02   8.8176553259e-02   1.8133826045e-08   7.1004897460e-05   9.1872475217e-11   4.3369753163e-01
   4.4800000000e-01   3.6416674500e-01   7.9851370287e+02  -2.3352290896e+06   1.6519182069e-01   3.4442572538e-01   1.5929962419e+06   5.3263400200e-04   9.8459653717e-09   6.6564125423e-11   6.8260797735e-03   3.9722908749e-09   4.6361176712e-02   1.0338704007e-06   3.2818351085e-09   1.5031309919e-11   5.7795126656e-04   2.8213988900e-01   3.2330581913e-02   8.5967428061e-02   1.5098703592e-08   6.9044256882e-05   7.1734276823e-11   4.2180406780e-01
   4.6400000000e-01   3.7968353897e-01   7.7760319591e+02  -2.4003510467e+06   1.6074158780e-01   3.5024186556e-01   1.3261888798e+06   5.1740406995e-04   7.7384667514e-09   4.3213418079e-11   6.6315160086e-03   3.0265175617e-09   4.5035656758e-02   8.9976595281e-07   2.5050175940e-09   1.0732879562e-11   5.5638833284e-04   2.9561051040e-01   3.1419807655e-02   8.3768719316e-02   1.2493014026e-08   6.7148796215e-05   5.5759855694e-11   4.0991954281e-01
   4.8000000000e-01   3.9534133370e-01   7.5733027661e+02  -2.4655928417e+06   1.5629648131e-01   3.5612026394e-01   1.0930110687e+06   5.0159018920e-04   6.0282252527e-09   2.7642443175e-11   6.4372725062e-03   2.3165624947e-09   4.3706377348e-02   7.7932111306e-07   1.9056318837e-09   7.6563388255e-12   5.3569964844e-04   3.0913499175e-01   3.0509152861e-02   8.1579360913e-02   1.0274289145e-08   6.5303794898e-05   4.3085602736e-11   3.9804366429e-01
   4.9600000000e-01   4.1113538790e-01   7.3765729904e+02  -2.5309499114e+06   1.5185614923e-01   3.6206947785e-01   8.9176766609e+05   4.8527503954e-04   4.6537317246e-09   1.7414274244e-11   6.2432790906e-03   1.7811049437e-09   4.2373895978e-02   6.7188029170e-07   1.4439546551e-09   5.4534250235e-12   5.1577118448e-04   3.2270895592e-01   2.9598663139e-02   7.9398315079e-02   8.4003601287e-09   6.3497789824e-05   3.3056454539e-11   3.8617599495e-01
   5.1200000000e-01   4.2706106799e-01   7.1854861738e+02  -2.5964178516e+06   1.4742017830e-01   3.6809883658e-01   7.2024045847e+05   4.6853280919e-04   3.5599863046e-09   1.0800181513e-11   6.0494838858e-03   1.3752796709e-09   4.1038722415e-02   5.7666678822e-07   1.0892254125e-09   3.8763468606e-12   4.9650219733e-04   3.3632769811e-01   2.8688361265e-02   7.7224561809e-02   6.8299888200e-09   6.1721842649e-05   2.5159901442e-11   3.7431595524e-01
   5.2800000000e-01   4.4311389028e-01   6.9997053914e+02  -2.6619924380e+06   1.4298809807e-01   3.7421843789e-01   5.7583513528e+05   4.5143026208e-04   2.6983639843e-09   6.5918859799e-12   5.8558473457e-03   1.0661511682e-09   3.9701327415e-02   4.9281388019e-07   8.1753765300e-10   2.7482044877e-12   4.7780446610e-04   3.4998615058e-01   2.7778252021e-02   7.5057088367e-02   5.5236866607e-09   5.9968964442e-05   1.8984544311e-11   3.6246282328e-01
   5.4400000000e-01   4.5928956497e-01   6.8189127197e+02  -2.7276696472e+06   1.3855937945e-01   3.8043914865e-01   4.5573258370e+05   4.3402771773e-04   2.0264404208e-09   3.9584582292e-12   5.6623382171e-03   8.2946322440e-10   3.8362148722e-02   4.1939833351e-07   6.1025773046e-10   1.9423372346e-12   4.5960114129e-04   3.6367883833e-01   2.6868324970e-02   7.2894878042e-02   4.4444885921e-09   5.8233664736e-05   1.4194257750e-11   3.5061573156e-01
   5.6000000000e-01   4.7558404877e-01   6.6428086974e+02  -2.7934456853e+06   1.3413343086e-01   3.8677260657e-01   3.5703000235e+05   4.1637991602e-04   1.5077274835e-09   2.3382589037e-12   5.4689307457e-03   6.4729436202e-10   3.7021594660e-02   3.5547263315e-07   4.5283287348e-10   1.3678377486e-12   4.4182542825e-04   3.7739983708e-01   2.5958556028e-02   7.0736900252e-02   3.5585457111e-09   5.6511599568e-05   1.0511882859e-11   3.3877366363e-01
   5.7600000000e-01   4.9199360073e-01   6.4711117890e+02  -2.8593170182e+06   1.2970959146e-01   3.9323122393e-01   2.7686247868e+05   3.9853680779e-04   1.1113067198e-09   1.3584707886e-12   5.2756026760e-03   5.0636014078e-10   3.5680046510e-02   3.0009347308e-07   3.3388656276e-10   9.5934257845e-13   4.2441925928e-04   3.9114272149e-01   2.5048908163e-02   6.8582099976e-02   2.8354837754e-09   5.4799295847e-05   7.7084976798e-12   3.2693544875e-01
   5.9200000000e-01   5.0851484137e-01   6.3035578695e+02  -2.9252804028e+06   1.2528712184e-01   3.9982819222e-01   2.1249985742e+05   3.8054428579e-04   8.1137209903e-10   7.7620101005e-13   5.0823337678e-03   3.9677958097e-10   3.4337860136e-02   2.5234521297e-07   2.4452683256e-10   6.6980188266e-13   4.0733205139e-04   4.0490049907e-01   2.4139331470e-02   6.6429385949e-02   2.2485338623e-09   5.3093934798e-05   5.5958079323e-12   3.1509975424e-01
   6.0800000000e-01   5.2514482029e-01   6.1398997663e+02  -2.9913329245e+06   1.2086519347e-01   4.0657748463e-01   1.6141770613e+05   3.6244483683e-04   5.8670858836e-10   4.3620556599e-13   4.8891046693e-03   3.1117633202e-10   3.2995366745e-02   2.1135778969e-07   1.7781292855e-10   4.6533479330e-13   3.9051959891e-04   4.1866553783e-01   2.3229762900e-02   6.4277618992e-02   1.7744753913e-09   5.1393181955e-05   4.0202116646e-12   3.0326507754e-01
   6.2400000000e-01   5.4188109031e-01   5.9799068636e+02  -3.0574720367e+06   1.1644287614e-01   4.1349385511e-01   1.2132967458e+05   3.4427821265e-04   4.2007994390e-10   2.4112885293e-13   4.6958960217e-03   2.4401956675e-10   3.1652873267e-02   1.7631876858e-07   1.2833976995e-10   3.2155092065e-13   3.7394311729e-04   4.3242947777e-01   2.2320125664e-02   6.2125598995e-02   1.3934187086e-09   4.9695051027e-05   2.8575050566e-12   2.9142973657e-01
   6.4000000000e-01   5.5872179243e-01   5.8233648290e+02  -3.1236956083e+06   1.1201912344e-01   4.2059282843e-01   9.0221308091e+04   3.2608187471e-04   2.9771549918e-10   1.3114443775e-13   4.5026877179e-03   1.9114422669e-10   3.0310662447e-02   1.4648143250e-07   9.1913670089e-11   2.2091229492e-13   3.5756845417e-04   4.4618312902e-01   2.1410328328e-02   5.9972050787e-02   1.0885340850e-09   4.7997797329e-05   2.0086615215e-12   2.7959185761e-01
   6.5600000000e-01   5.7566575037e-01   5.6700754067e+02  -3.1900019746e+06   1.0759275559e-01   4.2789068165e-01   6.6353212371e+04   3.0789149952e-04   2.0875891911e-10   7.0205424188e-14   4.3094582727e-03   1.4939700543e-10   2.8968992581e-02   1.2116848072e-07   6.5295689440e-11   1.5083182587e-13   3.4136543726e-04   4.5991634692e-01   2.0500263718e-02   5.7815607789e-02   8.4571600873e-10   4.6299829582e-05   1.3957402888e-12   2.6774936203e-01
   6.7200000000e-01   5.9271257790e-01   5.5198563265e+02  -3.2563899930e+06   1.0316243866e-01   4.3540441034e-01   4.8249365446e+04   2.8974148259e-04   1.4475431418e-10   3.7015172926e-14   4.1161842529e-03   1.1637603625e-10   2.7628097051e-02   9.9772330241e-08   4.5998007287e-11   1.0229952030e-13   3.2530734489e-04   4.7361787792e-01   1.9589807541e-02   5.5654792590e-02   6.5323421714e-10   4.4599635671e-05   9.5815593076e-13   2.5589995017e-01
   6.8800000000e-01   6.0986280474e-01   5.3725413515e+02  -3.3228591056e+06   9.8726660113e-02   4.4315167184e-01   3.4677500019e+04   2.7166541399e-04   9.9192561762e-11   1.9237579580e-14   3.9228397450e-03   9.0239310365e-11   2.6288183514e-02   8.1752993698e-08   3.2121917605e-11   6.8887724759e-14   3.0937047816e-04   4.8727517616e-01   1.8678816766e-02   5.3487994420e-02   5.0139749327e-10   4.2895718700e-05   6.4939748063e-13   2.4404108268e-01
   7.0400000000e-01   6.2711802555e-01   5.2279804834e+02  -3.3894094129e+06   9.4283699069e-02   4.5115069707e-01   2.4624503344e+04   2.5369653980e-04   6.7119810206e-11   9.8665964806e-15   3.7293958275e-03   6.9563411138e-11   2.4949432748e-02   6.6634259984e-08   2.2228682815e-11   4.6029679894e-14   2.9353380676e-04   5.0087418127e-01   1.7767127661e-02   5.1313442120e-02   3.8224283597e-10   4.1186539237e-05   4.3419638859e-13   2.3216995828e-01
   7.2000000000e-01   6.4448107758e-01   5.0860403363e+02  -3.4560417569e+06   8.9831588869e-02   4.5942015977e-01   1.7269519425e+04   2.3586823647e-04   4.4807369612e-11   5.0005498292e-15   3.5358200031e-03   5.3239258779e-11   2.3611997221e-02   5.3998832687e-08   1.5236646968e-11   3.0496007878e-14   2.7777867805e-04   5.1439904024e-01   1.6854553317e-02   4.9129170095e-02   2.8925727126e-10   3.9470459349e-05   2.8613277442e-13   2.2028348493e-01
   7.3600000000e-01   6.6195626006e-01   4.9466047256e+02  -3.5227578223e+06   8.5368070928e-02   4.6797898542e-01   1.1956784672e+04   2.1821448325e-04   2.9479066378e-11   2.5081618385e-15   3.3420755811e-03   4.0395104037e-11   2.2275998991e-02   4.3482927712e-08   1.0339456713e-11   2.0015003519e-14   2.6208856091e-04   5.2783177300e-01   1.5940880651e-02   4.6932976804e-02   2.1713485603e-10   3.7745686025e-05   1.8565347834e-13   2.0837824532e-01
   7.5200000000e-01   6.7954960837e-01   4.8095755079e+02  -3.5895602605e+06   8.0890536910e-02   4.7684607811e-01   8.1696475340e+03   2.0077034656e-04   1.9090244007e-11   1.2468939439e-15   3.1481209687e-03   3.0339613270e-11   2.0941526790e-02   3.4770710260e-08   6.9413358210e-12   1.2997670367e-14   2.4644880993e-04   5.4115186721e-01   1.5025866710e-02   4.4722373063e-02   1.6156828710e-10   3.6010210139e-05   1.1846276110e-13   1.9645045446e-01
   7.6800000000e-01   6.9726924056e-01   4.6748737009e+02  -3.6564528400e+06   7.6395953519e-02   4.8603993761e-01   5.5066853142e+03   1.8357251007e-04   1.2151578249e-11   6.1513616016e-16   2.9539088017e-03   2.2519773528e-11   1.9608632128e-02   2.7588848801e-08   4.6061662965e-12   8.3391621916e-15   2.3084643661e-04   5.5433577430e-01   1.4109233880e-02   4.2494515000e-02   1.1907266957e-10   3.4261735436e-05   7.4238619462e-14   1.8449590408e-01
   7.8400000000e-01   7.1512580478e-01   4.5424409432e+02  -3.7234406357e+06   7.1880763305e-02   4.9557812685e-01   3.6604042520e+03   1.6665986847e-04   7.5906598990e-12   3.0133722261e-16   2.7593848394e-03   1.6489724618e-11   1.8277323903e-02   2.1701381067e-08   3.0177298688e-12   5.2759700595e-15   2.1526987635e-04   5.6735628223e-01   1.3190663592e-02   4.0246115942e-02   8.6838070644e-11   3.2497591437e-05   4.5625079558e-14   1.7250988914e-01
   8.0000000000e-01   7.3313306938e-01   4.4122413834e+02  -3.7905302706e+06   6.7340753348e-02   5.0547653402e-01   2.3986977560e+03   1.5007418723e-04   4.6446466952e-12   1.4653377580e-16   2.5644865360e-03   1.1887631612e-11   1.6947560756e-02   1.6905001725e-08   1.9489261232e-12   3.2837314627e-15   1.9970874102e-04   5.8018174588e-01   1.2269788046e-02   3.7973330359e-02   6.2607093802e-11   3.0714623118e-05   2.7452355371e-14   1.6048711145e-01
   8.1600000000e-01   7.5130871407e-01   4.2842640831e+02  -3.8577302295e+06   6.2770875741e-02   5.1574835617e-01   1.5490373740e+03   1.3386087973e-04   2.7779947743e-12   7.0625245285e-17   2.3691411055e-03   8.4184631852e-12   1.5619240222e-02   1.3024822152e-08   1.2382437562e-12   2.0045594422e-15   1.8415354530e-04   5.9277512526e-01   1.1346178906e-02   3.5671595732e-02   4.4573754705e-11   2.8909044028e-05   1.6141254755e-14   1.4842154735e-01
   8.3200000000e-01   7.6967541356e-01   4.1585260478e+02  -3.9250512691e+06   5.8164995336e-02   5.2640270185e-01   9.8524083143e+02   1.1806996143e-04   1.6201097158e-12   3.3640125459e-17   2.1732628028e-03   5.8410789461e-12   1.4292183058e-02   9.9106215630e-09   7.7190512288e-13   1.1957232776e-15   1.6859539170e-04   6.0509276978e-01   1.0419331366e-02   3.3335410951e-02   3.1300194874e-11   2.7076232852e-05   9.2540389325e-15   1.3630626016e-01
   8.4800000000e-01   7.8826235795e-01   4.0350760635e+02  -3.9925069673e+06   5.3515528843e-02   5.3744266644e-01   6.1658557610e+02   1.0275722326e-04   9.1859680253e-13   1.5767640540e-17   1.9767490308e-03   3.9584457996e-12   1.2966110013e-02   7.4335721705e-09   4.7050760726e-13   6.9367686893e-16   1.5302559230e-04   6.1708289302e-01   9.4886413605e-03   3.0958020247e-02   2.1648196748e-11   2.5210444129e-05   5.1599595531e-15   1.2413313170e-01
   8.6400000000e-01   8.0710743999e-01   3.9139995201e+02  -4.0601144679e+06   4.8812911529e-02   5.4886267743e-01   3.7900416064e+02   8.7985728400e-05   5.0459024495e-13   7.2317685492e-18   1.7794745745e-03   2.6101051109e-12   1.1640606624e-02   5.4833984650e-09   2.7915097265e-13   3.8903055632e-16   1.3743518959e-04   6.2868364326e-01   8.5533719274e-03   2.8530947249e-02   1.4722858384e-11   2.3304381375e-05   2.7894680646e-15   1.1189246471e-01
   8.8000000000e-01   8.2626049885e-01   3.7954243852e+02  -4.1278954999e+06   4.4044777622e-02   5.6064482460e-01   2.2808895458e+02   7.3827810077e-05   2.6734026941e-13   3.2230121027e-18   1.5812827221e-03   1.6662435848e-12   1.0315068350e-02   3.9659250057e-09   1.6023184479e-13   2.0925393790e-16   1.2181430857e-04   6.3982062903e-01   7.6126015764e-03   2.6043279886e-02   9.8262224050e-12   2.1348539908e-05   1.4562008629e-15   9.9572370822e-02
   8.9600000000e-01   8.4578830999e-01   3.6795284536e+02  -4.1958777915e+06   3.9194648696e-02   5.7275376038e-01   1.3363880646e+02   6.0367812548e-05   1.3582481476e-13   1.3838077781e-18   1.3819710770e-03   1.0228953784e-12   8.9886127715e-03   2.8009621758e-09   8.8248017282e-14   1.0678607578e-16   1.0615121574e-04   6.5040373283e-01   6.6651420752e-03   2.3480526037e-02   6.4190480560e-12   1.9330149986e-05   7.3013976318e-16   8.7157793520e-02
   9.1200000000e-01   8.6578262394e-01   3.5665474399e+02  -4.2640970471e+06   3.4239717919e-02   5.8512960520e-01   7.5495229098e+01   4.7706012102e-05   6.5638313929e-14   5.6601942678e-19   1.1812677637e-03   5.9793722154e-13   7.6599307407e-03   1.9204738713e-09   4.6092926909e-14   5.0891723643e-17   9.0430839470e-05   6.6032296806e-01   5.7094009550e-03   2.0822680211e-02   4.0892448582e-12   1.7231380477e-05   3.4889529066e-16   7.4628871228e-02
   9.2800000000e-01   8.8637392657e-01   3.4567819841e+02  -4.3325996975e+06   2.9146839948e-02   5.9767808641e-01   4.0436043966e+01   3.5964545509e-05   2.9801967729e-14   2.1706088092e-19   9.7878892284e-04   3.2764535625e-13   6.3270190917e-03   1.2669749681e-09   2.2438036289e-14   2.2092675729e-17   7.4632228524e-05   6.6944300368e-01   4.7431363473e-03   1.8040719964e-02   2.5257822283e-12   1.5026061058e-05   1.5695568317e-16   6.1958013998e-02
   9.4400000000e-01   9.0775704001e-01   3.3505964567e+02  -4.4014465996e+06   2.3864584310e-02   6.1025701864e-01   1.9917150905e+01   2.5296972657e-05   1.2450151449e-14   7.6005446129e-20   7.7395616963e-04   1.6366661630e-13   4.9866592984e-03   7.9210133231e-10   9.8982055687e-15   8.3615220334e-18   5.8723718459e-05   6.7759580106e-01   3.7629812648e-03   1.5089646774e-02   1.4971101244e-12   1.2673119861e-05   6.5072735379e-17   4.9104226006e-02
   9.6000000000e-01   9.3024487325e-01   3.2483832871e+02  -4.4707172884e+06   1.8305347583e-02   6.2265887601e-01   8.4784080006e+00   1.5905123518e-05   4.5935767607e-15   2.3054226631e-20   5.6581594124e-04   7.0326297527e-14   3.6332716526e-03   4.5527470932e-10   3.7556749440e-15   2.5219488222e-18   4.2652454379e-05   6.8457048126e-01   2.7634021951e-03   1.1892768611e-02   8.3325981355e-13   1.0101626597e-05   2.3838467833e-17   3.6000673718e-02
   9.7600000000e-01   9.5440457703e-01   3.1503810530e+02  -4.5405105999e+06   1.2296585164e-02   6.3459496567e-01   2.6575473591e+00   8.0725560324e-06   1.3534480638e-15   5.2861938276e-21   3.5256488987e-04   2.2264340769e-14   2.2558899408e-03   2.2229021601e-10   1.0820787898e-15   4.7870394777e-19   2.6316963057e-05   6.9009922315e-01   1.7339599742e-03   8.2986626934e-03   4.1071557590e-13   7.1693966228e-06   7.0375753316e-18   2.2522004881e-02
   9.9200000000e-01   9.8153404181e-01   3.0556962899e+02  -4.6109082475e+06   5.3973036450e-03   6.4573554286e-01   2.9380141569e-01   2.2421517645e-06   2.1291872427e-16   4.9834896822e-22   1.2984891932e-04   2.5011874293e-15   8.2723949709e-04   6.3143742425e-11   1.3775478834e-16   1.9173148299e-20   9.4688989542e-06   6.9384080682e-01   6.4947387945e-04   3.9183481167e-03   1.3794714444e-13   3.5042858364e-06   1.6807013410e-18   8.3671828092e-03
   1.0000000000e+00   1.0000000000e+00   3.0000000000e+02  -4.6458568819e+06   0.0000000000e+00   6.5169855213e-01   0.0000000000e+00   0.0000000000e+00   0.0000000000e+00   0.0000000000e+00   0.0000000000e+00   0.0000000000e+00   0.0000000000e+00   0.0000000000e+00   0.0000000000e+00   0.0000000000e+00   0.0000000000e+00   1.0000000000e+00   0.0000000000e+00   0.0000000000e+00   0.0000000000e+00   0.0000000000e+00   0.0000000000e+00   0.0000000000e+00