# L (m)  = 1
# P (Pa) = 101325
#             001_x           002_mixf              003_T              004_h             005_pv        006_density        007_hr             008_H2              009_H              010_O             011_O2             012_OH            013_H2O            014_HO2            015_CH2         016_CH2(S)            017_CH3            018_CH4             019_CO            020_CO2            021_HCO           022_CH2O          023_CH2OH             024_N2
                  0   0.0000000000e+00   3.0000000000e+02   1.9075768848e+03   0.0000000000e+00   1.1719839921e+00   0.0000000000e+00   0.0000000000e+00   0.0000000000e+00   0.0000000000e+00   2.3300000000e-01   0.0000000000e+00   0.0000000000e+00   0.0000000000e+00   0.0000000000e+00   0.0000000000e+00   0.0000000000e+00   0.0000000000e+00   0.0000000000e+00   0.0000000000e+00   0.0000000000e+00   0.0000000000e+00   0.0000000000e+00   7.6700000000e-01
   2.0000000000e-03   1.2344711452e-03   3.8882266957e+02  -3.6987232236e+04   1.3471478667e-02   9.0676344618e-01   5.2610963247e+02   2.3760331607e-07   3.0677716396e-13   6.6111001607e-08   2.2559935468e-01   2.6680412526e-08   1.7130460938e-03   2.8125892198e-07   1.0144826962e-21   7.1394139646e-23   9.3526062958e-16   1.7198345680e-12   6.2605228642e-05   1.1695589741e-02   1.3454056524e-18   1.8179179765e-13   5.1673930376e-25   7.5115640173e-01
   6.0000000000e-03   4.6930142288e-03   5.1810955334e+02  -9.9198699230e+04   3.3656092186e-02   6.8209776131e-01   6.8618894264e+03   8.0462540438e-07   1.5895830997e-11   3.7481777530e-07   2.1206540987e-01   2.0532013127e-07   5.2073128921e-03   1.0183605688e-06   3.9073371030e-20   3.3604425169e-21   6.2249702891e-15   5.1801576485e-12   1.7905403342e-04   2.8268920635e-02   1.8865968030e-16   4.6097996322e-13   8.6855316701e-23   7.4851670204e-01
   1.0000000000e-02   7.9227156163e-03   6.3036521032e+02  -1.5619196040e+05   5.1680855386e-02   5.6145764071e-01   3.3147277138e+04   1.5556328237e-06   2.0480077992e-10   1.0796274765e-06   1.9903259434e-01   7.4092773847e-07   8.8863869558e-03   2.1816829393e-06   4.1864079308e-19   3.8669084332e-20   2.0846500601e-14   8.6907411175e-12   2.9214804284e-04   4.2500764755e-02   3.7506874610e-15   7.5358745936e-13   2.0898238029e-21   7.4580637146e-01
   1.4000000000e-02   1.1037086868e-02   7.3292616361e+02  -2.1065643500e+05   6.8644251667e-02   4.8337716069e-01   1.2867555738e+05   2.4472061440e-06   1.7099336676e-09   2.6017613609e-06   1.8626823489e-01   2.1889793132e-06   1.2698931580e-02   4.0156772666e-06   3.0546533375e-18   2.8745217715e-19   5.4157999662e-14   1.2269040162e-11   4.0391448949e-04   5.5538958392e-02   4.1452894171e-14   1.1195093141e-12   2.6255866755e-20   7.4305911460e-01
   1.8000000000e-02   1.4082599216e-02   8.2867170890e+02  -2.6362395101e+05   8.4965482069e-02   4.2782541599e-01   4.3258446941e+05   3.4588520949e-06   1.0400108411e-08   5.9318937726e-06   1.7366736988e-01   5.9630114111e-06   1.6616712972e-02   6.4880661656e-06   1.8237110882e-17   1.7008641540e-18   1.2015275116e-13   1.6020313105e-11   5.1602113594e-04   6.7829289109e-02   3.1250750640e-13   1.6303339049e-12   2.3176530055e-19   7.4028674308e-01
   2.2000000000e-02   1.7083611642e-02   9.1914154653e+02  -3.1559705860e+05   1.0084917982e-01   3.8589497292e-01   1.2132818739e+06   4.5929841847e-06   4.6296431791e-08   1.3199257907e-05   1.6117079347e-01   1.5225101581e-05   2.0619846394e-02   8.9468655923e-06   9.4055973833e-17   8.5554510698e-18   2.3978620665e-13   2.0285313948e-11   6.3101014603e-04   7.9593730292e-02   1.6619723232e-12   2.4027480471e-12   1.5948190772e-18   7.3749460158e-01
   2.6000000000e-02   2.0054272268e-02   1.0052821172e+03  -3.6684922208e+05   1.1640346852e-01   3.5292572053e-01   2.8102610118e+06   5.8937719024e-06   1.5773208434e-07   2.8030202055e-05   1.4874247070e-01   3.5551780335e-05   2.4689819123e-02   1.0668543069e-05   4.2819155670e-16   3.7622477077e-17   4.5421244789e-13   2.6062322246e-11   7.5386149181e-04   9.0953894131e-02   6.5950727590e-12   3.6808040035e-12   9.0993524935e-18   7.3468585393e-01
   3.0000000000e-02   2.3002600068e-02   1.0876398772e+03  -4.1755190298e+05   1.3167990169e-01   3.2623564922e-01   5.5098867866e+06   7.4914239381e-06   4.3536387414e-07   5.4994864239e-05   1.3636427724e-01   7.4456359059e-05   2.8805658243e-02   1.1540814950e-05   1.8088336527e-15   1.5266385743e-16   8.7935686320e-13   3.6114111165e-11   8.9432774094e-04   1.0197242428e-01   2.0812770522e-11   6.1053338286e-12   4.6421760208e-17   7.3186299027e-01
   3.4000000000e-02   2.5932337336e-02   1.1662915472e+03  -4.6781834221e+05   1.4669144919e-01   3.0421623062e-01   9.4444325024e+06   9.6655240944e-06   1.0182590786e-06   9.8136820035e-05   1.2403723398e-01   1.3971002849e-04   3.2942596090e-02   1.1805776189e-05   7.6939860614e-15   6.2195661032e-16   1.8954999679e-12   5.8067596656e-11   1.0697939654e-03   1.1266939361e-01   5.5086868504e-11   1.1625826512e-11   2.3253693368e-16   7.2902810197e-01
   3.8000000000e-02   2.8844087751e-02   1.2410454154e+03  -5.1772233987e+05   1.6142290980e-01   2.8582529498e-01   1.4528759163e+07   1.2893534872e-05   2.0855396927e-06   1.5930928625e-04   1.1178374052e-01   2.3716147443e-04   3.7072700157e-02   1.1678450220e-05   3.5499496498e-14   2.7453504510e-15   4.8624223669e-12   1.1473993485e-10   1.3079641227e-03   1.2302935199e-01   1.2778140876e-10   2.6771733474e-11   1.2386008425e-15   7.2618272952e-01
   4.2000000000e-02   3.1735904568e-02   1.3115694465e+03  -5.6730513875e+05   1.7583621784e-01   2.7034410726e-01   2.0455874747e+07   1.7847315660e-05   3.8349878751e-06   2.3706551182e-04   9.9649143877e-02   3.6885282501e-04   4.1166680453e-02   1.1281467241e-05   1.8465034606e-13   1.3657124833e-14   1.5247792464e-11   2.8434431275e-10   1.6487640518e-03   1.3300292602e-01   2.6955361178e-10   7.6140094013e-11   7.3055570231e-15   7.2332804613e-01
   4.6000000000e-02   3.4604122259e-02   1.3774607028e+03  -6.1657330259e+05   1.8987587789e-01   2.5725426185e-01   2.6748114168e+07   2.5335421176e-05   6.4532818793e-06   3.2633385031e-04   8.7699477228e-02   5.3181695320e-04   4.5196981422e-02   1.0682842486e-05   1.0913994976e-12   7.7175815546e-14   5.8230823951e-11   8.7614030116e-10   2.1451828749e-03   1.4250837817e-01   5.3288739123e-10   2.6562733153e-10   4.8096210942e-14   7.2046497160e-01
   5.0000000000e-02   3.7444302552e-02   1.4383083510e+03  -6.6548657387e+05   2.0347415922e-01   2.4616565688e-01   3.2828095081e+07   3.6231027214e-05   1.0079162861e-05   4.1873187036e-04   7.6016895693e-02   7.1760811786e-04   4.9141053454e-02   9.9234388508e-06   7.2766175641e-12   4.9138431657e-13   2.6608225578e-10   3.2847681278e-09   2.8633471049e-03   1.5143352764e-01   1.0162526344e-09   1.1134114932e-09   3.5042935020e-13   7.1759424729e-01
   5.4000000000e-02   4.0252099097e-02   1.4937424634e+03  -7.1393286849e+05   2.1655468138e-01   2.3677358520e-01   3.8087886232e+07   5.1434921527e-05   1.4755667274e-05   5.0325119609e-04   6.4695091416e-02   9.1237046999e-04   5.2983855648e-02   9.0307081547e-06   5.3890064892e-11   3.4664307169e-12   1.4204265345e-09   1.4575569228e-08   3.8828268579e-03   1.5963656395e-01   1.9721401560e-09   5.4569286110e-09   2.7774926656e-12   7.1471648848e-01
   5.8000000000e-02   4.3023890629e-02   1.5434578814e+03  -7.6168844050e+05   2.2903253581e-01   2.2883371135e-01   4.1974974319e+07   7.1915865994e-05   2.0363526597e-05   5.6707814847e-04   5.3837099741e-02   1.0970411727e-03   5.6719103471e-02   8.0279396851e-06   4.3399611532e-10   2.6473218674e-11   8.6168246984e-09   7.4142152503e-08   5.2987967012e-03   1.6694271977e-01   4.4877352615e-09   3.0304591107e-08   2.3390953138e-11   7.1183222187e-01
   6.2000000000e-02   4.5756914040e-02   1.5871929176e+03  -8.0836743642e+05   2.4080812572e-01   2.2215031116e-01   4.4221894223e+07   9.8901224437e-05   2.6520791744e-05   5.9629485871e-04   4.3559242598e-02   1.2469035524e-03   6.0348330450e-02   6.9462685342e-06   3.6992283817e-09   2.1256673421e-10   5.7631293655e-08   4.1706667079e-07   7.2275774993e-03   1.7313331655e-01   1.5078712341e-08   1.8399904246e-07   2.0315604223e-10   7.0894191230e-01
   6.6000000000e-02   4.8448157824e-02   1.6246212549e+03  -8.5337791625e+05   2.5174912317e-01   2.1657902301e-01   4.5960069291e+07   1.3438676093e-04   3.2422535845e-05   5.7610140840e-04   3.4009356395e-02   1.3289481863e-03   6.3874005328e-02   5.8562786491e-06   3.2176014266e-08   1.7267280177e-09   4.1127210730e-07   2.4897307995e-06   9.8136140411e-03   1.7792711704e-01   7.5217729030e-08   1.1686914880e-06   1.7486686093e-09   7.0604597869e-01
   7.0000000000e-02   5.1090985151e-02   1.6550758342e+03  -8.9590779378e+05   2.6164538968e-01   2.1205315780e-01   5.5359756527e+07   1.8210552583e-04   3.6606745486e-05   4.9074431401e-04   2.5416609592e-02   1.2950643449e-03   6.7274941125e-02   4.9655109069e-06   2.6857559662e-07   1.3335418936e-08   3.0106964432e-06   1.4992015230e-05   1.3216779677e-02   1.8097156335e-01   4.1708597176e-07   7.2601270693e-06   1.3983771155e-08   7.0314479700e-01
   7.4000000000e-02   5.3673780495e-02   1.6769051669e+03  -9.3492482486e+05   2.7008852076e-01   2.0866191682e-01   1.0324166004e+08   2.4762644660e-04   3.6786340189e-05   3.3060963307e-04   1.8190123349e-02   1.0793208394e-03   7.0435572598e-02   4.7829677504e-06   1.8830208442e-06   8.5746275236e-08   2.1122646347e-05   8.4786624423e-05   1.7478606455e-02   1.8192671527e-01   1.8721395247e-06   3.8773511233e-05   9.0781881241e-08   7.0023868205e-01
   7.8000000000e-02   5.6210391558e-02   1.6863693809e+03  -9.6905742843e+05   2.7623958622e-01   2.0679790026e-01   2.0158319111e+08   3.3031331630e-04   3.0484292678e-05   1.3956535031e-04   1.2945015407e-02   6.7270286660e-04   7.3013441690e-02   5.6654207922e-06   8.2276820459e-06   3.4055706847e-07   1.2018222976e-04   4.0177558623e-04   2.2025437408e-02   1.8087039380e-01   4.6421650284e-06   1.3834812909e-04   3.5713687585e-07   6.9732783442e-01
   8.2000000000e-02   5.8791455625e-02   1.6813450469e+03  -9.9611831898e+05   2.7928604025e-01   2.0672938144e-01   2.0862421574e+08   4.0607875963e-04   1.9014060004e-05   3.4975403390e-05   9.9331446675e-03   2.9856145557e-04   7.4560235920e-02   6.3082707239e-06   1.4639368162e-05   5.5696029751e-07   3.9827769646e-04   1.3606100554e-03   2.5403547499e-02   1.7891617807e-01   4.7304912528e-06   2.5182804402e-04   5.8361760509e-07   6.9441232610e-01
   8.6000000000e-02   6.1459230346e-02   1.6715054464e+03  -1.0128297233e+06   2.8001954502e-01   2.0732386583e-01   1.2304754262e+08   4.5332719548e-04   9.4399506051e-06   8.3600692939e-06   8.4529518253e-03   1.1556601050e-04   7.5187507095e-02   5.7949824453e-06   1.1184051425e-05   4.0162701185e-07   6.8807172339e-04   3.1310320868e-03   2.7172336119e-02   1.7720637461e-01   2.6225180776e-06   2.7841841490e-04   4.2555469380e-07   6.9149229152e-01
   9.0000000000e-02   6.4184828056e-02   1.6654072401e+03  -1.0187836213e+06   2.7968667626e-01   2.0751859897e-01   5.8167735180e+07   4.7701217600e-04   4.3634106717e-06   2.5591406000e-06   7.6972493367e-03   4.7891739824e-05   7.5338392091e-02   4.7372474141e-06   6.0022453214e-06   2.0814440395e-07   8.1754803185e-04   5.4881864871e-03   2.8015296979e-02   1.7585597501e-01   1.2309733350e-06   2.5526617299e-04   2.2112211198e-07   6.8856807270e-01
   9.4000000000e-02   6.6944397818e-02   1.6619161089e+03  -1.0195614859e+06   2.7892108241e-01   2.0742170349e-01   2.7832057732e+07   4.8807577880e-04   2.1693809415e-06   1.0203618548e-06   7.2468815668e-03   2.3892172864e-05   7.5290340989e-02   3.6732078710e-06   3.1838171142e-06   1.0826259169e-07   8.2666728952e-04   8.1472656050e-03   2.8441927331e-02   1.7470073831e-01   6.2561450988e-07   2.2045313107e-04   1.1462557352e-07   6.8564006056e-01
   9.8000000000e-02   6.9726022587e-02   1.6586482315e+03  -1.0193644969e+06   2.7796486792e-01   2.0731225631e-01   1.5167404710e+07   4.9344170509e-04   1.2568807774e-06   5.1094628483e-07   6.9356226625e-03   1.4479841174e-05   7.5157767509e-02   2.8363999508e-06   1.9057599998e-06   6.3968173813e-08   7.9063931584e-04   1.0934442179e-02   2.8674299028e-02   1.7363935968e-01   3.7118417187e-07   1.8827463310e-04   6.7487336778e-08   6.8270854816e-01
   1.0200000000e-01   7.2524608016e-02   1.6548427325e+03  -1.0194908055e+06   2.7691037398e-01   2.0727780692e-01   9.4868987863e+06   4.9626792692e-04   8.4453620658e-07   3.0502802958e-07   6.6988696581e-03   1.0063555596e-05   7.4983484151e-02   2.2405123476e-06   1.2865451244e-06   4.2699550304e-08   7.4754036261e-04   1.3773772196e-02   2.8802428896e-02   1.7262819300e-01   2.5016621675e-07   1.6180430846e-04   4.4942182246e-08   6.7977375283e-01
   1.0600000000e-01   7.5338106442e-02   1.6503985925e+03  -1.0202340150e+06   2.7579765367e-01   2.0732829642e-01   6.5496884214e+06   4.9783685236e-04   6.2869831565e-07   2.0435609232e-07   6.5083648616e-03   7.5856596339e-06   7.4784567542e-02   1.8264235595e-06   9.4430257769e-07   3.0990058970e-08   7.0911236756e-04   1.6637407025e-02   2.8866742403e-02   1.7164850687e-01   1.8331845566e-07   1.4066059471e-04   3.2582711079e-08   6.7683585875e-01
   1.1000000000e-01   7.8165664557e-02   1.6453858553e+03  -1.0216201115e+06   2.7464708796e-01   2.0745418102e-01   4.8170659422e+06   4.9867819511e-04   4.9828225702e-07   1.4692441782e-07   6.3496174343e-03   6.0018018361e-06   7.4568937875e-02   1.5356051769e-06   7.3216449520e-07   2.3751677563e-08   6.7703396187e-04   1.9515719127e-02   2.8888219011e-02   1.7069125288e-01   1.4186549422e-07   1.2379490836e-04   2.4976759708e-08   6.7389503308e-01
   1.1400000000e-01   8.1006885878e-02   1.6399054315e+03  -1.0236011862e+06   2.7347049222e-01   2.0764274648e-01   3.6932835790e+06   4.9903598681e-04   4.1066136920e-07   1.1051191808e-07   6.2141308298e-03   4.9005069833e-06   7.4340919320e-02   1.3263975500e-06   5.8927990993e-07   1.8890254265e-08   6.5030324554e-04   2.2405226269e-02   2.8879137117e-02   1.6975139979e-01   1.1403504769e-07   1.1023268893e-04   1.9891126269e-08   6.7095143134e-01
   1.1800000000e-01   8.3861561268e-02   1.6340523740e+03  -1.0261106482e+06   2.7227535636e-01   2.0788223617e-01   2.9161790524e+06   4.9904008786e-04   3.4744531557e-07   8.5782522448e-08   6.0964306889e-03   4.0908870920e-06   7.4103191264e-02   1.1717057731e-06   4.8708048342e-07   1.5425008013e-08   6.2757590018e-04   2.5304479603e-02   2.8847320721e-02   1.6882580429e-01   9.4271104991e-08   9.9205402284e-05   1.6280840682e-08   6.6800519937e-01
   1.2200000000e-01   8.6729568254e-02   1.6279080643e+03  -1.0290809813e+06   2.7106672116e-01   2.0816265088e-01   2.3543325585e+06   4.9876901870e-04   2.9954247985e-07   6.8176779057e-08   5.9927534229e-03   3.4715433719e-06   7.3857562214e-02   1.0541989674e-06   4.1056876419e-07   1.2841677744e-08   6.0772257790e-04   2.8212742542e-02   2.8798063026e-02   1.6791232691e-01   7.9626375396e-08   9.0133813596e-05   1.3598719537e-08   6.6505647442e-01
   1.2600000000e-01   8.9610829328e-02   1.6215401926e+03  -1.0324496859e+06   2.6984812538e-01   2.0847568242e-01   1.9345915547e+06   4.9827493074e-04   2.6190870453e-07   5.5196659777e-08   5.9003874441e-03   2.9831976942e-06   7.3605325805e-02   9.6269286104e-07   3.5118320425e-07   1.0846914535e-08   5.8988974117e-04   3.1129556928e-02   2.8735107445e-02   1.6700941720e-01   6.8400636783e-08   8.2586159599e-05   1.1533208543e-08   6.6210538585e-01
   1.3000000000e-01   9.2505292339e-02   1.6150026773e+03  -1.0361639319e+06   2.6862213333e-01   2.0881470630e-01   1.6129499342e+06   4.9759483603e-04   2.3149986481e-07   4.5359539502e-08   5.8173080347e-03   2.5887868180e-06   7.3347447030e-02   8.8986869809e-07   3.0372281164e-07   9.2625550544e-09   5.7345226579e-04   3.4054589110e-02   2.8661194311e-02   1.6611589715e-01   5.9552049217e-08   7.6240299714e-05   9.8955511906e-09   6.5915205571e-01
   1.3400000000e-01   9.5412921468e-02   1.6083008309e+03  -1.0402382599e+06   2.6739065165e-01   2.0917932270e-01   1.3617957286e+06   4.9675631069e-04   2.0636335718e-07   3.7732835570e-08   5.7419599226e-03   2.2637063197e-06   7.3084669228e-02   8.3091200361e-07   2.6485694578e-07   7.9740849888e-09   5.5795726675e-04   3.6987570426e-02   2.8578386119e-02   1.6523083999e-01   5.2412369879e-08   7.0854594144e-05   8.5654734383e-09   6.5619659866e-01
   1.3800000000e-01   9.8333700403e-02   1.6012072500e+03  -1.0450487993e+06   2.6615513831e-01   2.0959961988e-01   1.1658389006e+06   4.9578070309e-04   1.8518356307e-07   3.1699797719e-08   5.6731202651e-03   1.9899602410e-06   7.2817578690e-02   7.8269094536e-07   2.3231559999e-07   6.9013286417e-09   5.4308118579e-04   3.9928277936e-02   2.8488271727e-02   1.6435350719e-01   4.6539027688e-08   6.6246488900e-05   7.4626497213e-09   6.5323911866e-01
   1.4200000000e-01   1.0126764784e-01   1.5931994362e+03  -1.0514475120e+06   2.6491675212e-01   2.1014545498e-01   1.0187365024e+06   4.9468518675e-04   1.6704402351e-07   2.6839000584e-08   5.6098070326e-03   1.7537512059e-06   7.2546643045e-02   7.4309975332e-07   2.0449593332e-07   5.9856968094e-09   5.2860486173e-04   4.2876533561e-02   2.8392102491e-02   1.6348332140e-01   4.1631949992e-08   6.2276410488e-05   6.5318863350e-09   6.5027970230e-01
   1.4600000000e-01   1.0421482002e-01   1.5839606869e+03  -1.0599804771e+06   2.6367644194e-01   2.1086174627e-01   9.1333697779e+05   4.9348424872e-04   1.5130763422e-07   2.2865415216e-08   5.5512152051e-03   1.5464962715e-06   7.2272237610e-02   7.1047476264e-07   1.8035699481e-07   5.1913754880e-09   5.1440093615e-04   4.5832190665e-02   2.8290885946e-02   1.6261983414e-01   3.7479649757e-08   5.8835392756e-05   5.7359012332e-09   6.4731841904e-01
   1.5000000000e-01   1.0717528927e-01   1.5735770856e+03  -1.0705582208e+06   2.6243498501e-01   2.1174151814e-01   8.3903588840e+05   4.9219057449e-04   1.3753206192e-07   1.9584595125e-08   5.4966744949e-03   1.3637714930e-06   7.1994670573e-02   6.8337593120e-07   1.5926448705e-07   4.4994503813e-09   5.0041798453e-04   4.8795107276e-02   2.8185445937e-02   1.6176267792e-01   3.3928605352e-08   5.5836715865e-05   5.0496451684e-09   6.4435533071e-01
   1.5400000000e-01   1.1014912249e-01   1.5623078563e+03  -1.0828042096e+06   2.6119300903e-01   2.1275459054e-01   7.8557694364e+05   4.9081539005e-04   1.2539815327e-07   1.6856509522e-08   5.4456219484e-03   1.2028717033e-06   7.1714202697e-02   6.6060920580e-07   1.4079318278e-07   3.8979454876e-09   4.8665660438e-04   5.1765133422e-02   2.8076460784e-02   1.6091153016e-01   3.0865667833e-08   5.3210604115e-05   4.4552945531e-09   6.4139049977e-01
   1.5800000000e-01   1.1313637251e-01   1.5504154364e+03  -1.0963228692e+06   2.5995101513e-01   2.1386933976e-01   7.4512903174e+05   4.8936855218e-04   1.1466208216e-07   1.4575000505e-08   5.3975826529e-03   1.0615435324e-06   7.1431058766e-02   6.4124523980e-07   1.2461193730e-07   3.3768295459e-09   4.7314543908e-04   5.4742116154e-02   2.7964490460e-02   1.6006609735e-01   2.8205489549e-08   5.0900504920e-05   3.9391246998e-09   6.3842399196e-01
   1.6200000000e-01   1.1613707798e-01   1.5381122658e+03  -1.1107876372e+06   2.5870940083e-01   2.1505972057e-01   7.1238394793e+05   4.8785859568e-04   1.0512844387e-07   1.2657134192e-08   5.3521548249e-03   9.3765159284e-07   7.1145434052e-02   6.2458995802e-07   1.1043798050e-07   2.9266847410e-09   4.5992335519e-04   5.7725909948e-02   2.7849997960e-02   1.5922611022e-01   2.5881919022e-08   4.8860255329e-05   3.4899525250e-09   6.3545587571e-01
   1.6600000000e-01   1.1915126548e-01   1.5255576657e+03  -1.1259495348e+06   2.5746848003e-01   2.1630588856e-01   6.8399487429e+05   4.8629281476e-04   9.6635697503e-08   1.1037112296e-08   5.3089976784e-03   8.2916347026e-07   7.0857498862e-02   6.1013450415e-07   9.8021510953e-08   2.5386269698e-09   4.4702858181e-04   6.0716384028e-02   2.7733366764e-02   1.5839132159e-01   2.3842427644e-08   4.7051877718e-05   3.0983883173e-09   6.3248622101e-01
   1.7000000000e-01   1.2217895157e-01   1.5128678671e+03  -1.1416238050e+06   2.5622849919e-01   2.1759309872e-01   6.5797336996e+05   4.8467738069e-04   8.9047852441e-08   9.6622800611e-09   5.2678214079e-03   7.3419191009e-07   7.0567402235e-02   5.9750648622e-07   8.7140458549e-08   2.2044631948e-09   4.3449317236e-04   6.3713425493e-02   2.7614915164e-02   1.5756150441e-01   2.2044496065e-08   4.5443873107e-05   2.7564391343e-09   6.2951509830e-01
   1.7400000000e-01   1.2522014485e-01   1.5001268570e+03  -1.1576743418e+06   2.5498965063e-01   2.1891045345e-01   6.3321455106e+05   4.8301747738e-04   8.2249230851e-08   8.4902518659e-09   5.2283788658e-03   6.5102529596e-07   7.0275275020e-02   5.8643061287e-07   7.7598064541e-08   1.9168093454e-09   4.2234087677e-04   6.6716939825e-02   2.7494908044e-02   1.5673645009e-01   2.0453200359e-08   4.4009904187e-05   2.4572630675e-09   6.2654257766e-01
   1.7800000000e-01   1.2827484719e-01   1.4873951066e+03  -1.1740008705e+06   2.5375208303e-01   2.2024988376e-01   6.0916246411e+05   4.8131744068e-04   7.6140840239e-08   7.4867435017e-09   5.1904586505e-03   5.7813836262e-07   6.9981232568e-02   5.7669950625e-07   6.9221007752e-08   1.6691300328e-09   4.1058696692e-04   6.9726849384e-02   2.7373566498e-02   1.5591596653e-01   1.9039538634e-08   4.2727779566e-05   2.1949933198e-09   6.2356872822e-01
   1.8200000000e-01   1.3134305479e-01   1.4747160447e+03  -1.1905293169e+06   2.5251590984e-01   2.2160538977e-01   5.8558692228e+05   4.7958088992e-04   7.0637672721e-08   6.6239028178e-09   5.1538793697e-03   5.1418850980e-07   6.9685377033e-02   5.6815291913e-07   6.1857491873e-08   1.4557180644e-09   3.9923905137e-04   7.2743091121e-02   2.7251075677e-02   1.5509987624e-01   1.7779226596e-08   4.1578667490e-05   1.9645988312e-09   6.2059361784e-01
   1.8600000000e-01   1.3442475890e-01   1.4621207697e+03  -1.2072047259e+06   2.5128121605e-01   2.2297248444e-01   5.6244043475e+05   4.7781084557e-04   6.5666670907e-08   5.8790189685e-09   5.1184848811e-03   4.5800386692e-07   6.9387799319e-02   5.6066319233e-07   5.5375245411e-08   1.2716379020e-09   3.8829829261e-04   7.5765614143e-02   2.7127591171e-02   1.5428801471e-01   1.6651803690e-08   4.0546483099e-05   1.7617678768e-09   6.1761731282e-01
   1.9000000000e-01   1.3751994648e-01   1.4496315118e+03  -1.2239860038e+06   2.5004806363e-01   2.2434777981e-01   5.3977256171e+05   4.7600983014e-04   6.1165558730e-08   5.2335588328e-09   5.0841403409e-03   4.0856780862e-07   6.9088580716e-02   5.5412507980e-07   4.9659664796e-08   1.1126536961e-09   3.7776067023e-04   7.8794377402e-02   2.7003244201e-02   1.5348022888e-01   1.5639974530e-08   3.9617406712e-05   1.5828130086e-09   6.1463987778e-01
   1.9400000000e-01   1.4062860058e-01   1.4372642327e+03  -1.2408419149e+06   2.4881649593e-01   2.2572866891e-01   5.1771075554e+05   4.7417994661e-04   5.7084182117e-08   4.6726580104e-09   5.0507289263e-03   3.6500693211e-07   6.8787794288e-02   5.4844829418e-07   4.4613778080e-08   9.7517568966e-10   3.6761797730e-04   8.1829347752e-02   2.6878145845e-02   1.5267637585e-01   1.4729318899e-08   3.8779501282e-05   1.4246443753e-09   6.1166137558e-01
   1.9800000000e-01   1.4375070062e-01   1.4250306233e+03  -1.2577479642e+06   2.4758654097e-01   2.2711307271e-01   4.9693809234e+05   4.7232291053e-04   5.3396166505e-08   4.1864323011e-09   5.0181491358e-03   3.2667003417e-07   6.8485505930e-02   5.4355009303e-07   4.0175335272e-08   8.5646472584e-10   3.5785772791e-04   8.4870499140e-02   2.6752390448e-02   1.5187632168e-01   1.3909972078e-08   3.8022400698e-05   1.2853098012e-09   6.0868186729e-01
   2.0800000000e-01   1.5160311624e-01   1.3951589661e+03  -1.3000768375e+06   2.4452983496e-01   2.3056854981e-01   4.4362015786e+05   4.6761531498e-04   4.5290595134e-08   3.1954251216e-09   4.9385743894e-03   2.4820431919e-07   6.7726165492e-02   5.3301992236e-07   3.0919948757e-08   6.1973423677e-10   3.3435508927e-04   9.2488837109e-02   2.6436731730e-02   1.4989932242e-01   1.2106400961e-08   3.6316349622e-05   9.9360838737e-10   6.0123072354e-01
   2.2400000000e-01   1.6432178585e-01   1.3493803371e+03  -1.3677716146e+06   2.3967114435e-01   2.3607779006e-01   3.7457553895e+05   4.5984981906e-04   3.5662652937e-08   2.1469929564e-09   4.8202967442e-03   1.6328760098e-07   6.6496671511e-02   5.2533977250e-07   2.0921874569e-08   3.7962214764e-10   3.0222646333e-04   1.0473830804e-01   2.5924970864e-02   1.4678965215e-01   1.0036021526e-08   3.4427028547e-05   6.7592339232e-10   5.8930082115e-01
   2.4000000000e-01   1.7725068071e-01   1.3061934127e+03  -1.4348270254e+06   2.3483697758e-01   2.4150850225e-01   3.1816275013e+05   4.5177931258e-04   2.8595896682e-08   1.4818105474e-09   4.7080571780e-03   1.0929030919e-07   6.5248964514e-02   5.2344391112e-07   1.4446739689e-08   2.3741049037e-10   2.7452025152e-04   1.1708349153e-01   2.5408973151e-02   1.4372726060e-01   8.5329331893e-09   3.3074459133e-05   4.6752292090e-10   5.7736127021e-01
   2.5600000000e-01   1.9038677260e-01   1.2654901902e+03  -1.5010966220e+06   2.3002569251e-01   2.4684080858e-01   2.7276077161e+05   4.4343368572e-04   2.3278244145e-08   1.0455792705e-09   4.5999700172e-03   7.4241889633e-08   6.3985042236e-02   5.2480633117e-07   1.0151763336e-08   1.5118282787e-10   2.5045459024e-04   1.2952294535e-01   2.4890189670e-02   1.4070702692e-01   7.4008361189e-09   3.2066970525e-05   3.2768691636e-10   5.6541490884e-01
   2.7200000000e-01   2.0372662314e-01   1.2269603761e+03  -1.5668410912e+06   2.2523549191e-01   2.5209689726e-01   2.3613917365e+05   4.3483468513e-04   1.9186731144e-08   7.5107853436e-10   4.4948091138e-03   5.1042835732e-08   6.2706538403e-02   5.2750763905e-07   7.2382856170e-09   9.7717165116e-11   2.2940125312e-04   1.4205498798e-01   2.4369514116e-02   1.3772460471e-01   6.5202565103e-09   3.1280488379e-05   2.3216982266e-10   5.5346421919e-01
   2.8800000000e-01   2.1726651901e-01   1.1902904990e+03  -1.6323773213e+06   2.2046463831e-01   2.5730904502e-01   2.0632016376e+05   4.2599954618e-04   1.5979229475e-08   5.4740080161e-10   4.3917522806e-03   3.5428358795e-08   6.1414830626e-02   5.3008764253e-07   5.2233551569e-09   6.3922042824e-11   2.1086388730e-04   1.5467776263e-01   2.3847522135e-02   1.3477628601e-01   5.8159648372e-09   3.0633148765e-05   1.6612905319e-10   5.4151136601e-01
   3.0400000000e-01   2.3100251666e-01   1.1552515939e+03  -1.6979035896e+06   2.1571153049e-01   2.6250069661e-01   1.8172183988e+05   4.1694291194e-04   1.3424412559e-08   4.0368386094e-10   4.2902336620e-03   2.4778317356e-08   6.0111113788e-02   5.3144880754e-07   3.8071873042e-09   4.2224842306e-11   1.9444979934e-04   1.6738924566e-01   2.3324599722e-02   1.3185887407e-01   5.2386342945e-09   3.0070294276e-05   1.2014863402e-10   5.2955823657e-01
   3.2000000000e-01   2.4493045043e-01   1.1216851636e+03  -1.7635117242e+06   2.1097471964e-01   2.6768593600e-01   1.6114052069e+05   4.0767791140e-04   1.1361245787e-08   3.0056296543e-10   4.1898553718e-03   1.7438066671e-08   5.8796450550e-02   5.3080751156e-07   2.7983841118e-09   2.8118630708e-11   1.7984516730e-04   1.8018722693e-01   2.2801015050e-02   1.2896957613e-01   4.7547627415e-09   2.9555332291e-05   8.8031471634e-11   5.1760647234e-01
   3.3600000000e-01   2.5904594224e-01   1.0894727963e+03  -1.8292364684e+06   2.0625290356e-01   2.7287366235e-01   1.4367976000e+05   3.9821677262e-04   9.6747935973e-09   2.2551857198e-10   4.0903326950e-03   1.2336406091e-08   5.7471804657e-02   5.2765168499e-07   2.0715628332e-09   1.8852456795e-11   1.6679588541e-04   1.9306929401e-01   2.2276960373e-02   1.2610592175e-01   4.3408746110e-09   2.9063923460e-05   6.5563568528e-11   5.0565749195e-01
   3.5200000000e-01   2.7334441902e-01   1.0585171630e+03  -1.8950877815e+06   2.0154491244e-01   2.7807063745e-01   1.2867397307e+05   3.8857118135e-04   8.2812400906e-09   1.7024747553e-10   3.9914589618e-03   8.7660998006e-09   5.6138062892e-02   5.2169149982e-07   1.5427854499e-09   1.2712696488e-11   1.5509343583e-04   2.0603282327e-01   2.1752577395e-02   1.2326570097e-01   3.9800324421e-09   2.8580140314e-05   4.9812560461e-11   4.9371250817e-01
   3.6800000000e-01   2.8782114060e-01   1.0287329621e+03  -1.9610660937e+06   1.9684969265e-01   2.8328301750e-01   1.1562510629e+05   3.7875248481e-04   7.1183116230e-09   1.2912140102e-10   3.8930823771e-03   6.2530288261e-09   5.4796049295e-02   5.1280775465e-07   1.1548344175e-09   8.6143899168e-12   1.4456456957e-04   2.1907498075e-01   2.1227973114e-02   1.2044691775e-01   3.6596754078e-09   2.8093855111e-05   3.8714990394e-11   4.8177254128e-01
   3.8400000000e-01   3.0247123084e-01   1.0000429242e+03  -2.0271685552e+06   1.9216628958e-01   2.8851702274e-01   1.0415534875e+05   3.6877181694e-04   6.1389770305e-09   9.8252633301e-11   3.7950903523e-03   4.4754542415e-09   5.3446534979e-02   5.0100539094e-07   8.6810443841e-10   5.8613771634e-12   1.3506370640e-04   2.3219272358e-01   2.0703229960e-02   1.1764775283e-01   3.3702579443e-09   2.7598930545e-05   3.0818189999e-11   4.6983842966e-01
   4.0000000000e-01   3.1728971822e-01   9.7235873868e+02  -2.0933912756e+06   1.8749383249e-01   2.9378442564e-01   9.3977961143e+04   3.5864015331e-04   5.3071559155e-09   7.4907764931e-11   3.6973986848e-03   3.2124672683e-09   5.2090244114e-02   4.8637651821e-07   6.5477170052e-10   4.0013959212e-12   1.2646726124e-04   2.4538281144e-01   2.0178412438e-02   1.1486653579e-01   3.1044091030e-09   2.7091953353e-05   2.5106012347e-11   4.5791083959e-01
   4.1600000000e-01   3.3227125308e-01   9.4560494656e+02  -2.1597300958e+06   1.8283164806e-01   2.9909609704e-01   8.4866588108e+04   3.4836843645e-04   4.5948874801e-09   5.7142436577e-11   3.5999466650e-03   2.3117765894e-09   5.0727885372e-02   4.6906946381e-07   4.9514490661e-10   2.7387637991e-12   1.1867053150e-04   2.5864156347e-01   1.9653584715e-02   1.1210180954e-01   2.8563596385e-09   2.6571337674e-05   2.0877289624e-11   4.4599058151e-01
   4.3200000000e-01   3.4741058102e-01   9.1973036022e+02  -2.2261808393e+06   1.7817905431e-01   3.0445753087e-01   7.6635428228e+04   3.3796753284e-04   3.9802859188e-09   4.3556524825e-11   3.5026875849e-03   1.6676399192e-09   4.9360119051e-02   4.4927714865e-07   3.7514321481e-10   1.8784559369e-12   1.1158259787e-04   2.7196519915e-01   1.9128794375e-02   1.0935217335e-01   2.6215948663e-09   2.6036699429e-05   1.7653455338e-11   4.3407816676e-01
   4.4800000000e-01   3.6270253412e-01   8.9468619932e+02  -2.2927393914e+06   1.7353536008e-01   3.0987486661e-01   6.9135455734e+04   3.2744830930e-04   3.4461022657e-09   3.3127923148e-11   3.4055851971e-03   1.2058254113e-09   4.7987564466e-02   4.2723165003e-07   2.8456704148e-10   1.2904183297e-12   1.0512386994e-04   2.8534977892e-01   1.8604075911e-02   1.0661627139e-01   2.3967398722e-09   2.5488420557e-05   1.5111233842e-11   4.2217384730e-01
   4.6400000000e-01   3.7814204094e-01   8.7042578670e+02  -2.3594017276e+06   1.6889986532e-01   3.1535499325e-01   6.2246352216e+04   3.1682166228e-04   2.9786759698e-09   2.5102779106e-11   3.3086111257e-03   8.7397114681e-10   4.6610804629e-02   4.0320269483e-07   2.1596828281e-10   8.8740689892e-13   9.9224120449e-05   2.9879116535e-01   1.8079453350e-02   1.0389278568e-01   2.1794771854e-09   2.4927342615e-05   1.3034804240e-11   4.1027764994e-01
   4.8000000000e-01   3.9372414306e-01   8.4690440652e+02  -2.4261639286e+06   1.6427185928e-01   3.2090561526e-01   5.5871145636e+04   3.0609854181e-04   2.5671783943e-09   1.8919938312e-11   3.2117429251e-03   6.3499412961e-10   4.5230389954e-02   3.7749807360e-07   1.6386922739e-10   6.1059235239e-13   9.3820891287e-05   3.1228498709e-01   1.7554942149e-02   1.0118042863e-01   1.9685021737e-09   2.4354554023e-05   1.1281803452e-11   3.9838940346e-01
   4.9600000000e-01   4.0944401555e-01   8.2407922535e+02  -2.4930221919e+06   1.5965061605e-01   3.2653530482e-01   4.9932872866e+04   2.9528998217e-04   2.2030619091e-09   1.4158121553e-11   3.1149626113e-03   4.6254344596e-10   4.3846841451e-02   3.5046371870e-07   1.2421532817e-10   4.2012456758e-13   8.8858194693e-05   3.2582659941e-01   1.7030550517e-02   9.8477934103e-02   1.7634726069e-09   2.3771244882e-05   9.7596810448e-12   3.8650875840e-01
   5.1200000000e-01   4.2529699725e-01   8.0190924780e+02  -2.5599728474e+06   1.5503538935e-01   3.3225354508e-01   4.4372691795e+04   2.8440711953e-04   1.8796498144e-09   1.0498460002e-11   3.0182555355e-03   3.3784092278e-10   4.2460652812e-02   3.2248145742e-07   9.3987834187e-11   2.8890052274e-13   8.4285457039e-05   3.3941105085e-01   1.6506280305e-02   9.5784049116e-02   1.5649152585e-09   2.3178610634e-05   8.4095530666e-12   3.7463520196e-01
   5.2800000000e-01   4.4127862568e-01   7.8035528792e+02  -2.6270123746e+06   1.5042540523e-01   3.3807077067e-01   3.9148920646e+04   2.7346121503e-04   1.5918174992e-09   7.6975724094e-12   2.9216095070e-03   2.4747243255e-10   4.1072292102e-02   2.9396307256e-07   7.0927036243e-11   1.9842059360e-13   8.0056668133e-05   3.5303304623e-01   1.5982127539e-02   9.3097524373e-02   1.3740657931e-09   2.2577790326e-05   7.1952850458e-12   3.6276806748e-01
   5.4400000000e-01   4.5738467501e-01   7.5937994538e+02  -2.6941374208e+06   1.4581985256e-01   3.4399840908e-01   3.4236451576e+04   2.6246369108e-04   1.3357244779e-09   5.5679995799e-12   2.8250140993e-03   1.8183573887e-10   3.9682203294e-02   2.6534009505e-07   5.3332914164e-11   1.3601719945e-13   7.6129718693e-05   3.6668690078e-01   1.5458082635e-02   9.0417102940e-02   1.1926388624e-09   2.1969828837e-05   6.0960760734e-12   3.5090653851e-01
   5.6000000000e-01   4.7361120444e-01   7.3894758286e+02  -2.7613448244e+06   1.4121787323e-01   3.5004892408e-01   2.9625907354e+04   2.5142615584e-04   1.1085641103e-09   3.9638726941e-12   2.7284600957e-03   1.3404481936e-10   3.8290806932e-02   2.3704964084e-07   3.9920443933e-11   9.2991564659e-14   7.2465907528e-05   3.8036649797e-01   1.4934130431e-02   8.7741509715e-02   1.0225485316e-09   2.1355656022e-05   5.1012828356e-12   3.3904965042e-01
   5.7600000000e-01   4.8995461141e-01   7.1902430136e+02  -2.8286316404e+06   1.3661855055e-01   3.5623586410e-01   2.5321944894e+04   2.4036043708e-04   9.0830938404e-10   2.7704039541e-12   2.6319390356e-03   9.9153499943e-11   3.6898500618e-02   2.0951735960e-07   2.9713870850e-11   6.3355198661e-14   6.9029604506e-05   3.9406523872e-01   1.4410250012e-02   8.5069439481e-02   8.6561789813e-10   2.0736076814e-05   4.2066226133e-12   3.2719628837e-01
   5.9200000000e-01   5.0641168959e-01   6.9957791262e+02  -2.8959951662e+06   1.3202089542e-01   3.6257391732e-01   2.1340257441e+04   2.2927862969e-04   7.3344762141e-10   1.8962417751e-12   2.5354428325e-03   7.3603613061e-11   3.5505659436e-02   1.8313911469e-07   2.1969000831e-11   4.2976300999e-14   6.5788053541e-05   4.0777597777e-01   1.3886414364e-02   8.2399542987e-02   7.2332372404e-10   2.0111768113e-05   3.4112265176e-12   3.1534518148e-01
   6.0800000000e-01   5.2297969721e-01   6.8057791132e+02  -2.9634329728e+06   1.2742383167e-01   3.6907897273e-01   1.7703178287e+04   2.1819313943e-04   5.8271490607e-10   1.2680109488e-12   2.4389634477e-03   5.4831763501e-11   3.4112635837e-02   1.5826328907e-07   1.6115797214e-11   2.8998654083e-14   6.2711289673e-05   4.2149095572e-01   1.3362589918e-02   7.9730412779e-02   5.9661482891e-10   1.9483279881e-05   2.7152879668e-12   3.0349489534e-01
   6.2400000000e-01   5.3965643356e-01   6.6199544861e+02  -3.0309429382e+06   1.2282617924e-01   3.7576818782e-01   1.4433972313e+04   2.0711673223e-04   4.5484527174e-10   8.2647954169e-13   2.3424925992e-03   4.0988524110e-11   3.2719759409e-02   1.3517552097e-07   1.1715786322e-11   1.9444694438e-14   5.9772133016e-05   4.3520171737e-01   1.2838735958e-02   7.7060567142e-02   4.8582310239e-10   1.8851038937e-05   2.1182050654e-12   2.9164382175e-01
   6.4000000000e-01   5.5644032725e-01   6.4380331063e+02  -3.0985232863e+06   1.1822663522e-01   3.8266006102e-01   1.1550982829e+04   1.9606258003e-04   3.4838167137e-10   5.2394814615e-13   2.2460214901e-03   3.0737705876e-11   3.1327336536e-02   1.1408764946e-07   8.4303873448e-12   1.2943600130e-14   5.6946228394e-05   4.4889901695e-01   1.2314803897e-02   7.4388432208e-02   3.9066892873e-10   1.8215352164e-05   1.6173328494e-12   2.7979016527e-01
   6.5600000000e-01   5.7333053628e-01   6.2597590132e+02  -3.1661726302e+06   1.1362375197e-01   3.8977450994e-01   9.0628279077e+03   1.8504432613e-04   2.6157806054e-10   3.2243549066e-13   2.1495405518e-03   2.3112665205e-11   2.9935649758e-02   9.5132119591e-08   5.9973003660e-12   8.5444932260e-15   5.4212082292e-05   4.6257270425e-01   1.1790736437e-02   7.1712321451e-02   3.1034352811e-10   1.7576408559e-05   1.2074174721e-12   2.6793192779e-01
   6.7200000000e-01   5.9032706214e-01   6.0848923296e+02  -3.2338900174e+06   1.0901591099e-01   3.9713295280e-01   6.9651640520e+03   1.7407616556e-04   1.9238558336e-10   1.9227946089e-13   2.0530391871e-03   1.7413235194e-11   2.8544957010e-02   7.8362085289e-08   4.2128489289e-12   5.5877735937e-15   5.1551054419e-05   4.7621158389e-01   1.1266466598e-02   6.9030411220e-02   2.4363698248e-10   1.6934281082e-05   8.8062240666e-13   2.5606688980e-01
   6.8800000000e-01   6.0743088426e-01   5.9132092791e+02  -3.3016749831e+06   1.0440129242e-01   4.0475838913e-01   5.2398567802e+03   1.6317293295e-04   1.3852302143e-10   1.1093716261e-13   1.9565055082e-03   1.3131684926e-11   2.7155490543e-02   6.3757010439e-08   2.9187518993e-12   3.6162718475e-15   4.8947283552e-05   4.8980324827e-01   1.0741916589e-02   6.6340712358e-02   1.8908443706e-10   1.6288927016e-05   6.2707532567e-13   2.4419258871e-01
   7.0400000000e-01   6.2464411914e-01   5.7445023393e+02  -3.3695276111e+06   9.9777838524e-02   4.1267547531e-01   3.8564765520e+03   1.5235020411e-04   9.7601432943e-11   6.1839534318e-14   1.8599260618e-03   9.8993779578e-12   2.5767455550e-02   5.1232783987e-08   1.9921562667e-12   2.3137273058e-15   4.6387537344e-05   5.0333387564e-01   1.0216996502e-02   6.3641036267e-02   1.4510559524e-10   1.5640186426e-05   4.3572643565e-13   2.3230629319e-01
   7.2000000000e-01   6.4197020987e-01   5.5785805418e+02  -3.4374486030e+06   9.5143208095e-02   4.2091058929e-01   2.7755220412e+03   1.4162442535e-04   6.7266585222e-11   3.3262429487e-14   1.7632855244e-03   7.4482271208e-12   2.4381028599e-02   4.0654891422e-08   1.3380589102e-12   1.4620606557e-15   4.3860991931e-05   5.1678797645e-01   9.6916027101e-03   6.0928952361e-02   1.1012107284e-10   1.4987777968e-05   2.9528638329e-13   2.2040497106e-01
   7.3600000000e-01   6.5941415934e-01   5.4152699616e+02  -3.5054393627e+06   9.0494720873e-02   4.2949187362e-01   1.9524763859e+03   1.3101306016e-04   4.5326617047e-11   1.7244474674e-14   1.6665663658e-03   5.5827697297e-12   2.2996355446e-02   3.1852965313e-08   8.8346674464e-13   9.1160678155e-16   4.1358957220e-05   5.3014808860e-01   9.1656159817e-03   5.8201736384e-02   8.2637901551e-11   1.4331291847e-05   1.9504876286e-13   2.0848525131e-01
   7.5200000000e-01   6.7698282001e-01   5.2544144210e+02  -3.5735020997e+06   8.5829288357e-02   4.3844924370e-01   1.3418123059e+03   1.2053476031e-04   2.9843979534e-11   8.6083219091e-15   1.5697484672e-03   4.1599133199e-12   2.1613548109e-02   2.4635132188e-08   5.7282047713e-13   5.6031337678e-16   3.8874572064e-05   5.4339440780e-01   8.6388992067e-03   5.5456306281e-02   6.1303687421e-11   1.3670179037e-05   1.2547931704e-13   1.9654337853e-01
   7.6800000000e-01   6.9468525806e-01   5.0958764133e+02  -3.6416399546e+06   8.1143324615e-02   4.4781434452e-01   9.0029590868e+02   1.1020958090e-04   1.9184311718e-11   4.1341122056e-15   1.4728086628e-03   3.0742579035e-12   2.0232681106e-02   1.8800907043e-08   3.6434499573e-13   3.3916734197e-16   3.6402492513e-05   5.5650432574e-01   8.1112945271e-03   5.2689139400e-02   4.4933675500e-11   1.3003735096e-05   7.8537354235e-14   1.8457515479e-01
   7.8400000000e-01   7.1253322024e-01   4.9395382692e+02  -3.7098571562e+06   7.6432629441e-02   4.5762043082e-01   5.8926463583e+02   1.0005924936e-04   1.2025949783e-11   1.9086585718e-15   1.3757201744e-03   2.2474936637e-12   1.8853786434e-02   1.4151843953e-08   2.2709532702e-13   2.0196870024e-16   3.3938590422e-05   5.6945185199e-01   7.5826196554e-03   4.9896164102e-02   3.2517218018e-11   1.2331076616e-05   4.7759091447e-14   1.7257586456e-01
   8.0000000000e-01   7.3054174551e-01   4.7853035907e+02  -3.7781592239e+06   7.1692234586e-02   4.6790213520e-01   3.7584944735e+02   9.0107489191e-05   7.3400588924e-12   8.4665804150e-16   1.2784518984e-03   1.6207843706e-12   1.7476846503e-02   1.0499593432e-08   1.3854423008e-13   1.1815619756e-16   3.1479676795e-05   5.8220690035e-01   7.0526631293e-03   4.7072617465e-02   2.3210411174e-11   1.1651107810e-05   2.8166807225e-14   1.6054017839e-01
   8.1600000000e-01   7.4872997967e-01   4.6330989305e+02  -3.8465532282e+06   6.6916194636e-02   4.7869507936e-01   2.3330798920e+02   8.0380428841e-05   4.3531024070e-12   3.6067797309e-16   1.1809674644e-03   1.1493351335e-12   1.6101784266e-02   7.6713882299e-09   8.2609190130e-14   6.7786216905e-17   2.9023256611e-05   5.9473438796e-01   6.5211779389e-03   4.4212852003e-02   1.6320725553e-11   1.0962472496e-05   1.6074816031e-14   1.4846202319e-01
   8.3200000000e-01   7.6712228555e-01   4.4828756611e+02  -3.9150481330e+06   6.2097294359e-02   4.9003526763e-01   1.4072139835e+02   7.0907131382e-05   2.5019307728e-12   1.4748699459e-16   1.0832239355e-03   7.9855024655e-13   1.4728449075e-02   5.5132439878e-09   4.8051060732e-14   3.8037299518e-17   2.6567315926e-05   6.0699308143e-01   5.9878726700e-03   4.1310065483e-02   1.1288026668e-11   1.0263484207e-05   8.8527914410e-15   1.3633440100e-01
   8.4800000000e-01   7.8574979524e-01   4.3346119301e+02  -3.9836552534e+06   5.7226631231e-02   5.0195818001e-01   8.2308935305e+01   6.1720270121e-05   1.3889109634e-12   5.7847383627e-17   9.8516997155e-04   5.4133864411e-13   1.3356595686e-02   3.8912899040e-09   2.7192710352e-14   2.0797402956e-17   2.4110136934e-05   6.1893412553e-01   5.4523989601e-03   3.8355916315e-02   7.6649249395e-12   9.5520236994e-06   4.6891665834e-15   1.2414913247e-01
   8.6400000000e-01   8.0465264020e-01   4.1883144245e+02  -4.0523888759e+06   5.2292999689e-02   5.1449746227e-01   4.6570175409e+01   5.2857013095e-05   7.4155391180e-13   2.1730858173e-17   8.8674312599e-04   3.5623768972e-13   1.1985852289e-02   2.6916812337e-09   1.4913428914e-14   1.1018280688e-17   2.1650131775e-05   6.3049914340e-01   4.9143330793e-03   3.5339957307e-02   5.0981852956e-12   8.8253848474e-06   2.3797284021e-15   1.1189647935e-01
   8.8000000000e-01   8.2388326358e-01   4.0440193110e+02  -4.1212671077e+06   4.7281945367e-02   5.2768309563e-01   2.5404017736e+01   4.4360223610e-05   3.7869246018e-13   7.7966241622e-18   7.8786568860e-04   2.2611138387e-13   1.0615670279e-02   1.8195241307e-09   7.8798794612e-15   5.6101076848e-18   1.9185680048e-05   6.4161773801e-01   4.3731477091e-03   3.2248767155e-02   3.3120556805e-12   8.0800347194e-06   1.1526434177e-15   9.9564564336e-02
   8.9600000000e-01   8.4351153901e-01   3.9017910119e+02  -4.1903130560e+06   4.2174249672e-02   5.4153893602e-01   1.3296760991e+01   3.6280123122e-05   1.8362354113e-13   2.6579031827e-18   6.8843802261e-04   1.3724347307e-13   9.2452420686e-03   1.1971808248e-09   3.9743344344e-15   2.7124212065e-18   1.6714946025e-05   6.5220417751e-01   3.8281669217e-03   2.9064560558e-02   2.0938071618e-12   7.3112251649e-06   5.3186804916e-16   8.7138443305e-02
   9.1200000000e-01   8.6363307610e-01   3.7617157553e+02  -4.2595564742e+06   3.6943367035e-02   5.5607961291e-01   6.6268012475e+00   2.8676680211e-05   8.3685972710e-14   8.5334051259e-19   5.8832732169e-04   7.8694760164e-14   7.8733612407e-03   7.6224425672e-10   1.8825855504e-15   1.2229918193e-18   1.4235633271e-05   6.6215293325e-01   3.2784905561e-03   2.5762838558e-02   1.2814505193e-12   6.5123299401e-06   2.3557578056e-16   7.4598543400e-02
   9.2800000000e-01   8.8438357873e-01   3.6238821951e+02  -4.3290360547e+06   3.1550774986e-02   5.7130721810e-01   3.1023525368e+00   2.1623224198e-05   3.5309809319e-14   2.5418387717e-19   4.8734736172e-04   4.1831000630e-14   6.4981677375e-03   4.6539922935e-10   8.0686971645e-16   4.9979420643e-19   1.1744592360e-05   6.7133255077e-01   2.7228585341e-03   2.2308125491e-02   7.5343452864e-13   5.6736317204e-06   1.0363333104e-16   6.1917854612e-02
   9.4400000000e-01   9.0596587580e-01   3.4883283303e+02  -4.3988025117e+06   2.5936729354e-02   5.8720976561e-01   1.3288607199e+00   1.5212262163e-05   1.3455482715e-14   6.8431792642e-20   3.8521882668e-04   1.9956171370e-14   5.1166432820e-03   2.6831819596e-10   2.7396639223e-16   1.7626105194e-19   9.2370891288e-06   6.7957705831e-01   2.1593857229e-03   1.8645488087e-02   4.2007305387e-13   4.7798880431e-06   4.6847579602e-17   4.9056433231e-02
   9.6000000000e-01   9.2870739765e-01   3.3548902134e+02  -4.4689221242e+06   1.9999376795e-02   6.0376933407e-01   4.9168839379e-01   9.5656901813e-06   4.4193994044e-15   1.5827201832e-20   2.8148172382e-04   8.0077943029e-15   3.7234874796e-03   1.4167909980e-10   1.5467086812e-17   4.8664361269e-20   6.7052135660e-06   6.8667363295e-01   1.5849774827e-03   1.4681346142e-02   2.1643807140e-13   3.8047715905e-06   8.6680571696e-18   3.5949274416e-02
   9.7600000000e-01   9.5320758117e-01   3.2227059489e+02  -4.5394772588e+06   1.3537581396e-02   6.2101467635e-01   1.3452555988e-01   4.8549727481e-06   1.1204112075e-15   2.7765368743e-21   1.7526354307e-04   2.2881480678e-15   2.3081138579e-03   6.3321742285e-11  -9.4169207141e-17   8.2121396163e-21   4.1336757895e-06   6.9234468413e-01   9.9378302946e-04   1.0230829536e-02   9.6434549112e-14   2.6954493814e-06  -7.5056171395e-17   2.2474218164e-02
   9.9200000000e-01   9.8085933436e-01   3.0880472853e+02  -4.6105360031e+06   6.0350053891e-03   6.3932318823e-01   1.3073636311e-02   1.3475323720e-06   1.4348794756e-16   2.0940186776e-22   6.4443718614e-05   2.1936074065e-16   8.4368283821e-04   1.6371907903e-11  -5.7638498879e-17   2.8097481580e-22   1.4846136291e-06   6.9622527158e-01   3.7161737575e-04   4.8183576428e-03   2.7661725137e-14   1.3133610489e-06  -2.8220307709e-16   8.3363359503e-03
   1.0000000000e+00   1.0000000000e+00   3.0000000000e+02  -4.6458568819e+06   0.0000000000e+00   6.5169855213e-01   0.0000000000e+00   0.0000000000e+00   0.0000000000e+00   0.0000000000e+00   0.0000000000e+00   0.0000000000e+00   0.0000000000e+00   0.0000000000e+00   0.0000000000e+00   0.0000000000e+00   0.0000000000e+00   1.0000000000e+00   0.0000000000e+00   0.0000000000e+00   0.0000000000e+00   0.0000000000e+00   0.0000000000e+00   0.0000000000e+00