# L (m)  = 1
# P (Pa) = 101325
#             001_x           002_mixf              003_T              004_h             005_pv        006_density        007_hr             008_H2              009_H              010_O             011_O2             012_OH            013_H2O            014_HO2            015_CH2         016_CH2(S)            017_CH3            018_CH4             019_CO            020_CO2            021_HCO           022_CH2O          023_CH2OH             024_N2
                  0   0.0000000000e+00   3.0000000000e+02   1.9075768848e+03   0.0000000000e+00   1.1719839921e+00   0.0000000000e+00   0.0000000000e+00   0.0000000000e+00   0.0000000000e+00   2.3300000000e-01   0.0000000000e+00   0.0000000000e+00   0.0000000000e+00   0.0000000000e+00   0.0000000000e+00   0.0000000000e+00   0.0000000000e+00   0.0000000000e+00   0.0000000000e+00   0.0000000000e+00   0.0000000000e+00   0.0000000000e+00   7.6700000000e-01
   2.0000000000e-03   1.1913615419e-03   3.6813391936e+02  -5.4746800358e+04   1.3187698865e-02   9.5777691980e-01   4.8860208551e+01   2.9063174456e-07   2.9790036243e-15   4.5321274025e-11   2.2597508678e-01   2.4699409076e-10   1.5153164642e-03   4.2936095615e-07   2.0423899988e-15   1.3516046106e-16   1.8789998070e-07   9.2931149215e-05   1.5325881049e-04   1.1518832959e-02   7.5768466698e-15   1.9307560678e-06   6.8934655157e-19   7.4995985317e-01
   6.0000000000e-03   4.6767576677e-03   4.4493653909e+02  -1.4313051285e+05   3.0612700887e-02   7.9412157676e-01   5.5170533614e+02   7.8768268057e-07   9.8307057586e-14   8.8118906876e-12   2.1483483186e-01   1.3925707184e-09   3.9106555052e-03   1.1004465652e-06   4.8741002057e-14   3.7013797207e-15   9.6995115098e-07   6.3962827889e-04   6.0140408736e-04   2.6099853612e-02   2.3515831425e-13   9.8582376949e-06   4.6645299678e-17   7.4764388438e-01
   1.0000000000e-02   7.9047302230e-03   4.9762415063e+02  -2.2316509608e+05   4.4547634374e-02   7.1080705902e-01   1.5847602117e+03   1.3785990930e-06   5.7904349648e-13   2.2344344710e-12   2.0520168611e-01   3.0643387455e-09   6.0634740419e-03   1.5564657400e-06   1.9483227615e-13   1.5476916333e-14   1.9052003454e-06   1.4203094674e-03   1.0831267879e-03   3.7399654945e-02   1.0767229526e-12   1.8731721593e-05   3.2543740829e-16   7.4507368366e-01
   1.4000000000e-02   1.0998642832e-02   5.3561665844e+02  -2.9915362068e+05   5.6421621428e-02   6.6071201366e-01   3.0708414703e+03   2.0346790112e-06   1.6547284391e-12   1.7862678864e-12   1.9658186622e-01   4.6282393982e-09   8.0412798685e-03   1.8696526421e-06   4.4073681490e-13   3.5298298157e-14   2.9383979641e-06   2.3745387413e-03   1.5739557061e-03   4.6804351174e-02   2.6419683650e-12   2.7787367530e-05   1.0474023979e-15   7.4240238367e-01
   1.8000000000e-02   1.4008420563e-02   5.6313959035e+02  -3.7274701159e+05   6.6844290910e-02   6.2847515316e-01   4.8526394792e+03   2.7402061659e-06   3.2537324444e-12   3.0356580488e-12   1.8872968036e-01   5.8001414200e-09   9.8800762009e-03   2.0798430545e-06   7.5721249036e-13   5.9987208512e-14   4.0428975792e-06   3.4685365404e-03   2.0635964179e-03   5.4897878085e-02   4.7820227236e-12   3.6689624369e-05   2.2843726996e-15   7.3967490768e-01
   2.2000000000e-02   1.6960669923e-02   5.8263055002e+02  -4.4474934880e+05   7.6152085729e-02   6.0731870135e-01   6.7582163074e+03   3.4857268870e-06   5.1231158391e-12   4.7637989844e-12   1.8149554439e-01   6.5414676783e-09   1.1602956148e-02   2.2126000608e-06   1.1117888307e-12   8.6130920501e-14   5.2007538976e-06   4.6803394764e-03   2.5468359235e-03   6.1998807931e-02   7.2674770469e-12   4.5269889699e-05   3.9537384192e-15   7.3691045982e-01
   2.6000000000e-02   1.9871828616e-02   5.9569719537e+02  -5.1559817585e+05   8.4558612304e-02   5.9372415961e-01   8.6346930156e+03   4.2651114431e-06   6.9718664137e-12   6.2525126662e-12   1.7477788813e-01   6.9082063579e-09   1.3226184731e-02   2.2864282989e-06   1.4769867900e-12   1.1104657385e-13   6.3979191346e-06   5.9943586999e-03   3.0207996907e-03   6.8307362771e-02   9.8729217877e-12   5.3442778440e-05   5.8716319111e-15   7.3411908236e-01
   3.0000000000e-02   2.2753021615e-02   6.0346702011e+02  -5.8556783063e+05   9.2211754434e-02   5.8569292450e-01   1.0359348627e+04   5.0741846468e-06   8.5513588048e-12   7.0490149901e-12   1.6850288616e-01   6.9763640454e-09   1.4761906347e-02   2.3157098205e-06   1.8307419766e-12   1.3284739818e-13   7.6226637347e-06   7.3988846261e-03   3.4838441318e-03   7.3960929770e-02   1.2396535079e-11   6.1169982237e-05   7.8104838418e-15   7.3130675126e-01
   3.4000000000e-02   2.5612260692e-02   6.0677399501e+02  -6.5483949871e+05   9.9220055054e-02   5.8201725622e-01   1.1842248358e+04   5.9100195167e-06   9.6810805343e-12   6.9911027386e-12   1.6261431150e-01   6.8166506906e-09   1.6219563332e-02   2.3121071268e-06   2.1553776657e-12   1.5030570943e-13   8.8649051514e-06   8.8847678407e-03   3.9350311268e-03   7.9059550577e-02   1.4662746900e-11   6.8441588935e-05   9.5439400950e-15   7.2847736290e-01
   3.8000000000e-02   2.8455584945e-02   6.0626409388e+02  -7.2353126027e+05   1.0566660484e-01   5.8193744346e-01   1.3025172644e+04   6.7705386941e-06   1.0239014054e-11   6.1362486766e-12   1.5706784510e-01   6.4886354747e-09   1.7606719396e-02   2.2853517404e-06   2.4367864185e-12   1.6271688048e-13   1.0115857414e-05   1.0444650170e-02   4.3738512529e-03   8.3679263648e-02   1.6524921217e-11   7.5265200141e-05   1.0873497853e-14   7.2563363773e-01
   4.2000000000e-02   3.1287711142e-02   6.0246231268e+02  -7.9170910377e+05   1.1161706146e-01   5.8496165812e-01   1.3878115909e+04   7.6542733540e-06   1.0127122130e-11   4.6279516236e-12   1.5182761906e-01   6.0412249641e-09   1.8929573139e-02   2.2437448839e-06   2.6640229619e-12   1.6979858105e-13   1.1367822438e-05   1.2072483667e-02   4.8000667497e-03   8.7879767296e-02   1.7870497162e-11   8.1659061220e-05   1.1631902679e-14   7.2277757907e-01
   4.6000000000e-02   3.4112431761e-02   5.9582347583e+02  -8.5938353120e+05   1.1712462278e-01   5.9075696994e-01   1.4393433245e+04   8.5602039343e-06   9.2184588923e-12   2.5848673131e-12   1.4686398349e-01   5.5148322129e-09   2.0193295058e-02   2.1945019809e-06   2.8292782465e-12   1.7162377032e-13   1.2614057440e-05   1.3763211821e-02   5.2136175906e-03   9.1709149926e-02   1.8627314205e-11   8.7647510652e-05   1.1658163698e-14   7.1991072674e-01
   5.0000000000e-02   3.6932871292e-02   5.8678088430e+02  -9.2649013054e+05   1.2223328695e-01   5.9906623394e-01   1.4577671668e+04   9.4876405686e-06   7.3013170137e-12   7.1824325816e-14   1.4215199519e-01   4.9438067862e-09   2.1402255832e-02   2.1440014323e-06   2.9282630707e-12   1.6858394413e-13   1.3848689473e-05   1.5512548139e-02   5.6145629954e-03   9.5206980481e-02   1.8769942450e-11   9.3257886171e-05   1.0744052206e-14   7.1703430762e-01
   5.4000000000e-02   3.9751656464e-02   5.7580355001e+02  -9.9284957026e+05   1.2698010174e-01   6.0962142560e-01   1.4444622851e+04   1.0436111546e-05   4.0614587017e-12  -2.8331793332e-12   1.3767035074e-01   4.3587045921e-09   2.2560183541e-02   2.0979655763e-06   2.9610997772e-12   1.6138013345e-13   1.5066660535e-05   1.7316813458e-02   6.0030441952e-03   9.8406437891e-02   1.8326101671e-11   9.8518423558e-05   8.5728098225e-15   7.1414933157e-01
   5.8000000000e-02   4.2571028627e-02   5.6346859564e+02  -1.0581038494e+06   1.3139678988e-01   6.2203050739e-01   1.4085149532e+04   1.1405231146e-05  -8.2238868946e-13  -5.9211340880e-12   1.3340060732e-01   3.7881184735e-09   2.3670270959e-02   2.0615786126e-06   2.9337807805e-12   1.5103302472e-13   1.6263690566e-05   1.9172807953e-02   6.3792604807e-03   1.0133585321e-01   1.7383896568e-11   1.0345687614e-04   4.7184985000e-15   7.1125665735e-01
   6.2000000000e-02   4.5392911819e-02   5.5054498064e+02  -1.1216356074e+06   1.3551098395e-01   6.3562609180e-01   1.4062855764e+04   1.2394515940e-05  -7.3917684812e-12  -8.7848750925e-12   1.2932659247e-01   3.2596563208e-09   2.4735246607e-02   2.0395299220e-06   2.8600252697e-12   1.3889073358e-13   1.7436246306e-05   2.1077699344e-02   6.7434540789e-03   1.0401988874e-01   1.6099983536e-11   1.0809970215e-04  -1.1664576324e-15   7.0835704215e-01
   6.6000000000e-02   4.8218941982e-02   5.3806512517e+02  -1.1824977399e+06   1.3934719471e-01   6.4929488838e-01   1.4142470405e+04   1.3403129138e-05  -1.4962180376e-11  -1.0901241688e-11   1.2543394910e-01   2.7996354142e-09   2.5757420933e-02   2.0359765841e-06   2.7628227566e-12   1.2659195637e-13   1.8581504626e-05   2.3028915270e-02   7.0959006046e-03   1.0648047004e-01   1.4704858608e-11   1.1247170769e-04  -8.8686672833e-15   7.0545118109e-01
   7.0000000000e-02   5.1050461360e-02   5.2735027407e+02  -1.2393909090e+06   1.4292757437e-01   6.6135076679e-01   1.4419935089e+04   1.4429557296e-05  -2.1819830898e-11  -1.1853484472e-11   1.2170978247e-01   2.4319486914e-09   2.6738721082e-02   2.0544647411e-06   2.6751459890e-12   1.1598005031e-13   1.9697302922e-05   2.5024033117e-02   7.4369027075e-03   1.0873752103e-01   1.3500751017e-11   1.1659604445e-04  -1.7035210095e-14   7.0253973817e-01
   7.4000000000e-02   5.3888484694e-02   5.2000985535e+02  -1.2906635240e+06   1.4627249854e-01   6.6949637399e-01   1.4964288947e+04   1.5471249214e-05  -2.5594815738e-11  -1.1544583369e-11   1.1814239077e-01   2.1783198752e-09   2.7680724549e-02   2.0979087995e-06   2.6402475282e-12   1.0903689443e-13   2.0782074155e-05   2.7060667653e-02   7.7667850861e-03   1.1080951765e-01   1.2856036722e-11   1.2049444493e-04  -2.3111987867e-14   6.9962336718e-01
   7.8000000000e-02   5.6733639730e-02   5.1809965527e+02  -1.3341210549e+06   1.4940103061e-01   6.7073735996e-01   1.5819245420e+04   1.6524203132e-05  -2.4488228324e-11  -1.0234349343e-11   1.1472104739e-01   2.0635233699e-09   2.8584685767e-02   2.1686832847e-06   2.7142685587e-12   1.0804258693e-13   2.1834763189e-05   2.9136349009e-02   8.0858912770e-03   1.1271392936e-01   1.3236643780e-11   1.2418763142e-04  -2.5202191185e-14   6.9670272526e-01
   8.2000000000e-02   5.9586062349e-02   5.2476088079e+02  -1.3662638451e+06   1.5233140057e-01   6.6098316744e-01   1.7041748311e+04   1.7582351446e-05  -1.8456192284e-11  -8.3460955986e-12   1.1143578461e-01   2.1263524805e-09   2.9451522465e-02   2.2686565702e-06   2.9709196042e-12   1.1609189310e-13   2.2854709481e-05   3.1248356301e-02   8.3945852132e-03   1.1446771054e-01   1.5377104338e-11   1.2769592085e-04  -2.7621242276e-14   6.9377848945e-01
   8.6000000000e-02   6.2445259174e-02   5.4450486778e+02  -1.3818474566e+06   1.5508138777e-01   6.3579820866e-01   1.8825305712e+04   1.8636914485e-05  -8.9657086399e-12  -6.0568074772e-12   1.0827719763e-01   2.4197187324e-09   3.0281781774e-02   2.3987912590e-06   3.4874046442e-12   1.3716481752e-13   2.3841519856e-05   3.3393524400e-02   8.6932551425e-03   1.1608771394e-01   2.0672780715e-11   1.3103940476e-04  -2.7498226379e-14   6.9085136898e-01
   9.0000000000e-02   6.5310307023e-02   5.7755795940e+02  -1.3802190594e+06   1.5766734546e-01   5.9824752309e-01   2.1808781903e+04   1.9678135544e-05   2.6351944422e-12  -2.7719935003e-12   1.0523664770e-01   2.9458088055e-09   3.1075924025e-02   2.5581896964e-06   4.2740863081e-12   1.7263030940e-13   2.4795192988e-05   3.5568497752e-02   8.9822849166e-03   1.1758945838e-01   3.1030205575e-11   1.3423425559e-04  -1.3491704888e-14   6.8792201411e-01
   9.4000000000e-02   6.8180604550e-02   6.1585580610e+02  -1.3703090080e+06   1.6010208537e-01   5.5993955304e-01   2.6544117766e+04   2.0699934178e-05   1.6324120439e-11   2.8194098611e-12   1.0230684557e-01   3.5891074116e-09   3.1834945542e-02   2.7436526327e-06   5.2233870616e-12   2.1707090400e-13   2.5716601906e-05   3.7770639921e-02   9.2619905342e-03   1.1898444936e-01   4.7429094852e-11   1.3728596473e-04   1.2677183603e-14   6.8499083798e-01
   9.8000000000e-02   7.1056268699e-02   6.5359864203e+02  -1.3588391909e+06   1.6239485923e-01   5.2655285791e-01   3.1948379068e+04   2.1701344982e-05   3.3085796884e-11   1.2199611216e-11   9.9481859643e-02   4.2278286076e-09   3.2560508911e-02   2.9506938418e-06   6.2174345306e-12   2.6401793188e-13   2.6607596163e-05   3.9998425779e-02   9.5326079738e-03   1.2028004100e-01   7.0203440334e-11   1.4018950282e-04   4.4655619348e-14   6.8205799625e-01
   1.0200000000e-01   7.3937795004e-02   6.8914693114e+02  -1.3478866500e+06   1.6455322818e-01   4.9838373755e-01   3.7813093191e+04   2.2683664799e-05   5.3989048650e-11   2.6919839446e-11   9.6756516006e-02   4.8058668679e-09   3.3254482533e-02   3.1744868859e-06   7.2056177246e-12   3.1031573340e-13   2.7470640336e-05   4.2250928192e-02   9.7943406214e-03   1.2148172136e-01   9.9898363666e-11   1.4293523907e-04   7.5970892892e-14   6.7912352485e-01
   1.0600000000e-01   7.6825745904e-02   7.2225780344e+02  -1.3379211506e+06   1.6658411713e-01   4.7456530921e-01   4.3941184489e+04   2.3648469466e-05   7.9621051382e-11   4.8286969922e-11   9.4126025202e-02   5.3107682109e-09   3.3918633424e-02   3.4102129444e-06   8.1854547705e-12   3.5522624017e-13   2.8308533454e-05   4.4527398287e-02   1.0047389253e-02   1.2259444598e-01   1.3721173117e-10   1.4551278780e-04   1.0879239452e-13   6.7618742935e-01
   1.1000000000e-01   7.9720657533e-02   7.5304116740e+02  -1.3289842702e+06   1.6849405280e-01   4.5422637676e-01   5.0164630038e+04   2.4597130437e-05   1.0990856816e-10   7.6808392035e-11   9.1585883030e-02   5.7481024686e-09   3.4554562236e-02   3.6531793363e-06   9.1742302893e-12   3.9908335123e-13   2.9124234101e-05   4.6827142920e-02   1.0291957463e-02   1.2362293597e-01   1.8280171931e-10   1.4791251817e-04   1.4914380499e-13   6.7324970932e-01
   1.1400000000e-01   8.2623019808e-02   7.8169018916e+02  -1.3209993550e+06   1.7028919851e-01   4.3666651253e-01   5.6349577260e+04   2.5530763869e-05   1.4416925913e-10   1.1185990717e-10   8.9131846646e-02   6.1289583221e-09   3.5163709202e-02   3.8988926852e-06   1.0194909347e-11   4.4259218062e-13   2.9920708605e-05   4.9149497281e-02   1.0528250433e-02   1.2457170812e-01   2.3717689320e-10   1.5012621126e-04   2.0085308800e-13   6.7031036434e-01
   1.1800000000e-01   8.5533274318e-02   8.0840693688e+02  -1.3138598596e+06   1.7197535909e-01   4.2134611688e-01   6.2395503237e+04   2.6450263094e-05   1.8129016357e-10   1.5177000353e-10   8.6759923790e-02   6.4648414699e-09   3.5747373112e-02   4.1431256104e-06   1.1270492340e-11   4.8652247851e-13   3.0700793077e-05   5.1493819270e-02   1.0756472822e-02   1.2544506289e-01   3.0064487467e-10   1.5214735832e-04   2.6613860899e-13   6.6736939619e-01
   1.2200000000e-01   8.8451816802e-02   8.3338027049e+02  -1.3074577579e+06   1.7355798787e-01   4.0785111113e-01   6.8231318126e+04   2.7356340267e-05   2.1995353042e-10   1.9421524135e-10   8.4466362140e-02   6.7657872805e-09   3.6306730599e-02   4.3819755642e-06   1.2421893646e-11   5.3158099719e-13   3.1467080135e-05   5.3859488664e-02   1.0976827026e-02   1.2624707390e-01   3.7329520665e-10   1.5397125603e-04   3.4732081867e-13   6.6442680989e-01
   1.2600000000e-01   9.1379000791e-02   8.5677988804e+02  -1.3016930505e+06   1.7504219948e-01   3.9586139924e-01   7.3809945362e+04   2.8249562358e-05   2.5884112497e-10   2.3670417458e-10   8.2247636995e-02   7.0398377739e-09   3.6842853048e-02   4.6119097813e-06   1.3667285111e-11   5.7836499581e-13   3.2221839342e-05   5.6245907097e-02   1.1189511936e-02   1.2698158493e-01   4.5500272695e-10   1.5559497506e-04   4.4723375403e-13   6.6148261426e-01
   1.3000000000e-01   9.4315141721e-02   8.7875247234e+02  -1.2964812094e+06   1.7643278673e-01   3.8512834388e-01   7.9101417841e+04   2.9130380754e-05   2.9676486520e-10   2.7694982482e-10   8.0100437714e-02   7.2928891593e-09   3.7356721032e-02   4.8297939914e-06   1.5021583423e-11   6.2733454287e-13   3.2966974426e-05   5.8652498241e-02   1.1394722121e-02   1.2765221320e-01   5.4542832343e-10   1.5701725052e-04   5.6881772928e-13   6.5853682200e-01
   1.3400000000e-01   9.7260525451e-02   8.9935702582e+02  -1.2918454984e+06   1.7773423821e-01   3.7548443815e-01   8.4073672065e+04   2.9999167130e-05   3.3269235991e-10   3.1299054249e-10   7.8021654561e-02   7.5270306549e-09   3.7849238416e-02   5.0329075027e-06   1.6491784263e-11   6.7860336834e-13   3.3704017082e-05   6.1078712785e-02   1.1592647244e-02   1.2826235338e-01   6.4377997431e-10   1.5823832560e-04   7.1422146159e-13   6.5558944842e-01
   1.3800000000e-01   1.0021544276e-01   9.1823585522e+02  -1.2883877272e+06   1.7895074955e-01   3.6695649333e-01   8.8625780114e+04   3.0856310701e-05   3.6569076554e-10   3.4302208196e-10   7.6008370295e-02   7.7334228241e-09   3.8321254747e-02   5.2189627808e-06   1.8054600238e-11   7.3091305847e-13   3.4434156861e-05   6.3524062290e-02   1.1783471166e-02   1.2881516732e-01   7.4740781414e-10   1.5925979669e-04   8.8153889621e-13   6.5264050406e-01
   1.4200000000e-01   1.0318025422e-01   9.3451096077e+02  -1.2874710331e+06   1.8008623308e-01   3.5976767233e-01   9.2564364219e+04   3.1702373582e-05   3.9499880938e-10   3.6547853038e-10   7.4057855446e-02   7.8898896841e-09   3.8773593689e-02   5.3861946974e-06   1.9637247978e-11   7.8085606512e-13   3.5158269786e-05   6.5988186800e-02   1.1967370852e-02   1.2931356617e-01   8.5070696877e-10   1.6008468074e-04   1.0610103732e-12   6.4968998120e-01
   1.4600000000e-01   1.0615540328e-01   9.4768044849e+02  -1.2899691427e+06   1.8114434704e-01   3.5397734630e-01   9.5769747260e+04   3.2538097925e-05   4.2031825335e-10   3.7983825568e-10   7.2167552994e-02   7.9804208718e-09   3.9207054929e-02   5.5335204573e-06   2.1160981771e-11   8.2514403182e-13   3.5876903986e-05   6.8470865514e-02   1.2144516662e-02   1.2976023735e-01   9.4846528619e-10   1.6071778157e-04   1.2396184573e-12   6.4673785394e-01
   1.5000000000e-01   1.0914134501e-01   9.5795713571e+02  -1.2957388981e+06   1.8212853424e-01   3.4939402117e-01   9.8269344227e+04   3.3364223597e-05   4.4187824461e-10   3.8685649027e-10   7.0335053979e-02   8.0057396530e-09   3.9622387156e-02   5.6605781975e-06   2.2589640957e-11   8.6262476634e-13   3.6590303916e-05   7.0971935287e-02   1.2315073931e-02   1.3015770893e-01   1.0385371506e-09   1.6116576676e-04   1.4089012189e-12   6.4378409752e-01
   1.5400000000e-01   1.1213848001e-01   9.6585207064e+02  -1.3041778455e+06   1.8304205125e-01   3.4575507405e-01   1.0016075411e+05   3.4181344017e-05   4.6020253205e-10   3.8795714943e-10   6.8558074497e-02   7.9760678867e-09   4.0020272759e-02   5.7676069890e-06   2.3917446208e-11   8.9356084263e-13   3.7298493390e-05   7.3491213733e-02   1.2479204438e-02   1.3050839271e-01   1.1208495939e-09   1.6143679172e-04   1.5646166838e-12   6.4082870180e-01
   1.5800000000e-01   1.1514713634e-01   9.7187316684e+02  -1.3146530661e+06   1.8388798305e-01   3.4283163424e-01   1.0154951476e+05   3.4989881123e-05   4.7587917106e-10   3.8462681225e-10   6.6834441324e-02   7.9035126031e-09   4.0401330613e-02   5.8552732434e-06   2.5153166367e-11   9.1877552244e-13   3.8001359993e-05   7.6028475235e-02   1.2637067115e-02   1.3081459544e-01   1.1961529387e-09   1.6153997528e-04   1.7055486082e-12   6.3787167259e-01
   1.6200000000e-01   1.1816756061e-01   9.7643316661e+02  -1.3266420603e+06   1.8466921844e-01   3.4044985070e-01   1.0252568650e+05   3.5790103811e-05   4.8943408932e-10   3.7812706709e-10   6.5162117587e-02   7.7986742798e-09   4.0766116528e-02   5.9245074024e-06   2.6309222397e-11   9.3915897029e-13   3.8698703683e-05   7.8583448720e-02   1.2788814140e-02   1.3107849766e-01   1.2653377520e-09   1.6148488292e-04   1.8319062172e-12   6.3491304438e-01
   1.6600000000e-01   1.2119994015e-01   9.7984635746e+02  -1.3397464618e+06   1.8538848115e-01   3.3848310211e-01   1.0316040263e+05   3.6582172106e-05   5.0129096970e-10   3.6943239841e-10   6.3539175340e-02   7.6699232345e-09   4.1115139916e-02   5.9763956272e-06   2.7396822076e-11   9.5547729296e-13   3.9390276410e-05   8.1155832840e-02   1.2934593175e-02   1.3130216589e-01   1.3291874407e-09   1.6128124688e-04   1.9444691902e-12   6.3195286672e-01
   1.7000000000e-01   1.2424442211e-01   9.8234773307e+02  -1.3536706593e+06   1.8604835149e-01   3.3683978036e-01   1.0350902182e+05   3.7366172523e-05   5.1177463422e-10   3.5926378573e-10   6.1963776766e-02   7.5236811623e-09   4.1448875905e-02   6.0121031471e-06   2.8425209594e-11   9.6835772402e-13   4.0075805784e-05   8.3745310136e-02   1.3074548768e-02   1.3148756064e-01   1.3883463472e-09   1.6093876544e-04   2.0442824373e-12   6.2899119353e-01
   1.7400000000e-01   1.2730113195e-01   9.8411307694e+02  -1.3681968836e+06   1.8665128943e-01   3.3545312122e-01   1.0361463734e+05   3.8142146057e-05   5.2112860376e-10   3.4814338563e-10   6.0434153860e-02   7.3647909721e-09   4.1767775887e-02   6.0328233043e-06   2.9401557607e-11   9.7829721321e-13   4.0755011497e-05   8.6351560115e-02   1.3208824027e-02   1.3163654737e-01   1.4433205789e-09   1.6046697664e-04   2.1324793427e-12   6.2602807132e-01
   1.7800000000e-01   1.3037016571e-01   9.8527466818e+02  -1.3831646948e+06   1.8719961567e-01   3.3427394909e-01   1.0351129562e+05   3.8910095387e-05   5.2953407441e-10   3.3644687341e-10   5.8948631303e-02   7.1969219347e-09   4.2072263546e-02   6.0397352640e-06   3.0331318975e-11   9.8569032990e-13   4.1427604714e-05   8.8974258077e-02   1.3337557396e-02   1.3175088463e-01   1.4945077909e-09   1.5987510901e-04   2.2101972315e-12   6.2306355287e-01
   1.8200000000e-01   1.3345159613e-01   9.8593305513e+02  -1.3984555743e+06   1.8769552261e-01   3.3326556423e-01   1.0322626437e+05   3.9669996255e-05   5.3712651740e-10   3.2444413265e-10   5.7505619146e-02   7.0228480287e-09   4.2362738776e-02   6.0339822534e-06   3.1218445991e-11   9.9084704481e-13   4.2093293072e-05   9.1613079456e-02   1.3460882937e-02   1.3183223090e-01   1.5422152149e-09   1.5917202817e-04   2.2785075605e-12   6.2009769509e-01
   1.8600000000e-01   1.3654547730e-01   9.8616560828e+02  -1.4139815941e+06   1.8814108414e-01   3.3240018475e-01   1.0278180072e+05   4.0421805666e-05   5.4400879549e-10   3.1232985896e-10   5.6103606476e-02   6.8446796301e-09   4.2639580677e-02   6.0166583726e-06   3.2065704060e-11   9.9401228323e-13   4.2751784034e-05   9.4267702910e-02   1.3578930566e-02   1.3188215109e-01   1.5866811859e-09   1.5836620665e-04   2.3383745998e-12   6.1713055747e-01
   1.9000000000e-01   1.3965184819e-01   9.8603279709e+02  -1.4296770039e+06   1.8853826423e-01   3.3165642581e-01   1.0219647099e+05   4.1165467691e-05   5.5026135967e-10   3.0024638217e-10   5.4741155852e-02   6.6640409385e-09   4.2903149878e-02   5.9888011933e-06   3.2874981461e-11   9.9538278297e-13   4.3402787213e-05   9.6937812358e-02   1.3691826240e-02   1.3190212264e-01   1.6280936997e-09   1.5746570960e-04   2.3906223328e-12   6.1416220100e-01
   1.9400000000e-01   1.4277073507e-01   9.8558290112e+02  -1.4454918270e+06   1.8888892471e-01   3.3101746462e-01   1.0148622114e+05   4.1900917456e-05   5.5595063101e-10   2.8830397196e-10   5.3416898372e-02   6.4822239445e-09   4.3153790351e-02   5.9513882041e-06   3.3647671921e-11   9.9512287992e-13   4.4046015921e-05   9.9623098203e-02   1.3799692132e-02   1.3189354131e-01   1.6666074363e-09   1.5647819122e-04   2.4359151461e-12   6.1119268753e-01
   1.9800000000e-01   1.4590215331e-01   9.8485561893e+02  -1.4613868711e+06   1.8919483215e-01   3.3046967067e-01   1.0066636526e+05   4.2628083762e-05   5.6113695027e-10   2.7661803348e-10   5.2129529295e-02   6.3005673064e-09   4.3391830860e-02   5.9053357132e-06   3.4386666640e-11   9.9340638163e-13   4.4681187770e-05   1.0232325787e-01   1.3902646774e-02   1.3185772643e-01   1.7023923719e-09   1.5541089819e-04   2.4750641783e-12   6.0822207937e-01
   2.0800000000e-01   1.5377726263e-01   9.8250982378e+02  -1.5012264834e+06   1.8985263858e-01   3.2927389185e-01   9.8301223192e+04   4.4425058663e-05   5.7299950791e-10   2.4874452239e-10   4.9000642186e-02   5.8601911795e-09   4.3956214835e-02   5.7707613031e-06   3.6221585963e-11   9.8638559358e-13   4.6248264535e-05   1.0911007077e-01   1.4147973620e-02   1.3170402506e-01   1.7878220084e-09   1.5257026023e-04   2.5684319013e-12   6.0079298138e-01
   2.2400000000e-01   1.6652717090e-01   9.7569043773e+02  -1.5649195863e+06   1.9027612081e-01   3.2836689310e-01   9.3434830419e+04   4.7129113087e-05   5.8484361624e-10   2.0783914923e-10   4.4518970384e-02   5.1658961767e-09   4.4671620589e-02   5.4617108157e-06   3.8485389979e-11   9.5585589331e-13   4.8608418923e-05   1.2016201296e-01   1.4468065763e-02   1.3108930534e-01   1.8820901885e-09   1.4711096196e-04   2.6138667857e-12   5.8889425487e-01
   2.4000000000e-01   1.7947570993e-01   9.6713388348e+02  -1.6275897047e+06   1.9015796038e-01   3.2803064282e-01   8.7884477751e+04   4.9691891399e-05   5.9149532624e-10   1.7272609130e-10   4.0497480585e-02   4.5256871212e-09   4.5219436745e-02   5.0966974394e-06   4.0244624076e-11   9.1305935768e-13   5.0810243622e-05   1.3141901133e-01   1.4722182380e-02   1.3016664936e-01   1.9445696553e-09   1.4106004766e-04   2.5745824083e-12   5.7698452388e-01
   2.5600000000e-01   1.9262050559e-01   9.5741659638e+02  -1.6890025204e+06   1.8956787372e-01   3.2808792570e-01   8.1973854306e+04   5.2108617964e-05   5.9374841812e-10   1.4303654976e-10   3.6881864065e-02   3.9453757966e-09   4.5614119574e-02   4.7027693511e-06   4.1504357797e-11   8.6146638947e-13   5.2841492950e-05   1.4286638686e-01   1.4916080920e-02   1.2898556461e-01   1.9793658747e-09   1.3466530718e-04   2.4585411581e-12   5.6506676965e-01
   2.7200000000e-01   2.0595861763e-01   9.4664529132e+02  -1.7495751322e+06   1.8856451651e-01   3.2851993352e-01   7.5904572530e+04   5.4375080054e-05   5.9195439029e-10   1.1802778617e-10   3.3625684659e-02   3.4214169476e-09   4.5868431681e-02   4.2989230985e-06   4.2206242715e-11   8.0248046847e-13   5.4692505709e-05   1.5449106209e-01   1.5054942086e-02   1.2758676766e-01   1.9879807522e-09   1.2811512948e-04   2.2979831250e-12   5.5314362281e-01
   2.8800000000e-01   2.1948685176e-01   9.3482781846e+02  -1.8098145614e+06   1.8719769697e-01   3.2934331262e-01   6.9828812233e+04   5.6487701271e-05   5.8634918914e-10   9.6994249574e-11   3.0688916149e-02   2.9494144694e-09   4.5993734071e-02   3.8984102096e-06   4.2306882757e-11   7.3748831575e-13   5.6356201741e-05   1.6628148235e-01   1.5143444372e-02   1.2600403082e-01   1.9717553369e-09   1.2155146163e-04   2.1372318460e-12   5.4121737093e-01
   3.0400000000e-01   2.3320180576e-01   9.2204195391e+02  -1.8700380518e+06   1.8550999973e-01   3.3055229216e-01   6.3874201843e+04   5.8443432188e-05   5.7719216476e-10   7.9353391837e-11   2.8036855222e-02   2.5266567697e-09   4.6000193683e-02   3.5104322726e-06   4.1796895841e-11   6.6841705493e-13   5.7827937643e-05   1.7822735601e-01   1.5185821016e-02   1.2426554160e-01   1.9330292354e-09   1.1508002476e-04   1.9983891075e-12   5.2929002420e-01
   3.2000000000e-01   2.4709985674e-01   9.0842336507e+02  -1.9303925281e+06   1.8353805354e-01   3.3212107936e-01   5.8142076803e+04   6.0239609450e-05   5.6476202288e-10   6.4614792089e-11   2.5639241529e-02   2.1511189453e-09   4.5896958034e-02   3.1412481256e-06   4.0712225538e-11   5.9757014126e-13   5.9105328893e-05   1.9031937257e-01   1.5185912642e-02   1.2239494326e-01   1.8749185085e-09   1.0877810592e-04   1.8801959343e-12   5.1736333951e-01
   3.3600000000e-01   2.6117716340e-01   8.9412307033e+02  -1.9909335796e+06   1.8131353511e-01   3.3401724489e-01   5.2705085878e+04   6.1873865272e-05   5.4932632950e-10   5.2352254640e-11   2.3469542374e-02   1.8205380353e-09   4.5692302551e-02   2.7949104095e-06   3.9118449160e-11   5.2718776762e-13   6.0188039135e-05   2.0254897479e-01   1.5147212571e-02   1.2041214612e-01   1.8008036505e-09   1.0270061626e-04   1.7765320152e-12   5.0543883376e-01
   3.5200000000e-01   2.7542968583e-01   8.7928299458e+02  -2.0516771415e+06   1.7886397289e-01   3.3620964880e-01   4.7609200171e+04   6.3344079187e-05   5.3112733425e-10   4.2192144807e-11   2.1504379277e-02   1.5321190463e-09   4.5393752580e-02   2.4737898331e-06   3.7098247951e-11   4.5919316472e-13   6.1077546434e-05   2.1490818785e-01   1.5072905480e-02   1.1833397075e-01   1.7139964765e-09   9.6884878572e-05   1.6837466671e-12   4.9351779473e-01
   3.6800000000e-01   2.8985321688e-01   8.6402731394e+02  -2.1126239019e+06   1.7621339712e-01   3.3867137561e-01   4.2877986831e+04   6.4648355327e-05   5.1038300432e-10   3.3808580688e-11   1.9723067979e-02   1.2825964762e-09   4.5008183686e-02   2.1789743798e-06   3.4742481696e-11   3.9508866561e-13   6.1776893722e-05   2.2738949426e-01   1.4965900546e-02   1.1617466453e-01   1.6175801767e-09   9.1354443209e-05   1.5994984207e-12   4.8160129206e-01
   3.8400000000e-01   3.0444341862e-01   8.4846134445e+02  -2.1737693012e+06   1.7338286969e-01   3.4138026585e-01   3.8517306074e+04   6.5785011704e-05   4.8729590736e-10   2.6919904862e-11   1.8107236719e-02   1.0684097380e-09   4.4541904876e-02   1.9105864112e-06   3.2143559354e-11   3.3593907738e-13   6.2290431053e-05   2.3998573422e-01   1.4828860269e-02   1.1394631953e-01   1.5143452354e-09   8.6122135255e-05   1.5213444522e-12   4.6969018833e-01
   4.0000000000e-01   3.1919585603e-01   8.3267324467e+02  -2.2351071171e+06   1.7039091684e-01   3.4431854513e-01   3.4519674826e+04   6.6752573475e-05   4.6206577339e-10   2.1284722488e-11   1.6640511917e-02   8.8588417032e-10   4.4000727560e-02   1.6680395317e-06   2.9390677580e-11   2.8240267121e-13   6.2623554920e-05   2.5269001948e-01   1.4664225415e-02   1.1165921129e-01   1.4067747029e-09   8.1192490313e-05   1.4466201822e-12   4.5778514961e-01
   4.1600000000e-01   3.3410603149e-01   8.1673635369e+02  -2.2966306906e+06   1.6725388615e-01   3.4747225168e-01   3.0868070494e+04   6.7549770415e-05   4.3490356996e-10   1.6697508516e-11   1.5308256057e-02   7.3138068938e-10   4.3390023203e-02   1.4502471243e-06   2.6566327804e-11   2.3478576946e-13   6.2782452623e-05   2.6549566094e-01   1.4474236786e-02   1.0932207639e-01   1.2970511126e-09   7.6563703733e-05   1.3727377913e-12   4.4588665598e-01
   4.3200000000e-01   3.4916941811e-01   8.0071142967e+02  -2.3583333414e+06   1.6398624243e-01   3.5083069739e-01   2.7539185337e+04   6.8175536496e-05   4.0604591999e-10   1.2984087102e-11   1.4097347431e-02   6.0140705879e-10   4.2714771985e-02   1.2557901299e-06   2.3743863017e-11   1.9310729407e-13   6.2773859123e-05   2.7839610343e-01   1.4260954310e-02   1.0694234060e-01   1.1870722381e-09   7.2229188805e-05   1.2974611164e-12   4.3399501101e-01
   4.4800000000e-01   3.6438149135e-01   7.8464861320e+02  -2.4202084859e+06   1.6060081381e-01   3.5438601365e-01   2.4506209033e+04   6.8629010779e-05   3.7576878428e-10   9.9972781941e-12   1.2995994038e-02   4.9269447705e-10   4.1979604119e-02   1.0830498493e-06   2.0986009504e-11   1.5716513365e-13   6.2604832862e-05   2.9138486413e-01   1.4026273800e-02   1.0452630688e-01   1.0784704735e-09   6.8178821640e-05   1.2190879706e-12   4.2211034991e-01
   4.6400000000e-01   3.7973776289e-01   7.6858908677e+02  -2.4822496850e+06   1.5710899800e-01   3.5813278886e-01   2.1741196874e+04   6.8909540192e-05   3.4439877676e-10   7.6128777003e-12   1.1993575362e-02   4.0224484438e-10   4.1188834986e-02   9.3031060452e-07   1.8344168335e-11   1.2659864559e-13   6.2282556631e-05   3.0445547735e-01   1.3771941710e-02   1.0207931176e-01   9.7263217063e-10   6.4399935466e-05   1.1365578380e-12   4.1023264663e-01
   4.8000000000e-01   3.9523381568e-01   7.5256647287e+02  -2.5444506678e+06   1.5352093592e-01   3.6206778118e-01   1.9217054498e+04   6.9016684225e-05   3.1232006249e-10   5.7260668462e-12   1.1080506729e-02   3.2735490711e-10   4.0346495408e-02   7.9583659342e-07   1.5858370787e-11   1.0094403041e-13   6.1814169150e-05   3.1760144236e-01   1.3499568220e-02   9.9605855609e-02   8.7071555768e-10   6.0878111586e-05   1.0495027753e-12   3.9836171958e-01
   4.9600000000e-01   4.1086533817e-01   7.3660800983e+02  -2.6068053503e+06   1.4984565724e-01   3.6618969381e-01   1.6909130204e+04   6.8950220955e-05   2.7997452895e-10   4.2482925958e-12   1.0248122650e-02   2.6562275772e-10   3.9456357893e-02   6.7792710251e-07   1.3557740831e-11   7.9680823520e-14   6.1206631030e-05   3.3081616800e-01   1.3210638807e-02   9.7109710320e-02   7.7366650316e-10   5.7597805675e-05   9.5824838983e-13   3.8649723491e-01
   5.1200000000e-01   4.2662816434e-01   7.2073554523e+02  -2.6693078602e+06   1.4609120389e-01   3.7049899840e-01   1.4796370988e+04   6.8710154836e-05   2.4785315796e-10   3.1046292468e-12   9.4885761780e-03   2.1494143684e-10   3.8521959054e-02   5.7495394376e-07   1.1461328120e-11   6.2268985112e-14   6.0466627507e-05   3.4409292347e-01   1.2906524474e-02   9.4594010210e-02   6.8223216949e-10   5.4542843396e-05   8.6376455653e-13   3.7463870928e-01
   5.2800000000e-01   4.4251831520e-01   7.0496638066e+02  -2.7319525649e+06   1.4226473461e-01   3.7499779672e-01   1.2861985366e+04   6.8296727288e-05   2.1647761464e-10   2.2316104863e-12   8.7947510678e-03   1.7348360760e-10   3.7546619414e-02   4.8538452300e-07   9.5791910473e-12   4.8176938575e-14   5.9600510174e-05   3.5742478568e-01   1.2588490926e-02   9.2061327540e-02   5.9697305707e-10   5.1696806454e-05   7.6756412654e-13   3.6278551065e-01
   5.4400000000e-01   4.5853204075e-01   6.8931398801e+02  -2.7947341000e+06   1.3837261175e-01   3.7968971576e-01   1.1093570382e+04   6.7710429071e-05   1.8637276220e-10   1.5754996710e-12   8.1601855248e-03   1.3968051187e-10   3.6533460677e-02   4.0779395378e-07   7.9136248622e-12   3.6901446707e-14   5.8614275086e-05   3.7080457822e-01   1.2257706627e-02   8.9513734017e-02   5.1827418688e-10   4.9043331383e-05   6.7155168749e-13   3.5093685624e-01
   5.6000000000e-01   4.7466587033e-01   6.7378862333e+02  -2.8576474071e+06   1.3442047549e-01   3.8457982699e-01   9.4827022763e+03   6.6952014917e-05   1.5803287257e-10   1.0909414905e-12   7.5790054823e-03   1.1219771859e-10   3.5485420552e-02   3.4086905477e-07   6.4604528019e-12   2.7980527925e-14   5.7513574219e-05   3.8422481454e-01   1.1915249987e-02   8.6952852939e-02   4.4635646584e-10   4.6566338624e-05   5.7783259768e-13   3.3909181050e-01
   5.7600000000e-01   4.9091666624e-01   6.5839785445e+02  -2.9206877738e+06   1.3041330563e-01   3.8967458626e-01   8.0240646320e+03   6.6022521427e-05   1.3188629669e-10   7.3991890883e-13   7.0458658362e-03   8.9909578236e-11   3.4405265886e-02   2.8340675319e-07   5.2103165830e-12   2.1000717629e-14   5.6303754601e-05   3.9767763304e-01   1.1562115775e-02   8.4379901449e-02   3.8128916319e-10   4.4250202790e-05   4.8850233691e-13   3.2724928094e-01
   5.9200000000e-01   5.0728168118e-01   6.4314701435e+02  -2.9838508762e+06   1.2635547177e-01   3.9498179222e-01   6.7142673437e+03   6.4923288143e-05   1.0826444843e-10   4.9092678282e-13   6.5558988075e-03   7.1873780917e-11   3.3295604213e-02   2.3430911523e-07   4.1499188986e-12   1.5599947424e-14   5.4989916330e-05   4.1115472016e-01   1.1199220761e-02   8.1795723506e-02   3.2300426964e-10   4.2079875887e-05   4.0544365122e-13   3.1540801146e-01
   6.0800000000e-01   5.2375861906e-01   6.2803962286e+02  -3.0471328280e+06   1.2225078253e-01   4.0051054050e-01   5.5505076665e+03   6.3656102834e-05   8.7378772854e-11   3.1826025467e-13   6.1046671308e-03   5.7306933250e-11   3.2158897226e-02   1.9257641571e-07   3.2631835937e-12   1.1467200249e-14   5.3576983088e-05   4.2464722417e-01   1.0827409173e-02   7.9200820026e-02   2.7131273648e-10   4.0040935536e-05   3.3015389051e-13   3.0356657507e-01
   6.2400000000e-01   5.4034571665e-01   6.1307771380e+02  -3.1105302338e+06   1.1810251340e-01   4.0627121193e-01   4.5293744462e+03   6.2223171152e-05   6.9311999031e-11   2.0137138932e-13   5.6881241581e-03   4.5561844331e-11   3.0997466778e-02   1.5730018514e-07   2.5323074557e-12   8.3399242132e-15   5.2069767890e-05   4.3814567153e-01   1.0447456906e-02   7.6595366545e-02   2.2592334118e-10   3.8119663077e-05   2.6363534429e-13   2.9172336481e-01
   6.4000000000e-01   5.5704183021e-01   5.9826212003e+02  -3.1740402521e+06   1.1391342641e-01   4.1227547184e-01   3.6459499370e+03   6.0627086581e-05   5.4023432874e-11   1.2422609553e-13   5.3025786355e-03   3.6106843132e-11   2.9813500636e-02   1.2765664337e-07   1.9386899978e-12   6.0000331477e-15   5.0473031470e-05   4.5163985908e-01   1.0060075131e-02   7.3979223560e-02   1.8646306185e-10   3.6303092868e-05   2.0635542516e-13   2.7987658146e-01
   6.5600000000e-01   5.7384653267e-01   5.8359274140e+02  -3.2376606635e+06   1.0968578666e-01   4.1853626437e-01   2.8932973179e+03   5.8870866328e-05   4.1365833978e-11   7.4646068053e-14   4.9446627966e-03   2.8507292536e-11   2.8609059052e-02   1.0290074351e-07   1.4637293733e-12   4.2691262295e-15   4.8791528072e-05   4.6511872888e-01   9.6659136542e-03   7.1351943085e-02   1.5249801361e-10   3.4579021325e-05   1.5827196525e-13   2.6802421987e-01
   6.7200000000e-01   5.9076022576e-01   5.6906878541e+02  -3.3013899442e+06   1.0542137030e-01   4.2506780752e-01   2.2623757594e+03   5.6957994008e-05   3.1110718340e-11   4.3650142039e-14   4.6113037989e-03   2.2409338361e-11   2.7386080431e-02   8.2361027309e-08   1.0894757361e-12   3.0033997746e-15   4.7030033693e-05   4.7857021845e-01   9.2655637955e-03   6.8712768078e-02   1.2355407917e-10   3.2935998953e-05   1.1891214100e-13   2.5616405239e-01
   6.8800000000e-01   6.0778427267e-01   5.5468898529e+02  -3.3652273506e+06   1.0112146421e-01   4.3188558504e-01   1.7423196694e+03   5.4892468713e-05   2.2977283250e-11   2.4818778277e-14   4.2996982010e-03   1.7525824456e-11   2.6146385938e-02   6.5435172741e-08   7.9913842091e-13   2.0885930779e-15   4.5193355571e-05   4.9198108586e-01   8.8595608044e-03   6.6060624998e-02   9.9136173606e-11   3.1363309129e-05   8.7483797296e-14   2.4429360938e-01
   7.0400000000e-01   6.2492115597e-01   5.4045180080e+02  -3.4291730165e+06   9.6786856245e-02   4.3900632978e-01   1.3209669895e+03   5.2678863641e-05   1.6660517804e-11   1.3710447153e-14   4.0072889269e-03   1.3624246621e-11   2.4891683252e-02   5.1585962156e-08   5.7744843049e-13   1.4352002024e-15   4.3286324826e-05   5.0533670097e-01   8.4483858468e-03   6.3394108283e-02   7.8745295764e-11   2.9850934936e-05   6.2996998433e-14   2.3241015614e-01
   7.2000000000e-01   6.4217466662e-01   5.2635560445e+02  -3.4932280647e+06   9.2417813277e-02   4.4644799334e-01   9.8550522507e+02   5.0322397719e-05   1.1855229619e-11   7.3535524769e-15   3.7317445145e-03   1.0516579264e-11   2.3623569447e-02   4.0337442866e-08   4.1088327738e-13   9.7409254137e-16   4.1313774726e-05   5.1862078675e-01   8.0324674690e-03   6.0711453963e-02   6.1892808215e-11   2.8389515140e-05   4.4377396123e-14   2.2051066301e-01
   7.3600000000e-01   6.5955013749e-01   5.1239885819e+02  -3.5573947415e+06   8.8014046568e-02   4.5422969216e-01   7.2311634481e+02   4.7829020339e-05   8.2741782214e-12   3.8270653890e-15   3.4709403271e-03   8.0507860129e-12   2.2343532759e-02   3.1271072556e-08   2.8776683748e-13   6.5263116830e-16   3.9280512219e-05   5.3181511130e-01   7.6121825711e-03   5.8010502217e-02   4.8111716251e-11   2.6970290734e-05   3.0559233083e-14   2.0859176995e-01
   7.5200000000e-01   6.7705473458e-01   4.9858028402e+02  -3.6216765819e+06   8.3574661236e-02   4.6237161862e-01   5.2153424708e+02   4.5205512985e-05   5.6599006181e-12   1.9318567550e-15   3.2229414124e-03   6.1038136720e-12   2.1052953136e-02   2.4021723676e-08   1.9826178354e-13   4.3129876498e-16   3.7191275551e-05   5.4489911746e-01   7.1878568378e-03   5.5288645749e-02   3.6964968589e-11   2.5585041501e-05   2.0552527713e-14   1.9664974307e-01
   7.6800000000e-01   6.9469782413e-01   4.8489902952e+02  -3.6860786109e+06   7.9098083579e-02   4.7089490451e-01   3.6946723380e+02   4.2459615292e-05   3.7908288745e-12   9.4564664665e-16   2.9859867264e-03   4.5758762060e-12   1.9753101511e-02   1.8273509071e-08   1.3427642541e-13   2.8084752750e-16   3.5050691488e-05   5.5784946368e-01   6.7597644762e-03   5.2542757976e-02   2.8051036341e-11   2.4226010512e-05   1.3484474279e-14   1.8468041837e-01
   7.8400000000e-01   7.1249144440e-01   4.7135482889e+02  -3.7506075947e+06   7.4581958801e-02   4.7982141849e-01   2.5687117349e+02   3.9600181626e-05   2.4828613199e-12   4.4888441167e-16   2.7584745230e-03   3.3858389555e-12   1.8445137346e-02   1.3755466808e-08   8.9309432403e-14   1.7993462991e-16   3.2863231230e-05   5.7063945313e-01   6.3281270718e-03   4.9769094201e-02   2.1007131048e-11   2.2885814023e-05   8.6186461549e-15   1.7267912792e-01
   8.0000000000e-01   7.3045092475e-01   4.5794816053e+02  -3.8152723641e+06   7.0023010042e-02   4.8917347270e-01   1.7508340382e+02   3.6637373647e-05   1.5877190887e-12   2.0668173969e-16   2.5389486464e-03   2.4675278024e-12   1.7130103736e-02   1.0237174130e-08   5.8255923436e-14   1.1320198977e-16   3.0633166429e-05   5.8323833321e-01   5.8931113658e-03   4.6963157566e-02   1.5510479172e-11   2.1557333001e-05   5.3572448597e-15   1.6064060386e-01
   8.1600000000e-01   7.4859571105e-01   4.4468039650e+02  -3.8800842322e+06   6.5416840478e-02   4.9897340943e-01   1.1684160313e+02   3.3582904616e-05   9.8932733061e-13   9.2346129469e-17   2.3260853782e-03   1.7668043055e-12   1.5808919315e-02   7.5243800199e-09   3.7196131021e-14   6.9748387619e-17   2.8364525515e-05   5.9561041606e-01   5.4548254950e-03   4.4119512763e-02   1.1278062976e-11   2.0233577871e-05   3.2318660146e-15   1.4855884768e-01
   8.3200000000e-01   7.6695049106e-01   4.3155393371e+02  -3.9450575412e+06   6.0757650316e-02   5.0924303213e-01   7.6217204803e+01   3.0450355207e-05   5.9922416417e-13   4.0056621089e-17   2.1186805142e-03   1.2392655381e-12   1.4482365459e-02   5.4547569917e-09   2.3184872117e-14   4.1938312697e-17   2.6061048707e-05   6.0771395736e-01   5.0133129551e-03   4.1231521546e-02   8.0652048514e-12   1.8907513700e-05   1.8875947000e-15   1.3642694615e-01
   8.4800000000e-01   7.8554676746e-01   4.1857229013e+02  -4.0102103950e+06   5.6037827550e-02   5.2000283493e-01   4.8492191835e+01   2.7255582645e-05   3.5172285331e-13   1.6870150642e-17   1.9156362049e-03   8.4844503757e-13   1.3151066195e-02   3.8938536824e-09   1.4054910613e-14   2.4492034473e-17   2.3726138652e-05   6.1949973288e-01   4.5685432656e-03   3.8290962507e-02   5.6633205739e-12   1.7571826500e-05   1.0641913193e-15   1.2423680930e-01
   8.6400000000e-01   8.0442511610e-01   4.0574012972e+02  -4.0755656521e+06   5.1247339288e-02   5.3127098312e-01   3.0004276501e+01   2.4017264256e-05   1.9930049735e-13   6.8933420539e-18   1.7159468053e-03   5.6440864627e-13   1.1815456746e-02   2.7313089356e-09   8.2428754648e-15   1.3804351739e-17   2.1362800936e-05   6.3090920724e-01   4.1203974855e-03   3.5287467793e-02   3.8971090421e-12   1.6218595786e-05   5.7703746739e-16   1.1197878396e-01
   8.8000000000e-01   8.2363853556e-01   3.9306314039e+02  -4.1411522843e+06   4.6372792318e-02   5.4306200783e-01   1.7980276169e+01   2.0757642870e-05   1.0848309626e-13   2.7262990239e-18   1.5186825396e-03   3.6265542500e-13   1.0475733374e-02   1.8773718025e-09   4.6421818899e-15   7.4443844975e-18   1.8973563667e-05   6.4187213275e-01   3.6686452505e-03   3.2207656051e-02   2.6213946866e-12   1.4838810716e-05   2.9954571771e-16   9.9641060128e-02
   8.9600000000e-01   8.4325761252e-01   3.8054762519e+02  -4.2070072627e+06   4.1395926526e-02   5.5538520577e-01   1.0372166477e+01   1.7503575279e-05   5.6348453108e-14   1.0383486342e-18   1.3229689188e-03   2.2324907201e-13   9.1317731927e-03   1.2597516293e-09   2.4837082954e-15   3.7949095694e-18   1.6560356709e-05   6.5230337107e-01   3.2129074110e-03   2.9033742347e-02   1.7177957565e-12   1.3421614875e-05   1.4796751810e-16   8.7208723955e-02
   9.1200000000e-01   8.6337889057e-01   3.6819944931e+02  -4.2731781930e+06   3.6291060213e-02   5.6824293715e-01   5.7055504482e+00   1.4288064845e-05   2.7670003340e-14   3.7731042059e-19   1.1279578862e-03   1.3011901820e-13   7.7829927888e-03   8.2080227448e-10   1.2424255337e-15   1.7964362221e-18   1.4124313042e-05   6.6209862136e-01   2.7525926429e-03   2.5741186717e-02   1.0913516373e-12   1.1953048423e-05   6.8967987760e-17   7.4662169592e-02
   9.2800000000e-01   8.8413930762e-01   3.5602157486e+02  -4.3397269830e+06   3.1020457401e-02   5.8162943984e-01   2.9463860142e+00   1.1152617839e-05   1.2665042556e-14   1.2872467667e-19   9.3278223741e-04   7.0483514379e-14   6.4280934961e-03   5.1503294731e-10   5.6661695256e-16   7.6794010615e-19   1.1665412464e-05   6.7112855491e-01   2.2867832384e-03   2.2294428049e-02   6.6721668788e-13   1.0413781719e-05   2.9949922484e-17   6.1974256097e-02
   9.4400000000e-01   9.0574332538e-01   3.4400812151e+02  -4.4067347754e+06   2.5525122677e-02   5.9553234234e-01   1.3886993875e+00   8.1511020298e-06   5.2779275276e-15   4.0086157516e-20   7.3647345022e-04   3.4358344452e-14   5.0645599112e-03   3.0692306931e-10   2.2563407379e-16   2.8243803633e-19   9.1817802449e-06   6.7923058598e-01   1.8140117408e-03   1.8638399923e-02   3.8750008802e-13   8.7746090097e-06   1.1865009462e-17   4.9104766137e-02
   9.6000000000e-01   9.2852053892e-01   3.3212872475e+02  -4.4743076167e+06   1.9704012261e-02   6.0994458942e-01   5.6371769218e-01   5.3566349136e-06   1.9148153041e-15   1.0792306441e-20   5.3778864816e-04   1.4125439696e-14   3.6875462165e-03   1.6899750206e-10   7.2128829919e-17   8.1103548232e-20   6.6681282936e-06   6.8619702770e-01   1.3317688354e-03   1.4679340574e-02   2.0830615300e-13   6.9862065687e-06   4.1204370490e-18   3.5988219868e-02
   9.7600000000e-01   9.5307332325e-01   3.2027990887e+02  -4.5425772931e+06   1.3357139477e-02   6.2491870244e-01   1.6933807187e-01   2.8754383831e-06   5.4411497404e-16   2.2096406977e-21   3.3476295079e-04   4.1455096853e-15   2.2869052123e-03   8.0054668981e-11   1.5134615237e-17   1.4182265243e-20   4.1116013756e-06   6.9175780414e-01   8.3520202585e-04   1.0232156800e-02   9.6988510737e-14   4.9507912555e-06   1.1439914984e-18   2.2501690972e-02
   9.9200000000e-01   9.8079921695e-01   3.0808010513e+02  -4.6116527452e+06   5.9706403200e-03   6.4084549342e-01   1.8616830353e-02   8.7947548689e-07   8.1343847735e-17   2.1057890940e-22   1.2310990478e-04   4.0922996116e-16   8.3635206978e-04   2.3113205199e-11   9.9428458008e-19   4.9511229037e-22   1.4767054587e-06   6.9555846783e-01   3.1242315131e-04   4.8209856234e-03   2.9473268357e-14   2.4133517989e-06   1.8607732868e-19   8.3489455315e-03
   1.0000000000e+00   1.0000000000e+00   3.0000000000e+02  -4.6458568819e+06   0.0000000000e+00   6.5169855213e-01   0.0000000000e+00   0.0000000000e+00   0.0000000000e+00   0.0000000000e+00   0.0000000000e+00   0.0000000000e+00   0.0000000000e+00   0.0000000000e+00   0.0000000000e+00   0.0000000000e+00   0.0000000000e+00   1.0000000000e+00   0.0000000000e+00   0.0000000000e+00   0.0000000000e+00   0.0000000000e+00   0.0000000000e+00   0.0000000000e+00