# L (m)  = 1
# P (Pa) = 101325
#             001_x           002_mixf              003_T              004_h             005_pv        006_density        007_hr             008_H2              009_H              010_O             011_O2             012_OH            013_H2O            014_HO2            015_CH2         016_CH2(S)            017_CH3            018_CH4             019_CO            020_CO2            021_HCO           022_CH2O          023_CH2OH             024_N2
                  0   0.0000000000e+00   3.0000000000e+02   1.9075768848e+03   0.0000000000e+00   1.1719839921e+00   0.0000000000e+00   0.0000000000e+00   0.0000000000e+00   0.0000000000e+00   2.3300000000e-01   0.0000000000e+00   0.0000000000e+00   0.0000000000e+00   0.0000000000e+00   0.0000000000e+00   0.0000000000e+00   0.0000000000e+00   0.0000000000e+00   0.0000000000e+00   0.0000000000e+00   0.0000000000e+00   0.0000000000e+00   7.6700000000e-01
   2.0000000000e-03   1.1309856515e-03   3.6959135950e+02  -4.2907088277e+04   1.2187062335e-02   9.5350972145e-01   3.1917608804e+04   1.5720430742e-06   8.6298690235e-12   2.8440141926e-07   2.2587960368e-01   1.5711489084e-07   1.6138981184e-03   3.6789286499e-06   4.0101277528e-15   2.6477403041e-16   5.7902741798e-10   8.6106461944e-08   4.2113570202e-04   1.0150456471e-02   1.7076439148e-14   6.4190772931e-09   1.4241237109e-18   7.5055575963e-01
   6.0000000000e-03   4.5235730480e-03   4.7238951240e+02  -1.1384263710e+05   3.0675274118e-02   7.4729604640e-01   1.5166198577e+05   6.1919280027e-06   1.4240019397e-10   8.6167337232e-07   2.1290360778e-01   5.1678654295e-07   4.8737933343e-03   9.3316135302e-06   5.1224632521e-13   4.0580806209e-14   2.9096480453e-08   3.4343796913e-06   1.2450769484e-03   2.4550211908e-02   2.7510429125e-12   2.5624508165e-07   6.9070949869e-16   7.4815877618e-01
   1.0000000000e-02   7.6990952154e-03   5.6098582849e+02  -1.7851633898e+05   4.7132882343e-02   6.2987202456e-01   3.0536868656e+05   1.2522238844e-05   7.9295804561e-10   1.3692638392e-06   2.0055019388e-01   8.6031523378e-07   8.2017648104e-03   1.4337377326e-05   6.2915002131e-12   5.3492512354e-13   2.4129391833e-07   2.1761624907e-05   2.1531596237e-03   3.6765435670e-02   3.9606722263e-11   1.7965168056e-06   1.9416309480e-14   7.4553987621e-01
   1.4000000000e-02   1.0761792480e-02   6.3952937935e+02  -2.4015549690e+05   6.2379576965e-02   5.5279427686e-01   4.9402697838e+05   2.0033736107e-05   2.6173263064e-09   1.5798696139e-06   1.8870358533e-01   1.0855809401e-06   1.1512989852e-02   1.9624511958e-05   3.1967371814e-11   2.7763237799e-12   1.0239497192e-06   7.1911911054e-05   3.1883713727e-03   4.7658182004e-02   2.1008934535e-10   6.2057369379e-06   1.7766040969e-13   7.4283925295e-01
   1.8000000000e-02   1.3751675172e-02   7.0925469342e+02  -2.9999830453e+05   7.6661756582e-02   4.9854166717e-01   7.0184114035e+05   2.8393953280e-05   5.7755460517e-09   1.4821549648e-06   1.7735341393e-01   1.1806835186e-06   1.4756871196e-02   2.5265643647e-05   9.9722361357e-11   8.6085490319e-12   2.9830648325e-06   1.7124137130e-04   4.3610592306e-03   5.7515432202e-02   6.3782110796e-10   1.4589395118e-05   8.4214505041e-13   7.4009576764e-01
   2.2000000000e-02   1.6689018748e-02   7.7077309289e+02  -3.5864782208e+05   9.0066961226e-02   4.5871185640e-01   8.9613594698e+05   3.7380980766e-05   9.5521236549e-09   1.2044229688e-06   1.6651233925e-01   1.1778165313e-06   1.7901880368e-02   3.0947055367e-05   2.2811277816e-10   1.9250184744e-11   6.7869179003e-06   3.3540116727e-04   5.6631277913e-03   6.6464572086e-02   1.3727751411e-09   2.7107671948e-05   2.5826493375e-12   7.3732457244e-01
   2.6000000000e-02   1.9585940442e-02   8.2457268207e+02  -4.1643220669e+05   1.0263154231e-01   4.2864381559e-01   1.0569784104e+06   4.6839152401e-05   1.3054025866e-08   8.8821540731e-07   1.5619430179e-01   1.1169321670e-06   2.0928378093e-02   3.6297900587e-05   4.2340997604e-10   3.4554414023e-11   1.2972773348e-05   5.7744322566e-04   7.0767972773e-03   7.4579527785e-02   2.3748947004e-09   4.3172399164e-05   5.9149352915e-12   7.3453283998e-01
   3.0000000000e-02   2.2450607436e-02   8.7111940527e+02  -4.7355721220e+05   1.1437691047e-01   4.0551950215e-01   1.1898384050e+06   5.6654957616e-05   1.5848528413e-08   6.1924352569e-07   1.4640795008e-01   1.0314937989e-06   2.3824606301e-02   4.1027217076e-05   6.8189613263e-10   5.3420549315e-11   2.1842092637e-05   9.0762539647e-04   8.5800912472e-03   8.1915557965e-02   3.5844469444e-09   6.1848560671e-05   1.1164867085e-11   7.3172448754e-01
   3.4000000000e-02   2.5289080944e-02   9.1088183941e+02  -5.3015872771e+05   1.2532285722e-01   3.8752817603e-01   1.3169583445e+06   6.6743097226e-05   1.8003913381e-08   4.2436505247e-07   1.3715513598e-01   9.4497408974e-07   2.6584196837e-02   4.4956155157e-05   1.0000026043e-09   7.4804669316e-11   3.3465637306e-05   1.3335638690e-03   1.0150119045e-02   8.8521798241e-02   4.9922181943e-09   8.2141965172e-05   1.8576619192e-11   7.2890192705e-01
   3.8000000000e-02   2.8106212331e-02   9.4433132372e+02  -5.8632531334e+05   1.3549219044e-01   3.7345225839e-01   1.4617803619e+06   7.7037963503e-05   1.9826311917e-08   2.9640790285e-07   1.2843126738e-01   8.7062832720e-07   2.9204527668e-02   4.8008356848e-05   1.3828995118e-09   9.8380982417e-11   4.7745416829e-05   1.8605353458e-03   1.1764921032e-02   9.4445703774e-02   6.6586680045e-09   1.0313623942e-04   2.8469975961e-11   7.2606680147e-01
   4.2000000000e-02   3.0906104106e-02   9.7193977628e+02  -6.4210645968e+05   1.4491184275e-01   3.6244199676e-01   1.6391180524e+06   8.7488188873e-05   2.1624091060e-08   2.1698148925e-07   1.2022629386e-01   8.1295661733e-07   3.1685602189e-02   5.0186377765e-05   1.8452907513e-09   1.2445369577e-10   6.4481532182e-05   2.4918239939e-03   1.3404421596e-02   9.9734330773e-02   8.6856198850e-09   1.2404481919e-04   4.1258118802e-11   7.2322032119e-01
   4.6000000000e-02   3.3692356614e-02   9.9418330740e+02  -6.9751004519e+05   1.5361257362e-01   3.5388306719e-01   1.8533071945e+06   9.8052966099e-05   2.3601370199e-08   1.6858771607e-07   1.1252581467e-01   7.7047621880e-07   3.4029268924e-02   5.1545964298e-05   2.4054442436e-09   1.5341020636e-10   8.3421634706e-05   3.2290596273e-03   1.5050850746e-02   1.0443440098e-01   1.1169301838e-08   1.4422774424e-04   5.7310447981e-11   7.2036342778e-01
   5.0000000000e-02   3.6468199949e-02   1.0115552760e+03  -7.5248775935e+05   1.6162813695e-01   3.4731265644e-01   2.1009946448e+06   1.0869939967e-04   2.5849181027e-08   1.3849842328e-07   1.0531213835e-01   7.3885187057e-07   3.6238659382e-02   5.2173701954e-05   3.0777162543e-09   1.8522477124e-10   1.0429171054e-04   4.0725264379e-03   1.6688857712e-02   1.0859192046e-01   1.4163633323e-08   1.6319283467e-04   7.6777438432e-11   7.1749688309e-01
   5.4000000000e-02   3.9236565239e-02   1.0245896439e+03  -8.0690510368e+05   1.6899432648e-01   3.4236177976e-01   2.3751684530e+06   1.1940051092e-04   2.8380937396e-08   1.1868445070e-07   9.8565209127e-02   7.1340948491e-07   3.8317780662e-02   5.2170179050e-05   3.8681472921e-09   2.1930636490e-10   1.2681374648e-04   5.0214318268e-03   1.8305452545e-02   1.1225169277e-01   1.7668380279e-08   1.8058714317e-04   9.9508581646e-11   7.1462132278e-01
   5.8000000000e-02   4.2000137251e-02   1.0338995427e+03  -8.6049357754e+05   1.7574815968e-01   3.3871011000e-01   2.6685844797e+06   1.3013360128e-04   3.1177434714e-08   1.0456488218e-07   9.2263319566e-02   6.9061744956e-07   4.0271227434e-02   5.1638644682e-05   4.7748113276e-09   2.5469428697e-10   1.5071570102e-04   6.0741311021e-03   1.9889866405e-02   1.1545693224e-01   2.1641571419e-08   1.9618189628e-04   1.2512887483e-10   7.1173728223e-01
   6.2000000000e-02   4.4761367406e-02   1.0402238628e+03  -9.1279016047e+05   1.8192704210e-01   3.3604870168e-01   2.9759365243e+06   1.4087874552e-04   3.4225465617e-08   9.3763086285e-08   8.6383789662e-02   6.6862917390e-07   4.2103937113e-02   5.0677945274e-05   5.7922842402e-09   2.9044757605e-10   1.7573730268e-04   7.2283203693e-03   2.1433353796e-02   1.1824887244e-01   2.6027192977e-08   2.0985321236e-04   1.5325565481e-10   7.0884523480e-01
   6.6000000000e-02   4.7522473205e-02   1.0444638759e+03  -9.6308452436e+05   1.8756805518e-01   3.3405207774e-01   3.2947063831e+06   1.5161733746e-04   3.7544565689e-08   8.5192661288e-08   8.0903534609e-02   6.4720763833e-07   4.3820991806e-02   4.9378510317e-05   6.9186601019e-09   3.2606242737e-10   2.0163347543e-04   8.4811956191e-03   2.2928973159e-02   1.2066647288e-01   3.0788049120e-08   2.2156145337e-04   1.8378744598e-10   7.0594563094e-01
   7.0000000000e-02   5.0285435426e-02   1.0476906284e+03  -1.0104021656e+06   1.9270741272e-01   3.3236376827e-01   3.6248837087e+06   1.6233073945e-04   4.1200570773e-08   7.8467685073e-08   7.5799494405e-02   6.2736158552e-07   4.5427473227e-02   4.7820278135e-05   8.1637607341e-09   3.6181259266e-10   2.2817637774e-04   9.8295774945e-03   2.4371368548e-02   1.2274624020e-01   3.5936100676e-08   2.3133139206e-04   2.1718574798e-10   7.0303893032e-01
   7.4000000000e-02   5.3051993143e-02   1.0511386047e+03  -1.0535043913e+06   1.9738004822e-01   3.3059077475e-01   3.9676922353e+06   1.7299908540e-04   4.5305937807e-08   7.3559459071e-08   7.1048959735e-02   6.1096090847e-07   4.6928359950e-02   4.6071707573e-05   9.5581880776e-09   3.9900618017e-10   2.5515660704e-04   1.1270007771e-02   2.5756560449e-02   1.2452212874e-01   4.1557176434e-08   2.3923444793e-04   2.5472794717e-10   7.0012562764e-01
   7.8000000000e-02   5.5823635627e-02   1.0563089127e+03  -1.0907453039e+06   2.0161932188e-01   3.2827110714e-01   4.3224682051e+06   1.8360004576e-04   5.0006155863e-08   7.0628430477e-08   6.6629807187e-02   6.0051925152e-07   4.8328450555e-02   4.4189359457e-05   1.1164160937e-08   4.4028394396e-10   2.8238370316e-04   1.2798818620e-02   2.7081752775e-02   1.2602551850e-01   4.7833648228e-08   2.4537368053e-04   2.9890232116e-10   6.9720627776e-01
   8.2000000000e-02   5.8601583053e-02   1.0653937809e+03  -1.1195001610e+06   2.0545683112e-01   3.2475742879e-01   4.6783863177e+06   1.9410681964e-04   5.5446708288e-08   6.9945977955e-08   6.2520652333e-02   5.9911538768e-07   4.9632278507e-02   4.2217872946e-05   1.3087493905e-08   4.9015239292e-10   3.0968578779e-04   1.4412168968e-02   2.8345162732e-02   1.2728528306e-01   5.5061991815e-08   2.4987168955e-04   3.5416459324e-10   6.9428153702e-01
   8.6000000000e-02   6.1386749796e-02   1.0814861422e+03  -1.1358356346e+06   2.0892228124e-01   3.1920553625e-01   5.0023593544e+06   2.0448548279e-04   6.1703689313e-08   7.1709596573e-08   5.8700942920e-02   6.0974277927e-07   5.0844029539e-02   4.0190726943e-05   1.5476188128e-08   5.5530080124e-10   3.3690849182e-04   1.6106046997e-02   2.9545872042e-02   1.2832789418e-01   6.3574633690e-08   2.5286118621e-04   4.2717138698e-10   6.9135221855e-01
   9.0000000000e-02   6.4179774767e-02   1.1049272568e+03  -1.1392621003e+06   2.1204332567e-01   3.1171646490e-01   5.2666885716e+06   2.1469921800e-04   6.8671944301e-08   7.5469484290e-08   5.5151130391e-02   6.3253285539e-07   5.1967716382e-02   3.8133133087e-05   1.8462707730e-08   6.4119844636e-10   3.6391540586e-04   1.7876350152e-02   3.0683650872e-02   1.2917725919e-01   7.3332497634e-08   2.5447833499e-04   5.2316702401e-10   6.8841919691e-01
   9.4000000000e-02   6.6981214850e-02   1.1306454472e+03  -1.1364773261e+06   2.1484552597e-01   3.0391481301e-01   5.4907392360e+06   2.2472246655e-04   7.6034305587e-08   7.9895763534e-08   5.1852915044e-02   6.6264716842e-07   5.3007619267e-02   3.6066789692e-05   2.2065677426e-08   7.4607533173e-10   3.9058918191e-04   1.9719136281e-02   3.1758750233e-02   1.2985443400e-01   8.3678855002e-08   2.5486071622e-04   6.4088969035e-10   6.8548309773e-01
   9.8000000000e-02   6.9791688156e-02   1.1549904074e+03  -1.1325227279e+06   2.1735258649e-01   2.9680410317e-01   5.6877318569e+06   2.3454578647e-04   8.3411120888e-08   8.3726650657e-08   4.8789246610e-02   6.9419977846e-07   5.3968332950e-02   3.4012237665e-05   2.6206404076e-08   8.6443612532e-10   4.1682620837e-04   2.1630774924e-02   3.2771788614e-02   1.3037791914e-01   9.3900370605e-08   2.5414771402e-04   7.7596665597e-10   6.8254419242e-01
   1.0200000000e-01   7.2611826663e-02   1.1769994796e+03  -1.1289560868e+06   2.1958658769e-01   2.9055541052e-01   5.8535080869e+06   2.4416769438e-04   9.0477027278e-08   8.6266673483e-08   4.5944136696e-02   7.2321118325e-07   5.4854439130e-02   3.1988963121e-05   3.0781105428e-08   9.9134764796e-10   4.4252989716e-04   2.3607871210e-02   3.3723728385e-02   1.3076425248e-01   1.0351540436e-07   2.5247889756e-04   9.2403061644e-10   6.7960257905e-01
   1.0600000000e-01   7.5442211511e-02   1.1966100971e+03  -1.1261297267e+06   2.2156809041e-01   2.8510064571e-01   5.9830250862e+06   2.5358854429e-04   9.6993250137e-08   8.7280719429e-08   4.3302539052e-02   7.4758445735e-07   5.5670310404e-02   3.0014936942e-05   3.5690232327e-08   1.1228970884e-09   4.6760848738e-04   2.5647182995e-02   3.4615840796e-02   1.3102835066e-01   1.1223874756e-07   2.4999098318e-04   1.0809853199e-09   6.7665831837e-01
   1.1000000000e-01   7.8283355403e-02   1.2139816163e+03  -1.1240748310e+06   2.2331620397e-01   2.8033321448e-01   6.0745923930e+06   2.6280878541e-04   1.0280653337e-07   8.6814223132e-08   4.0850302112e-02   7.6645903703e-07   5.6420070342e-02   2.8105979748e-05   4.0842690844e-08   1.2559432197e-09   4.9197578732e-04   2.7745596773e-02   3.5449651201e-02   1.3118367364e-01   1.1992196772e-07   2.4681491050e-04   1.2430743566e-09   6.7371147252e-01
   1.1400000000e-01   8.1135703180e-02   1.2293205664e+03  -1.1227339091e+06   2.2484865687e-01   2.7615242460e-01   6.1293766332e+06   2.7182863519e-04   1.0783626618e-07   8.5061657131e-08   3.8574138021e-02   7.7970098648e-07   5.7107598181e-02   2.6275239411e-05   4.6154558179e-08   1.3879131796e-09   5.1555273345e-04   2.9900123523e-02   3.6226884473e-02   1.3124234558e-01   1.2650919295e-07   2.4307355005e-04   1.4069614369e-09   6.7076211237e-01
   1.1800000000e-01   8.3999637097e-02   1.2428328406e+03  -1.1220270520e+06   2.2618187173e-01   2.7247169259e-01   6.1503053752e+06   2.8064809447e-04   1.1205789943e-07   8.2280476610e-08   3.6461592176e-02   7.8757666725e-07   5.7736542171e-02   2.4532930648e-05   5.1547584188e-08   1.5166710210e-09   5.3826886693e-04   3.2107898669e-02   3.6949416405e-02   1.3121526506e-01   1.3200533670e-07   2.3888011353e-04   1.5697522004e-09   6.6781031743e-01
   1.2200000000e-01   8.6875483164e-02   1.2547097681e+03  -1.1218732402e+06   2.2733104292e-01   2.6921843090e-01   6.1411609988e+06   2.8926703920e-04   1.1548644555e-07   7.8737304413e-08   3.4501009991e-02   7.9054953767e-07   5.8310333872e-02   2.2886344462e-05   5.6947924430e-08   1.6404245076e-09   5.6006340277e-04   3.4366182206e-02   3.7619231975e-02   1.3111221003e-01   1.3645315663e-07   2.3433721637e-04   1.7289633789e-09   6.6485617403e-01
   1.2600000000e-01   8.9763517397e-02   1.2651246167e+03  -1.1221974741e+06   2.2831021459e-01   2.6633212253e-01   6.1059028630e+06   2.9768531436e-04   1.1816185169e-07   7.4676377627e-08   3.2681501334e-02   7.8914554025e-07   5.8832201562e-02   2.1340067276e-05   6.2284103812e-08   1.7576335442e-09   5.8088581687e-04   3.6672358167e-02   3.8238389911e-02   1.3094193780e-01   1.3991611543e-07   2.2953649386e-04   1.8824326687e-09   6.6189977338e-01
   1.3000000000e-01   9.2663971772e-02   1.2742302534e+03  -1.1229363577e+06   2.2913235771e-01   2.6376273048e-01   6.0481112242e+06   3.0590281575e-04   1.2013691333e-07   7.0302207786e-08   3.0992903309e-02   7.8383444585e-07   5.9305182725e-02   1.9896334868e-05   6.7481703154e-08   1.8668505885e-09   6.0069602173e-04   3.9023933372e-02   3.8808992889e-02   1.3071227928e-01   1.4246428187e-07   2.2455866156e-04   2.0280932008e-09   6.5894120974e-01
   1.3400000000e-01   9.5577041538e-02   1.2821139919e+03  -1.1241073397e+06   2.2980944679e-01   2.6147829777e-01   5.9709669271e+06   3.1391961009e-04   1.2146787343e-07   6.5768401099e-08   2.9425742537e-02   7.7484165564e-07   5.9732136693e-02   1.8555455986e-05   7.2449765846e-08   1.9662166789e-09   6.1946432197e-04   4.1418537354e-02   3.9333162501e-02   1.3043022798e-01   1.4416368520e-07   2.1947392108e-04   2.1634017223e-09   6.5598057759e-01
   1.3800000000e-01   9.8502903231e-02   1.2885653522e+03  -1.1261617755e+06   2.3035254438e-01   2.5950988892e-01   5.8801736393e+06   3.2173634727e-04   1.2220846708e-07   6.1169123152e-08   2.7971198910e-02   7.6183639356e-07   6.0115761403e-02   1.7316215415e-05   7.7058423354e-08   2.0520003775e-09   6.3717141367e-04   4.3853933444e-02   3.9813017741e-02   1.3010202889e-01   1.4508067428e-07   2.1434261629e-04   2.2843734546e-09   6.5301796185e-01
   1.4200000000e-01   1.0144174655e-01   1.2929986460e+03  -1.1301220192e+06   2.3077189400e-01   2.5796337569e-01   5.7859335965e+06   3.2935496174e-04   1.2241063171e-07   5.6557745600e-08   2.6621070533e-02   7.4403343031e-07   6.0458611405e-02   1.6176008142e-05   8.1144429202e-08   2.1181660898e-09   6.5380813715e-04   4.6328044928e-02   4.0250656988e-02   1.2973327064e-01   1.4529824908e-07   2.0921580391e-04   2.3858370306e-09   6.5005342160e-01
   1.4600000000e-01   1.0439378545e-01   1.2950841157e+03  -1.1366433657e+06   2.3107698857e-01   2.5689287493e-01   5.6955113725e+06   3.3677869727e-04   1.2213101389e-07   5.1996953215e-08   2.5367733921e-02   7.2115655952e-07   6.0763101649e-02   1.5130670396e-05   8.4577297908e-08   2.1602978800e-09   6.6937434110e-04   4.8838959584e-02   4.0648145992e-02   1.2932896223e-01   1.4490818236e-07   2.0413541027e-04   2.4641169651e-09   6.4708699013e-01
   1.5000000000e-01   1.0735923228e-01   1.2949941442e+03  -1.1456184455e+06   2.3127660137e-01   2.5625638454e-01   5.6104590396e+06   3.4401123946e-04   1.2143277033e-07   4.7569202104e-08   2.4204102562e-02   6.9387777861e-07   6.1031500395e-02   1.4174607963e-05   8.7305292844e-08   2.1780492619e-09   6.8387767458e-04   5.1384895158e-02   4.1007509779e-02   1.2889357996e-01   1.4399959038e-07   1.9913459310e-04   2.5185666961e-09   6.4411869549e-01
   1.5400000000e-01   1.1033827030e-01   1.2931132123e+03  -1.1565954216e+06   2.3137881488e-01   2.5597485523e-01   5.5302311981e+06   3.5105598370e-04   1.2038105854e-07   4.3351937344e-08   2.3123589727e-02   6.6339167206e-07   6.1265929260e-02   1.3301315670e-05   8.9342782153e-08   2.1738337207e-09   6.9733275109e-04   5.3964163024e-02   4.1330725109e-02   1.2843110453e-01   1.4265822839e-07   1.9423870365e-04   2.5507865058e-09   6.4114857725e-01
   1.5800000000e-01   1.1333104451e-01   1.2898243680e+03  -1.1690996015e+06   2.3139106382e-01   2.5597280559e-01   5.4542618891e+06   3.5791583222e-04   1.1903774090e-07   3.9400153840e-08   2.2120076491e-02   6.3093480167e-07   6.1468371959e-02   1.2503932688e-05   9.0739538361e-08   2.1510714328e-09   7.0976024868e-04   5.6575151756e-02   4.1619712955e-02   1.2794506307e-01   1.4096401790e-07   1.8946652997e-04   2.5633638400e-09   6.3817669017e-01
   1.6200000000e-01   1.1633766421e-01   1.2854428951e+03  -1.1827391116e+06   2.3132018531e-01   2.5618967844e-01   5.3822949748e+06   3.6459326680e-04   1.1745805689e-07   3.5743679383e-08   2.1187882503e-02   5.9755137307e-07   6.1640685555e-02   1.1775652882e-05   9.1558027317e-08   2.1132120585e-09   7.2118583699e-04   5.9216323791e-02   4.1876332050e-02   1.2743857444e-01   1.3898775083e-07   1.8483150218e-04   2.5590522469e-09   6.3520310126e-01
   1.6600000000e-01   1.1935820867e-01   1.2802129522e+03  -1.1972151771e+06   2.3117246890e-01   2.5657946804e-01   5.3142460353e+06   3.7109046997e-04   1.1568937067e-07   3.2391826676e-08   2.0321737495e-02   5.6403950270e-07   6.1784611069e-02   1.1109977764e-05   9.1861675764e-08   2.0633543147e-09   7.3163908138e-04   6.1886215443e-02   4.2102374301e-02   1.2691439306e-01   1.3678971844e-07   1.8034273347e-04   2.5404019372e-09   6.3222788579e-01
   1.7000000000e-01   1.2239273262e-01   1.2743206436e+03  -1.2123060898e+06   2.3095370260e-01   2.5710764274e-01   5.2500674583e+06   3.7740942322e-04   1.1377128921e-07   2.9339614987e-08   1.9516754238e-02   5.3097588613e-07   6.1901782465e-02   1.0500852372e-05   9.1710161048e-08   2.0041555269e-09   7.4115244015e-04   6.4583437007e-02   4.2299561558e-02   1.2637494915e-01   1.3442014658e-07   1.7600588471e-04   2.5096498436e-09   6.2925112403e-01
   1.7400000000e-01   1.2544127107e-01   1.2679080480e+03  -1.2278485224e+06   2.3066921557e-01   2.5774817038e-01   5.1896833184e+06   3.8355198256e-04   1.1173648053e-07   2.6573144257e-08   1.8768402435e-02   4.9876145464e-07   6.1993734551e-02   9.9427235893e-06   9.1158140357e-08   1.9378535971e-09   7.4976041860e-04   6.7306672282e-02   4.2469543775e-02   1.2582238526e-01   1.3192049032e-07   1.7182387337e-04   2.4687241046e-09   6.2627289866e-01
   1.7800000000e-01   1.2850384299e-01   1.2610845294e+03  -1.2437221453e+06   2.3032391679e-01   2.5848122001e-01   5.1329718170e+06   3.8951992571e-04   1.0961175165e-07   2.4073576309e-08   1.8072483911e-02   4.6766522201e-07   6.2061909881e-02   9.4305509706e-06   9.0255400424e-08   1.8663223337e-09   7.5749887686e-04   7.0054677025e-02   4.2613898208e-02   1.2525858877e-01   1.2932492730e-07   1.6779745091e-04   2.4192881510e-09   6.2329329309e-01
   1.8200000000e-01   1.3158045423e-01   1.2539351748e+03  -1.2598380693e+06   2.2992233030e-01   2.5929149274e-01   5.0797725164e+06   3.9531498302e-04   1.0741914604e-07   2.1819885361e-08   1.7425109186e-02   4.3786022600e-07   6.2107664920e-02   8.9597899670e-06   8.9047548535e-08   1.7911309305e-09   7.6440447381e-04   7.2826276755e-02   4.2734129436e-02   1.2468522096e-01   1.2666178313e-07   1.6392567306e-04   2.3627950141e-09   6.2031239024e-01
   1.8600000000e-01   1.3467109985e-01   1.2465269864e+03  -1.2761303487e+06   2.2946862735e-01   2.6016702046e-01   5.0299098414e+06   4.0093885766e-04   1.0517695274e-07   1.9790752752e-08   1.6822675441e-02   4.0945234338e-07   6.2132275633e-02   8.5263602497e-06   8.7577005558e-08   1.7136006406e-09   7.7051422136e-04   7.5620364188e-02   4.2831670036e-02   1.2410374283e-01   1.2395486545e-07   1.6020628237e-04   2.3005473443e-09   6.1733027174e-01
   1.9000000000e-01   1.3777576591e-01   1.2389134726e+03  -1.2925496705e+06   2.2896665567e-01   2.6109828658e-01   4.9832431791e+06   4.0639323843e-04   1.0290059174e-07   1.7966099117e-08   1.6261845842e-02   3.8250681979e-07   6.2136942614e-02   8.1266068846e-06   8.5884394373e-08   1.6348634298e-09   7.7586512284e-04   7.8435896376e-02   4.2907881778e-02   1.2351543804e-01   1.2122476593e-07   1.5663601855e-04   2.2337724970e-09   6.1434701737e-01
   1.9400000000e-01   1.4089443096e-01   1.2311381316e+03  -1.3090585522e+06   2.2841996616e-01   2.6207756250e-01   4.9397954088e+06   4.1167980670e-04   1.0060336482e-07   1.6329100823e-08   1.5739530220e-02   3.5708556999e-07   6.2122795784e-02   7.7572589564e-06   8.4010403639e-08   1.5559414579e-09   7.8049386224e-04   8.1271891655e-02   4.2964057219e-02   1.2292143335e-01   1.1848993210e-07   1.5321086882e-04   2.1637186393e-09   6.1136270475e-01
   1.9800000000e-01   1.4402706696e-01   1.2232371484e+03  -1.3256275998e+06   2.2783183712e-01   2.6309839209e-01   4.9001425660e+06   4.1680023903e-04   9.8297040032e-08   1.4870723828e-08   1.5252867058e-02   3.3333627889e-07   6.2090898684e-02   7.4153883033e-06   8.1996931982e-08   1.4779116406e-09   7.8443648683e-04   8.4127426497e-02   4.3001421596e-02   1.2232271660e-01   1.1576569530e-07   1.4992626620e-04   2.0916845863e-09   6.0837740914e-01
   2.0800000000e-01   1.5190745778e-01   1.2035028999e+03  -1.3671267198e+06   2.2627520306e-01   2.6571480599e-01   4.7992855483e+06   4.2919030556e-04   9.2534698210e-08   1.1700009031e-08   1.4119056705e-02   2.7942819219e-07   6.1969282216e-02   6.6231731161e-06   7.6702259909e-08   1.2917322025e-09   7.9266509700e-04   9.1312955820e-02   4.3050676731e-02   1.2082605381e-01   1.0901014489e-07   1.4208749423e-04   1.9092792919e-09   6.0091189158e-01
   2.2400000000e-01   1.6468252813e-01   1.1709889568e+03  -1.4334876052e+06   2.2327936063e-01   2.7033761852e-01   4.6600529909e+06   4.4618742366e-04   8.3360363466e-08   8.1579732185e-09   1.2738382998e-02   2.0956278483e-07   6.1545253555e-02   5.6646355537e-06   6.6855551913e-08   1.0133496444e-09   7.9679889104e-04   1.0304433046e-01   4.2889428381e-02   1.1839849127e-01   9.8602559455e-08   1.3151382106e-04   1.6000700596e-09   5.8896093071e-01
   2.4000000000e-01   1.7767477170e-01   1.1388868282e+03  -1.4990812519e+06   2.1990802293e-01   2.7516037846e-01   4.5176413313e+06   4.6074867121e-04   7.4508105280e-08   5.7579433698e-09   1.1675699971e-02   1.5661963683e-07   6.0938054329e-02   4.9176497991e-06   5.6981646298e-08   7.8007510070e-10   7.9387526554e-04   1.1500088160e-01   4.2543762346e-02   1.1596545758e-01   8.8867603149e-08   1.2257193831e-04   1.3105332345e-09   5.7700204606e-01
   2.5600000000e-01   1.9088022274e-01   1.1076669668e+03  -1.5637319215e+06   2.1625722704e-01   2.8007502715e-01   4.3611463387e+06   4.7297878555e-04   6.6152006261e-08   4.1098763844e-09   1.0846298995e-02   1.1699970431e-07   6.0184924881e-02   4.3182473805e-06   4.7773552916e-08   5.9285018890e-10   7.8556823795e-04   1.2715056438e-01   4.2057211489e-02   1.1354211188e-01   7.9876215955e-08   1.1496293152e-04   1.0565420806e-09   5.6503851471e-01
   2.7200000000e-01   2.0429450267e-01   1.0773868904e+03  -1.6277524383e+06   2.1239815319e-01   2.8506103323e-01   4.1849791044e+06   4.8298250745e-04   5.8356651792e-08   2.9570061646e-09   1.0187996077e-02   8.7428708273e-08   5.9315324853e-02   3.8235689408e-06   3.9540669296e-08   4.4619753329e-10   7.7326297866e-04   1.3946820236e-01   4.1463551277e-02   1.1113629456e-01   7.1599831005e-08   1.0843627642e-04   8.4262337245e-10   5.5307308057e-01
   2.8800000000e-01   2.1791301779e-01   1.0479870327e+03  -1.6915230681e+06   2.0838385686e-01   2.9012646021e-01   3.9870797835e+06   4.9086441443e-04   5.1140259497e-08   2.1366201654e-09   9.6551273844e-03   6.5357979616e-08   5.8352593995e-02   3.4044463193e-06   3.2384582469e-08   3.3317886438e-10   7.5807867743e-04   1.5193398509e-01   4.0788817018e-02   1.0875158143e-01   6.3975486480e-08   1.0278759984e-04   6.6753522752e-10   5.4110803453e-01
   3.0400000000e-01   2.3173101888e-01   1.0194326909e+03  -1.7552817438e+06   2.0425405754e-01   2.9527404665e-01   3.7672045252e+06   4.9672819878e-04   4.4504258975e-08   1.5451348857e-09   9.2141541806e-03   4.8887068091e-08   5.7315252294e-02   3.0408938570e-06   2.6294348928e-08   2.4719626390e-10   7.4090065495e-04   1.6453221381e-01   4.0052971356e-02   1.0638910569e-01   5.6937804130e-08   9.7852191672e-05   5.2718267176e-10   5.2914529413e-01
   3.2000000000e-01   2.4574360523e-01   9.9171728344e+02  -1.8191386591e+06   2.0003858763e-01   3.0049884039e-01   3.5267253235e+06   5.0067603572e-04   3.8443320853e-08   1.1150102740e-09   8.8404436151e-03   3.6599912441e-08   5.6218021684e-02   2.7192511939e-06   2.1195461377e-08   1.8246850114e-10   7.2241429589e-04   1.7725028703e-01   3.9271251461e-02   1.0404863845e-01   5.0432780258e-08   9.3497914918e-05   4.1623120059e-10   5.1718646508e-01
   3.3600000000e-01   2.5994561636e-01   9.6482353293e+02  -1.8831355058e+06   1.9575993042e-01   3.0579869261e-01   3.2687550603e+06   5.0280761497e-04   3.2947250728e-08   8.0080577061e-10   8.5159273012e-03   2.7433688207e-08   5.5072622164e-02   2.4302879873e-06   1.6979870132e-08   1.3413212122e-10   7.0313780331e-04   1.9007783306e-01   3.8455238487e-02   1.0172926215e-01   4.4420710497e-08   8.9618953391e-05   3.2915348062e-10   5.0523301015e-01
   3.5200000000e-01   2.7433156782e-01   9.3874655259e+02  -1.9472842352e+06   1.9143509504e-01   3.1116734335e-01   2.9976128545e+06   5.0321960193e-04   2.8003131072e-08   5.7117121755e-10   8.2273675571e-03   2.0595470128e-08   5.3888406183e-02   2.1678805475e-06   1.3529474016e-08   9.8272248179e-11   6.8345284627e-04   2.0300605504e-01   3.7613707635e-02   9.9429761621e-02   3.8877026903e-08   8.6130405539e-05   2.6093346188e-10   4.9328635455e-01
   3.6800000000e-01   2.8889597668e-01   9.1348050663e+02  -2.0115853636e+06   1.8707691147e-01   3.1659802323e-01   2.7185416740e+06   5.0200712432e-04   2.3594550178e-08   4.0383720310e-10   7.9650424401e-03   1.5492313655e-08   5.2672860322e-02   1.9280327176e-06   1.0728131667e-08   7.1805259235e-11   6.6363162461e-04   2.1602751282e-01   3.6753288688e-02   9.7148755332e-02   3.3788602092e-08   8.2963442334e-05   2.0734730845e-10   4.8134758806e-01
   3.8400000000e-01   3.0363336916e-01   8.8901101220e+02  -2.0760354712e+06   1.8269503806e-01   3.2208619767e-01   2.4373059840e+06   4.9926362158e-04   1.9700770532e-08   2.8260519147e-10   7.7218228903e-03   1.1680958206e-08   5.1431986964e-02   1.7081886986e-06   8.4685764445e-09   5.2346829772e-11   6.4386028726e-04   2.2913575673e-01   3.5878969436e-02   9.4884818037e-02   2.9148915402e-08   8.0061965737e-05   1.6502262612e-10   4.6941750662e-01
   4.0000000000e-01   3.1853828991e-01   8.6531686979e+02  -2.1406298894e+06   1.7829672064e-01   3.2762952910e-01   2.1597112205e+06   4.9508071776e-04   1.6296418820e-08   1.9548995418e-10   7.4924905106e-03   8.8308714102e-09   5.0170607542e-02   1.5067258554e-06   6.6558996095e-09   3.8083277295e-11   6.2425910572e-04   2.4232504034e-01   3.4994486360e-02   9.2636546022e-02   2.4953482245e-08   7.7380006485e-05   1.3136635834e-10   4.5749664966e-01
   4.1600000000e-01   3.3360531457e-01   8.4237193896e+02  -2.2053636274e+06   1.7388736675e-01   3.3322768450e-01   1.8911846225e+06   4.8954811575e-04   1.3351609401e-08   1.3352567310e-10   7.2732330837e-03   6.6960852189e-09   4.8892603792e-02   1.3225836363e-06   5.2085420103e-09   2.7651700971e-11   6.0489940672e-04   2.5559009585e-01   3.4102626286e-02   9.0402588556e-02   2.1195989807e-08   7.4879708232e-05   1.0443102965e-10   4.4558533235e-01
   4.3200000000e-01   3.4882906394e-01   8.2014675192e+02  -2.2702316733e+06   1.6947098066e-01   3.3888212079e-01   1.6364444086e+06   4.8275351228e-04   1.0832459925e-08   8.9971047883e-11   7.0612716487e-03   5.0938102550e-09   4.7601109997e-02   1.1549986012e-06   4.0578130697e-09   2.0036972247e-11   5.8581741111e-04   2.6892595540e-01   3.3205458106e-02   8.8181659041e-02   1.7865547977e-08   7.2529763671e-05   8.2769285825e-11   4.3368367200e-01
   4.4800000000e-01   3.6420421960e-01   7.9860979321e+02  -2.3352290896e+06   1.6505049298e-01   3.4459589167e-01   1.3992732087e+06   4.7478253150e-04   8.7019398338e-09   5.9759258961e-11   6.8545850659e-03   3.8883079254e-09   4.6298666231e-02   1.0033234917e-06   3.1466653267e-09   1.4487742946e-11   5.6702523129e-04   2.8232780634e-01   3.2304509844e-02   8.5972534373e-02   1.4945255059e-08   7.0304194106e-05   6.5303443539e-11   4.2179160850e-01
   4.6400000000e-01   3.7972554445e-01   7.7772848055e+02  -2.4003510467e+06   1.6062801077e-01   3.5037348461e-01   1.1823993893e+06   4.6571867027e-04   6.9209569264e-09   3.9101565981e-11   6.6517068067e-03   2.9788013058e-09   4.4987340143e-02   8.6691257507e-07   2.4281823462e-09   1.0450328959e-11   5.4851934588e-04   2.9579087613e-01   3.1400903323e-02   8.3774048631e-02   1.2412024879e-08   6.8181388409e-05   5.1220446084e-11   4.0990891988e-01
   4.8000000000e-01   3.9538790674e-01   7.5746990369e+02  -2.4655928417e+06   1.5620500679e-01   3.5622068719e-01   9.8747897251e+05   4.5564325819e-04   5.4495666092e-09   2.5190589464e-11   6.4515752266e-03   2.2904557580e-09   4.3668823742e-02   7.4505795585e-07   1.8640432913e-09   7.5179100531e-12   5.3028690727e-04   3.0931033791e-01   3.0495456079e-02   8.1585083707e-02   1.0237416870e-08   6.6143336708e-05   3.9893288953e-11   3.9803523355e-01
   4.9600000000e-01   4.1118630520e-01   7.3780137324e+02  -2.5309499114e+06   1.5178246163e-01   3.6214447993e-01   8.1516198521e+05   4.4463543786e-04   4.2481845577e-09   1.5971488322e-11   6.2534234240e-03   1.7676722373e-09   4.2344510446e-02   6.3696349081e-07   1.4231008851e-09   5.3921512581e-12   5.1231024914e-04   3.2288122613e-01   2.9588758035e-02   7.9404557716e-02   8.3891032970e-09   6.4175011321e-05   3.0825524203e-11   3.8617003273e-01
   5.1200000000e-01   4.2711590161e-01   7.1869082461e+02  -2.5964178516e+06   1.4736097089e-01   3.6815294987e-01   6.6522051580e+05   4.3277214541e-04   3.2786915523e-09   9.9622000939e-12   6.0566983785e-03   1.3691107687e-09   4.1015555756e-02   5.4174470967e-07   1.0801310823e-09   3.8545469015e-12   4.9456994474e-04   3.3649836788e-01   2.8681228950e-02   7.7231414037e-02   6.8325998074e-09   6.2263861839e-05   2.3613878449e-11   3.7431266072e-01
   5.2800000000e-01   4.4317205581e-01   7.0010711058e+02  -2.6619924380e+06   1.4294082446e-01   3.7425522275e-01   5.3671449523e+05   4.2012811273e-04   2.5053499718e-09   6.1113111704e-12   5.8610016820e-03   1.0640021694e-09   3.9682925319e-02   4.5844490456e-07   8.1476763313e-10   2.7451955571e-12   4.7704674004e-04   3.5015631762e-01   2.7773161174e-02   7.5064609859e-02   5.5329494923e-09   6.0399397561e-05   1.7924015725e-11   3.6246232207e-01
   5.4400000000e-01   4.5935036222e-01   6.8202020824e+02  -2.7276696472e+06   1.3852206395e-01   3.8046141138e-01   4.2817293509e+05   4.0677589217e-04   1.8954855593e-09   3.6861382193e-12   5.6660461979e-03   8.2941633807e-10   3.8347433033e-02   3.8605984098e-07   6.1061250941e-10   1.9471625331e-12   4.5972265052e-04   3.6384928826e-01   2.6864751191e-02   7.2903103837e-02   4.4561566797e-09   5.8572839098e-05   1.3475213370e-11   3.5061808015e-01
   5.6000000000e-01   4.7564669527e-01   6.6440136408e+02  -2.7934456853e+06   1.3410452445e-01   3.8678257514e-01   3.3777125953e+05   3.9278588058e-04   1.4199161572e-09   2.1856248779e-12   5.4716244445e-03   6.4823902197e-10   3.7009770611e-02   3.2356532206e-07   4.5450148641e-10   1.3749959551e-12   4.4258145917e-04   3.7757108923e-01   2.5956122823e-02   7.0745845133e-02   3.5702682231e-09   5.6776826767e-05   1.0030643501e-11   3.3877885444e-01
   5.7600000000e-01   4.9205725861e-01   6.4722319189e+02  -2.8593170182e+06   1.2968786311e-01   3.9323068967e-01   2.6349141528e+05   3.7822636597e-04   1.0531423265e-09   1.2737230137e-12   5.2775855741e-03   5.0767316028e-10   3.5670530773e-02   2.6994367085e-07   3.3590158226e-10   9.6630777747e-13   4.2560881331e-04   3.9131505816e-01   2.5047344065e-02   6.8591761904e-02   2.8460839988e-09   5.5005174060e-05   7.3909178483e-12   3.2694341558e-01
   5.9200000000e-01   5.0857863815e-01   6.3045973627e+02  -2.9252804028e+06   1.2527157688e-01   3.9981862445e-01   2.0325667512e+05   3.6316360007e-04   7.7333421014e-10   7.2949613806e-13   5.0838186440e-03   3.9812855502e-10   3.4330225456e-02   2.2420680971e-07   2.4641807385e-10   6.7560558421e-13   4.0879207409e-04   4.0507398126e-01   2.4138439111e-02   6.6439748714e-02   2.2575348680e-09   5.3252658154e-05   5.3893675315e-12   3.1511037779e-01
   6.0800000000e-01   5.2520786478e-01   6.1408651377e+02  -2.9913329245e+06   1.2085501260e-01   4.0656012365e-01   1.5503795557e+05   3.4766187610e-04   5.6216088284e-10   4.1059686965e-13   4.8902404919e-03   3.1239930436e-10   3.2989299644e-02   1.8541471731e-07   1.7939116425e-10   4.6977296630e-13   3.9212003194e-04   4.1884000982e-01   2.3229396860e-02   6.4288654223e-02   1.7817956133e-09   5.1514842079e-05   3.8881451028e-12   3.0327819115e-01
   6.2400000000e-01   5.4194248497e-01   5.9808053808e+02  -3.0574720367e+06   1.1643737048e-01   4.1346978728e-01   1.1691869777e+05   3.3178400541e-04   4.0445652433e-10   2.2712378961e-13   4.6967869427e-03   2.4505183381e-10   3.1648142058e-02   1.5268846563e-07   1.2956476704e-10   3.2475450951e-13   3.7558256701e-04   4.3260456266e-01   2.2320176738e-02   6.2137267680e-02   1.3991818362e-09   4.9787917707e-05   2.7744367770e-12   2.9144513185e-01
   6.4000000000e-01   5.5878064244e-01   5.8242034307e+02  -3.1236956083e+06   1.1201770107e-01   4.2056304818e-01   8.7155176840e+04   3.1559104239e-04   2.8791569987e-10   1.2348762922e-13   4.5034064451e-03   1.9197421592e-10   3.0307093179e-02   1.2521945236e-07   9.2816254324e-11   2.2312554531e-13   3.5917031679e-04   4.4635821704e-01   2.1410712436e-02   5.9984304408e-02   1.0929543843e-09   4.8068580217e-05   1.9573414909e-12   2.7960929015e-01
   6.5600000000e-01   5.7572117082e-01   5.6708599954e+02  -3.1900019746e+06   1.0759489682e-01   4.2785614260e-01   6.4202651961e+04   2.9914234189e-04   2.0270514082e-10   6.6013648319e-14   4.3100554471e-03   1.5004002778e-10   2.8966451166e-02   1.0227416746e-07   6.5933780810e-11   1.5230646606e-13   3.4287437624e-04   4.6009057799e-01   2.0500914154e-02   5.7828389156e-02   8.4903209583e-10   4.6353915079e-05   1.3646304192e-12   2.6776855702e-01
   6.7200000000e-01   5.9276370050e-01   5.5205913424e+02  -3.2563899930e+06   1.0316767799e-01   4.3536606699e-01   4.6722681247e+04   2.8249574280e-04   1.4107399168e-10   3.4715943915e-14   4.1166950075e-03   1.1685901789e-10   2.7626476128e-02   8.3195393993e-08   4.6433498355e-11   1.0325121348e-13   3.2668605103e-04   4.7379012060e-01   1.9590669638e-02   5.5668036485e-02   6.5567358995e-10   4.4641297514e-05   9.3967166963e-13   2.5592060810e-01
   6.8800000000e-01   6.0990878537e-01   5.3732295616e+02  -3.3228591056e+06   9.8734573070e-02   4.4311051310e-01   3.3578553238e+04   2.6570777320e-04   9.6992297540e-11   1.7975108760e-14   3.9232882880e-03   9.0592212226e-11   2.6287392922e-02   6.7400748876e-08   3.2409892848e-11   6.9484127924e-14   3.1059667131e-04   4.8744400510e-01   1.8679844265e-02   5.3501628109e-02   5.0315984586e-10   4.2928303013e-05   6.3864472827e-13   2.4406288521e-01
   7.0400000000e-01   6.2715805398e-01   5.2286229387e+02  -3.3894094129e+06   9.4293892737e-02   4.5110777167e-01   2.3822363773e+04   2.4883388725e-04   6.5827144253e-11   9.1743342167e-15   3.7297986479e-03   6.9814690470e-11   2.4949392727e-02   5.4379262555e-08   2.2413584056e-11   4.6393063880e-14   2.9459746088e-04   5.0103785613e-01   1.7768280306e-02   5.1327385817e-02   3.8349439379e-10   4.1212625552e-05   4.2807885172e-13   2.3219257427e-01
   7.2000000000e-01   6.4451439091e-01   5.0866364663e+02  -3.4560417569e+06   8.9843695115e-02   4.5937659312e-01   1.6676986409e+04   2.3192875356e-04   4.4061518300e-11   4.6228911333e-15   3.5361881232e-03   5.3413739595e-11   2.3612633644e-02   4.3686650646e-08   1.5352054929e-11   3.0711361021e-14   2.7867946430e-04   5.1455548974e-01   1.6855795310e-02   4.9143337407e-02   2.9013121274e-10   3.9491999566e-05   2.8273231487e-13   2.2030657677e-01
   7.3600000000e-01   6.6198216120e-01   4.9471525510e+02  -3.5227578223e+06   8.5381741644e-02   4.6793598631e-01   1.1515499987e+04   2.1504657834e-04   2.9056610194e-11   2.3041509711e-15   3.3424161514e-03   4.0513249366e-11   2.2277240120e-02   3.4939792669e-08   1.0409511898e-11   2.0139106190e-14   2.6283351628e-04   5.2797858910e-01   1.5942179725e-02   4.6947275221e-02   2.1773475973e-10   3.7764123417e-05   1.8380818549e-13   2.0840147564e-01
   7.5200000000e-01   6.7956749115e-01   4.8100719590e+02  -3.5895602605e+06   8.0905440743e-02   4.7680493295e-01   7.8400010818e+03   1.9824147334e-04   1.8855382434e-11   1.1383428469e-15   3.1484384122e-03   3.0417578140e-11   2.0943301140e-02   2.7810823712e-08   6.9826895666e-12   1.3067155942e-14   2.4705024265e-04   5.4128631581e-01   1.5027193633e-02   4.4736704497e-02   1.6197276891e-10   3.6026580527e-05   1.1748549405e-13   1.9647349316e-01
   7.6800000000e-01   6.9727862258e-01   4.6753150381e+02  -3.6564528400e+06   7.6411773699e-02   4.8600198892e-01   5.2611274576e+03   1.8156789777e-04   1.2023383225e-11   5.5855859070e-16   2.9542056502e-03   2.2569857106e-11   1.9610867142e-02   2.2021149378e-08   4.6298923348e-12   8.3769119728e-15   2.3132008072e-04   5.5445483082e-01   1.4110562264e-02   4.2508776394e-02   1.1934016484e-10   3.4276752536e-05   7.3733305680e-14   1.8451843580e-01
   7.8400000000e-01   7.1512636908e-01   4.5428232744e+02  -3.7234406357e+06   7.1897196252e-02   4.9554473191e-01   3.4791229439e+03   1.6508118919e-04   7.5218992409e-12   2.7261201068e-16   2.7596623565e-03   1.6520989579e-11   1.8279945212e-02   1.7335614703e-08   3.0309483636e-12   5.2958344065e-15   2.1563330576e-04   5.6745670241e-01   1.3191969913e-02   4.0260199938e-02   8.7011216064e-11   3.2511718258e-05   4.5369580064e-14   1.7253162087e-01
   8.0000000000e-01   7.3312471509e-01   4.4125612734e+02  -3.7905302706e+06   6.7357507806e-02   5.0544899934e-01   2.2668963689e+03   1.4883818316e-04   4.6083483925e-12   1.3240654102e-16   2.5647451920e-03   1.1906553016e-11   1.6950491841e-02   1.3556975411e-08   1.9560682059e-12   3.2938347038e-15   1.9998004934e-04   5.8026018462e-01   1.2271051790e-02   3.7987125991e-02   6.2716470241e-11   3.0728131077e-05   2.7325629637e-14   1.6050778022e-01
   8.1600000000e-01   7.5129161519e-01   4.2845192368e+02  -3.8577302295e+06   6.2787672203e-02   5.1572784402e-01   1.4552662481e+03   1.3289797028e-04   2.7590965510e-12   6.3933693409e-17   2.3693809434e-03   8.4295300355e-12   1.5622402352e-02   1.0520762251e-08   1.2419795002e-12   2.0095150221e-15   1.8435029185e-04   5.9282831815e-01   1.1347382780e-02   3.5684989101e-02   4.4640934531e-11   2.8922061283e-05   1.6079293163e-14   1.4844092759e-01
   8.3200000000e-01   7.6965008314e-01   4.1587160357e+02  -3.9250512691e+06   5.8181565512e-02   5.2639010697e-01   9.2040047283e+02   1.1732284645e-04   1.6103843066e-12   3.0606199632e-17   2.1734837178e-03   5.8473103778e-12   1.4295495385e-02   8.0905952016e-09   7.7379110205e-13   1.1980626236e-15   1.6873380726e-04   6.0511779329e-01   1.0420461499e-02   3.3348285782e-02   3.1340135495e-11   2.7088783182e-05   9.2239868276e-15   1.3632417027e-01
   8.4800000000e-01   7.8822971248e-01   4.0352030295e+02  -3.9925069673e+06   5.3531614906e-02   5.3743846592e-01   5.7334152198e+02   1.0217949650e-04   9.1364262856e-13   1.4459960665e-17   1.9769509735e-03   3.9618091434e-12   1.2969489745e-02   6.1539666279e-09   4.7142003014e-13   6.9473854234e-16   1.5312003141e-04   6.1707751846e-01   9.4896874312e-03   3.0970258234e-02   2.1671069961e-11   2.5222477521e-05   5.1454150903e-15   1.2414943901e-01
   8.6400000000e-01   8.0706885480e-01   3.9140687716e+02  -4.0601144679e+06   4.8828264869e-02   5.4886676495e-01   3.5144154429e+02   8.7540511904e-05   5.0209383088e-13   6.7002977834e-18   1.7796576754e-03   2.6118387630e-12   1.1643969198e-02   4.6184876789e-09   2.7956437265e-13   3.8949427225e-16   1.3749780875e-04   6.2864679474e-01   8.5543271183e-03   2.8542428041e-02   1.4735420606e-11   2.3315797372e-05   2.7824246645e-15   1.1190708807e-01
   8.8000000000e-01   8.2621784043e-01   3.7954447241e+02  -4.1278954999e+06   4.4059156840e-02   5.6065635346e-01   2.1149671433e+02   7.3486416054e-05   2.6610118906e-13   3.0213999778e-18   1.5814473276e-03   1.6670964585e-12   1.0318327582e-02   3.4085812332e-09   1.6039200687e-13   2.0944978723e-16   1.2185494336e-04   6.3975294383e-01   7.6134622553e-03   2.6053880587e-02   9.8328273746e-12   2.1359204679e-05   1.4527998945e-15   9.9585279270e-02
   8.9600000000e-01   8.4574392516e-01   3.6795120457e+02  -4.1958777915e+06   3.9207816573e-02   5.7277103984e-01   1.2435603927e+02   6.0108434329e-05   1.3522442450e-13   1.3133764002e-18   1.3821176766e-03   1.0232985325e-12   8.9916809269e-03   2.4625945058e-09   8.8275910164e-14   1.0686672826e-16   1.0617742434e-04   6.5030819788e-01   6.6659070737e-03   2.3490120138e-02   6.4223899075e-12   1.9339908075e-05   7.2852066297e-16   8.7168999667e-02
   9.1200000000e-01   8.6573925895e-01   3.5665089889e+02  -4.2640970471e+06   3.4251437432e-02   5.8515011784e-01   7.0780783598e+01   4.7512439242e-05   6.5358355615e-14   5.4378638372e-19   1.1813967844e-03   5.9812354278e-13   7.6627186095e-03   1.7302942116e-09   4.6045997411e-14   5.0924297148e-17   9.0448075653e-05   6.6020556128e-01   5.7100703015e-03   2.0831136082e-02   4.0909019189e-12   1.7240062374e-05   3.4814886041e-16   7.4638417330e-02
   9.2800000000e-01   8.8633454354e-01   3.4567369865e+02  -4.3325996975e+06   2.9156870239e-02   5.9769871598e-01   3.8341141174e+01   3.5824887851e-05   2.9678914678e-14   2.1089706717e-19   9.7890036649e-04   3.2773109088e-13   6.3294364144e-03   1.1707037851e-09   2.2346749407e-14   2.2105398203e-17   7.4644104752e-05   6.6931318958e-01   4.7437093248e-03   1.8047899612e-02   2.5266138397e-12   1.5033488251e-05   1.5662952965e-16   6.1965948944e-02
   9.4400000000e-01   9.0772449703e-01   3.3505584569e+02  -4.4014465996e+06   2.3872679701e-02   6.1027457700e-01   1.9152739389e+01   2.5202362261e-05   1.2400705991e-14   7.4573412947e-20   7.7404909009e-04   1.6370528092e-13   4.9886164798e-03   7.5023083984e-10   9.7884422227e-15   8.3660542390e-18   5.8732320815e-05   6.7746659636e-01   3.7634537733e-03   1.5095407086e-02   1.4975428405e-12   1.2679110544e-05   6.4938708898e-17   4.9110572502e-02
   9.6000000000e-01   9.3022144349e-01   3.2483604773e+02  -4.4707172884e+06   1.8311268837e-02   6.2267094963e-01   8.2763498806e+00   1.5848334486e-05   4.5763671674e-15   2.2798431174e-20   5.6588784561e-04   7.0342061790e-14   3.6346853521e-03   4.4100587624e-10   3.6599370645e-15   2.5232465346e-18   4.2658678722e-05   6.8445758461e-01   2.7637638180e-03   1.1896971333e-02   8.3348627251e-13   1.0106009270e-05   2.3774181850e-17   3.6005389743e-02
   9.7600000000e-01   9.5439130785e-01   3.1503735655e+02  -4.5405105999e+06   1.2300149826e-02   6.3460087283e-01   2.6292934868e+00   8.0464208709e-06   1.3489054584e-15   5.2572529906e-21   3.5261145066e-04   2.2269422812e-14   2.2566999461e-03   2.1925239515e-10   1.0331958106e-15   4.7893554823e-19   2.6320870816e-05   6.9001833925e-01   1.7341925751e-03   8.3012108837e-03   4.1081559218e-13   7.1720505887e-06   6.9279720828e-18   2.2524960256e-02
   9.9200000000e-01   9.8152998813e-01   3.0556975491e+02  -4.6109082475e+06   5.3985543917e-03   6.4573664874e-01   2.9327901342e-01   2.2374876271e-06   2.1244384970e-16   4.9723219624e-22   1.2986548536e-04   2.5018876140e-15   8.2746032116e-04   6.2993764097e-11   1.3412126070e-16   1.9182090303e-20   9.4701963061e-06   6.9380173114e-01   6.4955851905e-04   3.9192980639e-03   1.3785730901e-13   3.5052623219e-06   1.1898660130e-18   8.3682313779e-03
   1.0000000000e+00   1.0000000000e+00   3.0000000000e+02  -4.6458568819e+06   0.0000000000e+00   6.5169855213e-01   0.0000000000e+00   0.0000000000e+00   0.0000000000e+00   0.0000000000e+00   0.0000000000e+00   0.0000000000e+00   0.0000000000e+00   0.0000000000e+00   0.0000000000e+00   0.0000000000e+00   0.0000000000e+00   1.0000000000e+00   0.0000000000e+00   0.0000000000e+00   0.0000000000e+00   0.0000000000e+00   0.0000000000e+00   0.0000000000e+00