# L (m)  = 1
# P (Pa) = 101325
#             001_x           002_mixf              003_T              004_h             005_pv        006_density        007_hr             008_H2              009_H              010_O             011_O2             012_OH            013_H2O            014_HO2            015_CH2         016_CH2(S)            017_CH3            018_CH4             019_CO            020_CO2            021_HCO           022_CH2O          023_CH2OH             024_N2
                  0   0.0000000000e+00   3.0000000000e+02   1.9075768848e+03   0.0000000000e+00   1.1719839921e+00   0.0000000000e+00   0.0000000000e+00   0.0000000000e+00   0.0000000000e+00   2.3300000000e-01   0.0000000000e+00   0.0000000000e+00   0.0000000000e+00   0.0000000000e+00   0.0000000000e+00   0.0000000000e+00   0.0000000000e+00   0.0000000000e+00   0.0000000000e+00   0.0000000000e+00   0.0000000000e+00   0.0000000000e+00   7.6700000000e-01
   2.0000000000e-03   1.1290938899e-03   3.9142132712e+02  -1.9227664114e+04   1.2087032968e-02   9.0029090494e-01   3.5003969346e+04   1.5546657519e-06   1.4816552277e-11   3.8518740291e-07   2.2594437757e-01   1.9008294648e-07   1.5957603071e-03   3.4407647747e-06   2.2540422922e-14   1.5976244872e-15   2.9379405263e-09   6.2941669574e-07   5.0441498563e-04   9.9853030092e-03   1.9578650769e-13   6.6085281087e-08   1.1727864260e-17   7.5062184529e-01
   6.0000000000e-03   4.5020404561e-03   5.2207094470e+02  -5.5266885613e+04   3.0202375163e-02   6.7604417544e-01   2.1398919686e+05   5.3659857843e-06   4.0778256187e-10   1.2943723973e-06   2.1323008912e-01   7.1672127311e-07   4.7806210264e-03   9.9558664931e-06   2.3547317164e-12   2.0563172890e-13   1.0893894203e-07   1.2244047286e-05   1.6859018044e-03   2.3730486347e-02   2.0810263449e-11   1.3724028211e-06   5.6018551994e-15   7.4808565249e-01
   1.0000000000e-02   7.6642502720e-03   6.3173887518e+02  -8.9218824784e+04   4.6136836604e-02   5.5909141385e-01   4.8632265688e+05   1.0251527312e-05   2.5373685905e-09   1.7838295098e-06   2.0124538389e-01   1.1630028604e-06   8.0171729586e-03   1.7073832907e-05   2.5217218145e-11   2.3726091941e-12   8.1100421504e-07   5.6072409521e-05   3.0235854769e-03   3.5085826641e-02   2.1697964225e-10   6.8457202025e-06   1.4425371915e-13   7.4543884966e-01
   1.4000000000e-02   1.0718875108e-02   7.2736712187e+02  -1.2215924932e+05   6.0719879756e-02   4.8570681110e-01   8.2863053473e+05   1.5815281084e-05   7.5741924503e-09   1.7172440338e-06   1.8985546383e-01   1.4423249124e-06   1.1218110645e-02   2.5120492616e-05   1.1690853557e-10   1.1249165260e-11   3.1901589847e-06   1.5586599393e-04   4.4961177293e-03   4.4989836100e-02   9.1951085682e-10   1.9291479102e-05   1.1535903632e-12   7.4273918264e-01
   1.8000000000e-02   1.3706396694e-02   8.1157876299e+02  -1.5450089043e+05   7.4212389548e-02   4.3526584385e-01   1.1864050384e+06   2.1828226389e-05   1.4258627254e-08   1.3632918057e-06   1.7903955619e-01   1.5904363289e-06   1.4331473013e-02   3.3672617451e-05   3.4264652563e-10   3.2858776496e-11   8.6031033367e-06   3.3268767583e-04   6.0717608867e-03   5.3787327423e-02   2.4185511330e-09   3.9460937082e-05   4.7299277219e-12   7.4000568065e-01
   2.2000000000e-02   1.6646887473e-02   8.8588065985e+02  -1.8644476816e+05   8.6722033213e-02   3.9860876377e-01   1.5435029968e+06   2.8145705249e-05   2.0734924828e-08   9.9893004378e-07   1.6880133586e-01   1.6635191199e-06   1.7325731881e-02   4.2161807416e-05   7.5932954633e-10   7.1544544354e-11   1.8096101740e-05   6.0314993555e-04   7.7156611784e-03   6.1652494448e-02   4.8779608539e-09   6.6279093168e-05   1.3170846344e-11   7.3724690282e-01
   2.6000000000e-02   1.9551751516e-02   9.5138880132e+02  -2.1810026826e+05   9.8308614162e-02   3.7093549865e-01   1.9330347793e+06   3.4669846266e-05   2.6412675176e-08   7.4125061852e-07   1.5914496819e-01   1.7073871480e-06   2.0182300269e-02   5.0056762362e-05   1.4127960727e-09   1.2969604274e-10   3.2109153667e-05   9.7922410683e-04   9.3949307983e-03   6.8696713249e-02   8.4693657832e-09   9.7853282721e-05   2.9315903675e-11   7.3446763886e-01
   3.0000000000e-02   2.2428217625e-02   1.0090223603e+03  -2.4953597532e+05   1.0901768949e-01   3.4946253411e-01   2.3989374537e+06   4.1330961311e-05   3.1670438949e-08   5.9209835551e-07   1.5006839669e-01   1.7521187124e-06   2.2891128207e-02   5.6936794301e-05   2.3551846309e-09   2.0956874374e-10   5.0549795566e-05   1.4687294171e-03   1.1081103038e-02   7.5004127280e-02   1.3466944196e-08   1.3212390995e-04   5.6943492267e-11   7.3167109113e-01
   3.4000000000e-02   2.5281341607e-02   1.0595596154e+03  -2.8079718571e+05   1.1889181808e-01   3.3246195637e-01   2.9640184173e+06   4.8077484064e-05   3.7060825816e-08   5.1619037413e-07   1.4156240155e-01   1.8109845989e-06   2.5447873178e-02   6.2535630871e-05   3.6539629769e-09   3.1410549526e-10   7.2993704466e-05   2.0760412759e-03   1.2750848339e-02   8.0645019076e-02   2.0201119560e-08   1.6716548676e-04   1.0073680234e-10   7.2885970760e-01
   3.8000000000e-02   2.8115137331e-02   1.1036451311e+03  -3.1191341948e+05   1.2797501559e-01   3.1881119182e-01   3.6229562593e+06   5.4870448338e-05   4.2918215079e-08   4.8045252931e-07   1.3361074285e-01   1.8831710338e-06   2.7852278424e-02   6.6744387016e-05   5.3789259310e-09   4.4571089175e-10   9.8851903618e-05   2.8027491139e-03   1.4385896784e-02   8.5681969931e-02   2.8917378538e-08   2.0134138234e-04   1.6535583124e-10   7.2603538092e-01
   4.2000000000e-02   3.0933132451e-02   1.1418671262e+03  -3.4290117256e+05   1.3631370853e-01   3.0773754293e-01   4.3490928831e+06   6.1680066404e-05   4.9305396082e-08   4.6315722387e-07   1.2619126530e-01   1.9596938905e-06   3.0107038371e-02   6.9582815822e-05   7.5780715627e-09   6.0438208885e-10   1.2747756015e-04   3.6482546470e-03   1.5972556485e-02   9.0172433603e-02   3.9643094621e-08   2.3338260614e-04   2.5399766791e-10   7.2319952929e-01
   4.6000000000e-02   3.3738513120e-02   1.1747785132e+03  -3.7376307336e+05   1.4395554554e-01   2.9868767471e-01   5.1048075944e+06   6.8483096841e-05   5.6087893408e-08   4.5201447719e-07   1.1927790330e-01   2.0294054657e-06   3.2216771979e-02   7.1158646898e-05   1.0259343941e-08   7.8674334378e-10   1.5822799773e-04   4.6103379514e-03   1.7500987978e-02   9.4169302486e-02   5.2140500392e-08   2.6240138067e-04   3.6721091828e-10   7.2035325682e-01
   5.0000000000e-02   3.6534186507e-02   1.2029030156e+03  -4.0448301687e+05   1.5094820505e-01   2.9125288492e-01   5.8509192274e+06   7.5260991256e-05   6.3026678183e-08   4.4072511300e-07   1.1284230963e-01   2.0830220171e-06   3.4187304801e-02   7.1630203295e-05   1.3387328720e-08   9.8650342922e-10   1.9049817898e-04   5.6856215066e-03   1.8964493315e-02   9.7721145943e-02   6.5955407903e-08   2.8785825460e-04   5.0271478203e-10   7.1749745238e-01
   5.4000000000e-02   3.9322808271e-02   1.2267444222e+03  -4.3501617034e+05   1.5733842611e-01   2.8512158445e-01   6.5541928806e+06   8.1998589236e-05   6.9854193585e-08   4.2650382545e-07   1.0685509999e-01   2.1148903537e-06   3.6025169128e-02   7.1177200045e-05   1.6902350509e-08   1.1965731138e-09   2.2373828161e-04   6.8699368873e-03   2.0358880893e-02   1.0087237750e-01   8.0519335177e-08   3.0950427459e-04   6.5767643181e-10   7.1463285334e-01
   5.8000000000e-02   4.2106796383e-02   1.2468000095e+03  -4.6527303359e+05   1.6317129426e-01   2.8004732367e-01   7.1931805948e+06   8.8683205002e-05   7.6326614069e-08   4.0859489606e-07   1.0128677164e-01   2.1231365354e-06   3.7737254429e-02   6.9979992007e-05   2.0770438474e-08   1.4131656904e-09   2.5746236476e-04   8.1586085259e-03   2.1681924007e-02   1.0366343262e-01   9.5246110776e-08   3.2731536817e-04   8.3383275926e-10   7.1176008841e-01
   6.2000000000e-02   4.4888340712e-02   1.2635767965e+03  -4.9509926649e+05   1.6848976159e-01   2.7582632629e-01   7.7538066852e+06   9.5303979447e-05   8.2262252775e-08   3.8746646067e-07   9.6108355703e-02   2.1091349204e-06   3.9330562347e-02   6.8206219313e-05   2.4937458614e-08   1.6313315405e-09   2.9125139534e-04   9.5466687049e-03   2.2932913027e-02   1.0613098224e-01   1.0961172668e-07   3.4142952868e-04   1.0274397502e-09   7.0887970820e-01
   6.6000000000e-02   4.7669411688e-02   1.2776052724e+03  -5.2425809303e+05   1.7333434859e-01   2.7228193712e-01   8.2131879961e+06   1.0185141064e-04   8.7571408792e-08   3.6423629590e-07   9.1291867891e-02   2.0768045114e-06   4.0812033934e-02   6.6003430402e-05   2.9075190441e-08   1.8265677452e-09   3.2475195864e-04   1.1029019205e-02   2.4112291232e-02   1.0830817202e-01   1.2330081663e-07   3.5209236760e-04   1.1939272160e-09   7.0599220792e-01
   7.0000000000e-02   5.0451769281e-02   1.2894436188e+03  -5.5242467868e+05   1.7774298323e-01   2.6925507432e-01   8.5683158712e+06   1.0831699438e-04   9.2217979325e-08   3.4000461231e-07   8.6810607633e-02   2.0310081065e-06   4.2188429349e-02   6.3495688878e-05   3.3002977331e-08   1.9904663556e-09   3.5767258626e-04   1.2600550149e-02   2.5221359349e-02   1.1022487754e-01   1.3614799071e-07   3.5961387854e-04   1.3262026591e-09   7.0309804470e-01
   7.4000000000e-02   5.3236972463e-02   1.2996776188e+03  -5.7918612579e+05   1.8175094024e-01   2.6659809716e-01   8.8427364855e+06   1.1469293210e-04   9.6186105659e-08   3.1572787704e-07   8.2639342435e-02   1.9765192228e-06   4.3466245982e-02   6.0783967544e-05   3.6975439037e-08   2.1448124096e-09   3.8977809981e-04   1.4256226554e-02   2.6262039044e-02   1.1190796228e-01   1.4795645017e-07   3.6433526265e-04   1.4630865459e-09   7.0019765063e-01
   7.8000000000e-02   5.6026388302e-02   1.3089559064e+03  -6.0399380191e+05   1.8539086384e-01   2.6416338395e-01   9.0473271784e+06   1.2097186203e-04   9.9509970241e-08   2.9231595466e-07   7.8754398585e-02   1.9184539389e-06   4.4651664942e-02   5.7948713856e-05   4.1081550036e-08   2.2957606198e-09   4.2088125973e-04   1.5991148200e-02   2.7236689527e-02   1.1338153750e-01   1.5867583211e-07   3.6660467983e-04   1.6066452249e-09   6.9729144418e-01
   8.2000000000e-02   5.8821197500e-02   1.3181281163e+03  -6.2597279283e+05   1.8869284184e-01   2.6177369860e-01   9.1853229946e+06   1.2714646165e-04   1.0225438587e-07   2.7051179634e-07   7.5133690194e-02   1.8621153714e-06   4.5750509656e-02   5.5053164275e-05   4.5297108147e-08   2.4428266791e-09   4.5083421254e-04   1.7800585303e-02   2.8147962166e-02   1.1466722356e-01   1.6840977180e-07   3.6676158425e-04   1.7493039055e-09   6.9437984481e-01
   8.6000000000e-02   6.1622393964e-02   1.3283166147e+03  -6.4381198925e+05   1.9168451295e-01   2.5920976344e-01   9.2581972540e+06   1.3320891251e-04   1.0447518102e-07   2.5074015264e-07   7.1756702563e-02   1.8119439203e-06   4.6768215753e-02   5.2147893558e-05   4.9666328951e-08   2.5914899512e-09   4.7952052442e-04   1.9679992285e-02   2.8998686920e-02   1.1578440136e-01   1.7728189096e-07   3.6512772231e-04   1.8939468847e-09   6.9146329112e-01
   9.0000000000e-02   6.4430804280e-02   1.3397609001e+03  -6.5734818315e+05   1.9439116864e-01   2.5643681190e-01   9.2696474212e+06   1.3915134099e-04   1.0619426331e-07   2.3280219405e-07   6.8604469787e-02   1.7683713709e-06   4.7709869015e-02   4.9276713432e-05   5.4209555346e-08   2.7448242321e-09   5.0684971202e-04   2.1625034067e-02   2.9791777716e-02   1.1675037057e-01   1.8526290652e-07   3.6200360848e-04   2.0421481295e-09   6.8854222163e-01
   9.4000000000e-02   6.7247156853e-02   1.3509644516e+03  -6.6881396368e+05   1.9683586925e-01   2.5374973352e-01   9.2325458538e+06   1.4496784211e-04   1.0740351507e-07   2.1598197697e-07   6.5659550978e-02   1.7267351745e-06   4.8580316882e-02   4.6479299522e-05   5.8807866614e-08   2.8947569549e-09   5.3275508676e-04   2.3631655295e-02   3.0530152784e-02   1.1758043174e-01   1.9213134979e-07   3.5766673751e-04   2.1859215686e-09   6.8561699880e-01
   9.8000000000e-02   7.0072133205e-02   1.3608631751e+03  -6.7988980279e+05   1.9903964392e-01   2.5134226197e-01   9.1552486733e+06   1.5065530156e-04   1.0809768423e-07   1.9981300527e-07   6.2905935129e-02   1.6828033347e-06   4.9384198545e-02   4.3787363990e-05   6.3299751059e-08   3.0317140446e-09   5.5719133663e-04   2.5696112344e-02   3.1216689982e-02   1.1828810010e-01   1.9771408772e-07   3.5236706613e-04   2.3169669581e-09   6.8268788265e-01
   1.0200000000e-01   7.2906360187e-02   1.3692356970e+03  -6.9109496094e+05   2.0102170775e-01   2.4924250820e-01   9.0419881270e+06   1.5621229279e-04   1.0829404816e-07   1.8421392391e-07   6.0328906869e-02   1.6350142173e-06   5.0125891078e-02   4.1222875005e-05   6.7566521213e-08   3.1504228966e-09   5.8013272072e-04   2.7814935103e-02   3.1854206780e-02   1.1888539760e-01   2.0197766762e-07   3.4632409863e-04   2.4310741654e-09   6.7975507590e-01
   1.0600000000e-01   7.5750396875e-02   1.3761386295e+03  -7.0254687946e+05   2.0279963336e-01   2.4742835431e-01   8.8976044048e+06   1.6163818834e-04   1.0803165799e-07   1.6927327006e-07   5.7914934505e-02   1.5834375010e-06   5.0809482421e-02   3.8799250651e-05   7.1533384762e-08   3.2486855195e-09   6.0157175589e-04   2.9984887883e-02   3.2445443251e-02   1.1938306950e-01   2.0498201577e-07   3.3972704296e-04   2.5267177601e-09   6.7681875891e-01
   1.1000000000e-01   7.8604735249e-02   1.3816919107e+03  -7.1425595273e+05   2.0438949157e-01   2.4586896684e-01   8.7276294794e+06   1.6693286798e-04   1.0736322097e-07   1.5510940496e-07   5.5651579489e-02   1.5287880983e-06   5.1438777121e-02   3.6523141642e-05   7.5154356241e-08   3.3259649700e-09   6.2151726797e-04   3.2202949544e-02   3.2993046089e-02   1.1979073550e-01   2.0683232486e-07   3.3273657746e-04   2.6037890778e-09   6.7387910081e-01
   1.1400000000e-01   8.1469805766e-02   1.3860238543e+03  -7.2620301732e+05   2.0580597797e-01   2.4453459677e-01   8.5375517664e+06   1.7209661673e-04   1.0634698197e-07   1.4181565802e-07   5.3527414012e-02   1.4719406204e-06   5.2017311376e-02   3.4396083442e-05   7.8401747751e-08   3.3826250640e-09   6.3999190283e-04   3.4466300639e-02   3.3499556459e-02   1.2011701351e-01   2.0765110114e-07   3.2548734994e-04   2.6629327713e-09   6.7093626270e-01
   1.1800000000e-01   8.4345983790e-02   1.3892565244e+03  -7.3836143685e+05   2.0706252962e-01   2.4339867920e-01   8.3323750840e+06   1.7713006637e-04   1.0504080790e-07   1.2944630208e-07   5.1531943440e-02   1.4137317853e-06   5.2548369777e-02   3.2415894435e-05   8.1260307768e-08   3.4195426107e-09   6.5702949569e-04   3.6772312441e-02   3.3967401833e-02   1.2036962794e-01   2.0756368573e-07   3.1809078238e-04   2.7051972261e-09   6.6799039873e-01
   1.2200000000e-01   8.7233595834e-02   1.3915018640e+03  -7.5070420478e+05   2.0817143360e-01   2.4243802639e-01   8.1164411519e+06   1.8203414792e-04   1.0349853692e-07   1.1801856646e-07   4.9655532693e-02   1.3548910078e-06   5.3035002128e-02   3.0577812989e-05   8.3723830074e-08   3.4378955193e-09   6.7267257794e-04   3.9118536389e-02   3.4398891323e-02   1.2055550600e-01   2.0669083916e-07   3.1063793460e-04   2.7318353830e-09   6.6504165662e-01
   1.2600000000e-01   9.0132925230e-02   1.3928611090e+03  -7.6320632132e+05   2.0914392728e-01   2.4163252941e-01   7.8933798183e+06   1.8681004634e-04   1.0176803615e-07   1.0751976601e-07   4.7889336897e-02   1.2960207120e-06   5.3480039703e-02   2.8875395493e-05   8.5792678182e-08   3.4390270152e-09   6.8697015886e-04   4.1502693602e-02   3.4796213768e-02   1.2068086376e-01   2.0514471570e-07   3.0320227008e-04   2.7441747719e-09   6.6209017786e-01
   1.3000000000e-01   9.3044217248e-02   1.3934245172e+03  -7.7584665442e+05   2.0999029095e-01   2.4096489182e-01   7.6660772007e+06   1.9145915877e-04   9.9890376617e-08   9.7914756575e-08   4.6225236422e-02   1.2375839671e-06   5.3886110829e-02   2.7301208083e-05   8.7470797204e-08   3.4243169399e-09   6.9997584789e-04   4.3922664513e-02   3.5161437967e-02   1.2075128299e-01   2.0302592738e-07   2.9584223134e-04   2.7434934663e-09   6.5913609803e-01
   1.3400000000e-01   9.5967684286e-02   1.3932571172e+03  -7.8863102030e+05   2.1071993326e-01   2.4042284735e-01   7.4366990924e+06   1.9598306617e-04   9.7899706629e-08   8.9151012075e-08   4.4655776467e-02   1.1798550827e-06   5.4255655988e-02   2.5847348377e-05   8.8759804437e-08   3.3949094274e-09   7.1174636092e-04   4.6376479320e-02   3.5496514527e-02   1.2077177968e-01   2.0042010183e-07   2.8860357727e-04   2.7307986577e-09   6.5617954652e-01
   1.3800000000e-01   9.8903514267e-02   1.3923233951e+03  -8.0170987079e+05   2.1134147118e-01   2.4001194337e-01   7.2073919219e+06   2.0038356164e-04   9.5823721892e-08   8.1160755710e-08   4.3174111465e-02   1.1228090837e-06   5.4590943419e-02   2.4505808063e-05   8.9649070612e-08   3.3510329838e-09   7.2234044793e-04   4.8862312552e-02   3.5803278829e-02   1.2074686537e-01   1.9739569892e-07   2.8152144978e-04   2.7064554086e-09   6.5322064429e-01
   1.4200000000e-01   1.0185188363e-01   1.3904619668e+03  -8.1542399058e+05   2.1186280546e-01   2.3975979143e-01   6.9809143507e+06   2.0466274293e-04   9.3685052956e-08   7.3869812939e-08   4.1773954039e-02   1.0661984118e-06   5.4894084539e-02   2.3268583105e-05   9.0117392016e-08   3.2919530161e-09   7.3181802669e-04   5.1378483493e-02   3.6083454931e-02   1.2068060325e-01   1.9400989911e-07   2.7462202644e-04   2.6703100950e-09   6.5025949941e-01
   1.4600000000e-01   1.0481296289e-01   1.3875913931e+03  -8.2999181129e+05   2.1229118752e-01   2.3968076496e-01   6.7592060719e+06   2.0882299913e-04   9.1503360657e-08   6.7215862779e-08   4.0449526281e-02   1.0099835368e-06   5.5167044898e-02   2.2127562758e-05   9.0159042674e-08   3.2178300051e-09   7.4023922035e-04   5.3923449682e-02   3.6338660736e-02   1.2057665889e-01   1.9032022557e-07   2.6792369842e-04   2.6227415922e-09   6.4729620732e-01
   1.5000000000e-01   1.0778690939e-01   1.3837914310e+03  -8.4537754349e+05   2.1263327445e-01   2.3976210044e-01   6.5430058563e+06   2.1286684197e-04   8.9296605068e-08   6.1152086592e-08   3.9195514648e-02   9.5448468795e-07   5.5411651206e-02   2.1074573403e-05   8.9797356597e-08   3.1305142659e-09   7.4766360988e-04   5.6495787901e-02   3.6570413432e-02   1.2043834297e-01   1.8638858459e-07   2.6143821183e-04   2.5650945471e-09   6.4433085730e-01
   1.5400000000e-01   1.1077385944e-01   1.3792091656e+03  -8.6143057371e+05   2.1289517807e-01   2.3997982731e-01   6.3326964185e+06   2.1679675629e-04   8.7081050798e-08   5.5638575175e-08   3.8007029354e-02   9.0017708035e-07   5.5629599441e-02   2.0101617908e-05   8.9074860815e-08   3.0326911994e-09   7.5414977765e-04   5.9094175201e-02   3.6780134645e-02   1.2026864723e-01   1.8227675089e-07   2.5517194442e-04   2.4992269284e-09   6.4136353780e-01
   1.5800000000e-01   1.1377392610e-01   1.3739895399e+03  -8.7799267223e+05   2.1308251108e-01   2.4031044971e-01   6.1286452747e+06   2.2061513855e-04   8.4870833166e-08   5.0636143389e-08   3.6879568291e-02   8.4750051068e-07   5.5822464454e-02   1.9201110050e-05   8.8040169887e-08   2.9270744337e-09   7.5975490697e-04   6.1717376905e-02   3.6969155234e-02   1.2007027625e-01   1.7804079942e-07   2.4912712130e-04   2.4270248098e-09   6.3839433810e-01
   1.6200000000e-01   1.1678720120e-01   1.3682537576e+03  -8.9493321415e+05   2.1320043053e-01   2.4073450333e-01   5.9311884918e+06   2.2432429154e-04   8.2677689589e-08   4.6104791711e-08   3.5808984561e-02   7.9678426893e-07   5.5991709728e-02   1.8366019949e-05   8.6740389864e-08   2.8160570624e-09   7.6453440038e-04   6.4364239984e-02   3.7138719982e-02   1.1984567653e-01   1.7372838432e-07   2.4330284062e-04   2.3501656515e-09   6.3542334774e-01
   1.6600000000e-01   1.1981375811e-01   1.3620982513e+03  -9.1215260790e+05   2.1325367828e-01   2.4123666790e-01   5.7405782006e+06   2.2792643156e-04   8.0510990259e-08   4.2004394766e-08   3.4791456363e-02   7.4824254393e-07   5.6138696527e-02   1.7589936282e-05   8.5218204896e-08   2.7016354381e-09   7.6854157056e-04   6.7033687790e-02   3.7289992433e-02   1.1959706289e-01   1.6937852177e-07   2.3769588636e-04   2.2700579544e-09   6.3245065559e-01
   1.7000000000e-01   1.2285365430e-01   1.3555990449e+03  -9.2957695066e+05   2.1324661747e-01   2.4180499991e-01   5.5569663048e+06   2.3142369440e-04   7.8377982488e-08   3.8295858259e-08   3.3823459715e-02   7.0199494123e-07   5.6264692029e-02   1.6867073324e-05   8.3511323183e-08   2.5854382742e-09   7.7182741923e-04   6.9724715241e-02   3.7424059602e-02   1.1932644215e-01   1.6502255720e-07   2.3230136124e-04   2.1878579840e-09   6.2947634921e-01
   1.7400000000e-01   1.2590693377e-01   1.3488164466e+03  -9.4715180010e+05   2.1318326610e-01   2.4243012891e-01   5.3804131762e+06   2.3481814330e-04   7.6284135055e-08   3.4942060139e-08   3.2901743291e-02   6.5809046245e-07   5.6370876814e-02   1.6192245357e-05   8.1652824468e-08   2.4687829086e-09   7.7444050879e-04   7.2436384443e-02   3.7541936665e-02   1.1903563448e-01   1.6068544619e-07   2.2711317623e-04   2.1045090562e-09   6.2650051425e-01
   1.7800000000e-01   1.2897362891e-01   1.3417988566e+03  -9.6483704628e+05   2.1306732733e-01   2.4310461368e-01   5.2109063372e+06   2.3811177274e-04   7.4233512159e-08   3.1908451766e-08   3.2023305421e-02   6.1652794330e-07   5.6458351598e-02   1.5560824255e-05   7.9671764332e-08   2.3527309616e-09   7.7642690578e-04   7.5167820186e-02   3.7644571506e-02   1.1872629246e-01   1.5638698262e-07   2.2212442722e-04   2.0207820204e-09   6.2352323408e-01
   1.8200000000e-01   1.3205376201e-01   1.3345856317e+03  -9.8260305952e+05   2.1290221697e-01   2.4382246227e-01   5.0483831721e+06   2.4130651137e-04   7.2229141162e-08   2.9163391151e-08   3.1185373093e-02   5.7727209527e-07   5.6528143376e-02   1.4968689840e-05   7.7593846904e-08   2.2381368996e-09   7.7783017749e-04   7.7918205609e-02   3.7732849089e-02   1.1839991799e-01   1.5214290520e-07   2.1732768473e-04   1.9373123084e-09   6.2054458963e-01
   1.8600000000e-01   1.3514734654e-01   1.3272092096e+03  -1.0004278578e+06   2.1269108843e-01   2.4457877883e-01   4.8927620109e+06   2.4440422455e-04   7.0273367212e-08   2.6678368921e-08   3.0385382793e-02   5.4026694407e-07   5.6581211027e-02   1.4412178524e-05   7.5442239201e-08   2.1256919980e-09   7.7869142377e-04   8.0686778128e-02   3.7807595622e-02   1.1805787755e-01   1.4796598573e-07   2.1271521624e-04   1.8546384699e-09   6.1756465931e-01
   1.9000000000e-01   1.3825438831e-01   1.3196967017e+03  -1.0182950037e+06   2.1243685536e-01   2.4536950008e-01   4.7440047051e+06   2.4740671649e-04   6.8368201566e-08   2.4428442354e-08   2.9620962999e-02   5.0545163696e-07   5.6618450442e-02   1.3888033068e-05   7.3238841345e-08   2.0159738688e-09   7.7904932535e-04   8.3472825582e-02   3.7869582523e-02   1.1770141568e-01   1.4386735934e-07   2.0827915525e-04   1.7732581583e-09   6.1458351889e-01
   1.9400000000e-01   1.4137488626e-01   1.3120711152e+03  -1.0361920028e+06   2.1214221215e-01   2.4619119307e-01   4.6022908760e+06   2.5031573164e-04   6.6515665769e-08   2.2393718035e-08   2.8889918234e-02   4.7279404078e-07   5.6640699193e-02   1.3393354369e-05   7.1006573608e-08   1.9095299141e-09   7.7894018006e-04   8.6275682595e-02   3.7919530152e-02   1.1733166708e-01   1.3985847908e-07   2.0401162801e-04   1.6937318877e-09   6.1160124160e-01
   1.9800000000e-01   1.4450883317e-01   1.3043523095e+03  -1.0541090572e+06   2.1180965232e-01   2.4704089612e-01   4.4685844942e+06   2.5313295529e-04   6.4718091223e-08   2.0564483728e-08   2.8190214534e-02   4.4239686681e-07   5.6648740719e-02   1.2925554520e-05   6.8772752286e-08   1.8070935780e-09   7.7839785553e-04   8.9094727182e-02   3.7958111316e-02   1.1694966733e-01   1.3595360336e-07   1.9990484416e-04   1.6168275422e-09   6.0861789814e-01
   2.0800000000e-01   1.5239163256e-01   1.2851026395e+03  -1.0989271935e+06   2.1089521981e-01   2.4920601741e-01   4.1466465890e+06   2.5995066440e-04   6.0368278993e-08   1.6549023027e-08   2.6514883863e-02   3.7360243467e-07   5.6635158473e-02   1.1817722923e-05   6.3258264553e-08   1.5688531042e-09   7.7603677855e-04   9.6181365805e-02   3.8027690476e-02   1.1597242019e-01   1.2652822033e-07   1.9005978693e-04   1.4335441503e-09   6.0115704211e-01
   2.2400000000e-01   1.6516256120e-01   1.2533030837e+03  -1.1706236430e+06   2.0894627777e-01   2.5302643479e-01   3.7140319533e+06   2.6933694106e-04   5.4042268359e-08   1.1893846576e-08   2.4238234018e-02   2.8454809026e-07   5.6425460270e-02   1.0361766281e-05   5.4428344264e-08   1.2322949930e-09   7.6705827616e-04   1.0771473287e-01   3.7989859225e-02   1.1426162133e-01   1.1273178673e-07   1.7647579894e-04   1.1667875555e-09   5.8921257939e-01
   2.4000000000e-01   1.7814479759e-01   1.2214766094e+03  -1.2420643461e+06   2.0661301403e-01   2.5706777369e-01   3.3505993674e+06   2.7744352014e-04   4.8331570019e-08   8.6187352967e-09   2.2281754821e-02   2.1630950282e-07   5.6061527981e-02   9.1371240781e-06   4.6255031388e-08   9.5711014145e-10   7.5433987016e-04   1.1944865535e-01   3.7831667269e-02   1.1244237526e-01   1.0040223310e-07   1.6465920637e-04   9.3987325742e-10   5.7725836115e-01
   2.5600000000e-01   1.9133558630e-01   1.1899883245e+03  -1.3131907236e+06   2.0397201864e-01   2.6126918198e-01   3.0443050345e+06   2.8434788394e-04   4.3192653400e-08   6.2922188685e-09   2.0582250971e-02   1.6436396843e-07   5.5569863313e-02   8.0878107779e-06   3.8952229180e-08   7.3734711678e-10   7.3901574747e-04   1.3136181425e-01   3.7575296822e-02   1.1054251062e-01   8.9438658238e-08   1.5428492159e-04   7.5204426584e-10   5.6529753424e-01
   2.7200000000e-01   2.0473162372e-01   1.1590055754e+03  -1.3841070500e+06   2.0108181359e-01   2.6560278380e-01   2.7833453971e+06   2.9011940396e-04   3.8558423956e-08   4.6192268631e-09   1.9091451496e-02   1.2488892078e-07   5.4971428470e-02   7.1757445010e-06   3.2567146952e-08   5.6440341125e-10   7.2194949297e-04   1.4343712989e-01   3.7237976090e-02   1.0858228963e-01   7.9687467486e-08   1.4509370769e-04   5.9925157660e-10   5.5333282414e-01
   2.8800000000e-01   2.1832920752e-01   1.1286123324e+03  -1.4549400809e+06   1.9798765643e-01   2.7005452848e-01   2.5576202655e+06   2.9482074333e-04   3.4364635890e-08   3.4029675263e-09   1.7772055789e-02   9.4906162099e-08   5.4282963220e-02   6.3741472124e-06   2.7068330393e-08   4.2973276058e-10   7.0379350160e-04   1.5566069773e-01   3.6833205345e-02   1.0657666712e-01   7.0992008453e-08   1.3688002035e-04   4.7657831679e-10   5.4136658952e-01
   3.0400000000e-01   2.3212431137e-01   1.0988678141e+03  -1.5257691270e+06   1.9472494369e-01   2.7461315979e-01   2.3586544911e+06   2.9850892351e-04   3.0555883735e-08   2.5108736564e-09   1.6594926302e-02   7.2140127847e-08   5.3517960299e-02   5.6636185763e-06   2.2386534094e-08   3.2573597621e-10   6.8503607938e-04   1.6802098273e-01   3.6371661458e-02   1.0453681301e-01   6.3208989527e-08   1.2948082612e-04   3.7909665642e-10   5.2940087042e-01
   3.2000000000e-01   2.4611263116e-01   1.0698168315e+03  -1.5966309196e+06   1.9132165425e-01   2.7926846574e-01   2.1794903835e+06   3.0123617503e-04   2.7086205000e-08   1.8521320177e-09   1.5537059370e-02   5.4857714733e-08   5.2687394780e-02   5.0297358545e-06   1.8435639315e-08   2.4596956467e-10   6.6603782026e-04   1.8050821256e-01   3.5861867585e-02   1.0247115571e-01   5.6213646360e-08   1.2276634852e-04   3.0222065584e-10   5.1743742647e-01
   3.3600000000e-01   2.6028962253e-01   1.0414888790e+03  -1.6675393561e+06   1.8780012571e-01   2.8401203134e-01   2.0145763375e+06   3.0305064518e-04   2.3918257959e-08   1.3634372352e-09   1.4580105581e-02   4.1739133974e-08   5.1800273845e-02   4.4615323630e-06   1.5124725659e-08   1.8512471452e-10   6.4705964527e-04   1.9311392483e-01   3.5310691668e-02   1.0038610955e-01   4.9900542835e-08   1.1663270291e-04   2.4187391383e-10   5.0547776537e-01
   3.5200000000e-01   2.7465053386e-01   1.0138986720e+03  -1.7384984201e+06   1.8417835974e-01   2.8883773420e-01   1.8596381384e+06   3.0399698728e-04   2.1022198128e-08   9.9993785786e-10   1.3709281929e-02   3.1780081140e-08   5.0864054277e-02   3.9505012007e-06   1.2365364473e-08   1.3892067787e-10   6.2828454490e-04   2.0583062645e-01   3.4723719614e-02   9.8286588865e-02   4.4182661226e-08   1.1099614091e-04   1.9456371112e-10   4.9352316538e-01
   3.6800000000e-01   2.8919044378e-01   9.8704468061e+02  -1.8095082838e+06   1.8047099211e-01   2.9374289780e-01   1.7115545451e+06   3.0411685551e-04   1.8374442080e-08   7.2937050257e-10   1.2912564288e-02   2.4216761099e-08   4.9884961295e-02   3.4899240920e-06   1.0075558551e-08   1.0396044543e-10   6.0983458800e-04   2.1865154316e-01   3.4105536431e-02   9.6176377525e-02   3.8989415141e-08   1.0578860063e-04   1.5738818711e-10   4.8157469307e-01
   3.8400000000e-01   3.0390413336e-01   9.6089868385e+02  -1.8805678072e+06   1.7669003282e-01   2.9873249754e-01   1.5682857221e+06   3.0344887625e-04   1.5956602615e-08   5.2821256574e-10   1.2180129153e-02   1.8468325822e-08   4.8868225940e-02   3.0744383599e-06   8.1816113287e-09   7.7578421045e-11   5.9178484424e-04   2.3157031902e-01   3.3459933236e-02   9.4058424763e-02   3.4264104381e-08   1.0095455834e-04   1.2800241583e-10   4.6963338937e-01
   4.0000000000e-01   3.1878619815e-01   9.3544947532e+02  -1.9516754342e+06   1.7284541705e-01   3.0380672617e-01   1.4286046553e+06   3.0202921399e-04   1.3755211279e-08   3.7918806482e-10   1.1503862924e-02   1.4097298284e-08   4.7818283725e-02   2.6996913875e-06   6.6201028071e-09   5.7726729106e-11   5.7417390901e-04   2.4458092561e-01   3.2790075657e-02   9.1935028450e-02   2.9964249979e-08   9.6448204840e-05   1.0457544800e-10   4.5770019187e-01
   4.1600000000e-01   3.3383126226e-01   9.1068477188e+02  -2.0228295011e+06   1.6894540424e-01   3.0896593917e-01   1.2920619903e+06   2.9989236660e-04   1.1760314462e-08   2.6941393335e-10   1.0876965509e-02   1.0772051000e-08   4.6738931601e-02   2.3620614195e-06   5.3365977649e-09   4.2829596016e-11   5.5701192784e-04   2.5767766278e-01   3.2098634522e-02   8.9807945746e-02   2.6058008186e-08   9.2231134154e-05   8.5700670442e-11   4.4577574924e-01
   4.3200000000e-01   3.4903398685e-01   8.8658784377e+02  -2.0940283373e+06   1.6499689634e-01   3.1421191495e-01   1.1588618218e+06   2.9707136935e-04   9.9641375406e-09   1.8917785298e-10   1.0293694743e-02   8.2408450267e-09   4.5633442355e-02   2.0584726462e-06   4.2847075031e-09   3.1679323544e-11   5.4028770496e-04   2.7085503689e-01   3.1387880056e-02   8.7678502565e-02   2.2521179144e-08   8.8270857688e-05   7.0318395963e-11   4.3386045465e-01
   4.4800000000e-01   3.6438908323e-01   8.6313858266e+02  -2.1652702970e+06   1.6100568671e-01   3.1954780073e-01   1.0297028420e+06   2.9359797720e-04   8.3598790994e-09   1.3110068480e-10   9.7491663432e-03   6.3126246942e-09   4.4504655932e-02   1.7862495992e-06   3.4252063852e-09   2.3354764620e-11   5.2397462792e-04   2.8410765894e-01   3.0659755751e-02   8.5547677045e-02   1.9334589344e-08   8.4539648861e-05   5.7645273645e-11   4.2195447457e-01
   4.6400000000e-01   3.7989133167e-01   8.4031438833e+02  -2.2365537702e+06   1.5697665578e-01   3.2497806839e-01   9.0560999996e+05   2.8950282871e-04   6.9406725569e-09   8.9549073403e-11   9.2391967321e-03   4.8424178305e-09   4.3355052632e-02   1.5430030552e-06   2.7251221075e-09   1.7156062730e-11   5.0803560398e-04   2.9743015973e-01   2.9915936636e-02   8.3416163683e-02   1.6481731942e-08   8.1013640364e-05   4.7110836020e-11   4.1005777285e-01
   4.8000000000e-01   3.9553560482e-01   8.1809090149e+02  -2.3078771894e+06   1.5291392573e-01   3.3050847983e-01   7.8776514465e+05   2.8481559662e-04   5.6987740720e-09   6.0216539293e-11   8.7601784711e-03   3.7202307850e-09   4.2186812188e-02   1.3265426204e-06   2.1568539698e-09   1.2553143010e-11   4.9242714013e-04   3.1081711634e-01   2.9157875517e-02   8.1284422424e-02   1.3946801093e-08   7.7672113710e-05   3.8302805205e-11   3.9817012994e-01
   4.9600000000e-01   4.1131689314e-01   7.9644260569e+02  -2.3792390336e+06   1.4882098209e-01   3.3614606279e-01   6.7734869151e+05   2.7956512939e-04   4.6250271830e-09   3.9818773652e-11   8.3089808932e-03   2.8626097700e-09   4.1001861857e-02   1.1348128488e-06   1.6973606642e-09   9.1455293092e-12   4.7710266271e-04   3.2426298233e-01   2.8386839767e-02   7.9152715333e-02   1.1713248697e-08   7.4496936025e-05   3.0921938460e-11   3.8629115662e-01
   5.1200000000e-01   4.2723033895e-01   7.7534332237e+02  -2.4506378345e+06   1.4470077062e-01   3.4189909445e-01   5.7540414679e+05   2.7377957549e-04   3.7086237001e-09   2.5866551037e-11   7.8828703559e-03   2.2062334716e-09   3.9801915170e-02   9.6585012088e-07   1.3274382183e-09   6.6312816041e-12   4.6201514604e-04   3.3776202928e-01   2.7603940735e-02   7.7021135136e-02   9.7629260391e-09   7.1472112630e-05   2.4746390959e-11   3.7442030438e-01
   5.2800000000e-01   4.4327127376e-01   7.5476661585e+02  -2.5220721842e+06   1.4055577378e-01   3.4777709388e-01   4.8273538796e+05   2.6748650207e-04   2.9371493160e-09   1.6491895603e-11   7.4794456084e-03   1.7030507925e-09   3.8588503707e-02   8.1775706764e-07   1.0310940191e-09   4.7831537807e-12   4.4711911377e-04   3.5130828903e-01   2.6810157393e-02   7.4889626180e-02   8.0757883132e-09   6.8583426653e-05   1.9604991030e-11   3.6255687157e-01
   5.4400000000e-01   4.5943525765e-01   7.3468612143e+02  -2.5935407415e+06   1.3638807016e-01   3.5379082465e-01   3.9984258402e+05   2.6071300837e-04   2.2968698071e-09   1.0311628295e-11   7.0965853085e-03   1.3165928002e-09   3.7363003285e-02   6.8869146357e-07   7.9501486059e-10   3.4303940522e-12   4.3237208055e-04   3.6489549064e-01   2.6006355252e-02   7.2757998615e-02   6.6300704860e-09   6.5818147398e-05   1.5358411800e-11   3.5070000509e-01
   5.6000000000e-01   4.7571812822e-01   7.1507581496e+02  -2.6650422418e+06   1.3219938158e-01   3.5995230372e-01   3.2689711891e+05   2.5348582419e-04   1.7731851748e-09   6.3181534394e-12   6.7324050736e-03   1.0191753389e-09   3.6126655066e-02   5.7686591603e-07   6.0812101718e-10   2.4449095482e-12   4.1773549912e-04   3.7851700370e-01   2.5193301643e-02   7.0625939044e-02   5.4027948522e-09   6.3164794081e-05   1.1886918223e-11   3.3884870043e-01
   5.7600000000e-01   4.9211605354e-01   6.9591023304e+02  -2.7365755070e+06   1.2799110919e-01   3.6627481822e-01   2.6375184221e+05   2.4583140687e-04   1.3511718935e-09   3.7912064826e-12   6.3852220626e-03   7.8977722019e-10   3.4880582992e-02   4.8055476196e-07   4.6119617819e-10   1.7307801947e-12   4.0317528901e-04   3.9216577521e-01   2.4371678047e-02   6.8493016742e-02   4.3704563721e-09   6.0612941320e-05   9.0832388061e-12   3.2700179858e-01
   5.9200000000e-01   5.0862558909e-01   6.7716465295e+02  -2.8081394561e+06   1.2376435988e-01   3.7277294979e-01   2.0997943106e+05   2.3777603978e-04   1.0161348026e-09   2.2266069733e-12   6.0535256959e-03   6.1243070292e-10   3.3625808280e-02   3.9810504526e-07   3.4658236155e-10   1.2163272718e-12   3.8866202509e-04   4.0583425547e-01   2.3542089952e-02   6.6358685611e-02   3.5097481531e-09   5.8153057894e-05   6.8491135528e-12   3.1515797963e-01
   6.0800000000e-01   5.2524374432e-01   6.5881524463e+02  -2.8797331175e+06   1.1951996555e-01   3.7946260279e-01   1.6492976889e+05   2.2934592410e-04   7.5410354240e-10   1.2793422069e-12   5.7359533145e-03   4.7500066815e-10   3.2363261078e-02   3.2794881940e-07   2.5792890975e-10   8.4812167745e-13   3.7417086146e-04   4.1951432075e-01   2.2705074785e-02   6.4222283762e-02   2.7982237813e-09   5.5776373072e-05   5.0941916426e-12   3.0331575520e-01
   6.2400000000e-01   5.4196805533e-01   6.4083920628e+02  -2.9513556425e+06   1.1525849737e-01   3.8636103189e-01   1.2779025447e+05   2.2056748373e-04   5.5219225681e-10   7.1884492166e-13   5.4312693939e-03   3.6825661625e-10   3.1093790878e-02   2.6861425839e-07   1.8998487720e-10   5.8645893927e-13   3.5968126442e-04   4.3319718104e-01   2.1861108549e-02   6.2083030462e-02   2.2148142184e-09   5.3474745460e-05   3.7360267591e-12   2.9147345820e-01
   6.4000000000e-01   5.5879667006e-01   6.2321488178e+02  -3.0230063206e+06   1.1098027168e-01   3.9348687145e-01   9.7653200940e+04   2.1146743894e-04   3.9887637581e-10   3.9486084302e-13   5.1383483932e-03   2.8517019229e-10   2.9818174216e-02   2.1873510187e-07   1.3842753083e-10   4.0194414526e-13   3.4517661859e-04   4.4687327728e-01   2.1010610730e-02   5.9940019291e-02   1.7402010436e-09   5.1240568442e-05   2.7007280250e-12   2.7962922976e-01
   6.5600000000e-01   5.7572844569e-01   6.0592186544e+02  -3.0946845969e+06   1.0668534822e-01   4.0086016426e-01   7.3580245149e+04   2.0207269871e-04   2.8415407484e-10   2.1199366191e-13   4.8561606754e-03   2.2038257498e-10   2.8537120215e-02   1.7705752830e-07   9.9718887711e-11   2.7291327623e-13   3.3064375801e-04   4.6053216173e-01   2.0153947742e-02   5.7792207563e-02   1.3570388137e-09   4.9066704595e-05   1.9236083400e-12   2.6778100453e-01
   6.7200000000e-01   5.9276305763e-01   5.8894110986e+02  -3.1663900906e+06   1.0237352424e-01   4.0850237752e-01   5.4650402796e+04   1.9241049014e-04   1.9955969207e-10   1.1123768769e-13   4.5837601980e-03   1.6979931187e-10   2.7251275768e-02   1.4244333502e-07   7.0983803161e-11   1.8348505590e-13   3.1607246898e-04   4.7416234937e-01   1.9291435679e-02   5.5638402305e-02   1.0500254396e-09   4.6946409925e-05   1.3493201537e-12   2.5592649270e-01
   6.8800000000e-01   6.0990112749e-01   5.7225503839e+02  -3.2381226157e+06   9.8044322358e-02   4.1643640027e-01   3.9996801809e+04   1.8250850106e-04   1.3809440138e-10   5.7056820818e-14   4.3202740218e-03   1.3028364893e-10   2.5961229488e-02   1.1386999105e-07   4.9905782687e-11   1.2209002734e-13   3.0145499705e-04   4.8775114256e-01   1.8423342145e-02   5.3477242224e-02   8.0586783091e-10   4.4873264935e-05   9.3159440800e-13   2.4406315941e-01
   7.0400000000e-01   6.2714437449e-01   5.5584766806e+02  -3.3098822057e+06   9.3696971378e-02   4.2468651147e-01   2.8831552687e+04   1.7239504502e-04   9.4097677342e-11   2.8621701479e-14   4.0648932516e-03   9.9424302214e-11   2.4667514614e-02   9.0427899868e-08   3.4636979010e-11   8.0360358913e-14   2.8678558013e-04   5.0128442012e-01   1.7549887238e-02   5.1307174480e-02   6.1317121390e-10   4.2841109153e-05   6.3262065778e-13   2.3218820034e-01
   7.2000000000e-01   6.4449579538e-01   5.3970474686e+02  -3.3816691412e+06   8.9330377766e-02   4.3327830533e-01   2.0459824233e+04   1.6209926215e-04   6.3084284445e-11   1.4053689324e-14   3.8168651842e-03   7.5359784881e-11   2.3370611034e-02   7.1315433764e-08   2.3719963390e-11   5.2292993888e-14   2.7206002210e-04   5.1474637377e-01   1.6671243584e-02   4.9126423886e-02   4.6228030992e-10   4.0843975777e-05   4.2216792364e-13   2.2029851085e-01
   7.3600000000e-01   6.6195988575e-01   5.2381391459e+02  -3.4534839840e+06   8.4943087131e-02   4.4223855087e-01   1.4284967875e+04   1.5165134923e-04   4.1567919274e-11   6.7635371703e-15   3.5754864472e-03   5.6645685429e-11   2.2070946141e-02   5.5832296465e-08   1.6019560223e-11   3.3620287966e-14   2.5727531267e-04   5.2811919231e-01   1.5787535473e-02   4.6932954168e-02   3.4509571804e-10   3.8876024748e-05   2.7656332867e-13   2.0839064968e-01
   7.5200000000e-01   6.7954291529e-01   5.0816489395e+02  -3.5253276176e+06   8.0533232964e-02   4.5159495710e-01   9.8068669579e+03   1.4108282826e-04   2.6887612132e-11   3.1963515583e-15   3.3400969113e-03   4.2154564812e-11   2.0768894465e-02   4.3371754747e-08   1.0663577612e-11   2.1338363489e-14   2.4242929021e-04   5.4138267935e-01   1.4898837011e-02   4.4724418659e-02   2.5488311247e-10   3.6931470678e-05   1.7763498427e-13   1.9646079491e-01
   7.6800000000e-01   6.9725327364e-01   4.9274971803e+02  -3.5972012983e+06   7.6098467253e-02   4.6137580638e-01   6.6156205593e+03   1.3042687572e-04   1.7047564955e-11   1.4867706361e-15   3.1100741671e-03   3.1000612189e-11   1.9464776022e-02   3.3412230998e-08   6.9916125226e-12   1.3355421411e-14   2.2752034889e-04   5.5451377728e-01   1.4005168974e-02   4.2498095381e-02   1.8608749643e-10   3.5004500277e-05   1.1170002547e-13   1.8450468754e-01
   7.8400000000e-01   7.1510191428e-01   4.7756300376e+02  -3.6691067178e+06   7.1635866517e-02   4.7160940194e-01   4.3823822586e+03   1.1971872666e-04   1.0576325257e-11   6.8242863170e-16   2.8848284063e-03   2.2483071453e-11   1.8158852944e-02   2.5508681710e-08   4.5112992705e-12   8.2312352696e-15   2.1254718103e-04   5.6748597294e-01   1.3106493976e-02   4.0250800870e-02   1.3416025975e-10   3.3089173606e-05   6.8649692760e-14   1.7251755780e-01
   8.0000000000e-01   7.3310293680e-01   4.6260228460e+02  -3.7410460836e+06   6.7141805274e-02   4.8232325269e-01   2.8487945994e+03   1.0899616020e-04   6.4075121988e-12   3.0982098102e-16   2.6637975195e-03   1.6043863441e-11   1.6851323652e-02   1.9284079100e-08   2.8614142537e-12   4.9857999499e-15   1.9750854489e-04   5.8026856553e-01   1.2202709557e-02   3.7978775904e-02   9.5403156877e-11   3.1179302143e-05   4.1157559470e-14   1.6049402973e-01
   8.1600000000e-01   7.5127436368e-01   4.4786841505e+02  -3.8130222242e+06   6.2611781129e-02   4.9354289349e-01   1.8160890457e+03   9.8300106378e-05   3.7818302740e-12   1.3932305602e-16   2.4464421278e-03   1.1235910934e-11   1.5542313734e-02   1.4421226865e-08   1.7812858441e-12   2.9602089693e-15   1.8240304408e-04   5.9282574546e-01   1.1293638199e-02   3.5677529089e-02   6.6830729393e-11   2.9268290260e-05   2.4017839848e-14   1.4842799127e-01
   8.3200000000e-01   7.6963920015e-01   4.3336606321e+02  -3.8850387249e+06   5.8040167039e-02   5.0529019737e-01   1.1345864866e+03   8.7675422198e-05   2.1685966718e-12   6.2040437715e-17   2.2322402243e-03   7.6994965194e-12   1.4231861951e-02   1.0655082933e-08   1.0859689433e-12   1.7167163760e-15   1.6722889831e-04   6.0511541819e-01   1.0379012709e-02   3.3341616957e-02   4.6051060012e-11   2.7348920288e-05   1.3608171211e-14   1.3631241079e-01
   8.4800000000e-01   7.8822691796e-01   4.1910431722e+02  -3.9571001119e+06   5.3419854887e-02   5.1758097425e-01   6.9405808745e+02   7.7171879072e-05   1.2042533018e-12   2.7285566459e-17   2.0206809773e-03   5.1445881247e-12   1.2919898630e-02   7.7656872969e-09   6.4643302223e-13   9.6791819993e-16   1.5198367805e-04   6.1708771016e-01   9.4584548048e-03   3.0964329573e-02   3.1163607052e-11   2.5413051951e-05   7.4641104605e-15   1.2413907476e-01
   8.6400000000e-01   8.0707558889e-01   4.0509743380e+02  -4.0292120996e+06   4.8741726619e-02   5.3042156903e-01   4.1520514431e+02   6.6845452322e-05   6.4513018314e-13   1.1790149981e-17   1.8112569146e-03   3.3375561427e-12   1.1606212056e-02   5.5717392160e-09   3.7414139316e-13   5.2731067215e-16   1.3666395963e-04   6.2868304778e-01   8.5314429258e-03   2.8537226185e-02   2.0672362040e-11   2.3451184210e-05   3.9496315476e-15   1.1189819848e-01
   8.8000000000e-01   8.2623505301e-01   3.9136576228e+02  -4.1013819312e+06   4.3993838832e-02   5.4380405215e-01   2.4236982107e+02   5.6760064063e-05   3.3183390985e-13   4.9662390622e-18   1.6034531896e-03   2.0910704077e-12   1.0290395146e-02   3.9248383163e-09   2.0932577264e-13   2.7530190907e-16   1.2126482644e-04   6.3982964395e-01   7.5972621496e-03   2.6049421473e-02   1.3412383022e-11   2.1451786637e-05   2.0075325796e-15   9.9577824094e-02
   8.9600000000e-01   8.4577180771e-01   3.7793688783e+02  -4.1736188493e+06   3.9160115095e-02   5.5769940420e-01   1.3748510134e+02   4.6989994129e-05   1.6290292064e-13   2.0182043956e-18   1.3967316620e-03   1.2562525136e-12   8.9717596510e-03   2.7043761691e-09   1.1228116941e-13   1.3619610310e-16   1.0577908598e-04   6.5044018391e-01   6.6549235424e-03   2.3486441908e-02   8.4878038388e-12   1.9400230565e-05   9.7464961525e-16   8.7162854439e-02
   9.1200000000e-01   8.6577692271e-01   3.6484698444e+02  -4.2459347554e+06   3.4218130274e-02   5.7204788270e-01   7.5202755332e+01   3.7623344092e-05   7.5707285549e-14   7.8088627158e-19   1.1905053643e-03   7.1638825367e-13   7.6491871521e-03   1.8130400992e-09   5.7053565644e-14   6.2815708691e-17   9.0195951397e-05   6.6040739719e-01   5.7030281058e-03   2.0828291672e-02   5.2195788417e-12   1.7276979358e-05   4.4841336123e-16   7.4633425332e-02
   9.2800000000e-01   8.8637966217e-01   3.5214226525e+02  -4.3183451264e+06   2.9135096439e-02   5.8674541045e-01   3.9092629928e+01   2.8767278642e-05   3.2910229592e-14   2.8257860735e-19   9.8409407840e-04   3.8169716899e-13   6.3208612373e-03   1.1728809934e-09   2.6964250054e-14   2.6334854659e-17   7.4498659396e-05   6.6959803078e-01   4.7395225837e-03   1.8045945339e-02   3.1014888983e-12   1.5054294253e-05   1.9313992707e-16   6.1961984748e-02
   9.4400000000e-01   9.0777296539e-01   3.3987989450e+02  -4.3908702480e+06   2.3859902688e-02   6.0162461898e-01   1.8777597985e+01   2.0556477419e-05   1.3117382434e-14   9.3024765790e-20   7.7663938917e-04   1.8481473089e-13   4.9837434535e-03   7.2187808038e-10   1.1499271342e-14   9.6043669876e-18   5.8659790342e-05   6.7784449702e-01   3.7612236009e-03   1.5094379156e-02   1.7631714704e-12   1.2689649781e-05   7.6266934144e-17   4.9107601844e-02
   9.6000000000e-01   9.3026717117e-01   3.2812569031e+02  -4.4635366318e+06   1.8305195301e-02   6.1643000526e-01   7.8542740346e+00   1.3168016702e-05   4.6111301064e-15   2.6423186329e-20   5.6692057948e-04   7.6782910497e-14   3.6324210183e-03   4.1089850028e-10   4.1831131278e-15   2.7863017952e-18   4.2630941572e-05   6.8493305116e-01   2.7627738234e-03   1.1896832443e-02   9.3912434570e-13   1.0110742784e-05   2.6481178480e-17   3.6003488494e-02
   9.7600000000e-01   9.5442640304e-01   3.1693637159e+02  -4.5363772244e+06   1.2298539615e-02   6.3079470539e-01   2.4488735734e+00   6.8509350718e-06   1.2988399569e-15   5.6571938100e-21   3.5287428658e-04   2.3475946810e-14   2.2560685317e-03   2.0082433228e-10   1.1425082924e-15   5.0838598650e-19   2.6315473739e-05   6.9058691092e-01   1.7338958936e-03   8.3017242547e-03   4.4260414659e-13   7.1740352848e-06   7.2950830307e-18   2.2524204868e-02
   9.9200000000e-01   9.8154586757e-01   3.0625184532e+02  -4.6094192610e+06   5.3987374467e-03   6.4429482289e-01   2.7767341679e-01   1.9949052066e-06   1.9925488781e-16   4.9822704721e-22   1.2988160689e-04   2.5497043438e-15   8.2749758461e-04   5.8967762428e-11   1.4030762374e-16   1.9602462388e-20   9.4705889397e-06   6.9444550114e-01   6.4953967082e-04   3.9197052861e-03   1.4215130743e-13   3.5058984241e-06   1.0969223712e-18   8.3682258382e-03
   1.0000000000e+00   1.0000000000e+00   3.0000000000e+02  -4.6458568819e+06   0.0000000000e+00   6.5169855213e-01   0.0000000000e+00   0.0000000000e+00   0.0000000000e+00   0.0000000000e+00   0.0000000000e+00   0.0000000000e+00   0.0000000000e+00   0.0000000000e+00   0.0000000000e+00   0.0000000000e+00   0.0000000000e+00   1.0000000000e+00   0.0000000000e+00   0.0000000000e+00   0.0000000000e+00   0.0000000000e+00   0.0000000000e+00   0.0000000000e+00