# L (m)  = 1
# P (Pa) = 101325
#             001_x           002_mixf              003_T              004_h             005_pv        006_density        007_hr             008_H2              009_H              010_O             011_O2             012_OH            013_H2O            014_HO2            015_CH2         016_CH2(S)            017_CH3            018_CH4             019_CO            020_CO2            021_HCO           022_CH2O          023_CH2OH             024_N2
                  0   0.0000000000e+00   3.0000000000e+02   1.9075768848e+03   0.0000000000e+00   1.1719839921e+00   0.0000000000e+00   0.0000000000e+00   0.0000000000e+00   0.0000000000e+00   2.3300000000e-01   0.0000000000e+00   0.0000000000e+00   0.0000000000e+00   0.0000000000e+00   0.0000000000e+00   0.0000000000e+00   0.0000000000e+00   0.0000000000e+00   0.0000000000e+00   0.0000000000e+00   0.0000000000e+00   0.0000000000e+00   7.6700000000e-01
   2.0000000000e-03   8.3044284214e-04   3.5536285044e+02  -1.9227664114e+04   8.1922036076e-03   9.9112330491e-01   1.0220998399e+03   2.6893324001e-08   2.4035493634e-14   3.5745774271e-15   2.2874560750e-01   4.8470718828e-10   6.1646644475e-04   7.1527132738e-07   5.6646880560e-14   3.6841873344e-15   2.5725809755e-06   6.1103401769e-04   5.6600727853e-04   7.0097029910e-03   1.1546465944e-13   1.2162986208e-05   1.5684315806e-17   7.4704877946e-01
   6.0000000000e-03   4.0631753099e-03   4.0699710737e+02  -5.5266885613e+04   1.7270286293e-02   8.6556566793e-01   4.2770223104e+03   7.5970401698e-08   3.7247341449e-13   2.5517906861e-14   2.2286282610e-01   1.8802291414e-09   1.4490838413e-03   1.1626513582e-06   5.2449985804e-13   3.8646921038e-14   7.2832479920e-06   2.2139301708e-03   1.4179667448e-03   1.4403159737e-02   1.1992011008e-12   2.9299164645e-05   3.2353306535e-16   7.4519059349e-01
   1.0000000000e-02   7.1187908854e-03   4.4165273012e+02  -8.9218824797e+04   2.4177248589e-02   7.9730407399e-01   8.4207827580e+03   1.3663088844e-07   1.3867374425e-12   7.8189126023e-14   2.1786190149e-01   3.5705295205e-09   2.1826282935e-03   1.4171841598e-06   1.4763678544e-12   1.1528367327e-13   1.1751938557e-05   3.9693731610e-03   2.1571096237e-03   1.9837374041e-02   3.6422441430e-12   4.3197770484e-05   1.4214193650e-15   7.4290610151e-01
   1.4000000000e-02   1.0091958266e-02   4.6740456232e+02  -1.2215924895e+05   2.9933018925e-02   7.5279937183e-01   1.3203846381e+04   2.0584141239e-07   3.1444589340e-12   1.7248007147e-13   2.1337748328e-01   5.2552537277e-09   2.8567102618e-03   1.5867436468e-06   2.8218201830e-12   2.2727490130e-13   1.6035532083e-05   5.8223240563e-03   2.8251059054e-03   2.4250996917e-02   7.3527342903e-12   5.5181026669e-05   3.6481429139e-15   7.4043639949e-01
   1.8000000000e-02   1.3018303142e-02   4.8739645901e+02  -1.5450089025e+05   3.4936872657e-02   7.2121073542e-01   1.8399169993e+04   2.8179083284e-07   5.5107528491e-12   3.1186969960e-13   2.0925452161e-01   6.7666886521e-09   3.4877229638e-03   1.7077850250e-06   4.4323299355e-12   3.6296040924e-13   2.0167488765e-05   7.7480111068e-03   3.4408517601e-03   2.8008016142e-02   1.2050358605e-11   6.5820004448e-05   7.0792467569e-15   7.3785986778e-01
   2.2000000000e-02   1.5915785476e-02   5.0325486554e+02  -1.8644476808e+05   3.9394940989e-02   6.9768643274e-01   2.3797621888e+04   3.6328759158e-07   8.2596616206e-12   4.8968045744e-13   2.0540772023e-01   8.0338437951e-09   4.0846895389e-03   1.7972640026e-06   6.1891887958e-12   5.1080266738e-13   2.4169909398e-05   9.7322665586e-03   4.0152126154e-03   3.1294675547e-02   1.7421302303e-11   7.5427942107e-05   1.1582781005e-14   7.3521258993e-01
   2.6000000000e-02   1.8794988990e-02   5.1596188044e+02  -2.1810026822e+05   4.3430851251e-02   6.7964376633e-01   2.9226849263e+04   4.4948702946e-07   1.1160230433e-11   6.9084357652e-13   2.0178327332e-01   9.0423309490e-09   4.6533466281e-03   1.8646279595e-06   7.9984998716e-12   6.6142874389e-13   2.8058503293e-05   1.1765897546e-02   4.5552767606e-03   3.4221778375e-02   2.3184730913e-11   8.4201814239e-05   1.6910494062e-14   7.3251445929e-01
   3.0000000000e-02   2.1662786567e-02   5.2616546354e+02  -2.4953597530e+05   4.7126066662e-02   6.6555587635e-01   3.4553679466e+04   5.3975778476e-07   1.4017750724e-11   8.9630067678e-13   1.9834423221e-01   9.8064668719e-09   5.1976753307e-03   1.9158101886e-06   9.7915961081e-12   8.0795770333e-13   3.1845016763e-05   1.3842450022e-02   5.0660458541e-03   3.6861805720e-02   2.9110717621e-11   9.2276826527e-05   2.2771341386e-14   7.2977773861e-01
   3.4000000000e-02   2.4523946811e-02   5.3432206142e+02  -2.8079718570e+05   5.0537851536e-02   6.5444930241e-01   3.9679720844e+04   6.3360914698e-07   1.6686891916e-11   1.0875741164e-12   1.9506371093e-01   1.0352965132e-08   5.7206060961e-03   1.9548670696e-06   1.1520730849e-11   9.4568699016e-13   3.5538568992e-05   1.5957140707e-02   5.5512434879e-03   3.9265368343e-02   3.5018463613e-11   9.9751613824e-05   2.8879008623e-14   7.2701058750e-01
   3.8000000000e-02   2.7381941102e-02   5.4077022334e+02  -3.1191341948e+05   5.3708405385e-02   6.4566638301e-01   4.4535801875e+04   7.3064803956e-07   1.9071117118e-11   1.2500815037e-12   1.9192130370e-01   1.0712329631e-08   6.2243891688e-03   1.9847500880e-06   1.3154252654e-11   1.0716364430e-12   3.9146449339e-05   1.8106281399e-02   6.0137520608e-03   4.1469533507e-02   4.0769034379e-11   1.0670142807e-04   3.4978839219e-14   7.2421874776e-01
   4.2000000000e-02   3.0239390150e-02   5.4577292525e+02  -3.4290117373e+05   5.6669965294e-02   6.3874032499e-01   4.9077314306e+04   8.3055191803e-07   2.1117003578e-11   1.3748472711e-12   1.8890101866e-01   1.0914802759e-08   6.7108082961e-03   2.0077097868e-06   1.4672733887e-11   1.1841447810e-12   4.2674622591e-05   2.0286941047e-02   6.4558700395e-03   4.3502456407e-02   4.6258662044e-11   1.1318567778e-04   4.0861824889e-14   7.2140643696e-01
   4.6000000000e-02   3.3098329591e-02   5.4954513536e+02  -3.7376307397e+05   5.9447869169e-02   6.3332260087e-01   5.3281126029e+04   9.3305055319e-07   2.2807849213e-11   1.4588786088e-12   1.8599000149e-01   1.0988871184e-08   7.1813128066e-03   2.0255249072e-06   1.6066420770e-11   1.2825793030e-12   4.6128064637e-05   2.2496733625e-02   6.8794738114e-03   4.5386149501e-02   5.1414969899e-11   1.1925254661e-04   4.6372062194e-14   7.1857686075e-01
   5.0000000000e-02   3.5960376719e-02   5.5227504864e+02  -4.0448301718e+05   6.2062499295e-02   6.2913538177e-01   5.7144278970e+04   1.0379130237e-06   2.4158470359e-11   1.5046788026e-12   1.8317770497e-01   1.0961175219e-08   7.6371034637e-03   2.0396405701e-06   1.7333989348e-11   1.3671674921e-12   4.9510993124e-05   2.4733677886e-02   7.2861246797e-03   4.7138233239e-02   5.6197095189e-11   1.2494197579e-04   5.1412376945e-14   7.1573252499e-01
   5.4000000000e-02   3.8826839384e-02   5.5414404470e+02  -4.3501617049e+05   6.4530574974e-02   6.2593498481e-01   6.0684545444e+04   1.1449376105e-06   2.5211740231e-11   1.5193473463e-12   1.8045532385e-01   1.0857169843e-08   8.0791905524e-03   2.0512552735e-06   1.8482464895e-11   1.4389404013e-12   5.2827030913e-05   2.6996099768e-02   7.6771427256e-03   4.8773096759e-02   6.0600299098e-11   1.3028768230e-04   5.5951323236e-14   7.1287543565e-01
   5.8000000000e-02   4.1698788787e-02   5.5534815692e+02  -4.6527303367e+05   6.6866045715e-02   6.2347897351e-01   6.3942673593e+04   1.2539431389e-06   2.6036634913e-11   1.5136060278e-12   1.7781539643e-01   1.0702118332e-08   8.5084342249e-03   2.0613767106e-06   1.9528052511e-11   1.4997650785e-12   5.6079324033e-05   2.9282561171e-02   8.0536595238e-03   5.0302698023e-02   6.4665272106e-11   1.3531857660e-04   6.0033250446e-14   7.1000723219e-01
   6.2000000000e-02   4.4577108084e-02   5.5612067137e+02  -4.9509926653e+05   6.9080732253e-02   6.2149507671e-01   6.6985614446e+04   1.3647605405e-06   2.6727098434e-11   1.5009866905e-12   1.7525151307e-01   1.0522073339e-08   8.9255730708e-03   2.0708570519e-06   2.0497482938e-11   1.5524277226e-12   5.9270628503e-05   3.1591804430e-02   8.4166571197e-03   5.1737137302e-02   6.8491344483e-11   1.4005979909e-04   6.3791036613e-14   7.0712927970e-01
   6.6000000000e-02   4.7462523864e-02   5.5675044215e+02  -5.2425809305e+05   7.1184798664e-02   6.1965696321e-01   6.9909272327e+04   1.4772241410e-06   2.7400853524e-11   1.4973660640e-12   1.7275809786e-01   1.0344540042e-08   9.3312446077e-03   2.0804135828e-06   2.1429399855e-11   1.6007161236e-12   6.2403374697e-05   3.3922706629e-02   8.7669974636e-03   5.3085079368e-02   7.2251053636e-11   1.4453349400e-04   6.7458787910e-14   7.0424273417e-01
   7.0000000000e-02   5.0355625304e-02   5.5758812812e+02  -5.5242467869e+05   7.3187107160e-02   6.1757578956e-01   7.2839376698e+04   1.5911628303e-06   2.8197412436e-11   1.5210489576e-12   1.7033024125e-01   1.0198702827e-08   9.7260005904e-03   2.0906384122e-06   2.2375478591e-11   1.6494634467e-12   6.5479716823e-05   3.6274240237e-02   9.1054451302e-03   5.4354070276e-02   7.6203059349e-11   1.4875939360e-04   7.1381859099e-14   7.0134858893e-01
   7.4000000000e-02   5.3256874699e-02   5.5904637240e+02  -5.7918612579e+05   7.5095486024e-02   6.1480236865e-01   7.5931921547e+04   1.7063916491e-06   2.9274641262e-11   1.5936175504e-12   1.6796357102e-01   1.0115470530e-08   1.0110318919e-02   2.1020000968e-06   2.3401033530e-11   1.7045683240e-12   6.8501571612e-05   3.8645438804e-02   9.4326849374e-03   5.5550775776e-02   8.0706707629e-11   1.5275525345e-04   7.6030062502e-14   6.9844770737e-01
   7.8000000000e-02   5.6166609819e-02   5.6164037522e+02  -6.0399380191e+05   7.6916941567e-02   6.1079190679e-01   7.9381204846e+04   1.8227024299e-06   3.0801953901e-11   1.7415585523e-12   1.6565414800e-01   1.0127615170e-08   1.0484612278e-02   2.1148394501e-06   2.4583144150e-11   1.7730150394e-12   7.1470647228e-05   4.1035363335e-02   9.7493362288e-03   5.6681170358e-02   8.6259668401e-11   1.5653719721e-04   8.2039807267e-14   6.9554084637e-01
   8.2000000000e-02   5.9085031268e-02   5.6614910525e+02  -6.2597279283e+05   7.8657851553e-02   6.0475370877e-01   8.3449918819e+04   1.9398476911e-06   3.2943219661e-11   1.9977493513e-12   1.6339836989e-01   1.0268446928e-08   1.0849230753e-02   2.1293600945e-06   2.5998218825e-11   1.8626016865e-12   7.4388457193e-05   4.3443057071e-02   1.0055965827e-02   5.7750715125e-02   9.3599246986e-11   1.6012005345e-04   9.0322729383e-14   6.9262867472e-01
   8.6000000000e-02   6.2012173156e-02   5.7369798470e+02  -6.4381198924e+05   8.0324144151e-02   5.9562683772e-01   8.8498729025e+04   2.0575178475e-06   3.5813536205e-11   2.3992602386e-12   1.6119288024e-01   1.0561878141e-08   1.1204459935e-02   2.1456109539e-06   2.7689234209e-11   1.9800666409e-12   7.7256329726e-05   4.5867485647e-02   1.0353100056e-02   5.8764526642e-02   1.0379282493e-10   1.6351764630e-04   1.0212120001e-13   6.8971178603e-01
   9.0000000000e-02   6.4947943128e-02   5.8439030015e+02  -6.5734818308e+05   8.1921254903e-02   5.8357156403e-01   9.4746200824e+04   2.1753709146e-06   3.9403523878e-11   2.9748199358e-12   1.5903458016e-01   1.0994553774e-08   1.1550548091e-02   2.1634622479e-06   2.9646422402e-11   2.1258159777e-12   8.0075506083e-05   4.8307576907e-02   1.0641224545e-02   5.9727306895e-02   1.1758335501e-10   1.6674234598e-04   1.1818319093e-13   6.8679068931e-01
   9.4000000000e-02   6.7892301064e-02   5.9629167274e+02  -6.6881396355e+05   8.3453810825e-02   5.7078157259e-01   1.0189517946e+05   2.2931466604e-06   4.3561389662e-11   3.7302461178e-12   1.5692077471e-01   1.1505580418e-08   1.1887771374e-02   2.1826226504e-06   3.1816461184e-11   2.2908940391e-12   8.2847324386e-05   5.0762439907e-02   1.0920768533e-02   6.0642977772e-02   1.3440757989e-10   1.6980392431e-04   1.3772548786e-13   6.8386578918e-01
   9.8000000000e-02   7.0845360567e-02   6.0798783274e+02  -6.7988980266e+05   8.4925591207e-02   5.5867326376e-01   1.0953172370e+05   2.4107146703e-06   4.8094570345e-11   4.6549769721e-12   1.5484919622e-01   1.2031051671e-08   1.2216451522e-02   2.2027273836e-06   3.4103905772e-11   2.4639775251e-12   8.5573231069e-05   5.3231471985e-02   1.1192103661e-02   6.1514625309e-02   1.5340374647e-10   1.7270965794e-04   1.5964182399e-13   6.8093740312e-01
   1.0200000000e-01   7.3807317774e-02   6.1907235895e+02  -6.9109496082e+05   8.6339827255e-02   5.4755574041e-01   1.1739826276e+05   2.5280150202e-06   5.2837626227e-11   5.7319779573e-12   1.5281786470e-01   1.2530067851e-08   1.2536918344e-02   2.2234067806e-06   3.6417896042e-11   2.6368028441e-12   8.8254658421e-05   5.5714245359e-02   1.1455561252e-02   6.2344819644e-02   1.7407699609e-10   1.7546546286e-04   1.8320376274e-13   6.7800579736e-01
   1.0600000000e-01   7.6778379716e-02   6.2948094569e+02  -7.0254687936e+05   8.7699415811e-02   5.3739959264e-01   1.2534312835e+05   2.6450092695e-06   5.7663023801e-11   6.9406913616e-12   1.5082498423e-01   1.2982031078e-08   1.2849483818e-02   2.2443132241e-06   3.8699151987e-11   2.8044855506e-12   9.0892955508e-05   5.8210403685e-02   1.1711445016e-02   6.3135841968e-02   1.9617102778e-10   1.7807660682e-04   2.0792918098e-13   6.7507120665e-01
   1.1000000000e-01   7.9758741308e-02   6.3923714537e+02  -7.1425595266e+05   8.9007001706e-02   5.2810656952e-01   1.3327059243e+05   2.7616649763e-06   6.2475322933e-11   8.2577624190e-12   1.4886890145e-01   1.3378950910e-08   1.3154436502e-02   2.2651289800e-06   4.0915694335e-11   2.9644671232e-12   9.3489377100e-05   6.0719625833e-02   1.1960036390e-02   6.3889767149e-02   2.1954625154e-10   1.8054795567e-04   2.3347355137e-13   6.7213384190e-01
   1.1400000000e-01   8.2748580121e-02   6.4838629812e+02  -7.2620301725e+05   9.0265016600e-02   5.1957367482e-01   1.4111644759e+05   2.8779515750e-06   6.7202882477e-11   9.6574958547e-12   1.4694808544e-01   1.3719697061e-08   1.3452042257e-02   2.2855667299e-06   4.3052792074e-11   3.1155803197e-12   9.6045088956e-05   6.3241613936e-02   1.2201597358e-02   6.4608499034e-02   2.4412186849e-10   1.8288406945e-04   2.5957845341e-13   6.6919389404e-01
   1.1800000000e-01   8.5748055974e-02   6.5697709304e+02  -7.3836143680e+05   9.1475704525e-02   5.1170789739e-01   1.4883521107e+05   2.9938392322e-06   7.1790370184e-11   1.1112251539e-11   1.4506111409e-01   1.4006503842e-08   1.3742546288e-02   2.3053673704e-06   4.5105291978e-11   3.2574295785e-12   9.8561175629e-05   6.5776088359e-02   1.2436372449e-02   6.5293791949e-02   2.6984645376e-10   1.8508925367e-04   2.8604144549e-13   6.6625153684e-01
   1.2200000000e-01   8.8757311907e-02   6.6505591746e+02  -7.5070420474e+05   9.2641141932e-02   5.0442868916e-01   1.5639276286e+05   3.1092985720e-06   7.6192634120e-11   1.2592640339e-11   1.4320666327e-01   1.4242966786e-08   1.4026175317e-02   2.3242969750e-06   4.7072671205e-11   3.3900062227e-12   1.0103864799e-04   6.8322784975e-02   1.2664590381e-02   6.5947266936e-02   2.9668146708e-10   1.8716759351e-04   3.1269504874e-13   6.6330692899e-01
   1.2600000000e-01   9.1776475479e-02   6.7266518764e+02  -7.6320632129e+05   9.3763254595e-02   4.9766719298e-01   1.6376159164e+05   3.2243006417e-06   8.0369790618e-11   1.4067344656e-11   1.4138349765e-01   1.4432838710e-08   1.4303139562e-02   2.3421437382e-06   4.8955656468e-11   3.5134317579e-12   1.0347844994e-04   7.0881453314e-02   1.2886465475e-02   6.6570425257e-02   3.2459032001e-10   1.8912297946e-04   3.3938884047e-13   6.6036021602e-01
   1.3000000000e-01   9.4805660188e-02   6.7984215452e+02  -7.7584665439e+05   9.4843832190e-02   4.9136535287e-01   1.7091637693e+05   3.3388169892e-06   8.4283291603e-11   1.5502372430e-11   1.3959046263e-01   1.4579079745e-08   1.4573634512e-02   2.3587152623e-06   5.0753127882e-11   3.6277263862e-12   1.0588146459e-04   7.3451855268e-02   1.3102198907e-02   6.7164659954e-02   3.5352414364e-10   1.9095912742e-04   3.6596634554e-13   6.5741153177e-01
   1.3400000000e-01   9.7844968314e-02   6.8660142303e+02  -7.8863102028e+05   9.5884540039e-02   4.8548677023e-01   1.7781948400e+05   3.4528203215e-06   8.7892947743e-11   1.6859542792e-11   1.3782647793e-01   1.4682642728e-08   1.4837842767e-02   2.3738364334e-06   5.2458369487e-11   3.7324639245e-12   1.0824852109e-04   7.6033765802e-02   1.3311979743e-02   6.7731264708e-02   3.8335625835e-10   1.9267959211e-04   3.9220353121e-13   6.5446099969e-01
   1.3800000000e-01   1.0089450222e-01   6.9284608884e+02  -8.0170987077e+05   9.6886924066e-02   4.8007578909e-01   1.8436357039e+05   3.5662882717e-06   9.1156044149e-11   1.8094934949e-11   1.3609053539e-01   1.4740954438e-08   1.5095937256e-02   2.3873488727e-06   5.4055873587e-11   3.8261953702e-12   1.1058040557e-04   7.8626983924e-02   1.3515985501e-02   6.8271435021e-02   4.1362664274e-10   1.9428776658e-04   4.1763268602e-13   6.5150873458e-01
   1.4200000000e-01   1.0395438592e-01   6.9833764939e+02  -8.1542399057e+05   9.7852409830e-02   4.7527036795e-01   1.9034641681e+05   3.6792104697e-06   9.4032917584e-11   1.9162893923e-11   1.3438170079e-01   1.4748998492e-08   1.5348085665e-02   2.3991156293e-06   5.5523338586e-11   3.9064881942e-12   1.1287787160e-04   8.1231356063e-02   1.3714382230e-02   6.8786262724e-02   4.4338720897e-10   1.9578689079e-04   4.4148569099e-13   6.4855484583e-01
   1.4600000000e-01   1.0702476980e-01   7.0293637638e+02  -8.2999181129e+05   9.8782312789e-02   4.7113467035e-01   1.9562005436e+05   3.7915890306e-06   9.6499241106e-11   2.0029260367e-11   1.3269910878e-01   1.4704826730e-08   1.5594450985e-02   2.4090318662e-06   5.6841953073e-11   3.9716096796e-12   1.1514163322e-04   8.3846779888e-02   1.3907325332e-02   6.9276744883e-02   4.7178641602e-10   1.9718012459e-04   4.6314517819e-13   6.4559944018e-01
   1.5000000000e-01   1.1010580755e-01   7.0669556732e+02  -8.4537754349e+05   9.9677861598e-02   4.6760482390e-01   2.0017071549e+05   3.9034297227e-06   9.8552599482e-11   2.0680289362e-11   1.3104194861e-01   1.4612247017e-08   1.5835187442e-02   2.4170313002e-06   5.8006153611e-11   4.0216065251e-12   1.1737234855e-04   8.6473176069e-02   1.4094961289e-02   6.9743809437e-02   4.9849299695e-10   1.9847063301e-04   4.8242687725e-13   6.4264262195e-01
   1.5400000000e-01   1.1319763381e-01   7.0975113257e+02  -8.6143057371e+05   1.0054021677e-01   4.6456983998e-01   2.0406083935e+05   4.0147342467e-06   1.0020945073e-10   2.1120690625e-11   1.2940945210e-01   1.4478748282e-08   1.6070437536e-02   2.4230838680e-06   5.9023460172e-11   4.0578211001e-12   1.1957061400e-04   8.9110460800e-02   1.4277429156e-02   7.0188335341e-02   5.2354016622e-10   1.9966161249e-04   4.9944429117e-13   6.3968449171e-01
   1.5800000000e-01   1.1630035671e-01   7.1224001158e+02  -8.7799267223e+05   1.0137047913e-01   4.6192567046e-01   2.0737212105e+05   4.1254979825e-06   1.0149843459e-10   2.1367163505e-11   1.2780088803e-01   1.4312716279e-08   1.6300332017e-02   2.4271890146e-06   5.9908491798e-11   4.0820869434e-12   1.2173696926e-04   9.1758535774e-02   1.4454861349e-02   7.0611160261e-02   5.4709893643e-10   2.0075627045e-04   5.1442763641e-13   6.3672514527e-01
   1.6200000000e-01   1.1941405977e-01   7.1427464278e+02  -8.9493321415e+05   1.0216969315e-01   4.5958972657e-01   2.1018076674e+05   4.2357108224e-06   1.0245421763e-10   2.1442385613e-11   1.2621556000e-01   1.4121797992e-08   1.6524991330e-02   2.4293685204e-06   6.0677569304e-11   4.0962202291e-12   1.2387190550e-04   9.4417289201e-02   1.4627384053e-02   7.1013082060e-02   5.6935913898e-10   2.0175779249e-04   5.2762338861e-13   6.3376467346e-01
   1.6600000000e-01   1.2253880610e-01   7.1594147378e+02  -9.1215260790e+05   1.0293884953e-01   4.5749983489e-01   2.1255071110e+05   4.3453586021e-06   1.0311309796e-10   2.1370845458e-11   1.2465280488e-01   1.3912315979e-08   1.6744527195e-02   2.4296604225e-06   6.1345764897e-11   4.1018056409e-12   1.2597587291e-04   9.7086599432e-02   1.4795117565e-02   7.1394859407e-02   5.9048634822e-10   2.0266931568e-04   5.3925425037e-13   6.3080316211e-01
   1.7000000000e-01   1.2567464225e-01   7.1730578350e+02  -9.2957695067e+05   1.0367888759e-01   4.5560974632e-01   2.1453363221e+05   4.4544243248e-06   1.0351028073e-10   2.1176364201e-11   1.2311199142e-01   1.3689246197e-08   1.6959043917e-02   2.4281142688e-06   6.1925827996e-11   4.1001483320e-12   1.2804928642e-04   9.9766338404e-02   1.4958176596e-02   7.1757212653e-02   6.1061232074e-10   2.0349390943e-04   5.4950870201e-13   6.2784069227e-01
   1.7400000000e-01   1.2882160173e-01   7.1841690259e+02  -9.4715180010e+05   1.0439069805e-01   4.5388491162e-01   2.1617091968e+05   4.5628891824e-06   1.0367839744e-10   2.0880813333e-11   1.2159251872e-01   1.3456414569e-08   1.7168639466e-02   2.4247875614e-06   6.2428101814e-11   4.0922974239e-12   1.3009253036e-04   1.0245637467e-01   1.5116670585e-02   7.2100825106e-02   6.2983733612e-10   2.0423456336e-04   5.5854242070e-13   6.2487734043e-01
   1.7800000000e-01   1.3197970742e-01   7.1931242183e+02  -9.6483704628e+05   1.0507512577e-01   4.5229924747e-01   2.1749586625e+05   4.6707332356e-06   1.0364684520e-10   2.0503585611e-11   1.2009381458e-01   1.3216740078e-08   1.7373406298e-02   2.4197431269e-06   6.2860846740e-11   4.0790919375e-12   1.3210596194e-04   1.0515657541e-01   1.5270704000e-02   7.2426344740e-02   6.4823575213e-10   2.0489418035e-04   5.6648334407e-13   6.2191317884e-01
   1.8200000000e-01   1.3514897358e-01   7.2002132178e+02  -9.8260305953e+05   1.0573297263e-01   4.5083280175e-01   2.1853558000e+05   4.7779358966e-06   1.0344162685e-10   2.0061507638e-11   1.1861533391e-01   1.2972457969e-08   1.7573431998e-02   2.4130471865e-06   6.3230681281e-11   4.0612082239e-12   1.3408991414e-04   1.0786680782e-01   1.5420376639e-02   7.2734386060e-02   6.6586178269e-10   2.0547557298e-04   5.7343684031e-13   6.1894827574e-01
   1.8600000000e-01   1.3832940727e-01   7.2056625872e+02  -1.0004278579e+06   1.0636500019e-01   4.4947008447e-01   2.1931255149e+05   4.8844762797e-06   1.0308547217e-10   1.9568993963e-11   1.1715655711e-01   1.2725308960e-08   1.7768799804e-02   2.4047679428e-06   6.3543044909e-11   4.0392033799e-12   1.3604469799e-04   1.1058694020e-01   1.5565783905e-02   7.3025532008e-02   6.8275465276e-10   2.0598146238e-04   5.7949037035e-13   6.1598269561e-01
   1.9000000000e-01   1.4152100958e-01   7.2096525034e+02  -1.0182950037e+06   1.0697193230e-01   4.4819885936e-01   2.1984597187e+05   4.9903334477e-06   1.0259809440e-10   1.9038323693e-11   1.1571698853e-01   1.2476705941e-08   1.7959589030e-02   2.3949745444e-06   6.3802685966e-11   4.0135568400e-12   1.3797060458e-04   1.1331684259e-01   1.5707017073e-02   7.3300335861e-02   6.9894355297e-10   2.0641447869e-04   5.8471823891e-13   6.1301649945e-01
   1.9400000000e-01   1.4472377649e-01   7.2123294691e+02  -1.0361920028e+06   1.0755445752e-01   4.4700924849e-01   2.2015298234e+05   5.0954865710e-06   1.0199648037e-10   1.8479972976e-11   1.1429615504e-01   1.2227908105e-08   1.8145875419e-02   2.3837363182e-06   6.4014145628e-11   3.9847174948e-12   1.3986790661e-04   1.1605638725e-01   1.5844163539e-02   7.3559323076e-02   7.1445432288e-10   2.0677716248e-04   5.8918808088e-13   6.1004974499e-01
   1.9800000000e-01   1.4793769944e-01   7.2138160929e+02  -1.0541090572e+06   1.0811323147e-01   4.4589305454e-01   2.2025043340e+05   5.1999150154e-06   1.0129513154e-10   1.7902973634e-11   1.1289360461e-01   1.1980262489e-08   1.8327731425e-02   2.3711221689e-06   6.4181513204e-11   3.9531692945e-12   1.4173685969e-04   1.1880544873e-01   1.5977307053e-02   7.3802993081e-02   7.2933682261e-10   2.0707196695e-04   5.9296615977e-13   6.0708248687e-01
   2.0800000000e-01   1.5601304693e-01   7.2151367491e+02  -1.0989271938e+06   1.0944909254e-01   4.4325369373e-01   2.1989574307e+05   5.4591162370e-06   9.9322742365e-11   1.6433791423e-11   1.0943424989e-01   1.1368718858e-08   1.8771466029e-02   2.3363352706e-06   6.4482179556e-11   3.8663346572e-12   1.4633895814e-04   1.2570155039e-01   1.6300143659e-02   7.4372023735e-02   7.6559165080e-10   2.0764280741e-04   6.0062941235e-13   5.9966573959e-01
   2.2400000000e-01   1.6906673590e-01   7.2017501139e+02  -1.1706236430e+06   1.1123874105e-01   4.3996828308e-01   2.1663458903e+05   5.8564396001e-06   9.5166803986e-11   1.4042421887e-11   1.0416879763e-01   1.0405684679e-08   1.9412450390e-02   2.2622907100e-06   6.4305176757e-11   3.6925899433e-12   1.5325489434e-04   1.3685499384e-01   1.6756921345e-02   7.5063512873e-02   8.1154811062e-10   2.0759956587e-04   6.0350683223e-13   5.8779355766e-01
   2.4000000000e-01   1.8229622833e-01   7.1782027980e+02  -1.2420643461e+06   1.1271419429e-01   4.3728481444e-01   2.1120352146e+05   6.2398909801e-06   9.0426555575e-11   1.1815527128e-11   9.9150539015e-02   9.4906153437e-09   1.9990032775e-02   2.1738220777e-06   6.3593892538e-11   3.4958537734e-12   1.5974155511e-04   1.4814651193e-01   1.7158154358e-02   7.5559767268e-02   8.4793749303e-10   2.0672624416e-04   5.9896824066e-13   5.7591859108e-01
   2.5600000000e-01   1.9569926981e-01   7.1466595538e+02  -1.3131907236e+06   1.1390217064e-01   4.3507169017e-01   2.0405471444e+05   6.6083940185e-06   8.5357820632e-11   9.8286257387e-12   9.4360366544e-02   8.6312973148e-09   2.0507377901e-02   2.0743909696e-06   6.2431211726e-11   3.2845019694e-12   1.6580801036e-04   1.5956952461e-01   1.7507488702e-02   7.5880695641e-02   8.7514953032e-10   2.0513282484e-04   5.7958971413e-13   5.6404289216e-01
   2.7200000000e-01   2.0927326364e-01   7.1079041757e+02  -1.3841070500e+06   1.1482548732e-01   4.3328502603e-01   1.9550533743e+05   6.9609654899e-06   8.0094189103e-11   8.0933005346e-12   8.9781792989e-02   7.8277079712e-09   2.0967272647e-02   1.9669703459e-06   6.0863475918e-11   3.0636076543e-12   1.7146153985e-04   1.7111794575e-01   1.7808104071e-02   7.6043149635e-02   8.9304685260e-10   2.0291523722e-04   5.1339973721e-13   5.5216811650e-01
   2.8800000000e-01   2.2301539197e-01   7.0623742147e+02  -1.4549400809e+06   1.1550381656e-01   4.3190417705e-01   1.8583131560e+05   7.2967121044e-06   7.4715444078e-11   6.5984522688e-12   8.5400469365e-02   7.0781486167e-09   2.1372194699e-02   1.8541205901e-06   5.8929286124e-11   2.8371851800e-12   1.7670800461e-04   1.8278615014e-01   1.8062795989e-02   7.6061529161e-02   9.0153984789e-10   2.0015755881e-04   3.4161222278e-13   5.4029560646e-01
   3.0400000000e-01   2.3692265653e-01   7.0106408052e+02  -1.5257691270e+06   1.1595426196e-01   4.3090204936e-01   1.7530725165e+05   7.6148170772e-06   6.9285883444e-11   5.3265094898e-12   8.1203807970e-02   6.3811541725e-09   2.1724361627e-02   1.7380585437e-06   5.6673066680e-11   2.6090529565e-12   1.8155211840e-04   1.9456888195e-01   1.8274039993e-02   7.5948245524e-02   9.0091056150e-10   1.9693380392e-04   1.0624132780e-13   5.2842644386e-01
   3.2000000000e-01   2.5099189155e-01   6.9533864815e+02  -1.5966309196e+06   1.1619180324e-01   4.3024589609e-01   1.6420177699e+05   7.9145264482e-06   6.3866523962e-11   4.2574711867e-12   7.7180685758e-02   5.7354059658e-09   2.2025769359e-02   1.6206997022e-06   5.4145243721e-11   2.3827952486e-12   1.8599766491e-04   2.0646115233e-01   1.8444042336e-02   7.5714077016e-02   8.9177860318e-10   1.9330933579e-04   8.9827321999e-14   5.1656148317e-01
   3.3600000000e-01   2.6521977889e-01   6.8912956285e+02  -1.6675393560e+06   1.1622964504e-01   4.2990344332e-01   1.5276108646e+05   8.1951391563e-06   5.8515741893e-11   3.3698551945e-12   7.3321209236e-02   5.1394008106e-09   2.2278223996e-02   1.5036838872e-06   5.1398558015e-11   2.1615650949e-12   1.9004767722e-04   2.1845815545e-01   1.8574780544e-02   7.5368445365e-02   8.7497442086e-10   1.8934200926e-04   5.6219429747e-13   5.0470137608e-01
   3.5200000000e-01   2.7960286821e-01   6.8249929254e+02  -1.7384984200e+06   1.1607949354e-01   4.2984625433e-01   1.4119607034e+05   8.4560001246e-06   5.3287252060e-11   2.6415414332e-12   6.9616526602e-02   4.5913285662e-09   2.2483368102e-02   1.3883951366e-06   4.8485332594e-11   1.9479894095e-12   1.9370458368e-04   2.3055520253e-01   1.8668036068e-02   7.4919633369e-02   8.5143342341e-10   1.8508312111e-04   1.2722765272e-12   4.9284659124e-01
   3.6800000000e-01   2.9413760406e-01   6.7550242917e+02  -1.8095082837e+06   1.1575177821e-01   4.3005066554e-01   1.2968274207e+05   8.6964956499e-06   4.8228491076e-11   2.0507388581e-12   6.6058676440e-02   4.0890966203e-09   2.2642702387e-02   1.2759803194e-06   4.5455600385e-11   1.7441532899e-12   1.9697032451e-04   2.4274767410e-01   1.8725420766e-02   7.4374958558e-02   8.2213162841e-10   1.8057821683e-04   1.5061744497e-12   4.8099743168e-01
   3.8400000000e-01   3.0882035431e-01   6.6818579089e+02  -1.8805678070e+06   1.1525583267e-01   4.3049761388e-01   1.1837335015e+05   8.9160500478e-06   4.3379780436e-11   1.5768179510e-12   6.2640463337e-02   3.6304063026e-09   2.2757603841e-02   1.1673678362e-06   4.2356225762e-11   1.5516336132e-12   1.9984644639e-04   2.5503098040e-01   1.8748398849e-02   7.3740913928e-02   7.8804286865e-10   1.7586778364e-04   9.2601728416e-13   4.6915404957e-01
   4.0000000000e-01   3.2364743687e-01   6.6058923794e+02  -1.9516754340e+06   1.1460004183e-01   4.3117210153e-01   1.0740264501e+05   9.1141227854e-06   3.8774062512e-11   1.2008334381e-12   5.9355355487e-02   3.2128306776e-09   2.2829340625e-02   1.0632873626e-06   3.9230379706e-11   1.3715478082e-12   2.0233417590e-04   2.6740052404e-01   1.8738304963e-02   7.3023282117e-02   7.5011325071e-10   1.7098784686e-04   1.1389849236e-13   4.5731645765e-01
   4.1600000000e-01   3.3861514833e-01   6.5274661431e+02  -2.0228295008e+06   1.1379196326e-01   4.3206262803e-01   9.6881919399e+04   9.2902063331e-06   3.4436961651e-11   9.0578493209e-13   5.6197399542e-02   2.8338783584e-09   2.2859084514e-02   9.6429097332e-07   3.6116882065e-11   1.2046058106e-12   2.0443447699e-04   2.7985166811e-01   1.8696359290e-02   7.2227229253e-02   7.0924095725e-10   1.6597048904e-04  -3.6255162644e-14   4.4548453908e-01
   4.3200000000e-01   3.5371979230e-01   6.4468662213e+02  -2.0940283369e+06   1.1283842797e-01   4.3316069127e-01   8.6889642645e+04   9.4438244230e-06   3.0387081868e-11   6.7673505443e-13   5.3161149027e-02   2.4910495757e-09   2.2847921359e-02   8.7077439997e-07   3.3050461600e-11   1.0511690499e-12   2.0614809558e-04   2.9237970516e-01   1.8623680260e-02   7.1357382526e-02   6.6626604260e-10   1.6084430208e-04   6.8033045416e-13   4.3365805529e-01
   4.4800000000e-01   3.6895770715e-01   6.3643357851e+02  -2.1652702965e+06   1.1174562396e-01   4.3446037801e-01   7.7478025609e+04   9.5745305692e-06   2.6636449211e-11   5.0080369055e-13   5.0241603916e-02   2.1818736099e-09   2.2796859856e-02   7.8299683514e-07   3.0061346620e-11   9.1129963607e-13   2.0747559298e-04   3.0497982482e-01   1.8521295254e-02   7.0417894316e-02   6.2196096215e-10   1.5563478006e-04   1.6332867251e-12   4.2183665151e-01
   4.6400000000e-01   3.8432529590e-01   6.2800805989e+02  -2.2365537696e+06   1.1051916610e-01   4.3595803377e-01   6.8679860377e+04   9.6819069749e-06   2.3191072167e-11   3.6709756848e-13   4.7434159476e-02   1.9039259059e-09   2.2706838871e-02   7.0109893138e-07   2.7175179394e-11   7.8480776919e-13   2.0841736994e-04   3.1764708331e-01   1.8390149628e-02   6.9412495690e-02   5.7702206299e-10   1.5036466292e-04   2.0854112228e-12   4.1001986136e-01
   4.8000000000e-01   3.9981905729e-01   6.1942744878e+02  -2.3078771888e+06   1.0916415503e-01   4.3765199900e-01   6.0518073123e+04   9.7655637730e-06   2.0051511610e-11   2.6655127648e-13   4.4734562347e-02   1.6548751302e-09   2.2578733753e-02   6.2511964338e-07   2.4413850706e-11   6.7130386095e-13   2.0897368387e-04   3.3037637219e-01   1.8231114459e-02   6.8344541256e-02   5.3207378105e-10   1.4505423810e-04   1.8324613415e-12   3.9820711019e-01
   4.9600000000e-01   4.1543561611e-01   6.1070639449e+02  -2.3792390328e+06   1.0768522607e-01   4.3954240322e-01   5.3005772612e+04   9.8251384353e-06   1.7213551930e-11   1.9173618551e-13   4.2138872839e-02   1.4324550808e-09   2.2413361649e-02   5.5501246944e-07   2.1794331246e-11   5.7023418433e-13   2.0914465943e-04   3.4316238112e-01   1.8044993080e-02   6.7217046205e-02   4.8765579875e-10   1.3972160471e-04   1.1838676502e-12   3.8639771609e-01
   5.1200000000e-01   4.3117175832e-01   6.0185720716e+02  -2.4506378336e+06   1.0608659016e-01   4.4163100201e-01   4.6144627740e+04   9.8602955002e-06   1.4668843881e-11   1.3665192065e-13   3.9643432775e-02   1.2345116198e-09   2.2211485838e-02   4.9066060000e-07   1.9329769718e-11   4.8092387802e-13   2.0893029259e-04   3.5599956328e-01   1.7832526594e-02   6.6032717428e-02   4.4423861442e-10   1.3438290826e-04   5.5406465310e-13   3.7459089101e-01
   5.2800000000e-01   4.4702446752e-01   5.9289019830e+02  -2.5220721831e+06   1.0437206864e-01   4.4392104889e-01   3.9924493432e+04   9.8707266843e-06   1.2405573570e-11   9.6518452001e-14   3.7244837010e-02   1.0589997967e-09   2.1973819639e-02   4.3189057828e-07   1.7029889293e-11   4.0260880635e-13   2.0833045238e-04   3.6888209576e-01   1.7594398694e-02   6.4793979585e-02   4.0222152414e-10   1.2905254713e-04   1.6137096233e-13   3.6278574031e-01
   5.4400000000e-01   4.6299096158e-01   5.8381396808e+02  -2.5935407403e+06   1.0254512080e-01   4.4641720313e-01   3.4325353769e+04   9.8561511338e-06   1.0409136781e-11   6.7578401548e-14   3.4939909068e-02   9.0397435419e-10   2.1701029437e-02   3.7848429467e-07   1.4900765450e-11   3.3446647815e-13   2.0734487649e-04   3.8180382965e-01   1.7331239604e-02   6.3502995603e-02   3.6193170002e-10   1.2374335259e-04   4.2263057456e-15   3.5098125969e-01
   5.6000000000e-01   4.7906873650e-01   5.7463566030e+02  -2.6650422404e+06   1.0060886683e-01   4.4912545755e-01   2.9320311112e+04   9.8163160821e-06   8.6628327879e-12   4.6920625521e-14   3.2725680017e-02   7.6760260807e-10   2.1393737224e-02   3.3018940703e-07   1.2945210984e-11   2.7564178448e-13   2.0597316312e-04   3.9475824231e-01   1.7043629398e-02   6.2161683887e-02   3.2363392726e-10   1.1846675029e-04  -1.6554920892e-14   3.3917633287e-01
   5.7600000000e-01   4.9525559728e-01   5.6536128144e+02  -2.7365755054e+06   9.8566132986e-02   4.5205301747e-01   2.4877227872e+04   9.7510200813e-06   7.1482825526e-12   3.2318204505e-14   3.0599364850e-02   6.4815918941e-10   2.1052527280e-02   2.8672821931e-07   1.1163256258e-11   2.2526909890e-13   2.0421477002e-04   4.0773836947e-01   1.6732102483e-02   6.0771752202e-02   2.8753134707e-10   1.1323288607e-04   8.2837105940e-15   3.2736972767e-01
   5.9200000000e-01   5.1154972421e-01   5.5599581126e+02  -2.8081394543e+06   9.6419441222e-02   4.5520832404e-01   2.0961231113e+04   9.6600961071e-06   5.8461791695e-12   2.2092388029e-14   2.8558350140e-02   5.4402632914e-10   2.0677943366e-02   2.4780589797e-07   9.5524380713e-12   1.8249117859e-13   2.0206898839e-04   4.2073675041e-01   1.6397148471e-02   5.9334689290e-02   2.5377119596e-10   1.0805075518e-04   3.2146845378e-14   3.1556008955e-01
   6.0800000000e-01   5.2794973428e-01   5.4654336970e+02  -2.8797331155e+06   9.4171015107e-02   4.5860104075e-01   1.7534744034e+04   9.5434102422e-06   4.7367910763e-12   1.4994587096e-14   2.6600180585e-02   4.5369134821e-10   2.0270489118e-02   2.1311744567e-07   8.1081177662e-12   1.4647419618e-13   1.9953492241e-04   4.3374535708e-01   1.6039213666e-02   5.7851768912e-02   2.2244985531e-10   1.0292831598e-04   4.2857758060e-14   3.0374593506e-01
   6.2400000000e-01   5.4445474709e-01   5.3700738301e+02  -2.9513556402e+06   9.1822785570e-02   4.6224204014e-01   1.4558856913e+04   9.4008640934e-06   3.8004006080e-12   1.0108448026e-14   2.4722546346e-02   3.7574355831e-10   1.9830628802e-02   1.8235361349e-07   6.8238159459e-12   1.1642001064e-13   1.9661146774e-04   4.4675550741e-01   1.5658702371e-02   5.6324053533e-02   1.9361772079e-10   9.7872587508e-05   4.3153274370e-14   2.9192564318e-01
   6.4000000000e-01   5.6106445873e-01   5.2739073500e+02  -3.0230063180e+06   8.9376391486e-02   4.6614340061e-01   1.1994043094e+04   9.2323978963e-06   3.0176876454e-12   6.7702185265e-15   2.2923272103e-02   3.0887100899e-10   1.9358787564e-02   1.5520587633e-07   5.6915445186e-12   9.1575394475e-14   1.9329728510e-04   4.5975775893e-01   1.5255977631e-02   5.4752393893e-02   1.6728406067e-10   9.2889733074e-05   3.8341145782e-14   2.8009744348e-01
   6.5600000000e-01   5.7777922953e-01   5.1769591326e+02  -3.0946845941e+06   8.6833175998e-02   4.7031840375e-01   9.8009090101e+03   9.0379942792e-06   2.3700514177e-12   4.5051999051e-15   2.1200307706e-02   2.5185702541e-10   1.8855351121e-02   1.3137055607e-07   4.7021280325e-12   7.1238788663e-14   1.8959076876e-04   4.7274178932e-01   1.4831361488e-02   5.3137425395e-02   1.4342200668e-10   8.7985134221e-05   3.2028981693e-14   2.6825940323e-01
   6.7200000000e-01   5.9460018628e-01   5.0792515222e+02  -3.1663900875e+06   8.4194177619e-02   4.7478152952e-01   7.9408497984e+03   8.8176830497e-06   1.8398710365e-12   2.9779965771e-15   1.9551719951e-02   2.0357665657e-10   1.8320664989e-02   1.1055217390e-07   3.8455094163e-12   5.4764885694e-14   1.8549001042e-04   4.8569625277e-01   1.4385134743e-02   5.1479560204e-02   1.2197343837e-10   8.3163453020e-05   2.5907736675e-14   2.5640941116e-01
   6.8800000000e-01   6.1152934408e-01   4.9808057445e+02  -3.2381226157e+06   8.1460115357e-02   4.7954844528e-01   6.3765950909e+03   8.5715469769e-06   1.4107017711e-12   1.9542834844e-15   1.7975685822e-02   1.6299287245e-10   1.7755032990e-02   9.2466132950e-08   3.1110317286e-12   4.1567101476e-14   1.8099276565e-04   4.9860861156e-01   1.3917536096e-02   4.9778974724e-02   1.0285344428e-10   7.8428684889e-05   2.0552102026e-14   2.4454515842e-01
   7.0400000000e-01   6.2856975275e-01   4.8816434564e+02  -3.3098822057e+06   7.8631367186e-02   4.8463596997e-01   5.0726512889e+03   8.2997290283e-06   1.0674145351e-12   1.2719890263e-15   1.6470486613e-02   1.2915290101e-10   1.7158715158e-02   7.6840794725e-08   2.4877008726e-12   3.1118432756e-14   1.7609640006e-04   5.1146493491e-01   1.3428760711e-02   4.8035591588e-02   8.5954829440e-11   7.3784200810e-05   1.6060319514e-14   2.3266411533e-01
   7.2000000000e-01   6.4572567324e-01   4.7817881953e+02  -3.3816691412e+06   7.5707938730e-02   4.9006202997e-01   3.9956456719e+03   8.0024415140e-06   7.9628251593e-13   8.1997722976e-16   1.5034503248e-02   1.0118457318e-10   1.6531924731e-02   6.3419039024e-08   1.9644232592e-12   2.2950865403e-14   1.7079783125e-04   5.2424964924e-01   1.2918957897e-02   4.6249053661e-02   7.1152354357e-11   6.9232776821e-05   1.2372284120e-14   2.2076350094e-01
   7.3600000000e-01   6.6300279692e-01   4.6812671201e+02  -3.4534839840e+06   7.2689421217e-02   4.9584555970e-01   3.1145815952e+03   7.6799772534e-06   5.8502051710e-13   5.2256660551e-16   1.3666212925e-02   7.8292749510e-11   1.5874823959e-02   5.1959371560e-08   1.5302173576e-12   1.6653613249e-14   1.6509345158e-04   5.3694524084e-01   1.2388227821e-02   4.4418689460e-02   5.8306777202e-11   6.4776613317e-05   9.3895677714e-15   2.0884024640e-01
   7.5200000000e-01   6.8040852038e-01   4.5801128754e+02  -3.5253276176e+06   6.9574935668e-02   5.0200634856e-01   2.4010124685e+03   7.3327233486e-06   4.2278344530e-13   3.2848639287e-16   1.2364186958e-02   5.9755843501e-11   1.5187518489e-02   4.2236634619e-08   1.1743981557e-12   1.1870422756e-14   1.5897903825e-04   5.4953189808e-01   1.1836617053e-02   4.2543467402e-02   4.7268683620e-11   6.0417342320e-05   7.0115442204e-15   1.9689094961e-01
   7.6800000000e-01   6.9795229327e-01   4.4783657108e+02  -3.5972012983e+06   6.6363057707e-02   5.0856480205e-01   1.8291421312e+03   6.9611786953e-06   3.0013051964e-13   2.0312862806e-16   1.1127089734e-02   4.4922439278e-11   1.4470049936e-02   3.4042374197e-08   8.8673386717e-13   8.2961592369e-15   1.5244964216e-04   5.6198706799e-01   1.1264112541e-02   4.0621934052e-02   3.7882082750e-11   5.6156017586e-05   5.1441890907e-15   1.8491181615e-01
   7.8400000000e-01   7.1564606651e-01   4.3760759053e+02  -3.6691067178e+06   6.3051715696e-02   5.1554158341e-01   1.3758591000e+03   6.5659762217e-06   2.0896152322e-13   1.2319254948e-16   9.9536792336e-03   3.3207995818e-11   1.3722385852e-02   2.7184921104e-08   6.5757515541e-13   5.6728728334e-15   1.4549944608e-04   5.7428490490e-01   1.0670633388e-02   3.8652130479e-02   2.9987758108e-11   5.1993084126e-05   3.7019062338e-15   1.7289858126e-01
   8.0000000000e-01   7.3350488152e-01   4.2733066181e+02  -3.7410460836e+06   5.9638053514e-02   5.2295708220e-01   1.0207117798e+03   6.1479108664e-06   1.4243094640e-13   7.3026962525e-17   8.8428094150e-03   2.4091611540e-11   1.2944406104e-02   2.1489228099e-08   4.7795478906e-13   3.7855209035e-15   1.3812158185e-04   5.8639559401e-01   1.0056019802e-02   3.6631479697e-02   2.3426361529e-11   4.7928323836e-05   2.6079558490e-15   1.6084640831e-01
   8.1600000000e-01   7.5154765662e-01   4.1701372658e+02  -3.8130222242e+06   5.6118241707e-02   5.3083064105e-01   7.4583189287e+02   5.7079758511e-06   9.4845770787e-14   4.2153146603e-17   7.7934344181e-03   1.7112817185e-11   1.2135884347e-02   1.6796497660e-08   3.3966375496e-13   2.4575035097e-15   1.3030789141e-04   5.9828450256e-01   9.4200180295e-03   3.4556631355e-02   1.8041231489e-11   4.3960764270e-05   1.7945882703e-15   1.4874975048e-01
   8.3200000000e-01   7.6979825947e-01   4.0666675262e+02  -3.8850387249e+06   5.2487211109e-02   5.3917944634e-01   5.3581368488e+02   5.2474105182e-06   6.1552211817e-14   2.3593738556e-17   6.8046153732e-03   1.1868358394e-11   1.1296462169e-02   1.2963642758e-08   2.3530036998e-13   1.5461473588e-15   1.2204860412e-04   6.0991109826e-01   8.7622593129e-03   3.2423242216e-02   1.3680911034e-11   4.0088533111e-05   1.2029979631e-15   1.3660215649e-01
   8.4800000000e-01   7.8828700504e-01   3.9630221419e+02  -3.9571001119e+06   4.8738271160e-02   5.4801694311e-01   3.7755649052e+02   4.7677635877e-06   3.8816106659e-14   1.2744129305e-17   5.8755307789e-03   8.0089203843e-12   1.0425612194e-02   9.8626125763e-09   1.5829592358e-13   9.3825290883e-16   1.1333189032e-04   6.2122757763e-01   8.0822300732e-03   3.0225661130e-02   1.0201347913e-11   3.6308635264e-05   7.8308658962e-16   1.2439599494e-01
   8.6400000000e-01   8.0705279842e-01   3.8593569693e+02  -4.0292120996e+06   4.4862552524e-02   5.5735053938e-01   2.6007840745e+02   4.2709789056e-06   2.3701287624e-14   6.6062320916e-18   5.0054913630e-03   5.2357458351e-12   9.5225897553e-03   7.3796075460e-09   1.0291867832e-13   5.4580013923e-16   1.0414322828e-04   6.3217710403e-01   7.3792286342e-03   2.7956463155e-02   7.4677547563e-12   3.2616605703e-05   4.9303900331e-16   1.1212204935e-01
   8.8000000000e-01   8.2614630828e-01   3.7558660533e+02  -4.1013819312e+06   4.0848150472e-02   5.6717836389e-01   1.7430911009e+02   3.7595152997e-06   1.3949792099e-14   3.2643719343e-18   4.1939613216e-03   3.2970947391e-12   8.5863574170e-03   5.4142107641e-09   6.4258186537e-14   3.0188973444e-16   9.4464472413e-05   6.4269150255e-01   6.6523001079e-03   2.5605733432e-02   5.3560911038e-12   2.9005953139e-05   2.9873229393e-16   9.9768899052e-02
   8.9600000000e-01   8.4563485520e-01   3.6527893718e+02  -4.1736188493e+06   3.6678750669e-02   5.7748473890e-01   1.1287010645e+02   3.2365183010e-06   7.8672857868e-15   1.5244193297e-18   3.4405894566e-03   1.9845100360e-12   7.6154594489e-03   3.8784604590e-09   3.8192125566e-14   1.5698163433e-16   8.4272423454e-05   6.5268821943e-01   5.9001345404e-03   2.3159920162e-02   3.7541477722e-12   2.5467242481e-05   1.7300891640e-16   8.7321936342e-02
   9.1200000000e-01   8.6561029879e-01   3.5504207470e+02  -4.2459347554e+06   3.2331319595e-02   5.8823383111e-01   6.9850593916e+01   2.7060756594e-06   4.2165143080e-15   6.6486776119e-19   2.7452555383e-03   1.1288707318e-12   6.6078174422e-03   2.6958801429e-09   2.1337877031e-14   7.5478161921e-17   7.3536526405e-05   6.6206625621e-01   5.1208996775e-03   2.0599896399e-02   2.5622217763e-12   2.1986504229e-05   9.4850681049e-17   7.4761726225e-02
   9.2800000000e-01   8.8620257703e-01   3.4491130295e+02  -4.3183451264e+06   2.7771947096e-02   5.9936088523e-01   4.0586924132e+01   2.1736166943e-06   2.1210392677e-15   2.6605639681e-19   2.1081423989e-03   5.9623271236e-13   5.5603776757e-03   1.8004839029e-09   1.0991098215e-14   3.2685336182e-17   6.2214917794e-05   6.7070062644e-01   4.3119479396e-03   1.7897447864e-02   1.6933606930e-12   1.8542283917e-05   4.8493950553e-17   6.2061084495e-02
   9.4400000000e-01   9.0760500087e-01   3.3492703021e+02  -4.3908702480e+06   2.2947642778e-02   6.1076075982e-01   2.1453284554e+01   1.6465758662e-06   9.8083904267e-16   9.4779443433e-20   1.5298546558e-03   2.8348927416e-13   4.4684410047e-03   1.1357672396e-09   5.0535816851e-15   1.2174024590e-17   5.0247045882e-05   6.7843465424e-01   3.4692572747e-03   1.5008297923e-02   1.0731471290e-12   1.5099650574e-05   2.2528941413e-17   4.9179410319e-02
   9.6000000000e-01   9.3012759219e-01   3.2512912600e+02  -4.4635366278e+06   1.7767947814e-02   6.2227554247e-01   9.6709207745e+00   1.1355900756e-06   4.0069657846e-16   2.8293629453e-20   1.0116301988e-03   1.1392677411e-13   3.3242280331e-03   6.5368420986e-10   1.9528477184e-15   3.5508129535e-18   3.7538167045e-05   6.8506903392e-01   2.5862273046e-03   1.1856356886e-02   6.3895393760e-13   1.1596360581e-05   9.0266058515e-18   3.6050282107e-02
   9.7600000000e-01   9.5433270122e-01   3.1553149196e+02  -4.5363772210e+06   1.2055014549e-02   6.3369497659e-01   3.1440145112e+00   6.5690559230e-07   1.3159540827e-16   6.0530924239e-21   5.5575801354e-04   3.2800096089e-14   2.1131948325e-03   3.1358530739e-10   5.5562549608e-16   6.3509585855e-19   2.3920404523e-05   6.9034613354e-01   1.6505672424e-03   8.2905955686e-03   3.3839720324e-13   7.9040984088e-06   2.7341497122e-18   2.2548843853e-02
   9.9200000000e-01   9.8151099422e-01   3.0599217729e+02  -4.6094192579e+06   5.3565491193e-03   6.4486883994e-01   3.3842635239e-01   2.3774638204e-07   2.4572485892e-17   4.5204720105e-22   1.6649769364e-04   3.1109818875e-15   8.0114858152e-04   8.1025713726e-11   7.4547224373e-17   2.2526610372e-20   9.0203202810e-06   6.9393053385e-01   6.3332757396e-04   3.9218352174e-03   1.2551348650e-13   3.6786169891e-06   3.7642449338e-19   8.3747871072e-03
   1.0000000000e+00   1.0000000000e+00   3.0000000000e+02  -4.6458568819e+06   0.0000000000e+00   6.5169855213e-01   0.0000000000e+00   0.0000000000e+00   0.0000000000e+00   0.0000000000e+00   0.0000000000e+00   0.0000000000e+00   0.0000000000e+00   0.0000000000e+00   0.0000000000e+00   0.0000000000e+00   0.0000000000e+00   1.0000000000e+00   0.0000000000e+00   0.0000000000e+00   0.0000000000e+00   0.0000000000e+00   0.0000000000e+00   0.0000000000e+00