# L (m)  = 1
# P (Pa) = 101325
#             001_x           002_mixf              003_T              004_h             005_pv        006_density        007_hr             008_H2              009_H              010_O             011_O2             012_OH            013_H2O            014_HO2            015_CH2         016_CH2(S)            017_CH3            018_CH4             019_CO            020_CO2            021_HCO           022_CH2O          023_CH2OH             024_N2
                  0   0.0000000000e+00   3.0000000000e+02   1.9075768848e+03   0.0000000000e+00   1.1719839921e+00   0.0000000000e+00   0.0000000000e+00   0.0000000000e+00   0.0000000000e+00   2.3300000000e-01   0.0000000000e+00   0.0000000000e+00   0.0000000000e+00   0.0000000000e+00   0.0000000000e+00   0.0000000000e+00   0.0000000000e+00   0.0000000000e+00   0.0000000000e+00   0.0000000000e+00   0.0000000000e+00   0.0000000000e+00   7.6700000000e-01
   2.0000000000e-03   1.1000171070e-03   3.7262647014e+02  -3.6987232236e+04   1.1963274160e-02   9.4578947982e-01   3.4526687727e+03   8.8666491531e-07   1.0606793547e-12   9.3314668559e-09   2.2614242659e-01   7.4227236494e-09   1.4601433631e-03   2.8406880733e-06   2.5488650906e-13   1.7154862126e-14   7.9491919530e-07   5.4757123568e-05   5.1023203283e-04   9.9920120991e-03   4.3790164529e-13   2.3639065799e-06   9.3817969756e-17   7.4986284360e-01
   6.0000000000e-03   4.4921655167e-03   4.6175145723e+02  -9.9198699230e+04   2.8335884526e-02   7.6444295253e-01   1.6376685550e+04   2.3771520234e-06   5.8497015131e-12   2.7298431057e-09   2.1496223664e-01   9.7870355781e-09   3.8567453863e-03   6.4910867775e-06   1.9099557143e-12   1.5090540531e-13   5.6542980811e-06   4.4057390629e-04   1.6859384858e-03   2.2790823502e-02   3.9151327524e-12   1.3427535047e-05   2.2419971882e-15   7.4763116744e-01
   1.0000000000e-02   7.6505472072e-03   5.2717324014e+02  -1.5619196044e+05   4.1624986947e-02   6.7002951550e-01   3.8315516393e+04   4.1244920031e-06   1.8601755348e-11   8.0813435326e-10   2.0519446521e-01   1.8938869374e-08   6.0340325827e-03   8.8971078826e-06   7.2315577760e-12   6.0615620777e-13   1.2177543958e-05   1.0396375384e-03   2.8849959428e-03   3.2701833930e-02   1.6797641599e-11   2.6345642680e-05   1.5580338015e-14   7.4512082136e-01
   1.4000000000e-02   1.0688016171e-02   5.7803330394e+02  -2.1065643500e+05   5.3052087128e-02   6.1117019642e-01   7.0319642977e+04   6.0414640952e-06   5.1992406264e-11   2.7485436972e-10   1.9640316121e-01   3.1960759297e-08   8.0445905913e-03   1.0563894887e-05   1.8909608973e-11   1.6162918318e-12   1.9690546890e-05   1.8059619237e-03   4.0749921941e-03   4.0926462878e-02   4.8115923334e-11   3.9786741792e-05   6.0457009919e-14   7.4249796175e-01
   1.8000000000e-02   1.3650340636e-02   6.1847835530e+02  -2.6362395101e+05   6.3147310865e-02   5.7108625806e-01   1.1023500009e+05   8.0805135353e-06   1.0985772416e-10   1.4463407870e-10   1.8836480901e-01   4.5599969206e-08   9.9188872120e-03   1.1741672446e-05   3.7593797723e-11   3.2114508317e-12   2.7852819560e-05   2.7115240415e-03   5.2423104995e-03   4.7978032640e-02   1.0251456302e-10   5.3136697280e-05   1.5829363302e-13   7.3981203460e-01
   2.2000000000e-02   1.6561961225e-02   6.5091849678e+02  -3.1559705860e+05   7.2207915907e-02   5.4236570284e-01   1.5523835534e+05   1.0213016237e-05   1.8734102969e-10   1.4613766895e-10   1.8094023813e-01   5.7720530010e-08   1.1677469351e-02   1.2573447979e-05   6.2370218199e-11   5.2630526369e-12   3.6460434970e-05   3.7371098755e-03   6.3804312154e-03   5.4139802325e-02   1.7977211290e-10   6.6072174508e-05   3.2062382618e-13   7.3708428878e-01
   2.6000000000e-02   1.9437980124e-02   6.7694878287e+02  -3.6684922208e+05   8.0425314966e-02   5.2114783586e-01   2.0272457066e+05   1.2420236746e-05   2.7605012716e-10   1.9534815103e-10   1.7403328342e-01   6.7334146011e-08   1.3335303240e-02   1.3150260550e-05   9.1619053337e-11   7.5807255854e-12   4.5377002810e-05   4.8685402869e-03   7.4861481286e-03   5.9591443360e-02   2.7664027065e-10   7.8415383076e-05   5.4621644931e-13   7.3432583946e-01
   3.0000000000e-02   2.2288594121e-02   6.9769655027e+02  -4.1755190256e+05   8.7933656311e-02   5.0520749734e-01   2.5060554381e+05   1.4689138015e-05   3.6773261558e-10   2.5876081787e-10   1.6757307285e-01   7.4231018018e-08   1.4903837866e-02   1.3534874503e-05   1.2363321535e-10   9.9805391061e-12   5.4504270016e-05   6.0948288813e-03   8.5579878674e-03   6.4457141439e-02   3.8862432581e-10   9.0070755371e-05   8.2397790275e-13   7.3154328819e-01
   3.4000000000e-02   2.5121108502e-02   7.1400065183e+02  -4.6781834204e+05   9.4832445784e-02   4.9316359122e-01   2.9733599412e+05   1.7010228489e-05   4.5585960910e-10   3.1895229315e-10   1.6150502107e-01   7.8615757565e-08   1.6392141953e-02   1.3773178970e-05   1.5691692248e-10   1.2315058754e-11   6.3767835939e-05   7.4071635111e-03   9.5954487666e-03   6.8827844836e-02   5.1102223057e-10   1.0099283864e-04   1.1374134075e-12   7.2874092849e-01
   3.8000000000e-02   2.7940984742e-02   7.2651197543e+02  -5.1772233981e+05   1.0119855570e-01   4.8410862617e-01   3.4184026762e+05   1.9376352776e-05   5.3597038982e-10   3.6619585645e-10   1.5578570576e-01   8.0862437187e-08   1.7807590334e-02   1.3900222859e-05   1.9027201186e-10   1.4479087906e-11   7.3109429722e-05   8.7982910503e-03   1.0598598735e-02   7.2772990282e-02   6.3936398338e-10   1.1116817540e-04   1.4684122259e-12   7.2592175234e-01
   4.2000000000e-02   3.0752439488e-02   7.3575602774e+02  -5.6730513873e+05   1.0709321450e-01   4.7741672943e-01   3.8342580426e+05   2.1781964521e-05   6.0551590772e-10   3.9610472400e-10   1.5037971641e-01   8.1380843383e-08   1.9156305656e-02   1.3943686560e-05   2.2278649262e-10   1.6404902159e-11   8.2482335935e-05   1.0262121051e-02   1.1567848144e-02   7.6347278735e-02   7.6955984008e-10   1.2060422388e-04   1.7998593540e-12   7.2308796137e-01
   4.6000000000e-02   3.3558811869e-02   7.4217764923e+02  -6.1657330258e+05   1.1256637115e-01   4.7263415099e-01   4.2171669160e+05   2.4222656006e-05   6.6360060448e-10   4.0832881705e-10   1.4525759697e-01   8.0556694090e-08   2.0443456103e-02   1.3926024484e-05   2.5379802799e-10   1.8055163406e-11   9.1848471118e-05   1.1793456477e-02   1.2503815575e-02   7.9594876819e-02   8.9798774358e-10   1.2932218456e-04   2.1173289186e-12   7.2024124905e-01
   5.0000000000e-02   3.6362800638e-02   7.4617946877e+02  -6.6548657387e+05   1.1765956809e-01   4.6940917931e-01   4.5661599045e+05   2.6694828491e-05   7.1078960262e-10   4.0535439364e-10   1.4039444229e-01   7.8733439489e-08   2.1673462335e-02   1.3865857554e-05   2.8286845494e-10   1.9417158585e-11   1.0117640320e-04   1.3387803358e-02   1.3407245504e-02   8.2552165424e-02   1.0216494299e-09   1.3735215021e-04   2.4102708514e-12   7.1738296754e-01
   5.4000000000e-02   3.9166623231e-02   7.4816211182e+02  -7.1393287040e+05   1.2240792096e-01   4.6743953753e-01   4.8829563729e+05   2.9195432149e-05   7.4902901421e-10   3.9140335606e-10   1.3576890187e-01   7.6214664391e-08   2.2850144703e-02   1.3778905024e-05   3.0978381775e-10   2.0499492407e-11   1.1043995070e-04   1.5041230273e-02   1.4278957024e-02   8.5249623801e-02   1.1384630880e-09   1.4472973128e-04   2.6730387204e-12   7.1451423292e-01
   5.8000000000e-02   4.1972124784e-02   7.4857078130e+02  -7.6168844158e+05   1.2684153330e-01   4.6642556247e-01   5.1720759201e+05   3.1721728860e-05   7.8167358218e-10   3.7155060011e-10   1.3136245109e-01   7.3274858369e-08   2.3976828721e-02   1.3678605043e-05   3.3458245527e-10   2.1331126146e-11   1.1961716244e-04   1.6750260478e-02   1.5119811637e-02   8.7713171213e-02   1.2477238163e-09   1.5149364619e-04   2.9059764331e-12   7.1163599591e-01
   6.2000000000e-02   4.4780852857e-02   7.4794621132e+02  -8.0836743699e+05   1.3098654507e-01   4.6602545814e-01   5.4410429110e+05   3.4271039851e-05   8.1359320887e-10   3.5113488022e-10   1.2715883990e-01   7.0171312425e-08   2.5056420680e-02   1.3576503985e-05   3.5760536888e-10   2.1961940911e-11   1.2868956101e-04   1.8511784159e-02   1.5930693768e-02   8.9965159583e-02   1.3507196105e-09   1.5768396616e-04   3.1166288330e-12   7.0874909312e-01
   6.6000000000e-02   4.7594106835e-02   7.4696642732e+02  -8.5337791653e+05   1.3486592582e-01   4.6581885667e-01   5.7005069639e+05   3.6840463556e-05   8.5132169530e-10   3.3551116204e-10   1.2314366806e-01   6.7152723230e-08   2.6091461875e-02   1.3482458671e-05   3.7955741321e-10   2.2463574317e-11   1.3764157937e-04   2.0322983803e-02   1.6712499282e-02   9.2025124204e-02   1.4514191728e-09   1.6334078512e-04   3.3211528630e-12   7.0585428627e-01
   7.0000000000e-02   5.0412968142e-02   7.4646014046e+02  -8.9590779389e+05   1.3850008266e-01   4.6529176765e-01   5.9641057153e+05   3.9426575991e-05   9.0321129520e-10   3.3021385226e-10   1.1930405210e-01   6.4463379978e-08   2.7084170119e-02   1.3404682598e-05   4.0157078816e-10   2.2929639862e-11   1.4646014767e-04   2.2181268006e-02   1.7466129080e-02   9.3910356881e-02   1.5571277363e-09   1.6850316655e-04   3.5474896450e-12   7.0295229225e-01
   7.4000000000e-02   5.3238316007e-02   7.4740542501e+02  -9.3492482489e+05   1.4190732327e-01   4.6383921313e-01   6.2479583237e+05   4.2025140258e-05   9.7954941244e-10   3.4164478686e-10   1.1562836451e-01   6.2346802980e-08   2.8036474167e-02   1.3349668351e-05   4.2527478298e-10   2.3476269192e-11   1.5513439405e-04   2.4084212209e-02   1.8192485207e-02   9.5636338759e-02   1.6792888416e-09   1.7320827411e-04   3.8479374510e-12   7.0004380531e-01
   7.8000000000e-02   5.6070829810e-02   7.5102336897e+02  -9.6905742843e+05   1.4510422324e-01   4.6072511104e-01   6.5694684261e+05   4.4630781320e-05   1.0925065714e-09   3.7837309123e-10   1.1210602154e-01   6.1054419006e-08   2.8950038657e-02   1.3322017922e-05   4.5286439283e-10   2.4246023807e-11   1.6365541135e-04   2.6029500155e-02   1.8892469570e-02   9.7217084228e-02   1.8355013184e-09   1.7749067416e-04   4.3334913753e-12   6.9712951657e-01
   8.2000000000e-02   5.8910968526e-02   7.5915520328e+02  -9.9611831896e+05   1.4810595762e-01   4.5490244933e-01   6.9441311675e+05   4.7236415243e-05   1.2554454493e-09   4.5276097866e-10   1.0872729085e-01   6.0847928729e-08   2.9826262804e-02   1.3324183788e-05   4.8703880038e-10   2.5414345717e-11   1.7201602169e-04   2.8014848353e-02   1.9566987914e-02   9.8665470482e-02   2.0550021495e-09   1.8138178081e-04   5.2002869480e-12   6.9421014436e-01
   8.6000000000e-02   6.1758923684e-02   7.7444249923e+02  -1.0128297231e+06   1.5092659104e-01   4.4503796889e-01   7.3796095038e+05   4.9832483629e-05   1.4803515515e-09   5.8111490246e-10   1.0548311779e-01   6.1925963339e-08   3.0666262838e-02   1.3356060466e-05   5.3050398683e-10   2.7172511538e-11   1.8021060505e-04   3.0037909289e-02   2.0216957285e-02   9.9993538432e-02   2.3852899225e-09   1.8490903726e-04   6.6222009936e-12   6.9128647348e-01
   9.0000000000e-02   6.4614672001e-02   7.9706520371e+02  -1.0187836213e+06   1.5357898228e-01   4.3153455478e-01   7.8751169568e+05   5.2408330564e-05   1.7721946412e-09   7.7772432884e-10   1.0236514198e-01   6.4170627650e-08   3.1471023477e-02   1.3414479891e-05   5.8497896906e-10   2.9602549034e-11   1.8823565220e-04   3.2096325432e-02   2.0843280584e-02   1.0121226988e-01   2.8674465153e-09   1.8809361986e-04   8.4926950501e-12   6.8835928152e-01
   9.4000000000e-02   6.7478242264e-02   8.2239269340e+02  -1.0195614859e+06   1.5607431364e-01   4.1738866719e-01   8.4201708133e+05   5.4956682426e-05   2.1255421628e-09   1.0453264397e-09   9.9365928718e-02   6.7053676710e-08   3.2241744898e-02   1.3493558057e-05   6.5001472672e-10   3.2549635848e-11   1.9609081168e-04   3.4188054721e-02   2.1446780262e-02   1.0233083180e-01   3.4900064134e-09   1.9094888633e-04   1.0434556199e-11   6.8542911466e-01
   9.8000000000e-02   7.0349885566e-02   8.4708655706e+02  -1.0193644969e+06   1.5842213898e-01   4.0438110189e-01   8.9917001867e+05   5.7475271988e-05   2.5296644956e-09   1.3766434963e-09   9.6478966212e-02   7.0066020407e-08   3.2979914117e-02   1.3586372409e-05   7.2360941822e-10   3.5800776376e-11   2.0377836196e-04   3.6311536526e-02   2.2028181434e-02   1.0335656816e-01   4.2239590850e-09   1.9348372946e-04   1.2197459310e-11   6.8249622081e-01
   1.0200000000e-01   7.3229975647e-02   8.7021466358e+02  -1.0194908055e+06   1.6063092980e-01   3.9280769582e-01   9.5675569199e+05   5.9964312107e-05   2.9730276331e-09   1.7595080697e-09   9.3698397299e-02   7.2932332378e-08   3.3687079520e-02   1.3686206966e-05   8.0411487357e-10   3.9224300386e-11   2.1130174197e-04   3.8465516990e-02   2.2588152928e-02   1.0429573304e-01   5.0511511583e-09   1.9570640669e-04   1.3818395623e-11   6.7956069726e-01
   1.0600000000e-01   7.6118896821e-02   8.9165291948e+02  -1.0202340141e+06   1.6270842157e-01   3.8254974232e-01   1.0132293352e+06   6.2424564678e-05   3.4445586967e-09   2.1790791916e-09   9.1018834858e-02   7.5547735973e-08   3.4364704573e-02   1.3787013268e-05   8.9074652674e-10   4.2758237379e-11   2.1866466481e-04   4.0648885561e-02   2.3127334537e-02   1.0515395790e-01   5.9601254787e-09   1.9762601626e-04   1.5481470317e-11   6.7662260298e-01
   1.1000000000e-01   7.9017006997e-02   9.1148026905e+02  -1.0216201108e+06   1.6466174618e-01   3.7342555479e-01   1.0675802379e+06   6.4856781815e-05   3.9339627141e-09   2.6192217083e-09   8.8435284955e-02   7.7891218218e-08   3.5014137822e-02   1.3883535190e-05   9.8328118293e-10   4.6377311694e-11   2.2587076590e-04   4.2860616554e-02   2.3646343962e-02   1.0593640761e-01   6.9416517780e-09   1.9925273274e-04   1.7348832081e-11   6.7368199292e-01
   1.1400000000e-01   8.1924629639e-02   9.2982276225e+02  -1.0236011857e+06   1.6649750208e-01   3.6526614226e-01   1.1191408455e+06   6.7261588697e-05   4.4318362715e-09   3.0637902438e-09   8.5943103204e-02   7.9974337418e-08   3.5636617583e-02   1.3971313308e-05   1.0817383175e-09   5.0071476503e-11   2.3292344268e-04   4.5099748898e-02   2.4145778224e-02   1.0664784468e-01   7.9868907741e-09   2.0059769706e-04   1.9492366771e-11   6.7073892611e-01
   1.1800000000e-01   8.4842053818e-02   9.4681075340e+02  -1.0261106479e+06   1.6822180698e-01   3.5792820781e-01   1.1674618652e+06   6.9639473068e-05   4.9297085358e-09   3.4977156231e-09   8.3537961185e-02   8.1816983736e-08   3.6233283262e-02   1.4046643778e-05   1.1861892539e-09   5.3835193735e-11   2.3982577161e-04   4.7365376788e-02   2.4626214117e-02   1.0729267012e-01   9.0868320846e-09   2.0167282266e-04   2.1907617892e-11   6.6779346687e-01
   1.2200000000e-01   8.7769536996e-02   9.6256630351e+02  -1.0290809811e+06   1.6984034464e-01   3.5129314527e-01   1.2122329516e+06   7.1990801523e-05   5.4200185155e-09   3.9077383347e-09   8.1215816299e-02   8.3437367888e-08   3.6805187831e-02   1.4106520301e-05   1.2966425283e-09   5.7661448691e-11   2.4658047473e-04   4.9656643997e-02   2.5088208802e-02   1.0787495720e-01   1.0232019823e-08   2.0249059575e-04   2.4551155556e-11   6.6484568338e-01
   1.2600000000e-01   9.0707313800e-02   9.7719995439e+02  -1.0324496858e+06   1.7135842096e-01   3.4526318007e-01   1.2532413348e+06   7.4315850146e-05   5.8960410821e-09   4.2827558076e-09   7.8972870045e-02   8.4848502617e-08   3.7353311538e-02   1.4148572071e-05   1.4130235528e-09   6.1541346482e-11   2.5318995914e-04   5.1972740744e-02   2.5532304249e-02   1.0839848932e-01   1.1412986612e-08   2.0306390855e-04   2.7371826920e-11   6.6189564185e-01
   1.3000000000e-01   9.3655564415e-02   9.9080775173e+02  -1.0361639318e+06   1.7278089822e-01   3.3975844558e-01   1.2903016560e+06   7.6614757958e-05   6.3516706719e-09   4.6134487576e-09   7.6805640473e-02   8.6051134190e-08   3.7878544518e-02   1.4170979319e-05   1.5350036782e-09   6.5457490784e-11   2.5965611213e-04   5.4312893040e-02   2.5959005912e-02   1.0886673303e-01   1.2619147497e-08   2.0340569272e-04   3.0321036110e-11   6.5894343869e-01
   1.3400000000e-01   9.6614493443e-02   1.0034334164e+03  -1.0402382598e+06   1.7411244098e-01   3.3472643988e-01   1.3232008726e+06   7.8887694767e-05   6.7812888063e-09   4.8916419544e-09   7.4710743082e-02   8.7023072889e-08   3.8381753171e-02   1.4172453391e-05   1.6616736915e-09   6.9371764883e-11   2.6598084027e-04   5.6676378748e-02   2.6368828421e-02   1.0928297169e-01   1.3836352441e-08   2.0352918998e-04   3.3346971042e-11   6.5598912531e-01
   1.3800000000e-01   9.9584271566e-02   1.0148659875e+03  -1.0450487993e+06   1.7535732128e-01   3.3020385155e-01   1.3516735294e+06   8.1134858988e-05   7.1795522603e-09   5.1089458129e-09   7.2685082116e-02   8.7694220600e-08   3.8863733912e-02   1.4152157265e-05   1.7906895054e-09   7.3180220730e-11   2.7216568989e-04   5.9062524722e-02   2.6762249110e-02   1.0965020340e-01   1.5037455467e-08   2.0344740485e-04   3.6367419254e-11   6.5303277753e-01
   1.4200000000e-01   1.0256510532e-01   1.0245710520e+03  -1.0514475120e+06   1.7651954384e-01   3.2632823451e-01   1.3755284117e+06   8.3356754727e-05   7.5418579396e-09   5.2576392042e-09   7.0725748503e-02   8.7951897093e-08   3.9325257019e-02   1.4109736955e-05   1.9179094473e-09   7.6687306088e-11   2.7821214478e-04   6.1470749090e-02   2.7139727731e-02   1.0997120234e-01   1.6179549599e-08   2.0317331452e-04   3.9253599152e-11   6.5007444715e-01
   1.4600000000e-01   1.0555724562e-01   1.0322403588e+03  -1.0599804771e+06   1.7760287207e-01   3.2315859313e-01   1.3947678318e+06   8.5554206852e-05   7.8654793329e-09   5.3352517723e-09   6.8830004973e-02   8.7719538852e-08   3.9767068546e-02   1.4045364044e-05   2.0393222766e-09   7.9720266630e-11   2.8412155089e-04   6.3900566608e-02   2.7501707203e-02   1.1024854211e-01   1.7228577092e-08   2.0271997859e-04   4.1889279714e-11   6.4711416254e-01
   1.5000000000e-01   1.0856095080e-01   1.0380051388e+03  -1.0705582208e+06   1.7861084906e-01   3.2062029023e-01   1.4096111678e+06   8.7728091079e-05   8.1500791430e-09   5.3465135840e-09   6.6995266346e-02   8.7003057757e-08   4.0189875200e-02   1.3959708644e-05   2.1527400378e-09   8.2215411608e-11   2.8989502699e-04   6.6351545106e-02   2.7848615911e-02   1.1048462986e-01   1.8173718148e-08   2.0210050344e-04   4.4218265907e-11   6.4415194769e-01
   1.5400000000e-01   1.1157645024e-01   1.0421827516e+03  -1.0828042096e+06   1.7954681247e-01   3.1859207929e-01   1.4204451640e+06   8.9879107411e-05   8.3972394452e-09   5.3009281884e-09   6.5219083348e-02   8.5865878370e-08   4.0594334248e-02   1.3853832750e-05   2.2576245960e-09   8.4190970982e-11   2.9553350283e-04   6.8823262853e-02   2.8180869469e-02   1.1068172964e-01   1.9019425456e-08   2.0132784724e-04   4.6233123164e-11   6.4118783748e-01
   1.5800000000e-01   1.1460393235e-01   1.0450908713e+03  -1.0963228692e+06   1.8041390689e-01   3.1696242003e-01   1.4277260578e+06   9.2007725054e-05   8.6096901710e-09   5.2096208089e-09   6.3499132209e-02   8.4390905452e-08   4.0981054665e-02   1.3729061939e-05   2.3543121304e-09   8.5699829918e-11   3.0103781749e-04   7.1315292583e-02   2.8498871313e-02   1.1084197318e-01   1.9775585049e-08   2.0041461337e-04   4.7950537414e-11   6.3822188098e-01
   1.6200000000e-01   1.1764354736e-01   1.0469899112e+03  -1.1107876372e+06   1.8121509601e-01   3.1564372882e-01   1.4319037997e+06   9.4114216942e-05   8.7906615322e-09   5.0832876733e-09   6.1833207186e-02   8.2657709492e-08   4.1350603154e-02   1.3586873914e-05   2.4434453483e-09   8.6801650896e-11   3.0640880370e-04   7.3827201882e-02   2.8803012775e-02   1.1096736586e-01   2.0452499966e-08   1.9937290054e-04   4.9395298711e-11   6.3525413875e-01
   1.6600000000e-01   1.2069541384e-01   1.0480801216e+03  -1.1259495348e+06   1.8195317515e-01   3.1457058268e-01   1.4333859086e+06   9.6198709681e-05   8.9434540456e-09   4.9312583111e-09   6.0219213541e-02   8.0733829609e-08   4.1703510449e-02   1.3428814515e-05   2.5256919944e-09   8.7551359185e-11   3.1164733959e-04   7.6358557659e-02   2.9093673217e-02   1.1105979278e-01   2.1059172386e-08   1.9821421302e-04   5.0592935929e-11   6.3228467917e-01
   1.7000000000e-01   1.2375962483e-01   1.0485128960e+03  -1.1416238050e+06   1.8263078284e-01   3.1369461760e-01   1.4325275237e+06   9.8261225324e-05   9.0711924896e-09   4.7612404004e-09   5.8655161139e-02   7.8673486337e-08   4.2040276361e-02   1.3256438624e-05   2.6016376106e-09   8.7995891882e-11   3.1675437304e-04   7.8908930507e-02   2.9371220173e-02   1.1112102508e-01   2.1603005348e-08   1.9694941427e-04   5.1567283127e-11   6.2931357545e-01
   1.7400000000e-01   1.2683625311e-01   1.0484028594e+03  -1.1576743418e+06   1.8325041197e-01   3.1297989823e-01   1.4296336060e+06   1.0030171431e-04   9.1767067999e-09   4.5793982087e-09   5.7139158161e-02   7.6519135012e-08   4.2361373870e-02   1.3071270496e-05   2.6717596543e-09   8.8174239288e-11   3.2173093073e-04   8.1477898306e-02   2.9636009603e-02   1.1115272679e-01   2.2089978078e-08   1.9558871136e-04   5.2339899038e-11   6.2634090331e-01
   1.7800000000e-01   1.2992535514e-01   1.0478375747e+03  -1.1740008705e+06   1.8381442009e-01   3.1239942912e-01   1.4249656307e+06   1.0232007794e-04   9.2624916656e-09   4.3905620509e-09   5.5669405122e-02   7.4303732332e-08   4.2667252229e-02   1.2874778136e-05   2.7364367609e-09   8.8118667730e-11   3.2657811754e-04   8.4065048477e-02   2.9888386206e-02   1.1115646158e-01   2.2524928194e-08   1.9414165879e-04   5.2930754108e-11   6.2336673942e-01
   1.8200000000e-01   1.3302697397e-01   1.0468847466e+03  -1.1905293169e+06   1.8432503877e-01   3.1193266067e-01   1.4187489507e+06   1.0431618425e-04   9.3307105733e-09   4.1984702032e-09   5.4244189250e-02   7.2052880875e-08   4.2958339413e-02   1.2668357591e-05   2.7959676798e-09   8.7856039505e-11   3.3129711139e-04   8.6669979411e-02   3.0128683759e-02   1.1113369941e-01   2.2911819707e-08   1.9261717454e-04   5.3358884791e-11   6.2039116035e-01
   1.8600000000e-01   1.3614114159e-01   1.0455974772e+03  -1.2072047260e+06   1.8478438229e-01   3.1156371833e-01   1.4111801119e+06   1.0628987941e-04   9.3832228622e-09   4.0060046524e-09   5.2861879223e-02   6.9786710218e-08   4.3235044104e-02   1.2453324089e-05   2.8505967681e-09   8.7409144100e-11   3.3588915581e-04   8.9292301348e-02   3.0357225473e-02   1.1108582284e-01   2.3253979356e-08   1.9102356391e-04   5.3643084037e-11   6.1741424178e-01
   1.9000000000e-01   1.3926788073e-01   1.0440181366e+03  -1.2239860038e+06   1.8519445561e-01   3.1128012622e-01   1.4024347571e+06   1.0824099571e-04   9.4216202709e-09   3.8154175019e-09   5.1520920230e-02   6.7521674055e-08   4.3497757325e-02   1.2230907831e-05   2.9005493869e-09   8.6798074519e-11   3.4035555147e-04   9.1931636803e-02   3.0574324361e-02   1.1101413293e-01   2.3554324908e-08   1.8936854753e-04   5.3802472948e-11   6.1443605808e-01
   1.9400000000e-01   1.4240720614e-01   1.0421812788e+03  -1.2408419149e+06   1.8555716160e-01   3.1107186301e-01   1.3926793212e+06   1.1016935699e-04   9.4472643957e-09   3.6285735598e-09   5.0219829379e-02   6.5272893914e-08   4.3746853803e-02   1.2002252777e-05   2.9460923389e-09   8.6042162990e-11   3.4469764667e-04   9.4587620624e-02   3.0780283604e-02   1.1091985483e-01   2.3815670440e-08   1.8765929174e-04   5.3857190042e-11   6.1145668196e-01
   1.9800000000e-01   1.4555912560e-01   1.0401158826e+03  -1.2577479642e+06   1.8587430773e-01   3.1093064635e-01   1.3820959460e+06   1.1207478198e-04   9.4613184353e-09   3.4472763571e-09   4.8957191419e-02   6.3058849907e-08   4.3982693114e-02   1.1768416968e-05   2.9876430484e-09   8.5163704796e-11   3.4891682505e-04   9.7259899736e-02   3.0975396908e-02   1.1080414293e-01   2.4041391921e-08   1.8590243939e-04   5.3829629238e-11   6.0847618434e-01
   2.0800000000e-01   1.5348572449e-01   1.0345535026e+03  -1.3000768386e+06   1.8655922311e-01   3.1069738543e-01   1.3528468857e+06   1.1678046204e-04   9.4699312009e-09   3.0136620544e-09   4.5893925169e-02   5.7696241987e-08   4.4540008956e-02   1.1173428899e-05   3.0833402387e-09   8.2695429007e-11   3.5916095512e-04   1.0398045984e-01   3.1436616026e-02   1.1046581767e-01   2.4530344947e-08   1.8142306595e-04   5.3618039108e-11   6.0102231309e-01
   2.2400000000e-01   1.6631775650e-01   1.0229581128e+03  -1.3677716145e+06   1.8701490034e-01   3.1113702051e-01   1.2980093613e+06   1.2383909109e-04   9.3418703015e-09   2.4026100663e-09   4.1536522366e-02   4.9549004119e-08   4.5235202141e-02   1.0188336835e-05   3.1651100990e-09   7.7179509707e-11   3.7364419312e-04   1.1494669593e-01   3.2016243087e-02   1.0963961603e-01   2.4792396478e-08   1.7381329210e-04   5.2717670359e-11   5.8908625589e-01
   2.4000000000e-01   1.7934909281e-01   1.0097889854e+03  -1.4348270252e+06   1.8691978338e-01   3.1207721902e-01   1.2383819206e+06   1.3051062770e-04   9.1098485599e-09   1.8955217295e-09   3.7653498442e-02   4.2235687219e-08   4.5755589152e-02   9.2101932124e-06   3.1899422641e-09   7.0825164944e-11   3.8634015054e-04   1.2613606191e-01   3.2453172658e-02   1.0858051094e-01   2.4664066089e-08   1.6602389565e-04   5.1750569419e-11   5.7713966262e-01
   2.5600000000e-01   1.9257761578e-01   9.9555462883e+02  -1.5010966217e+06   1.8634537976e-01   3.1338767955e-01   1.1766689471e+06   1.3678475587e-04   8.7970730267e-09   1.4837486713e-09   3.4186095944e-02   3.5793674760e-08   4.6117088797e-02   8.2655513174e-06   3.1651263805e-09   6.4074718107e-11   3.9734698731e-04   1.3753220874e-01   3.2761265833e-02   1.0733024038e-01   2.4223544087e-08   1.5824222386e-04   5.0415534350e-11   5.6518577223e-01
   2.7200000000e-01   2.0600065963e-01   9.8043431368e+02  -1.5668410905e+06   1.8535183276e-01   3.1503581036e-01   1.1144670978e+06   1.4265228428e-04   8.4177879606e-09   1.1525468720e-09   3.1084230380e-02   3.0166972366e-08   4.6333720029e-02   7.3710163710e-06   3.0951657249e-09   5.7192671638e-11   4.0676117647e-04   1.4912065792e-01   3.2952855469e-02   1.0592260498e-01   2.3521931480e-08   1.5059922414e-04   4.8408523524e-11   5.5322740404e-01
   2.8800000000e-01   2.1961500029e-01   9.6452113749e+02  -1.6323773204e+06   1.8398997637e-01   3.1701536200e-01   1.0526902887e+06   1.4810499830e-04   7.9824375018e-09   8.8785459706e-10   2.8305148000e-02   2.5283473982e-08   4.6417846574e-02   6.5362663122e-06   2.9849300248e-09   5.0382809289e-11   4.1467481311e-04   1.6088846384e-01   3.3038892126e-02   1.0438513267e-01   2.2601844938e-08   1.4318436355e-04   4.5804494296e-11   5.4126722775e-01
   3.0400000000e-01   2.3341715100e-01   9.4793390183e+02  -1.6979035883e+06   1.8230326705e-01   3.1931129508e-01   9.9171863844e+05   1.5313558953e-04   7.5005621808e-09   6.7775960690e-10   2.5811903682e-02   2.1074046867e-08   4.6380508938e-02   5.7662051650e-06   2.8404051005e-09   4.3819222125e-11   4.2117539538e-04   1.7282404870e-01   3.3029188946e-02   1.0274043358e-01   2.1505101120e-08   1.3605632421e-04   4.2843148726e-11   5.2930756051e-01
   3.2000000000e-01   2.4740343043e-01   9.3081245962e+02  -1.7635117226e+06   1.8032910774e-01   3.2189995836e-01   9.3159429967e+05   1.5773771396e-04   6.9819994273e-09   5.1233405324e-10   2.3572363848e-02   1.7473477350e-08   4.6231637813e-02   5.0624436128e-06   2.6687616670e-09   3.7647205762e-11   4.2634524131e-04   1.8491696796e-01   3.2932575887e-02   1.0100715633e-01   2.0273000444e-08   1.2925093231e-04   3.9717901481e-11   5.1735036503e-01
   3.3600000000e-01   2.6156992358e-01   9.1329424721e+02  -1.8292364684e+06   1.7809984162e-01   3.2475589310e-01   8.7216129082e+05   1.6190569713e-04   6.4369155490e-09   3.8325159224e-10   2.1558480348e-02   1.4417193568e-08   4.5980196486e-02   4.4243474523e-06   2.4774692515e-09   3.1970834397e-11   4.3026065976e-04   1.9715765297e-01   3.2757008184e-02   9.9200731257e-02   1.8943868496e-08   1.2278723565e-04   3.6540561144e-11   5.0539732652e-01
   3.5200000000e-01   2.7591251824e-01   8.9550160636e+02  -1.8950877815e+06   1.7564358546e-01   3.2785585357e-01   8.1319340154e+05   1.6563446712e-04   5.8756452111e-09   2.8351701194e-10   1.9745651878e-02   1.1841618394e-08   4.5634317638e-02   3.8497635552e-06   2.2736539280e-09   2.6852091926e-11   4.3299172941e-04   2.0953724152e-01   3.2509673575e-02   9.7333959782e-02   1.7552129692e-08   1.1667199418e-04   3.3372510664e-11   4.9344985878e-01
   3.6800000000e-01   2.9042694080e-01   8.7753826817e+02  -1.9610660937e+06   1.7298489676e-01   3.3118021368e-01   7.5449547164e+05   1.6891952793e-04   5.3084820870e-09   2.0727468337e-10   1.8112211507e-02   9.6855828561e-09   4.5201413936e-02   3.3355440204e-06   2.0637580951e-09   2.2316278412e-11   4.3460227697e-04   2.2204744343e-01   3.2197081465e-02   9.5417481834e-02   1.6128192259e-08   1.1090308183e-04   3.0252681628e-11   4.8150911755e-01
   3.8400000000e-01   3.0510878891e-01   8.5949009908e+02  -2.0271685552e+06   1.7014531462e-01   3.3471309963e-01   6.9597597774e+05   1.7175695320e-04   4.7454368182e-09   1.4965499374e-10   1.6639007943e-02   7.8917357591e-09   4.4688269094e-02   2.8779269621e-06   1.8533762774e-09   1.8359648490e-11   4.3515006541e-04   2.3468042793e-01   3.1825138748e-02   9.3460149830e-02   1.4698707788e-08   1.0547205961e-04   2.7210182544e-11   4.6957601644e-01
   4.0000000000e-01   3.1995355969e-01   8.4142728697e+02  -2.0933912756e+06   1.6714380021e-01   3.3844205746e-01   6.3769030720e+05   1.7414338622e-04   4.1959581138e-09   1.0664077861e-10   1.5309060608e-02   6.4075328243e-09   4.4101113148e-02   2.4728126626e-06   1.6471966591e-09   1.4957173701e-11   4.3468716757e-04   2.4742872408e-01   3.1399214529e-02   9.1469329151e-02   1.3286895007e-08   1.0036611977e-04   2.4269429621e-11   4.5765124324e-01
   4.1600000000e-01   3.3495667864e-01   8.2340669881e+02  -2.1597300958e+06   1.6399709966e-01   3.4235763586e-01   5.7985550453e+05   1.7607604920e-04   3.6686290568e-09   7.4948173110e-11   1.4107272228e-02   5.1857584185e-09   4.3445685411e-02   2.1159617068e-06   1.4490057888e-09   1.2069465192e-11   4.3326050056e-04   2.6028513595e-01   3.0924196021e-02   8.9451142180e-02   1.1912787392e-08   9.5569552265e-05   2.1452503404e-11   4.4573527551e-01
   4.3200000000e-01   3.5011352776e-01   8.0547401588e+02  -2.2261808393e+06   1.6072004483e-01   3.4645300605e-01   5.2283928034e+05   1.7755275743e-04   3.1708696241e-09   5.1920277401e-11   1.3020187174e-02   4.1846670264e-09   4.2727287724e-02   1.8031349435e-06   1.2617320370e-09   9.6485244933e-12   4.3091248327e-04   2.7324266622e-01   3.0404537194e-02   8.7410667157e-02   1.0593372562e-08   9.1064844806e-05   1.8780158466e-11   4.3382839462e-01
   4.4800000000e-01   3.6541947310e-01   7.8766556140e+02  -2.2927393914e+06   1.5732580359e-01   3.5072364821e-01   4.6712820806e+05   1.7857193619e-04   2.7086830499e-09   3.5432467778e-11   1.2035787009e-02   3.3678518219e-09   4.1950829830e-02   1.5301905620e-06   1.0875124720e-09   7.6422770301e-12   4.2768176940e-04   2.8629444484e-01   2.9844301221e-02   8.5352100601e-02   9.3426441423e-09   8.6833502871e-05   1.6271854716e-11   4.2193069763e-01
   4.6400000000e-01   3.8086989519e-01   7.7000984005e+02  -2.3594017276e+06   1.5382608954e-01   3.5516710025e-01   4.1328170858e+05   1.7913264147e-04   2.2864795244e-09   2.3808083277e-11   1.1143316465e-02   2.7039337040e-09   4.1120868105e-02   1.2931498897e-06   9.2777302085e-10   5.9979770787e-12   4.2360400835e-04   2.9943366550e-01   2.9247197665e-02   8.3278891132e-02   8.1716106725e-09   8.2856656441e-05   1.3945073809e-11   4.1004210729e-01
   4.8000000000e-01   3.9646022160e-01   7.5252883232e+02  -2.4261639286e+06   1.5023133876e-01   3.5978275843e-01   3.6187939456e+05   1.7923458404e-04   1.9070001875e-09   1.5743353741e-11   1.0333134177e-02   2.1661437510e-09   4.0241639034e-02   1.0882405390e-06   7.8331507243e-10   4.6646336766e-12   4.1871259117e-04   3.1265352613e-01   2.8616615299e-02   8.1193849843e-02   7.0883115068e-09   7.9115501867e-05   1.1814248258e-11   3.9816238018e-01
   4.9600000000e-01   4.1218595923e-01   7.3523908231e+02  -2.4930221919e+06   1.4655085808e-01   3.6457172130e-01   3.1346926584e+05   1.7887815488e-04   1.5713498038e-09   1.0240757045e-11   9.5965842388e-03   1.7318530882e-09   3.9317088333e-02   9.1192347750e-07   6.5440392584e-10   3.5946258493e-12   4.1303934009e-04   3.2594716734e-01   2.7955650988e-02   7.9099240608e-02   6.0978828578e-09   7.5591616882e-05   9.8896447631e-12   3.8629111180e-01
   5.1200000000e-01   4.2804273309e-01   7.1815261755e+02  -2.5599728474e+06   1.4279295102e-01   3.6953666584e-01   2.6852293241e+05   1.7806445217e-04   1.2791302254e-09   6.5503053069e-12   8.9258853525e-03   1.3820881502e-09   3.8350895921e-02   7.6090870538e-07   5.4085610935e-10   2.7446732367e-12   4.0661510874e-04   3.3930761782e-01   2.7267135190e-02   7.6996855454e-02   5.2027035157e-09   7.2267181251e-05   8.1764869587e-12   3.7442774077e-01
   5.2800000000e-01   4.4402632677e-01   7.0127773062e+02  -2.6270123746e+06   1.3896502441e-01   3.7468174946e-01   2.2740230917e+05   1.7679531261e-04   1.0286553619e-09   4.1184877948e-12   8.3140341869e-03   1.1010571744e-09   3.7346498012e-02   6.3216250940e-07   4.4212367090e-10   2.0763137465e-12   3.9947027999e-04   3.5272773692e-01   2.6553654673e-02   7.4888076410e-02   4.4026307053e-09   6.9125122090e-05   6.6745084443e-12   3.6257155067e-01
   5.4400000000e-01   4.6013272381e-01   6.8461964151e+02  -2.6941374208e+06   1.3507367751e-01   3.8001253536e-01   1.9034006080e+05   1.7507334436e-04   8.1722048833e-10   2.5446706848e-12   7.7547214652e-03   8.7570465976e-10   3.6307106427e-02   5.2290876333e-07   3.5737422186e-10   1.5560185896e-12   3.9163514381e-04   3.6620014963e-01   2.5817572494e-02   7.2773925249e-02   3.6953193351e-09   6.6149203264e-05   5.3780148762e-12   3.5072166882e-01
   5.6000000000e-01   4.7635815749e-01   6.6818106612e+02  -2.7613448244e+06   1.3112477809e-01   3.8553593258e-01   1.5743373816e+05   1.7290196253e-04   6.4139479890e-10   1.5446584354e-12   7.2422586009e-03   6.9530322935e-10   3.5235725251e-02   4.3062559159e-07   2.8556577563e-10   1.1550528814e-12   3.8314015792e-04   3.7971718582e-01   2.5061045765e-02   7.0655105110e-02   3.0766042699e-09   6.3324074121e-05   4.2764250370e-12   3.3887706486e-01
   5.7600000000e-01   4.9269916405e-01   6.5196270499e+02  -2.8286316404e+06   1.2712352617e-01   3.9126014905e-01   1.2865206681e+05   1.7028543077e-04   4.9730951200e-10   9.2098035578e-13   6.7715131865e-03   5.5108767920e-10   3.4135165597e-02   3.5303833922e-07   2.2551555999e-10   8.4916832313e-13   3.7401610189e-04   3.9327081181e-01   2.4286041486e-02   6.8532033659e-02   2.5409164848e-09   6.0635285584e-05   3.3551857035e-12   3.2703654714e-01
   5.9200000000e-01   5.0915263947e-01   6.3596366380e+02  -2.8959951662e+06   1.2307450648e-01   3.9719465559e-01   1.0385075721e+05   1.6722890932e-04   3.8091930621e-10   5.3929061099e-13   6.3378523479e-03   4.3593262006e-10   3.3008058629e-02   2.8810968629e-07   1.7596205475e-10   6.1819516620e-13   3.6429413413e-04   4.0685254999e-01   2.3494350489e-02   6.6404868457e-02   2.0817030395e-09   5.8069282343e-05   2.5969120443e-12   3.1519875649e-01
   6.0800000000e-01   5.2571590377e-01   6.2018182710e+02  -2.9634329728e+06   1.1898173409e-01   4.0335015038e-01   8.2793358935e+04   1.6373862187e-04   2.8821560704e-10   3.1011372651e-13   5.9370923838e-03   3.4407203607e-10   3.1856867893e-02   2.3402729885e-07   1.3561934022e-10   4.4558363368e-13   3.5400577401e-04   4.2045339214e-01   2.2687600141e-02   6.4273527433e-02   1.6918205811e-09   5.5613366997e-05   1.9825684887e-12   3.0336215943e-01
   6.2400000000e-01   5.4238677321e-01   6.0461419497e+02  -3.0309429382e+06   1.1484869349e-01   4.0973851906e-01   6.5173607884e+04   1.5982217783e-04   2.1538416598e-10   1.7511926053e-13   5.5654535464e-03   2.7085787107e-10   3.0683901069e-02   1.8918952004e-07   1.0322302961e-10   3.1793142593e-13   3.4318282539e-04   4.3406370137e-01   2.1867265995e-02   6.2137704253e-02   1.3638781742e-09   5.3255639453e-05   1.4925561420e-12   2.9152503946e-01
   6.4000000000e-01   5.5916364963e-01   5.8925714605e+02  -3.0985232863e+06   1.1067835829e-01   4.1637281844e-01   5.0643192295e+04   1.5548827536e-04   1.5893671620e-10   9.7119241634e-14   5.2195222736e-03   2.1255739522e-10   2.9491314733e-02   1.5219072745e-07   7.7567941871e-11   2.2452450641e-13   3.3185722733e-04   4.4767310731e-01   2.1034680387e-02   5.9996874892e-02   1.0905364498e-09   5.0984989716e-05   1.1077527054e-12   2.7968548558e-01
   6.5600000000e-01   5.7604561527e-01   5.7410669712e+02  -3.1661726302e+06   1.0647321084e-01   4.2326723877e-01   3.8833475569e+04   1.5074678699e-04   1.1577433217e-10   5.2911544268e-14   4.8962163394e-03   1.6618095866e-10   2.8281121950e-02   1.2180532627e-07   5.7536422743e-11   1.5690605176e-13   3.2006089515e-04   4.6127037605e-01   2.0191040906e-02   5.7850301194e-02   8.6473096643e-10   4.8791043570e-05   8.1023480543e-13   2.6784137949e-01
   6.7200000000e-01   5.9303254169e-01   5.5915874188e+02  -3.2338900174e+06   1.0223525418e-01   4.3043705278e-01   2.9374266952e+04   1.4560886382e-04   8.3213823977e-11   2.8332121651e-14   4.5927537011e-03   1.2933897059e-10   2.7055198896e-02   9.6971389271e-08   4.2117925248e-11   1.0848512108e-13   3.0782554602e-04   4.7484325472e-01   1.9337417758e-02   5.5697028660e-02   6.7983464836e-10   4.6664102428e-05   5.8376921184e-13   2.5599037979e-01
   6.8800000000e-01   6.1012521813e-01   5.4440927492e+02  -3.3016749831e+06   9.7966016190e-02   4.3789854353e-01   2.1908775752e+04   1.4008705733e-04   5.8984724015e-11   1.4921810146e-14   4.3066246636e-03   1.0012381397e-10   2.5815290346e-02   7.6774391020e-08   3.0420346299e-11   7.4189992903e-14   2.9518251683e-04   4.8837829005e-01   1.8474760079e-02   5.3535878708e-02   5.2976370990e-10   4.4595079178e-05   4.1408852504e-13   2.4412990378e-01
   7.0400000000e-01   6.2732550364e-01   5.2985460739e+02  -3.3695276111e+06   9.3666545409e-02   4.4566890048e-01   1.6104545412e+04   1.3419546682e-04   4.1205272007e-11   7.7384228230e-15   4.0355667955e-03   7.7013111463e-11   2.4563014248e-02   6.0431351883e-08   2.1673982759e-11   5.0167710615e-14   2.8216258457e-04   5.0186061193e-01   1.7603901268e-02   5.1365434425e-02   4.0903530461e-10   4.2575429500e-05   2.8898406789e-13   2.3225710550e-01
   7.2000000000e-01   6.4463650856e-01   5.1549157814e+02  -3.4374486030e+06   8.9337396045e-02   4.5376607227e-01   1.1660628648e+04   1.2794992128e-04   2.8345280224e-11   3.9573497314e-15   3.7775423233e-03   5.8791135629e-11   2.3299865381e-02   4.7275708280e-08   1.5229307144e-11   3.3528797855e-14   2.6879580954e-04   5.1527366558e-01   1.6725563187e-02   4.9184017556e-02   3.1278667547e-10   4.0597077674e-05   1.9825902643e-13   2.2036884739e-01
   7.3600000000e-01   6.6206281814e-01   5.0131776900e+02  -3.5054393627e+06   8.4978601848e-02   4.6220855567e-01   8.3114883016e+03   1.2136819522e-04   1.9182310519e-11   1.9991973844e-15   3.5307176575e-03   4.4485455748e-11   2.2027217825e-02   3.6743112496e-08   1.0549915945e-11   2.2134321571e-14   2.5511135319e-04   5.2859889277e-01   1.5840359277e-02   4.6989656551e-02   2.3676540897e-10   3.8652336973e-05   1.3358525334e-13   2.0846166642e-01
   7.5200000000e-01   6.7961077113e-01   4.8733173000e+02  -3.5735020997e+06   8.0589636104e-02   4.7101509700e-01   5.8282432253e+03   1.1447026756e-04   1.2756059862e-11   9.9971204087e-16   3.2934447153e-03   3.3316284324e-11   2.0746326185e-02   2.8358297896e-08   7.2020729844e-12   1.4421439111e-14   2.4113731820e-04   5.4181534870e-01   1.4948796517e-02   4.4780043134e-02   1.7729945908e-10   3.6733822325e-05   8.8302455991e-14   1.9653173234e-01
   7.6800000000e-01   6.9728881042e-01   4.7353321984e+02  -3.6416399546e+06   7.6169352405e-02   4.8020427565e-01   4.0178889433e+03   1.0727864253e-04   8.3243329455e-12   4.9580061018e-16   3.0642437322e-03   2.4656297554e-11   1.9458325443e-02   2.1723091598e-08   4.8422107860e-12   9.2629526645e-15   2.2690059623e-04   5.5489922783e-01   1.4051275885e-02   4.2552472434e-02   1.3125420966e-10   3.4834350904e-05   5.7190886519e-14   1.8457479305e-01
   7.8400000000e-01   7.1510793343e-01   4.5992346922e+02  -3.7098571562e+06   7.1715899733e-02   4.8979392652e-01   2.7210763949e+03   9.9818747145e-05   5.3226837557e-12   2.4422903336e-16   2.8417873277e-03   1.7999012494e-11   1.8164228966e-02   1.6505613431e-08   3.2036016295e-12   5.8562078554e-15   2.1242671715e-04   5.6782327509e-01   1.3148090935e-02   4.0303761085e-02   9.5982394938e-11   3.2946825721e-05   3.6240425682e-14   1.7258610227e-01
   8.0000000000e-01   7.3308228321e-01   4.4650547756e+02  -3.7781592239e+06   6.7226603948e-02   4.9980034154e-01   1.8089512756e+03   9.2119417804e-05   3.3288018509e-12   1.1955734567e-16   2.6248855432e-03   1.2934074344e-11   1.6864923942e-02   1.2430643425e-08   2.0831561808e-12   3.6367459722e-15   1.9773969431e-04   5.8055606449e-01   1.2239424067e-02   3.8030136522e-02   6.9271202424e-11   3.1064095720e-05   2.2431352778e-14   1.6056032444e-01
   8.1600000000e-01   7.5122993687e-01   4.3328435243e+02  -3.8465532282e+06   6.2697799806e-02   5.1023717202e-01   1.1794711340e+03   8.4213514846e-05   2.0320181955e-12   5.8110575990e-17   2.4124714895e-03   9.1280646056e-12   1.5561163381e-02   9.2711075554e-09   1.3291314235e-12   2.2123863915e-15   1.8286185553e-04   5.9306109533e-01   1.1325339485e-02   3.5727083426e-02   4.9289608577e-11   2.9178779407e-05   1.3535989818e-14   1.4849140385e-01
   8.3200000000e-01   7.6957398078e-01   4.2026770361e+02  -3.9150481330e+06   5.8124589003e-02   5.2111392401e-01   7.5352909313e+02   7.6138713033e-05   1.2078357282e-12   2.7969847965e-17   2.2035872297e-03   6.3096568082e-12   1.4253553033e-02   6.8406205511e-09   8.3019101000e-13   1.3138032545e-15   1.6781364191e-04   6.0529564279e-01   1.0405771263e-02   3.3389125994e-02   3.4537965797e-11   2.7283032444e-05   7.9458330379e-15   1.3637237863e-01
   8.4800000000e-01   7.8814401397e-01   4.0746610982e+02  -3.9836552534e+06   5.3500488372e-02   5.3243389275e-01   4.7113063213e+02   6.7938519606e-05   6.9710458000e-13   1.3272376745e-17   1.9973693877e-03   4.2581395721e-12   1.2942530513e-02   4.9870019266e-09   5.0604469542e-13   7.5812482383e-16   1.5261334911e-04   6.1720930281e-01   9.4805042945e-03   3.1009515045e-02   2.3801049535e-11   2.5368230238e-05   4.5255097090e-15   1.2419511354e-01
   8.6400000000e-01   8.0697830621e-01   3.9489367698e+02  -4.0523888759e+06   4.8816904524e-02   5.4419132421e-01   2.8780138269e+02   5.9663618429e-05   3.8932421687e-13   6.1710466032e-18   1.7930336663e-03   2.7945027345e-12   1.1628332221e-02   3.5866711187e-09   2.9973882215e-13   4.2258348380e-16   1.3727676915e-04   6.2874212650e-01   8.5491441369e-03   2.8579764548e-02   1.6105186210e-11   2.3424513824e-05   2.4927882839e-15   1.1194990329e-01
   8.8000000000e-01   8.2612699519e-01   3.8256871153e+02  -4.1212671077e+06   4.4062321880e-02   5.5636749687e-01   1.7134495064e+02   5.1373701708e-05   2.0950493771e-13   2.7897398475e-18   1.5898569590e-03   1.7744340189e-12   1.0310941333e-02   2.5398298949e-09   1.7151012534e-13   2.2574502040e-16   1.2181665794e-04   6.3982218423e-01   7.6110685778e-03   2.6088938267e-02   1.0679692586e-11   2.1440106444e-05   1.3225899414e-15   9.9624860330e-02
   8.9600000000e-01   8.4565701074e-01   3.7051451427e+02  -4.1903130560e+06   3.9220995842e-02   5.6892530271e-01   9.9019794152e+01   4.3140028928e-05   1.0802509132e-13   1.2146947841e-18   1.3871547917e-03   1.0827070919e-12   8.9900011758e-03   1.7663396657e-09   9.4027580809e-14   1.1432355050e-16   1.0624189595e-04   6.5036235802e-01   6.6653482621e-03   2.3522506376e-02   6.9226056378e-12   1.9400231603e-05   6.7222433127e-16   8.7204935732e-02
   9.1200000000e-01   8.6566002505e-01   3.5876027073e+02  -4.2595564742e+06   3.4270740123e-02   5.8180171298e-01   5.5163740657e+01   3.5049140765e-05   5.2958010829e-14   5.0338526650e-19   1.1842497196e-03   6.2856172684e-13   7.6646671233e-03   1.2021984403e-09   4.8803281951e-14   5.4024183548e-17   9.0556086694e-05   6.6025605814e-01   5.7106115806e-03   2.0860412279e-02   4.3705302239e-12   1.7285292936e-05   3.2474805635e-16   7.4670277026e-02
   9.2800000000e-01   8.8626610365e-01   3.4734187472e+02  -4.3290360547e+06   2.9178918766e-02   5.9489727513e-01   2.9262619664e+01   2.7208528305e-05   2.4395463329e-14   1.9529385807e-19   9.8042151681e-04   3.4178385071e-13   6.3333404518e-03   7.9652272378e-10   2.3545493568e-14   2.3234962988e-17   7.4755055383e-05   6.6937138987e-01   4.7448012516e-03   1.8073568534e-02   2.6723586154e-12   1.5067574304e-05   1.4730090597e-16   6.1993294370e-02
   9.4400000000e-01   9.0766919171e-01   3.3630201506e+02  -4.3988025117e+06   2.3894501032e-02   6.0806161732e-01   1.4434826829e+01   1.9755850187e-05   1.0351714675e-14   6.9064448152e-20   7.7481777381e-04   1.6928692546e-13   4.9931483467e-03   5.0892362972e-10   1.0242476278e-14   8.7052079848e-18   5.8821995984e-05   6.7754305411e-01   3.7646994519e-03   1.5116897384e-02   1.5665658784e-12   1.2704658316e-05   6.1413880519e-17   4.9132964569e-02
   9.6000000000e-01   9.3018078481e-01   3.2568694820e+02  -4.4689221242e+06   1.8330178608e-02   6.2107453050e-01   6.2875895785e+00   1.2875276424e-05   3.8908574651e-15   2.1125964029e-20   5.6626679010e-04   7.2081758560e-14   3.6388013237e-03   3.0711393273e-10   3.7953611034e-15   2.5974434992e-18   4.2716876989e-05   6.8456084179e-01   2.7648860429e-03   1.1913615965e-02   8.6172162030e-13   1.0124457054e-05   2.2560143094e-17   3.6022369679e-02
   9.7600000000e-01   9.5436612574e-01   3.1552865968e+02  -4.5394772545e+06   1.2313621159e-02   6.3362828701e-01   2.0950858076e+00   6.8301810584e-06   1.1763963076e-15   4.8832739195e-21   3.5279695915e-04   2.2606910754e-14   2.2595795767e-03   1.6439081578e-10   1.0527469913e-15   4.8760870144e-19   2.6348718052e-05   6.9015311181e-01   1.7349976033e-03   8.3122137977e-03   4.1962962110e-13   7.1838219991e-06   6.5838492099e-18   2.2535974602e-02
   9.9200000000e-01   9.8152101946e-01   3.0574541581e+02  -4.6105359997e+06   5.4040641735e-03   6.4536991286e-01   2.6605458355e-01   2.0400546150e-06   1.9502234239e-16   4.6842157669e-22   1.2993064505e-04   2.5167893968e-15   8.2846131693e-04   5.5792176908e-11   1.3046217734e-16   1.9322450183e-20   9.4766058850e-06   6.9396628401e-01   6.4988837230e-04   3.9236744297e-03   1.3913282975e-13   3.5098967338e-06   1.0506277672e-18   8.3724182350e-03
   1.0000000000e+00   1.0000000000e+00   3.0000000000e+02  -4.6458568819e+06   0.0000000000e+00   6.5169855213e-01   0.0000000000e+00   0.0000000000e+00   0.0000000000e+00   0.0000000000e+00   0.0000000000e+00   0.0000000000e+00   0.0000000000e+00   0.0000000000e+00   0.0000000000e+00   0.0000000000e+00   0.0000000000e+00   1.0000000000e+00   0.0000000000e+00   0.0000000000e+00   0.0000000000e+00   0.0000000000e+00   0.0000000000e+00   0.0000000000e+00