# L (m)  = 1
# P (Pa) = 101325
#             001_x           002_mixf              003_T              004_h             005_pv        006_density        007_hr             008_H2              009_H              010_O             011_O2             012_OH            013_H2O            014_HO2            015_CH2         016_CH2(S)            017_CH3            018_CH4             019_CO            020_CO2            021_HCO           022_CH2O          023_CH2OH             024_N2
                  0   0.0000000000e+00   3.0000000000e+02   1.9075768848e+03   0.0000000000e+00   1.1719839921e+00   0.0000000000e+00   0.0000000000e+00   0.0000000000e+00   0.0000000000e+00   2.3300000000e-01   0.0000000000e+00   0.0000000000e+00   0.0000000000e+00   0.0000000000e+00   0.0000000000e+00   0.0000000000e+00   0.0000000000e+00   0.0000000000e+00   0.0000000000e+00   0.0000000000e+00   0.0000000000e+00   0.0000000000e+00   7.6700000000e-01
   2.0000000000e-03   1.2463478792e-03   3.6112532777e+02  -7.2506368480e+04   1.4201174455e-02   9.7650814687e-01   1.6506261404e+00   3.6565165244e-08   4.2101703611e-16   1.2618557888e-09   2.2547211905e-01   7.2408343474e-10   1.8028356815e-03   3.8129852969e-08   7.6576581318e-22   4.9174218647e-23   2.3231768052e-14   1.7257766398e-11   1.1379628699e-05   1.2386922580e-02   2.1266374306e-20   2.1109137971e-12   2.2915840308e-25   7.5034798263e-01
   6.0000000000e-03   4.7619655829e-03   4.4806937813e+02  -1.8706232646e+05   3.5124843837e-02   7.8896405600e-01   2.0843390992e+01   1.3448879748e-07   1.7950836889e-14   6.4795042755e-09   2.1177112599e-01   4.8950057861e-09   5.4788299844e-03   1.2042443364e-07   6.4802973134e-20   4.8184464847e-21   3.6160132962e-13   7.5528423784e-11   3.2458164907e-05   2.9613421199e-02   5.4566824308e-19   5.8128505529e-12   6.2252546934e-23   7.4773398924e-01
   1.0000000000e-02   8.0342110828e-03   5.2421766896e+02  -2.9013823172e+05   5.3719896135e-02   6.7538841682e-01   7.5084582462e+01   3.2093593391e-07   1.5130726999e-13   1.5810692528e-08   1.9857794359e-01   1.3657829301e-08   9.3383638327e-03   2.1933385426e-07   5.2458869755e-18   4.1263702697e-19   1.1631864385e-11   1.1638359151e-09   5.2946633700e-05   4.4328264732e-02   1.8152335533e-17   4.4910583844e-11   1.0323096837e-20   7.4501959830e-01
   1.4000000000e-02   1.1183960785e-02   5.9446682486e+02  -3.8765080636e+05   7.1167807054e-02   5.9618863672e-01   1.7582817959e+02   6.8107592946e-07   6.8537974752e-13   2.8658767304e-08   1.8565956227e-01   2.5904093331e-08   1.3332244127e-02   3.4785857851e-07   1.5647928060e-16   1.2465120439e-17   1.9186509572e-10   1.9334629656e-08   7.3481093868e-05   5.7761400757e-02   6.6002769280e-16   7.9350494485e-10   5.1382444432e-19   7.4226475725e-01
   1.8000000000e-02   1.4259405418e-02   6.6060839416e+02  -4.8187007217e+05   8.7916771021e-02   5.3687239997e-01   3.3477132982e+02   1.3248379056e-06   2.2555440151e-12   4.1869019322e-08   1.7291722916e-01   3.8588045254e-08   1.7431502220e-02   5.3516674940e-07   2.1306216983e-15   1.6739553485e-16   1.7776678328e-09   1.8785912201e-07   9.5708018069e-05   7.0388235945e-02   1.1835754228e-14   8.8536236206e-09   1.0380945017e-17   7.3948557237e-01
   2.2000000000e-02   1.7285727262e-02   7.2349540502e+02  -5.7390163947e+05   1.0418475523e-01   4.9043276108e-01   5.8343462701e+02   2.3601318800e-06   6.1683989267e-12   4.9280524476e-08   1.6030140693e-01   4.7969293053e-08   2.1613404065e-02   8.4628540450e-07   1.6234664604e-14   1.2352934642e-15   1.0781593379e-08   1.1867951394e-06   1.2429928704e-04   8.2444691741e-02   1.1332609261e-13   6.2165959020e-08   1.0926802587e-16   7.3668883881e-01
   2.6000000000e-02   2.0278112481e-02   7.8351474537e+02  -6.6434712972e+05   1.2008410896e-01   4.5298905936e-01   1.0029321091e+03   3.8729786363e-06   1.4718022800e-11   4.5789024290e-08   1.4779355226e-01   5.2264385220e-08   2.5853012316e-02   1.3969908535e-06   7.9493303531e-14   5.7782729143e-15   4.7028241525e-08   5.3822875870e-06   1.6961341767e-04   9.4057610250e-02   6.4935479802e-13   3.0007613404e-07   7.1220632579e-16   7.3387814518e-01
   3.0000000000e-02   2.3246351766e-02   8.4064698641e+02  -7.5358375829e+05   1.3565704884e-01   4.2225567433e-01   1.7924638452e+03   5.9174410860e-06   3.1692208506e-11   3.4445908177e-08   1.3540649464e-01   5.4757449989e-08   3.0117359578e-02   2.3312894783e-06   2.9110535986e-13   1.9992031680e-14   1.5698377991e-07   1.8812787284e-05   2.4945547268e-04   1.0528431635e-01   2.5839638683e-12   1.0687623534e-06   3.4755979900e-15   7.3105570929e-01
   3.4000000000e-02   2.6196465842e-02   8.9447278508e+02  -8.4186065521e+05   1.5088176364e-01   3.9684363407e-01   3.4958064004e+03   8.5141413983e-06   6.7482469869e-11   2.4985230155e-08   1.2319029436e-01   6.2526501869e-08   3.4362943711e-02   3.7502827256e-06   9.4988122864e-13   6.1056711006e-14   4.2278275874e-07   5.3426993918e-05   3.8787777088e-04   1.1612242802e-01   8.7373122571e-12   2.9697233681e-06   1.5518568595e-14   7.2822308890e-01
   3.8000000000e-02   2.9131130767e-02   9.4419651849e+02  -9.2934018067e+05   1.6567192139e-01   3.7589479609e-01   7.2600629966e+03   1.1654808071e-05   1.5087835016e-10   2.3497775378e-08   1.1123480858e-01   8.0363343932e-08   3.8537223772e-02   5.6346004695e-06   2.9976274670e-12   1.7885833956e-13   9.6628412975e-07   1.2839422842e-04   6.1048580042e-04   1.2651255701e-01   2.8091547419e-11   6.7310619784e-06   6.6774691233e-14   7.2538148124e-01
   4.2000000000e-02   3.2049989911e-02   9.8874340288e+02  -1.0161130688e+06   1.7988319655e-01   3.5886146748e-01   1.4615818654e+04   1.5309964285e-05   3.3167497453e-10   2.8623673872e-08   9.9663527579e-02   1.0677198086e-07   4.2583220334e-02   7.8050084259e-06   8.7397080629e-12   4.8046583468e-13   1.9488323754e-06   2.6958347546e-04   9.3803120163e-04   1.3634663505e-01   8.1534638067e-11   1.2902895196e-05   2.5301388294e-13   7.2253184083e-01
   4.6000000000e-02   3.4950464905e-02   1.0269382074e+03  -1.1021937598e+06   1.9333256464e-01   3.4536384949e-01   2.6679194056e+04   1.9436900354e-05   6.6330137410e-10   3.5808058526e-08   8.8618636408e-02   1.3555581796e-07   4.6445301452e-02   9.9436225197e-06   2.2221402219e-11   1.1178963575e-12   3.5436988601e-06   5.0722677318e-04   1.3810191881e-03   1.4548680710e-01   1.9999049271e-10   2.1546789055e-05   7.8628751023e-13   7.1967491591e-01
   5.0000000000e-02   3.7829070536e-02   1.0577224846e+03  -1.1874936865e+06   2.0582763450e-01   3.3510150787e-01   4.3162778685e+04   2.3985947259e-05   1.1733504567e-09   4.1110146549e-08   7.8241489984e-02   1.5921937959e-07   5.0074430671e-02   1.1689595520e-05   4.8144940427e-11   2.2022878860e-12   5.8684181693e-06   8.7251588551e-04   1.9372046286e-03   1.5379201325e-01   4.0881639202e-10   3.2112276142e-05   1.9666660389e-12   7.1681125467e-01
   5.4000000000e-02   4.0682908661e-02   1.0804010243e+03  -1.2717662700e+06   2.1719886093e-01   3.2778908933e-01   6.1919933833e+04   2.8904237804e-05   1.8370587779e-09   4.2481339570e-08   6.8653239659e-02   1.7191558374e-07   5.3432134659e-02   1.2776468841e-05   8.8899353788e-11   3.6755178501e-12   8.9168490923e-06   1.3939876219e-03   2.5922755092e-03   1.6114554653e-01   7.0721874448e-10   4.3573332538e-05   3.9968008063e-12   7.1394114781e-01
   5.8000000000e-02   4.3510707662e-02   1.0948484562e+03  -1.3545192574e+06   2.2732441813e-01   3.2311231485e-01   7.9740439350e+04   3.4137575204e-05   2.5781235695e-09   3.9846670474e-08   5.9941189360e-02   1.7165681865e-07   5.6492400538e-02   1.3125677009e-05   1.4191363799e-10   5.2743747818e-12   1.2553223728e-05   2.0945779822e-03   3.3229869235e-03   1.6747489310e-01   1.0634515821e-09   5.4750387625e-05   6.7599810254e-12   7.1106468457e-01
   6.2000000000e-02   4.6313272743e-02   1.1016295654e+03  -1.4349037779e+06   2.3614335786e-01   3.2069665756e-01   9.4077480567e+04   3.9631224603e-05   3.3076234250e-09   3.4577245889e-08   5.2152297975e-02   1.6087904958e-07   5.9241832264e-02   1.2836642006e-05   2.0112753480e-10   6.6886531895e-12   1.6582878120e-05   2.9897852362e-03   4.1013371905e-03   1.7276055718e-01   1.4350809761e-09   6.4642751828e-05   9.8417329541e-12   7.0818183200e-01
   6.6000000000e-02   4.9093376403e-02   1.1020343212e+03  -1.5116175635e+06   2.4365652936e-01   3.2007762880e-01   1.0402470434e+05   4.5330522498e-05   3.9652692059e-09   2.8379386952e-08   4.5293462821e-02   1.4409671436e-07   6.1678477310e-02   1.2100460888e-05   2.6074714613e-10   7.7344592449e-12   2.0846806003e-05   4.0870756934e-03   4.8985837380e-03   1.7703413779e-01   1.7922245580e-09   7.2621955249e-05   1.2816657691e-11   7.0529251655e-01
   7.0000000000e-02   5.1855265512e-02   1.0980152124e+03  -1.5828740243e+06   2.4991801238e-01   3.2067766276e-01   1.1022052657e+05   5.1181493072e-05   4.5367510283e-09   2.2536822107e-08   3.9336819371e-02   1.2582591692e-07   6.3809818293e-02   1.1109915636e-05   3.1850051843e-10   8.4224348878e-12   2.5275125792e-05   5.3863709831e-03   5.6883769563e-03   1.8036863564e-01   2.1275437390e-09   7.8451562907e-05   1.5449472222e-11   7.0239670193e-01
   7.4000000000e-02   5.4604003841e-02   1.0920819667e+03  -1.6464022231e+06   2.5502128088e-01   3.2178533866e-01   1.1410918036e+05   5.7131127016e-05   5.0489325570e-09   1.7717199922e-08   3.4227774970e-02   1.0933196681e-07   6.5650440165e-02   1.0011007027e-05   3.7721836429e-10   8.9195715145e-12   2.9884107643e-05   6.8812505886e-03   6.4487576363e-03   1.8286495195e-01   2.4524315019e-09   8.2195114954e-05   1.7871080921e-11   6.9949445757e-01
   7.8000000000e-02   5.7344820961e-02   1.0873962982e+03  -1.6991846815e+06   2.5908409527e-01   3.2248475830e-01   1.1716659591e+05   6.3126849775e-05   5.5557067511e-09   1.4107515929e-08   2.9893742447e-02   9.6548427756e-08   6.7219756043e-02   8.8937793993e-06   4.4409487353e-10   9.4682204028e-12   3.4740852642e-05   8.5604582557e-03   7.1630812410e-03   1.8463813113e-01   2.7889053225e-09   8.4093726257e-05   2.0472330509e-11   6.9658602165e-01
   8.2000000000e-02   6.0082544355e-02   1.0884610074e+03  -1.7364093713e+06   2.6223485431e-01   3.2144345183e-01   1.2049477550e+05   6.9114422255e-05   6.1317224979e-09   1.1666504478e-08   2.6252206730e-02   8.8915016894e-08   6.8539970578e-02   7.8021754771e-06   5.3283296258e-10   1.0417382054e-11   3.9921007639e-05   1.0409383506e-02   7.8200938330e-03   1.8580567548e-01   3.1664301148e-09   8.4463016408e-05   2.3932275204e-11   6.9367187991e-01
   8.6000000000e-02   6.2821134636e-02   1.1014302254e+03  -1.7508651913e+06   2.6460172583e-01   3.1691213128e-01   1.2436414237e+05   7.5034542861e-05   6.8439591996e-09   1.0239039197e-08   2.3217421755e-02   8.8096394190e-08   6.9634431369e-02   6.7508335444e-06   6.6825303732e-10   1.2342195136e-11   4.5465764570e-05   1.2411333331e-02   8.4134265190e-03   1.8647883340e-01   3.6104308736e-09   8.3625164788e-05   2.9384136674e-11   6.9075285350e-01
   9.0000000000e-02   6.5563561405e-02   1.1274158326e+03  -1.7416544971e+06   2.6630515461e-01   3.0885862123e-01   1.2785358955e+05   8.0826165525e-05   7.6416881994e-09   9.4102441339e-09   2.0705571864e-02   9.4071174762e-08   7.0526827478e-02   5.7515099425e-06   8.7419951419e-10   1.5793756705e-11   5.1335118104e-05   1.4548784449e-02   8.9407302188e-03   1.8675677075e-01   4.0882391566e-09   8.1878077952e-05   3.7772501981e-11   6.8782995213e-01
   9.4000000000e-02   6.8312251496e-02   1.1576401497e+03  -1.7210565294e+06   2.6745423338e-01   3.0005254080e-01   1.2997027636e+05   8.6440233121e-05   8.3517522373e-09   8.6549042130e-09   1.8638239724e-02   1.0310661468e-07   7.1240963283e-02   4.8354740964e-06   1.1425568498e-09   2.0607185745e-11   5.7387017146e-05   1.6804780388e-02   9.4026978981e-03   1.8672413197e-01   4.5112208479e-09   7.9498770244e-05   4.8499658991e-11   6.8490390720e-01
   9.8000000000e-02   7.1069458219e-02   1.1858467648e+03  -1.6983138844e+06   2.6814557732e-01   2.9218343696e-01   1.3063344131e+05   9.1845549237e-05   8.8828915975e-09   7.8213172420e-09   1.6944193134e-02   1.1210876719e-07   7.1799974626e-02   4.0363233649e-06   1.4493561334e-09   2.6295153631e-11   6.3432186235e-05   1.9163763517e-02   9.8022250421e-03   1.8645153210e-01   4.8372182032e-09   7.6743822882e-05   6.0435288751e-11   6.8197499932e-01
   1.0200000000e-01   7.3837138855e-02   1.2105794487e+03  -1.6762824942e+06   2.6846279145e-01   2.8549326023e-01   1.3021481158e+05   9.7022068057e-05   9.2394741333e-09   6.9725374443e-09   1.5560200673e-02   1.1991905844e-07   7.2225319351e-02   3.3690617317e-06   1.7733847829e-09   3.2455883281e-11   6.9300659846e-05   2.1611656159e-02   1.0143703963e-02   1.8599674607e-01   5.0687259411e-09   7.3830993904e-05   7.2750868809e-11   6.7904330298e-01
   1.0600000000e-01   7.6616818622e-02   1.2319363211e+03  -1.6556082860e+06   2.6847663232e-01   2.7983476736e-01   1.2909714376e+05   1.0195560816e-04   9.4537689041e-09   6.1757826724e-09   1.4431281071e-02   1.2619928932e-07   7.2536306298e-02   2.8293884763e-06   2.0966678827e-09   3.8752294064e-11   7.4866518627e-05   2.4135821774e-02   1.0432406251e-02   1.8540596416e-01   5.2211475542e-09   7.0926628729e-05   8.4797165423e-11   6.7610886831e-01
   1.1000000000e-01   7.9409601757e-02   1.2503495320e+03  -1.6363484288e+06   2.6824594991e-01   2.7501600636e-01   1.2754236734e+05   1.0663627821e-04   9.5573481420e-09   5.4628573846e-09   1.3510489208e-02   1.3090812887e-07   7.2750016342e-02   2.4014619026e-06   2.4043707283e-09   4.4895422032e-11   8.0045729296e-05   2.6725079134e-02   1.0673979326e-02   1.8471531796e-01   5.3111154119e-09   6.8145256399e-05   9.6031508471e-11   6.7317176476e-01
   1.1400000000e-01   8.2216235448e-02   1.2662802510e+03  -1.6183975238e+06   2.6781903988e-01   2.7086927275e-01   1.2569513706e+05   1.1105786868e-04   9.5751390660e-09   4.8405041802e-09   1.2758362012e-02   1.3413076012e-07   7.2881374959e-02   2.0653838116e-06   2.6852039076e-09   5.0651524046e-11   8.4785889380e-05   2.9369684462e-02   1.0874070813e-02   1.8395253624e-01   5.3531968011e-09   6.5556858776e-05   1.0602990764e-10   6.7023208288e-01
   1.1800000000e-01   8.5037182034e-02   1.2801433546e+03  -1.6016090710e+06   2.6723512628e-01   2.6725946716e-01   1.2361718486e+05   1.1521736856e-04   9.5256790918e-09   4.3029691420e-09   1.2142164629e-02   1.3600842536e-07   7.2943293329e-02   1.8018886435e-06   2.9314000929e-09   5.5845735214e-11   8.9055924706e-05   3.2061262561e-02   1.1038070023e-02   1.8313854556e-01   5.3590502875e-09   6.3197204741e-05   1.1450191973e-10   6.6728992823e-01
   1.2200000000e-01   8.7872685797e-02   1.2922923209e+03  -1.5858345344e+06   2.6652581145e-01   2.6408015041e-01   1.2132008174e+05   1.1911449082e-04   9.4225090668e-09   3.8397110824e-09   1.1635049697e-02   1.3670141660e-07   7.2946844670e-02   1.5945095644e-06   3.1382474028e-09   6.0357865293e-11   9.2838049135e-05   3.4792699185e-02   1.1170947005e-02   1.8228890529e-01   5.3374763653e-09   6.1078258611e-05   1.2128521467e-10   6.6434541496e-01
   1.2600000000e-01   9.0722830102e-02   1.3030215729e+03  -1.5709364151e+06   2.6571640348e-01   2.6124787315e-01   1.1878942772e+05   1.2275121526e-04   9.2755120544e-09   3.4393245220e-09   1.1215210169e-02   1.3636835778e-07   7.2901455884e-02   1.4301797789e-06   3.3034216531e-09   6.4113376597e-11   9.6122147147e-05   3.7558011196e-02   1.1277167547e-02   1.8141502884e-01   5.2948436981e-09   5.9197139730e-05   1.2632410877e-10   6.6139866084e-01
   1.3000000000e-01   9.3587584361e-02   1.3125694875e+03  -1.5567984869e+06   2.6482708077e-01   2.5869796565e-01   1.1600079144e+05   1.2613137112e-04   9.0919671616e-09   3.0912626766e-09   1.0865077172e-02   1.3515273328e-07   7.2815101282e-02   1.2991046692e-06   3.4262734660e-09   6.7071604710e-11   9.8902098707e-05   4.0352208601e-02   1.1360663903e-02   1.8052518422e-01   5.2356356817e-09   5.7543120068e-05   1.2964041754e-10   6.5844978350e-01
   1.3400000000e-01   9.6466845552e-02   1.3210431649e+03  -1.5434527390e+06   2.6387388785e-01   2.5639659596e-01   1.1293479728e+05   1.2926030867e-04   8.8773025337e-09   2.7862404371e-09   1.0570592422e-02   1.3313349615e-07   7.2694489196e-02   1.1944521600e-06   3.5065046889e-09   6.9190078796e-11   1.0117356047e-04   4.3171162850e-02   1.1424843812e-02   1.7962529453e-01   5.1629981016e-09   5.6102707727e-05   1.3127840452e-10   6.5549889608e-01
   1.3800000000e-01   9.9360496463e-02   1.3280062968e+03  -1.5317266564e+06   2.6286959066e-01   2.5441684009e-01   1.0962909122e+05   1.3214484525e-04   8.6356358692e-09   2.5155574867e-09   1.0320568279e-02   1.3011760207e-07   7.2545233501e-02   1.1120193930e-06   3.5402057564e-09   7.0287924889e-11   1.0293345523e-04   4.6011509906e-02   1.1472624356e-02   1.7871958795e-01   5.0793391931e-09   5.4862844922e-05   1.3115446168e-10   6.5254609428e-01
   1.4200000000e-01   1.0226848701e-01   1.3323446123e+03  -1.5234945550e+06   2.6182441155e-01   2.5295812232e-01   1.0623225849e+05   1.3479352038e-04   8.3704998525e-09   2.2713929980e-09   1.0106135065e-02   1.2562626381e-07   7.2372004839e-02   1.0492285082e-06   3.5191774343e-09   7.0012692352e-11   1.0418313594e-04   4.8870594674e-02   1.1506482848e-02   1.7781113035e-01   4.9867841593e-09   5.3811122451e-05   1.2904735854e-10   6.4959143490e-01
   1.4600000000e-01   1.0519086184e-01   1.3334012568e+03  -1.5199578087e+06   2.6074658931e-01   2.5213067900e-01   1.0289401443e+05   1.3721653305e-04   8.0858066353e-09   2.0490374048e-09   9.9202713092e-03   1.1951993112e-07   7.2178670192e-02   1.0034309880e-06   3.4417175286e-09   6.8228496176e-11   1.0493511206e-04   5.1746373187e-02   1.1528517475e-02   1.7690218512e-01   4.8871021887e-09   5.2933011282e-05   1.2499053385e-10   6.4663493642e-01
   1.5000000000e-01   1.0812770350e-01   1.3314191643e+03  -1.5209195755e+06   2.5964275390e-01   2.5188070200e-01   9.9661281343e+04   1.3942506259e-04   7.7861724449e-09   1.8465033112e-09   9.7574198584e-03   1.1216619850e-07   7.1968427312e-02   9.7139780671e-07   3.3162100634e-09   6.5160659753e-11   1.0521671768e-04   5.4637246297e-02   1.1540503571e-02   1.7599439796e-01   4.7817407586e-09   5.2210483434e-05   1.1935780302e-10   6.4367660707e-01
   1.5400000000e-01   1.1107907308e-01   1.3270218174e+03  -1.5255514815e+06   2.5851821237e-01   2.5209035671e-01   9.6506103512e+04   1.4143058632e-04   7.4765309318e-09   1.6627017846e-09   9.6131825058e-03   1.0409623188e-07   7.1743923679e-02   9.4988971853e-07   3.1553011957e-09   6.1190178890e-11   1.0506781098e-04   5.7541914795e-02   1.1543939993e-02   1.7508891811e-01   4.6719991545e-09   5.1623380290e-05   1.1263420682e-10   6.4071646774e-01
   1.5800000000e-01   1.1404499106e-01   1.3208318023e+03  -1.5329832631e+06   2.5737720089e-01   2.5264605187e-01   9.3380789408e+04   1.4324450948e-04   7.1616060270e-09   1.4965657216e-09   9.4840773913e-03   9.5775678992e-08   7.1507353047e-02   9.3615184208e-07   2.9713538410e-09   5.6688228358e-11   1.0453566302e-04   6.0459296656e-02   1.1540088579e-02   1.7418651476e-01   4.5590706370e-09   5.1151459483e-05   1.0526469782e-10   6.3775455749e-01
   1.6200000000e-01   1.1702544223e-01   1.3133530085e+03  -1.5424964834e+06   2.5622310137e-01   2.5345750598e-01   9.0248891165e+04   1.4487799001e-04   6.8455623802e-09   1.3468780662e-09   9.3673456401e-03   8.7544292128e-08   7.1260533153e-02   9.2805410823e-07   2.7747293313e-09   5.1954900206e-11   1.0367007503e-04   6.3388482934e-02   1.1530009138e-02   1.7328768109e-01   4.4440236499e-09   5.0775868581e-05   9.7607789909e-11   6.3479093041e-01
   1.6600000000e-01   1.2002038603e-01   1.3049652047e+03  -1.5535433887e+06   2.5505861810e-01   2.5445729667e-01   8.7093636184e+04   1.4634184296e-04   6.5318637711e-09   1.2123191254e-09   9.2607973329e-03   7.9625999629e-08   7.1004969749e-02   9.2402669598e-07   2.5734868728e-09   4.7211053671e-11   1.0251986502e-04   6.6328708670e-02   1.1514590673e-02   1.7239271583e-01   4.3277865295e-09   5.0479883665e-05   8.9934204551e-11   6.3182565088e-01
   1.7000000000e-01   1.2302976563e-01   1.2959477373e+03  -1.5657175137e+06   2.5388591828e-01   2.5559594551e-01   8.3915274887e+04   1.4764648034e-04   6.2232694135e-09   1.0915433822e-09   9.1626894621e-03   7.2155789700e-08   7.0741909936e-02   9.2293479636e-07   2.3735967943e-09   4.2608717607e-11   1.0113074529e-04   6.9279329798e-02   1.1494578793e-02   1.7150178307e-01   4.2111468572e-09   5.0249121808e-05   8.2439043719e-11   6.2885878974e-01
   1.7400000000e-01   1.2605351499e-01   1.2865047326e+03  -1.5787194253e+06   2.5270674314e-01   2.5683717011e-01   8.0725231412e+04   1.4880187521e-04   5.9219001261e-09   9.8323857828e-10   9.0716296176e-03   6.5205341606e-08   7.0472386722e-02   9.2395981650e-07   2.1792957688e-09   3.8245675224e-11   9.9544258092e-05   7.2239803836e-02   1.1470599435e-02   1.7061495511e-01   4.0947611332e-09   5.0071452548e-05   7.5256356668e-11   6.2589042124e-01
   1.7800000000e-01   1.2909156335e-01   1.2767853116e+03  -1.5923285190e+06   2.5152249525e-01   2.5815423224e-01   7.7540643526e+04   1.4981754040e-04   5.6293304254e-09   8.8616257736e-10   8.9865003653e-03   5.8803200863e-08   7.0197256279e-02   9.2650643340e-07   1.9934469796e-09   3.4179172911e-11   9.7797408839e-05   7.5209672938e-02   1.1443179063e-02   1.6973224237e-01   3.9791693079e-09   4.9936767280e-05   6.8472618147e-11   6.2292062115e-01
   1.8200000000e-01   1.3214383819e-01   1.2668985870e+03  -1.6063818316e+06   2.5033430725e-01   2.5952729837e-01   7.4380380634e+04   1.5070251872e-04   5.3466830413e-09   7.9916303586e-10   8.9064001041e-03   5.2949569335e-08   6.9917228967e-02   9.3013531661e-07   1.8178585362e-09   3.0437296085e-11   9.5922716145e-05   7.8188549410e-02   1.1412761649e-02   1.6885361412e-01   3.8648105192e-09   4.9836700761e-05   6.2138181609e-11   6.1994946532e-01
   1.8600000000e-01   1.3521026694e-01   1.2569245967e+03  -1.6207584622e+06   2.4914309616e-01   2.6094154619e-01   7.1262545224e+04   1.5146538163e-04   5.0747151927e-09   7.2118551724e-10   8.8305969564e-03   4.7626784627e-08   6.9632895060e-02   9.3451586932e-07   1.6535480389e-09   2.7027865353e-11   9.3948486755e-05   8.1176103551e-02   1.1379722824e-02   1.6797901289e-01   3.7520380596e-09   4.9764354749e-05   5.6276618334e-11   6.1697702882e-01
   1.9000000000e-01   1.3829077805e-01   1.2469223492e+03  -1.6353680040e+06   2.4794960613e-01   2.6238577899e-01   6.8203121648e+04   1.5211423405e-04   4.8138942517e-09   6.5127459098e-10   8.7584929014e-03   4.2806592320e-08   6.9344746033e-02   9.3939319468e-07   1.5009546934e-09   2.3945148002e-11   9.1899194063e-05   8.4172053471e-02   1.1344381574e-02   1.6710836429e-01   3.6411327613e-09   4.9714047231e-05   5.0892142115e-11   6.1400338533e-01
   1.9400000000e-01   1.4138530128e-01   1.2369358760e+03  -1.6501417390e+06   2.4675444240e-01   2.6385137558e-01   6.5215507105e+04   1.5265672321e-04   4.5644871192e-09   5.8857475620e-10   8.6895959227e-03   3.8455119845e-08   6.9053192117e-02   9.4456480433e-07   1.3601069141e-09   2.1174802798e-11   8.9795886033e-05   8.7176156585e-02   1.1307009861e-02   1.6624158370e-01   3.5323160642e-09   4.9681096007e-05   4.5975482229e-11   6.1102860675e-01
   1.9800000000e-01   1.4449376769e-01   1.2269988753e+03  -1.6650257780e+06   2.4555809795e-01   2.6533146720e-01   6.2318144514e+04   1.5310004911e-04   4.3270800046e-09   5.3241609998e-10   8.6234983996e-03   3.4537866428e-08   6.8758576771e-02   9.4986364173e-07   1.2308686711e-09   1.8698520789e-11   8.7656547361e-05   9.0188202469e-02   1.1267840499e-02   1.6537858063e-01   3.4258181565e-09   4.9661637943e-05   4.1513071153e-11   6.0805276304e-01
   2.0800000000e-01   1.5231320233e-01   1.2026438296e+03  -1.7023761273e+06   2.4257996132e-01   2.6903758929e-01   5.5456158319e+04   1.5397733941e-04   3.7848397236e-09   4.1578451448e-10   8.4644033539e-03   2.6414488052e-08   6.8015099435e-02   9.6304819273e-07   9.5508071965e-10   1.3650657494e-11   8.2253992443e-05   9.7737752307e-02   1.1165956513e-02   1.6324492803e-01   3.1696715077e-09   4.9638848606e-05   3.2171183919e-11   6.0061065548e-01
   2.2400000000e-01   1.6498302285e-01   1.1652013957e+03  -1.7620675579e+06   2.3782051081e-01   2.7495176805e-01   4.5824588273e+04   1.5414723936e-04   3.0503224629e-09   2.8284711993e-10   8.2383316425e-03   1.7261581760e-08   6.6796861642e-02   9.8166821408e-07   6.3216779557e-10   8.2047092273e-12   7.3782985344e-05   1.0989544267e-01   1.0983960171e-02   1.5988554176e-01   2.7953457894e-09   4.9679163616e-05   2.1589133191e-11   5.8869451287e-01
   2.4000000000e-01   1.7786668747e-01   1.1302714469e+03  -1.8203523841e+06   2.3307023791e-01   2.8065336338e-01   3.7779240848e+04   1.5340633700e-04   2.4631048467e-09   1.9492295080e-10   8.0306385284e-03   1.1388184272e-08   6.5552467434e-02   9.9419628900e-07   4.1835350958e-10   4.9458587427e-12   6.5877602101e-05   1.2216273392e-01   1.0789490673e-02   1.5657487346e-01   2.4627156823e-09   4.9713597553e-05   1.4854828219e-11   5.7676866798e-01
   2.5600000000e-01   1.9095959762e-01   1.0978872243e+03  -1.8769084190e+06   2.2833352652e-01   2.8607406837e-01   3.1148165240e+04   1.5198150843e-04   1.9962160171e-09   1.3603693826e-10   7.8352854615e-03   7.6026327523e-09   6.4287092355e-02   9.9943166849e-07   2.7816146834e-10   3.0065368565e-12   5.8709073249e-05   1.3453388477e-01   1.0586570814e-02   1.5330788184e-01   2.1688385068e-09   4.9701914499e-05   1.0570458875e-11   5.6483625788e-01
   2.7200000000e-01   2.0425705951e-01   1.0675863502e+03  -1.9323091736e+06   2.2361217900e-01   2.9127590777e-01   2.5719823918e+04   1.5004142110e-04   1.6252906104e-09   9.6043476012e-11   7.6484525569e-03   5.1310984464e-09   6.3004186856e-02   9.9745224265e-07   1.8609847122e-10   1.8445796125e-12   5.2315414582e-05   1.4700407931e-01   1.0377784176e-02   1.5008016654e-01   1.9097290375e-09   4.9624069877e-05   7.7935576011e-12   5.5289994023e-01
   2.8800000000e-01   2.1775444185e-01   1.0388708933e+03  -1.9872518022e+06   2.1890673797e-01   2.9635093795e-01   2.1287749259e+04   1.4771049725e-04   1.3300265861e-09   6.8508553989e-11   7.4676270793e-03   3.4947779181e-09   6.1706221555e-02   9.8854660238e-07   1.2528757826e-10   1.1412260650e-12   4.6667482319e-05   1.5956922771e-01   1.0164844070e-02   1.4688796185e-01   1.6810605851e-09   4.9469062569e-05   5.9410567607e-12   5.4096196228e-01
   3.0400000000e-01   2.3144715531e-01   1.0114133418e+03  -2.0421725149e+06   2.1421710360e-01   3.0136273597e-01   1.7668072348e+04   1.4508007327e-04   1.0941178714e-09   4.9315266591e-11   7.2911079761e-03   2.3990288472e-09   6.0395077093e-02   9.7287332270e-07   8.4863155038e-11   7.1149956402e-13   4.1705817476e-05   1.7222572353e-01   9.9489178621e-03   1.4372802857e-01   1.4786776456e-09   4.9230672028e-05   4.6631876965e-12   5.2902423683e-01
   3.2000000000e-01   2.4533057132e-01   9.8502410217e+02  -2.0972733334e+06   2.0954283165e-01   3.0634656799e-01   1.4705709520e+04   1.4221709109e-04   9.0473348768e-10   3.5787449755e-11   7.1177181968e-03   1.6586301117e-09   5.9072262870e-02   9.5056224931e-07   5.7824369463e-11   4.4682521515e-13   3.7360022692e-05   1.8497020655e-01   9.7308191042e-03   1.4059753259e-01   1.2989080322e-09   4.8906190936e-05   3.7501416923e-12   5.1708839884e-01
   3.3600000000e-01   2.5939975216e-01   9.5957619948e+02  -2.1526306929e+06   2.0488338978e-01   3.1132560316e-01   1.2273979784e+04   1.3917064001e-04   7.5188689377e-10   2.6156651858e-11   6.9466335842e-03   1.1544522388e-09   5.7739060202e-02   9.2186098490e-07   3.9627632574e-11   2.8257708847e-13   3.3559098236e-05   1.9779922044e-01   9.5111287885e-03   1.3749403014e-01   1.1386678364e-09   4.8495863529e-05   3.0748608575e-12   5.0515606764e-01
   3.5200000000e-01   2.7364958611e-01   9.3499887395e+02  -2.2082665041e+06   2.0023817486e-01   3.1630933947e-01   1.0270702514e+04   1.3597696104e-04   6.2783420005e-10   1.9238362286e-11   6.7772672481e-03   8.0885523921e-10   5.6396584610e-02   8.8720941621e-07   2.7310099628e-11   1.7994519071e-13   3.0235985739e-05   2.1070924902e-01   9.2902684139e-03   1.3441534488e-01   9.9545320962e-10   4.8002403256e-05   2.5594218535e-12   4.9322870327e-01
   3.6800000000e-01   2.8807495827e-01   9.1123892520e+02  -2.2641817133e+06   1.9560649063e-01   3.2130361690e-01   8.6141315558e+03   1.3266308725e-04   5.2657185423e-10   1.4227914010e-11   6.6091938398e-03   5.7048198222e-10   5.5045818268e-02   8.4726091968e-07   1.8923835577e-11   1.1537583514e-13   2.7329402928e-05   2.2369678967e-01   9.0685460943e-03   1.3135946318e-01   8.6725718828e-10   4.7430453019e-05   2.1550129849e-12   4.8130745031e-01
   3.8400000000e-01   3.0267075021e-01   8.8824985976e+02  -2.3203700511e+06   1.9098758948e-01   3.2631353773e-01   7.2390674707e+03   1.2924944880e-04   4.4343435280e-10   1.0572164446e-11   6.4421019058e-03   4.0506301367e-10   5.3687641073e-02   8.0285101687e-07   1.3181117044e-11   7.4474478294e-14   2.4784596557e-05   2.3675829532e-01   8.8461893181e-03   1.2832450964e-01   7.5248253590e-10   4.6785978130e-05   1.8302866802e-12   4.6939317723e-01
   4.0000000000e-01   3.1743184727e-01   8.6598890117e+02  -2.3768229585e+06   1.8638069720e-01   3.3134426395e-01   6.0935093694e+03   1.2575176310e-04   3.7478183310e-10   7.8867932992e-12   6.2757613670e-03   2.8957544508e-10   5.2322852018e-02   7.5494154778e-07   9.2262294773e-12   4.8388426953e-14   2.2553319291e-05   2.4989012924e-01   8.6233674107e-03   1.2530872601e-01   6.4985497168e-10   4.6075706540e-05   1.5645063899e-12   4.5748650863e-01
   4.1600000000e-01   3.3235315364e-01   8.4441585545e+02  -2.4335312853e+06   1.8178502700e-01   3.3640132094e-01   5.1359039391e+03   1.2218239452e-04   3.1776108615e-10   5.9021328721e-12   6.1100009156e-03   2.0845726732e-10   5.0952184085e-02   7.0455685133e-07   6.4874553550e-12   3.1638569578e-14   2.0593418891e-05   2.6308853087e-01   8.4002071922e-03   1.2231045333e-01   5.5834128171e-10   4.5306663319e-05   1.3435064899e-12   4.4558785150e-01
   4.3200000000e-01   3.4742961165e-01   8.2349265555e+02  -2.4904858434e+06   1.7719978558e-01   3.4149071305e-01   4.3329299499e+03   1.1855132893e-04   2.7012399456e-10   4.4272319227e-12   5.9446921137e-03   1.5112907949e-10   4.9576315067e-02   6.5272178498e-07   4.5806857834e-12   2.0811815173e-14   1.8868260684e-05   2.7634958566e-01   8.1768040371e-03   1.1932811514e-01   4.7707546531e-10   4.4485814219e-05   1.1572977733e-12   4.3369741578e-01
   4.4800000000e-01   3.6265622379e-01   8.0318315009e+02  -2.5476775804e+06   1.7262417387e-01   3.4661897010e-01   3.6577360415e+03   1.1486687066e-04   2.3009006777e-10   3.3257362591e-12   5.7797380014e-03   1.1035920479e-10   4.8195875695e-02   6.0040767515e-07   3.2463885070e-12   1.3768104941e-14   1.7346104443e-05   2.8966919545e-01   7.9532297660e-03   1.1636020154e-01   4.0529570660e-10   4.3619812929e-05   9.9863016563e-13   4.2181523012e-01
   4.6400000000e-01   3.7802807993e-01   7.8345298169e+02  -2.6050976423e+06   1.6805738496e-01   3.5179316888e-01   3.0885533648e+03   1.1113613725e-04   1.9624249343e-10   2.4995222695e-12   5.6150648539e-03   8.1178022472e-11   4.6811455567e-02   5.4848997821e-07   2.3081994005e-12   9.1567197266e-15   1.5999497039e-05   3.0304305210e-01   7.7295383269e-03   1.1340525493e-01   3.4229474394e-10   4.2714837132e-05   8.6211236606e-13   4.0994115427e-01
   4.8000000000e-01   3.9354038793e-01   7.6426950021e+02  -2.6627374070e+06   1.6349859979e-01   3.5702094578e-01   2.6076152104e+03   1.0736541100e-04   1.6744955355e-10   1.8774754255e-12   5.4506161491e-03   6.0152647229e-11   4.5423607588e-02   4.9771962420e-07   1.6455844501e-12   6.1194917115e-15   1.4804708811e-05   3.1646661118e-01   7.5057699101e-03   1.1046185688e-01   2.8738536157e-10   4.1776494996e-05   7.4365837163e-13   3.9807488857e-01
   4.9600000000e-01   4.0918850493e-01   7.4560169082e+02  -2.7205885086e+06   1.5894698048e-01   3.6231050766e-01   2.2003259578e+03   1.0356039264e-04   1.4280519487e-10   1.4077197051e-12   5.2863481009e-03   4.4899604844e-11   4.4032851659e-02   4.4870837850e-07   1.1756975140e-12   4.1075890823e-15   1.3741224981e-05   3.2993505968e-01   7.2819539289e-03   1.0752861450e-01   2.3988118280e-10   4.0809783782e-05   6.4012934779e-13   3.8621598015e-01
   5.1200000000e-01   4.2496797545e-01   7.2742010819e+02  -2.7786428730e+06   1.5440166347e-01   3.6767064302e-01   1.8546291253e+03   9.9726379248e-05   1.2158397777e-10   1.0521847848e-12   5.1222263199e-03   3.3755646734e-11   4.2639677131e-02   4.0192709621e-07   8.4127634278e-13   2.7677105173e-15   1.2791293848e-05   3.4344328734e-01   7.0581111913e-03   1.0460414877e-01   1.9909107672e-10   3.9819085710e-05   5.4909503435e-13   3.7436382787e-01
   5.2800000000e-01   4.4087457149e-01   7.0969681404e+02  -2.8368927552e+06   1.4986175109e-01   3.7311073557e-01   1.5605311529e+03   9.5868393886e-05   1.0320676899e-10   7.8277299602e-13   4.9582232837e-03   2.5554246003e-11   4.1244544816e-02   3.5771454106e-07   6.0252349538e-13   1.8709508912e-15   1.1939528793e-05   3.5698585224e-01   6.8342554686e-03   1.0168708241e-01   1.6432394668e-10   3.8808188392e-05   4.6867026248e-13   3.6251768494e-01
   5.4400000000e-01   4.5690433379e-01   6.9240531610e+02  -2.8953307793e+06   1.4532630106e-01   3.7864078163e-01   1.3097436413e+03   9.1991284414e-05   8.7214345407e-11   5.7863149435e-13   4.7943163944e-03   1.9473101658e-11   3.9847888814e-02   3.1629372276e-07   4.3163085432e-13   1.2680586633e-15   1.1172562000e-05   3.7055693596e-01   6.6103946062e-03   9.8776026356e-02   1.3489992006e-10   3.7780319709e-05   3.9739944642e-13   3.5067665832e-01
   5.6000000000e-01   4.7305362166e-01   6.7552050856e+02  -2.9539499897e+06   1.4079431622e-01   3.8427141057e-01   1.0954114284e+03   8.8099793000e-05   7.3246578333e-11   4.2419482464e-13   4.6304864734e-03   1.4929589831e-11   3.8450117488e-02   2.7779241039e-07   3.0906668105e-13   8.6111441807e-16   1.0478745487e-05   3.8415030101e-01   6.3865313129e-03   9.5869567631e-02   1.1016399723e-10   3.6738191145e-05   3.3417115660e-13   3.3883970780e-01
   5.7600000000e-01   4.8931916651e-01   6.5901861423e+02  -3.0127439072e+06   1.3626473255e-01   3.9001390951e-01   9.1189950290e+02   8.4198611168e-05   6.1025302472e-11   3.0777009740e-13   4.4667165740e-03   1.1508751526e-11   3.7051614272e-02   2.4226463702e-07   2.2104407006e-13   5.8548997794e-16   9.8478960065e-06   3.9775923880e-01   6.1626636921e-03   9.2966255971e-02   8.9498988190e-11   3.5684043987e-05   2.7815037231e-13   3.2700564275e-01
   5.9200000000e-01   5.0569812939e-01   6.4287712869e+02  -3.0717065863e+06   1.3173640492e-01   3.9588025256e-01   7.5461653198e+02   8.0292427003e-05   5.0339303869e-11   2.2050848565e-13   4.3029910255e-03   8.9134615973e-12   3.5652738403e-02   2.0971054008e-07   1.5778540797e-13   3.9828337194e-16   9.2710811461e-06   4.1137650405e-01   5.9387855650e-03   9.0064588523e-02   7.2335672255e-11   3.4619694715e-05   2.2871944994e-13   3.1517311608e-01
   6.0800000000e-01   5.2218816820e-01   6.2707476725e+02  -3.1308326832e+06   1.2720809218e-01   4.0188313376e-01   6.1985643206e+02   7.6385962211e-05   4.1030088796e-11   1.5565465018e-13   4.1392946579e-03   6.9297863468e-12   3.4253825139e-02   1.8009254467e-07   1.1232592518e-13   2.7085817476e-16   8.7404426649e-06   4.2499424441e-01   5.7148866502e-03   8.7162994432e-02   5.8159204442e-11   3.3546579037e-05   1.8542111287e-13   3.0334061749e-01
   6.2400000000e-01   5.3878751514e-01   6.1159141929e+02  -3.1901175295e+06   1.2267844083e-01   4.0803600077e-01   5.0464461843e+02   7.2483999719e-05   3.2977580999e-11   1.0799931156e-13   3.9756121528e-03   5.4027914497e-12   3.2855185792e-02   1.5334677592e-07   7.9684386543e-14   1.8400061152e-16   8.2490540348e-06   4.3860392142e-01   5.4909526147e-03   8.4259818424e-02   4.6511706425e-11   3.2465792267e-05   1.4789989237e-13   2.9150646463e-01
   6.4000000000e-01   5.5549506203e-01   5.9640810158e+02  -3.2495572179e+06   1.1814596514e-01   4.1435309514e-01   4.0658812592e+02   6.8591414361e-05   2.6086474145e-11   7.3485804785e-14   3.8119274837e-03   4.2195771753e-12   3.1457107753e-02   1.2938989330e-07   5.6285215156e-14   1.2475669216e-16   7.7908104179e-06   4.5219621045e-01   5.2669650036e-03   8.1353300967e-02   3.6991687758e-11   3.1378119496e-05   1.1584627239e-13   2.7966879113e-01
   6.5600000000e-01   5.7231045872e-01   5.8150691556e+02  -3.3091486968e+06   1.1360902439e-01   4.2084949577e-01   3.2372491115e+02   6.4713205069e-05   2.0273078385e-11   4.8927973832e-14   3.6482234217e-03   3.2973261388e-12   3.0059854187e-02   1.0812162997e-07   3.9553568884e-14   8.4353936318e-17   7.3603411689e-06   4.6576088320e-01   5.0429010851e-03   7.8441555913e-02   2.9251035546e-11   3.0284063921e-05   8.8944140387e-14   2.6782553307e-01
   6.7200000000e-01   5.8923422676e-01   5.6687101011e+02  -3.3688898710e+06   1.0906579573e-01   4.2754116382e-01   2.5438411378e+02   6.0854529544e-05   1.5454461031e-11   3.1812649455e-14   3.4844810771e-03   2.5748530289e-12   2.8663663556e-02   8.9424532309e-08   2.7630271837e-14   5.6828000429e-17   6.9529410932e-06   4.7928666523e-01   4.8187335980e-03   7.5522544047e-02   2.2990572083e-11   2.9183869099e-05   6.6830736382e-14   2.5597441234e-01
   6.8800000000e-01   6.0626789409e-01   5.5248454891e+02  -3.4287797180e+06   1.0451424232e-01   4.3444498853e-01   1.9706900496e+02   5.7020740310e-05   1.1541157449e-11   2.0161886952e-14   3.3206794576e-03   2.0066075844e-12   2.7268748820e-02   7.3162610093e-08   1.9170149083e-14   3.8109976666e-17   6.5645143431e-06   4.9276106795e-01   4.5944304117e-03   7.2594042343e-02   1.7954970015e-11   2.8077535124e-05   4.9075183861e-14   2.4411291717e-01
   7.0400000000e-01   6.2341415565e-01   5.3833268193e+02  -3.4888184219e+06   9.9952074940e-02   4.4157883275e-01   1.5037358124e+02   5.3217424520e-05   8.4342535865e-12   1.2434594140e-14   3.1567950202e-03   1.5584020012e-12   2.5875296325e-02   5.9180505442e-08   1.3198687969e-14   2.5416479831e-17   6.1915250772e-06   5.0617018660e-01   4.3699540827e-03   6.9653607108e-02   1.3927606209e-11   2.6964828378e-05   3.5178506880e-14   2.3223827870e-01
   7.2000000000e-01   6.4067706588e-01   5.2440151986e+02  -3.5490075264e+06   9.5376703774e-02   4.4896157719e-01   1.1293794881e+02   4.9450452570e-05   6.0266893248e-12   7.4515212915e-15   2.9928011828e-03   1.2043535925e-12   2.4483464450e-02   4.7304362747e-08   9.0096720724e-15   1.6839843839e-17   5.8309505582e-06   5.1949844822e-01   4.1452612704e-03   6.6698527601e-02   1.0725697995e-11   2.5845283916e-05   2.4592888386e-14   2.2034744090e-01
   7.3600000000e-01   6.5806227681e-01   5.1067811103e+02  -3.6093501203e+06   9.0785179265e-02   4.5661316045e-01   8.3439365951e+01   4.5726031731e-05   4.2076627001e-12   4.3325930625e-15   2.8286677833e-03   9.2468588975e-13   2.3093381633e-02   3.7344875555e-08   6.0917093923e-15   1.1071268989e-17   5.4802333675e-06   5.3272831052e-01   3.9203020109e-03   6.3725769589e-02   8.1958655877e-12   2.4718200481e-05   1.6753273541e-14   2.0843702461e-01
   7.5200000000e-01   6.7557733521e-01   4.9715041867e+02  -3.6698510641e+06   8.6174118361e-02   4.6455461281e-01   6.0608916432e+01   4.2050767163e-05   2.8684607730e-12   2.4406761315e-15   2.6643604577e-03   7.0413903627e-13   2.1705143613e-02   2.9102285046e-08   4.0752262430e-15   7.2127904051e-18   5.1372334238e-06   5.4583989838e-01   3.6950188080e-03   6.0731905173e-02   6.2101424569e-12   2.3582627010e-05   1.1112307912e-14   1.9650328347e-01
   7.6800000000e-01   6.9323205757e-01   4.8380729457e+02  -3.7305172672e+06   8.1539609017e-02   4.7280808202e-01   4.3260517958e+01   3.8431736905e-05   1.9080595748e-12   1.3299935332e-15   2.4998398821e-03   5.3081483231e-13   2.0318809803e-02   2.2372604335e-08   2.6940155852e-15   4.6489064378e-18   4.8001787001e-06   5.5881055200e-01   3.4693454534e-03   5.7713022024e-02   4.6623956507e-12   2.2437338125e-05   7.1705070372e-15   1.8454204699e-01
   7.8400000000e-01   7.1103901232e-01   4.7063844335e+02  -3.7913580332e+06   7.6877084795e-02   4.8139684961e-01   3.0320106366e+01   3.4876584209e-05   1.2373195628e-12   6.9982039106e-16   2.3350608181e-03   3.9533480133e-13   1.8934398341e-02   1.6954144292e-08   1.7572029519e-15   2.9585366989e-18   4.4676161333e-06   5.7161426309e-01   3.2432054790e-03   5.4664604391e-02   3.4651185986e-12   2.1280795582e-05   4.4966196959e-15   1.7254864583e-01
   8.0000000000e-01   7.2901415249e-01   4.5763436912e+02  -3.8523855044e+06   7.2181159618e-02   4.9034533641e-01   2.0846767189e+01   3.1393627210e-05   7.8127098266e-13   3.5481405632e-16   2.1699708950e-03   2.9022551236e-13   1.7551879067e-02   1.2653481932e-08   1.1287206346e-15   1.8544142132e-18   4.1383641033e-06   5.8422098075e-01   3.0165101309e-03   5.1581376793e-02   2.5465719504e-12   2.0111091762e-05   2.7367718405e-15   1.6051781505e-01
   8.1600000000e-01   7.4717765939e-01   4.4478628916e+02  -3.9136152363e+06   6.7445402882e-02   4.9967910190e-01   1.4042325230e+01   2.7991996393e-05   4.7956897541e-13   1.7289691768e-16   2.0045089832e-03   2.0946983574e-13   1.6171163641e-02   9.2902685648e-09   7.1223667705e-16   1.1412579709e-18   3.8114674194e-06   5.9659573603e-01   2.7891556230e-03   4.8457091621e-02   1.8482598380e-12   1.8925867286e-05   1.6138377543e-15   1.4844356272e-01
   8.3200000000e-01   7.6555509260e-01   4.3208598904e+02  -3.9750669493e+06   6.2662024695e-02   5.0942484972e-01   9.2497447570e+00   2.4681812048e-05   2.8555210161e-13   8.0725130802e-17   1.8386029415e-03   1.4817950721e-13   1.4792091351e-02   6.7006028820e-09   4.4008050007e-16   6.8687650399e-19   3.4861552527e-06   6.0869751893e-01   2.5610192985e-03   4.5284232233e-02   1.3227320201e-12   1.7722190467e-05   9.1997581460e-16   1.3631898572e-01
   8.4800000000e-01   7.8417899692e-01   4.1952557892e+02  -4.0367655366e+06   5.7821427194e-02   5.1961046718e-01   5.9429115571e+00   2.1474410264e-05   1.6445163256e-13   3.5977666436e-17   1.6721664284e-03   1.0235603772e-13   1.3414408087e-02   4.7389635115e-09   2.6511824471e-16   4.0221608049e-19   3.1618018741e-06   6.2047784063e-01   2.3319541843e-03   4.2053590513e-02   9.3169707502e-13   1.6496380351e-05   5.0550051634e-16   1.2413600864e-01
   8.6400000000e-01   8.0309120914e-01   4.0709707884e+02  -4.0987424283e+06   5.2911543507e-02   5.3026516191e-01   3.7110929692e+00   1.8382639176e-05   9.1245561321e-14   1.5234739656e-17   1.5050942246e-03   6.8715422817e-14   1.2037734458e-02   3.2788779373e-09   1.5481581180e-16   2.2761355038e-19   2.8378894799e-06   6.3187886267e-01   2.1017810056e-03   3.8753645405e-02   6.4442303013e-13   1.5243740792e-05   2.6671129661e-16   1.1188500033e-01
   8.8000000000e-01   8.2234628193e-01   3.9479170119e+02  -4.1610374608e+06   4.7916823836e-02   5.4141983252e-01   2.2410892905e+00   1.5421262756e-05   4.8518273282e-14   6.0930355203e-18   1.3372550770e-03   4.4558363120e-14   1.0661515934e-02   2.2125979599e-09   8.6928890461e-17   1.2335556854e-19   2.5139716881e-06   6.4283090894e-01   1.8702759948e-03   3.5369610644e-02   4.3639467049e-13   1.3958146858e-05   1.3444561713e-16   9.9554186911e-02
   8.9600000000e-01   8.4201677421e-01   3.8259858350e+02  -4.2237014693e+06   4.2816613293e-02   5.5310796245e-01   1.2993368403e+00   1.2607523254e-05   2.4542930336e-14   2.2835159295e-18   1.1684803037e-03   2.7672465076e-14   9.2849418095e-03   1.4500633253e-09   4.6400499923e-17   6.3220926837e-20   2.1896351537e-06   6.5324911776e-01   1.6371515359e-03   3.1881912424e-02   2.8819328046e-13   1.2631376002e-05   6.4307718817e-17   8.7128718009e-02
   9.1200000000e-01   8.6220184259e-01   3.7050247419e+02  -4.2867999118e+06   3.7582412061e-02   5.6536767470e-01   7.1539776836e-01   9.9619548956e-06   1.1686034042e-14   7.9313865316e-19   9.9854468998e-04   1.6256532049e-14   7.9068079231e-03   9.1739832819e-10   2.3149786908e-17   3.0080533472e-20   1.8644543679e-06   6.6302886807e-01   1.4020238111e-03   2.8263618372e-02   1.8456448642e-13   1.1251967630e-05   2.8905325002e-17   7.4589103151e-02
   9.2800000000e-01   8.8304212562e-01   3.5847925107e+02  -4.3504179113e+06   3.2172907525e-02   5.7824648389e-01   3.6758272289e-01   7.5096243953e-06   5.1531869131e-15   2.5110902204e-19   8.2713226867e-04   8.8598396313e-15   6.5252666556e-03   5.5513931836e-10   1.0512508692e-17   1.2908181407e-20   1.5379292178e-06   6.7203943277e-01   1.1643550001e-03   2.4475776245e-02   1.1364245341e-13   9.8031373850e-06   1.2032295918e-17   6.1908413492e-02
   9.4400000000e-01   9.0474784833e-01   3.4648650152e+02  -4.4146670391e+06   2.6524098742e-02   5.9181275844e-01   1.7095831568e-01   5.2821435315e-06   2.0483646552e-15   7.0510649891e-20   6.5376950593e-04   4.3314320331e-15   5.1373321636e-03   3.1633866903e-10   4.1521087096e-18   4.7523054968e-21   1.2093807640e-06   6.8011511194e-01   9.2334064977e-04   2.0458143785e-02   6.6302925629e-14   8.2585923559e-06   4.5286081676e-18   4.9046822297e-02
   9.6000000000e-01   9.2765877569e-01   3.3444111203e+02  -4.4796931091e+06   2.0526968431e-02   6.0618607246e-01   6.7685446994e-02   3.3212264527e-06   6.9738050458e-16   1.6674941934e-20   4.7767797770e-04   1.7760988772e-15   3.7377754966e-03   1.6464308140e-10   1.3056498302e-18   1.3588408044e-21   8.7773812323e-07   6.8704289769e-01   6.7766163201e-04   1.6108210076e-02   3.5621574182e-14   6.5729692249e-06   1.4738638773e-18   3.5939573120e-02
   9.7600000000e-01   9.5239841224e-01   3.2215472717e+02  -4.5456773275e+06   1.3966277168e-02   6.2163220473e-01   1.9477946953e-02   1.6857541209e-06   1.8056043341e-16   2.9378180522e-21   2.9738399887e-04   5.1493183426e-16   2.3161577210e-03   7.2378724449e-11   2.6435386588e-19   2.3436727525e-22   5.4098884354e-07   6.9254599988e-01   4.2482717880e-04   1.1223606515e-02   1.6416022195e-14   4.6552919934e-06   3.7484733017e-19   2.2465113274e-02
   9.9200000000e-01   9.8042100515e-01   3.0907727103e+02  -4.6127694873e+06   6.2889600290e-03   6.3896648932e-01   1.9668630224e-03   4.6804731726e-07   2.2851895785e-17   2.3338190353e-22   1.0930835883e-04   4.9331584547e-17   8.4593846982e-04   1.8456632995e-11   1.5911319587e-20   7.9365906577e-24   1.9420224759e-07   6.9626744855e-01   1.5880067472e-04   5.2837528372e-03   4.8394096389e-15   2.2669348073e-06   5.2827281892e-20   8.3300626566e-03
   1.0000000000e+00   1.0000000000e+00   3.0000000000e+02  -4.6458568819e+06   0.0000000000e+00   6.5169855213e-01   0.0000000000e+00   0.0000000000e+00   0.0000000000e+00   0.0000000000e+00   0.0000000000e+00   0.0000000000e+00   0.0000000000e+00   0.0000000000e+00   0.0000000000e+00   0.0000000000e+00   0.0000000000e+00   1.0000000000e+00   0.0000000000e+00   0.0000000000e+00   0.0000000000e+00   0.0000000000e+00   0.0000000000e+00   0.0000000000e+00