# L (m)  = 1
# P (Pa) = 101325
#             001_x           002_mixf              003_T              004_h             005_pv        006_density        007_hr             008_H2              009_H              010_O             011_O2             012_OH            013_H2O            014_HO2            015_CH2         016_CH2(S)            017_CH3            018_CH4             019_CO            020_CO2            021_HCO           022_CH2O          023_CH2OH             024_N2
                  0   0.0000000000e+00   3.0000000000e+02   1.9075768848e+03   0.0000000000e+00   1.1719839921e+00   0.0000000000e+00   0.0000000000e+00   0.0000000000e+00   0.0000000000e+00   2.3300000000e-01   0.0000000000e+00   0.0000000000e+00   0.0000000000e+00   0.0000000000e+00   0.0000000000e+00   0.0000000000e+00   0.0000000000e+00   0.0000000000e+00   0.0000000000e+00   0.0000000000e+00   0.0000000000e+00   0.0000000000e+00   7.6700000000e-01
   2.0000000000e-03   1.2431751363e-03   3.6146014042e+02  -7.2506368480e+04   1.4237986071e-02   9.7561784755e-01   7.6889942721e-01   1.8359512215e-07   1.6331983278e-16   6.2623783000e-10   2.2546737351e-01   2.5969288930e-10   1.8020574788e-03   4.3483283560e-08   4.1891538099e-18   2.6937256111e-19   3.5499583362e-10   5.3872190182e-07   1.1990651553e-05   1.2423754345e-02   3.8138267066e-17   9.8103646614e-09   1.2584478087e-21   7.5022016848e-01
   6.0000000000e-03   4.7689335916e-03   4.4782649405e+02  -1.8706232646e+05   3.5123887225e-02   7.8941285645e-01   4.5189698356e+00   9.2837680065e-07   2.3341097076e-15   4.4907449259e-10   2.1182668651e-01   3.4210186502e-10   5.4265534491e-03   2.2959822082e-07   9.6426012596e-17   7.1722719045e-18   7.7008122283e-09   1.6881936772e-05   4.8331100820e-05   2.9648074298e-02   1.5342800914e-15   2.7417128342e-07   9.3177341954e-20   7.4767087522e-01
   1.0000000000e-02   8.0559109549e-03   5.2077741753e+02  -2.9013823172e+05   5.3443654784e-02   6.7989223354e-01   2.1540996920e+01   1.9945841033e-06   1.6275817978e-14   1.8135765211e-10   1.9889598081e-01   6.1590999820e-10   9.0834185859e-03   5.9152157857e-07   5.6986917578e-16   4.4708763084e-17   2.7906292823e-08   8.4283006366e-05   1.2265592020e-04   4.4235585694e-02   1.3997185295e-14   1.3695593243e-06   1.1672258688e-18   7.4498621999e-01
   1.4000000000e-02   1.1222471537e-02   5.8388872044e+02  -3.8765080636e+05   7.0217881023e-02   6.0705206731e-01   7.4742550566e+01   3.2849915835e-06   8.4309261651e-14   6.0306528189e-11   1.8658050751e-01   1.0605810609e-09   1.2671763512e-02   1.0877136546e-06   2.1156160598e-15   1.6754083461e-16   6.2675665263e-08   2.3201088674e-04   2.4600729600e-04   5.7296825223e-02   6.9893812816e-14   3.6887047205e-06   8.7069718493e-18   7.4224638125e-01
   1.8000000000e-02   1.4311501202e-02   6.3811435143e+02  -4.8187007217e+05   8.5765695374e-02   5.5586571274e-01   1.8887053339e+02   4.7399435405e-06   2.9419518902e-13   2.6257694507e-11   1.7487828415e-01   1.5245206800e-09   1.6139706517e-02   1.6548027263e-06   5.5808870436e-15   4.3486631856e-16   1.1585597783e-07   4.7946632687e-04   4.1952756522e-04   6.9201721349e-02   2.2164554103e-13   7.3165468403e-06   5.0789692011e-17   7.3947582493e-01
   2.2000000000e-02   1.7343226809e-02   6.8393677831e+02  -5.7390163947e+05   1.0021769145e-01   5.1884904608e-01   3.8671020432e+02   6.3204779559e-06   7.6365744914e-13   2.9748496240e-11   1.6379658706e-01   1.9451884731e-09   1.9460859009e-02   2.2353101858e-06   1.2055299919e-14   9.0926060208e-16   1.9301559003e-07   8.3850609060e-04   6.3939906943e-04   8.0111112894e-02   5.3021807611e-13   1.2137842566e-05   2.3968297733e-16   7.3668464002e-01
   2.6000000000e-02   2.0329160382e-02   7.2179630812e+02  -6.6434712972e+05   1.1364355426e-01   4.9172422929e-01   6.8694102584e+02   7.9999875378e-06   1.6167853161e-12   4.8286554731e-11   1.5333613216e-01   2.3085461733e-09   2.2622950727e-02   2.7852196107e-06   2.2997073895e-14   1.6602019930e-15   3.0053439275e-07   1.3156142504e-03   8.9958548729e-04   9.0113018053e-02   1.0642166285e-12   1.7933242733e-05   8.6924015563e-16   7.3387772572e-01
   3.0000000000e-02   2.3276984242e-02   7.5214088198e+02  -7.5358375829e+05   1.2609290267e-01   4.7186325328e-01   1.0994735429e+03   9.7597001924e-06   2.9444285133e-12   7.0125828123e-11   1.4348920113e-01   2.6020611092e-09   2.5621845931e-02   3.2746794304e-06   3.9927701022e-14   2.7363613327e-15   4.4507051374e-07   1.9135318637e-03   1.1933109326e-03   9.9267986102e-02   1.8965918739e-12   2.4443164389e-05   2.4339617077e-15   7.3105775277e-01
   3.4000000000e-02   2.6192532535e-02   7.7543856431e+02  -8.4186065451e+05   1.3760973258e-01   4.5756590814e-01   1.6287634040e+03   1.1586053728e-05   4.8329694023e-12   9.0182622974e-11   1.3424099987e-01   2.8557135349e-09   2.8458192452e-02   3.6862053596e-06   6.5244186404e-14   4.2191407511e-15   6.3310286748e-07   2.6324222492e-03   1.5138398359e-03   1.0762611424e-01   3.1052002598e-12   3.1406990045e-05   5.4692041041e-15   7.2822632507e-01
   3.8000000000e-02   2.9080662876e-02   7.9217402110e+02  -9.2934018048e+05   1.4823746750e-01   4.4769124163e-01   2.2738294597e+03   1.3469085740e-05   7.4349764765e-12   1.1271704931e-10   1.2557153116e-01   3.0923565556e-09   3.1135462989e-02   4.0121600460e-06   1.0351725633e-13   6.2845233484e-15   8.7080819390e-07   3.4706917428e-03   1.8548690170e-03   1.1523366641e-01   4.7914926486e-12   3.8585914871e-05   1.0272562983e-14   7.2538449471e-01
   4.2000000000e-02   3.1945656575e-02   8.0284625894e+02  -1.0161130688e+06   1.5802039346e-01   4.4145127223e-01   3.0108244744e+03   1.5401406102e-05   1.0714206069e-11   1.3318428823e-10   1.1745727153e-01   3.2638422405e-09   3.3658774035e-02   4.2521056732e-06   1.5685117021e-13   8.8983251585e-15   1.1643503780e-06   4.4255667107e-03   2.2107048050e-03   1.2213551321e-01   7.0139380119e-12   4.5775473454e-05   1.6599993693e-14   7.2253301056e-01
   4.6000000000e-02   3.4791406768e-02   8.0797620899e+02  -1.1021937598e+06   1.6700370603e-01   4.3828394512e-01   3.8073165793e+03   1.7377498505e-05   1.4466050802e-11   1.4346121833e-10   1.0987250245e-01   3.3560210225e-09   3.6034153985e-02   4.4107616071e-06   2.2580981607e-13   1.1927706171e-14   1.5196385614e-06   5.4935002736e-03   2.5763220431e-03   1.2837585250e-01   9.7588330566e-12   5.2811089220e-05   2.3666995917e-14   7.1967244769e-01
   5.0000000000e-02   3.7621507223e-02   8.0813058035e+02  -1.1874936872e+06   1.7523306705e-01   4.3776357944e-01   4.6339872248e+03   1.9393215410e-05   1.8504129271e-11   1.4371726308e-10   1.0279032104e-01   3.3810514439e-09   3.8268075744e-02   4.4965885814e-06   3.1350454091e-13   1.5364268665e-14   1.9421695696e-06   6.6704601639e-03   2.9473599471e-03   1.3399823814e-01   1.2986187575e-11   5.9568990059e-05   3.0522676727e-14   7.1680328035e-01
   5.4000000000e-02   4.0439293656e-02   8.0396882272e+02  -1.2717662702e+06   1.8275406342e-01   4.3952339246e-01   5.4610665824e+03   2.1445372479e-05   2.2583848432e-11   1.3626288507e-10   9.6183381416e-02   3.3448683027e-09   4.0367148066e-02   4.5208317308e-06   4.2122581923e-13   1.9090985240e-14   2.4369870381e-06   7.9521305794e-03   3.3200856116e-03   1.3904538437e-01   1.6605385919e-11   6.5964244804e-05   3.6375556649e-14   7.1392592798e-01
   5.8000000000e-02   4.3247860371e-02   7.9631740738e+02  -1.3545192574e+06   1.8961172368e-01   4.4317256822e-01   6.2652448983e+03   2.3531362929e-05   2.6454313055e-11   1.2340735225e-10   9.0024426357e-02   3.2570715264e-09   4.2337900928e-02   4.4971299971e-06   5.4889707356e-13   2.2951801707e-14   3.0083615138e-06   9.3340510196e-03   3.6913428236e-03   1.4355894856e-01   2.0491434293e-11   7.1946821176e-05   4.0895542050e-14   7.1104078840e-01
   6.2000000000e-02   4.6050060933e-02   7.8626394015e+02  -1.4349037779e+06   1.9585015829e-01   4.4819932824e-01   7.0376743116e+03   2.5648722997e-05   2.9982088714e-11   1.0789188600e-10   8.4286651028e-02   3.1324283449e-09   4.4186628298e-02   4.4413597312e-06   6.9677686598e-13   2.6839927467e-14   3.6594146924e-06   1.0811703766e-02   4.0584961436e-03   1.4757938513e-01   2.4551835983e-11   7.7496270662e-05   4.4357912462e-14   7.0814826598e-01
   6.6000000000e-02   4.8848493683e-02   7.7523948444e+02  -1.5116175634e+06   2.0151230911e-01   4.5386997353e-01   7.7914460273e+03   2.7794608186e-05   3.3277829341e-11   9.2573365028e-11   7.8943946612e-02   2.9904113689e-09   4.5919269478e-02   4.3713678710e-06   8.6623079549e-13   3.0731469276e-14   4.3918950173e-06   1.2380559242e-02   4.4193754693e-03   1.5114586955e-01   2.8814984088e-11   8.2615482439e-05   4.7564330983e-14   7.0524879720e-01
   7.0000000000e-02   5.1645471220e-02   7.6504440348e+02  -1.5828740242e+06   2.0663976840e-01   4.5915617125e-01   8.5682640347e+03   2.9965187368e-05   3.6832596080e-11   8.0064524037e-11   7.3971059182e-02   2.8544370130e-09   4.7541328516e-02   4.3063525036e-06   1.0617692663e-12   3.4750172874e-14   5.2062382728e-06   1.4036085358e-02   4.7722232668e-03   1.5429625143e-01   3.3546130650e-11   8.7323852236e-05   5.1747220274e-14   7.0234287267e-01
   7.4000000000e-02   5.4442974169e-02   7.5784283670e+02  -1.6464022231e+06   2.1127261370e-01   4.6270505748e-01   9.4441902293e+03   3.2155001029e-05   4.1703598039e-11   7.2663128572e-11   6.9343700595e-02   2.7511118844e-09   4.9057832210e-02   4.2657634313e-06   1.2944495480e-12   3.9246644050e-14   6.1019982370e-06   1.5773728892e-02   5.1156449175e-03   1.5706698158e-01   3.9403938862e-11   9.1650279190e-05   5.8743840182e-14   6.9943105427e-01
   7.8000000000e-02   5.7242585821e-02   7.5636092120e+02  -1.6991846815e+06   2.1544927511e-01   4.6275581618e-01   1.0543554457e+04   3.4356235081e-05   5.0025559719e-11   7.3236721172e-11   6.5038619086e-02   2.7134114061e-09   5.0473304413e-02   4.2676400370e-06   1.5883699421e-12   4.4951629204e-14   7.0786458647e-06   1.7588865809e-02   5.4485630344e-03   1.5949305143e-01   4.7780884993e-11   9.5626438767e-05   7.1967187436e-14   6.9651399406e-01
   8.2000000000e-02   6.0045383649e-02   7.6469633815e+02  -1.7364093713e+06   2.1920650981e-01   4.5683093418e-01   1.2081764373e+04   3.6557600386e-05   6.6534949276e-11   8.7939330915e-11   6.1033618178e-02   2.7945642735e-09   5.1791692773e-02   4.3259344803e-06   1.9971626773e-12   5.3427325030e-14   8.1367149280e-06   1.9476692283e-02   5.7701780788e-03   1.6160808135e-01   6.1835791461e-11   9.9280226691e-05   9.9567351242e-14   6.9359247654e-01
   8.6000000000e-02   6.2851787540e-02   7.8866310945e+02  -1.7508651900e+06   2.2257936174e-01   4.4206630591e-01   1.4410041739e+04   3.8743094817e-05   1.0111224045e-10   1.3070445271e-10   5.7307551174e-02   3.0872737411e-09   5.3016299957e-02   4.4453858920e-06   2.6385923061e-12   6.8024392043e-14   9.2794705980e-06   2.1432062871e-02   6.0799331293e-03   1.6344438556e-01   8.8928795991e-11   1.0262727756e-04   1.6208769068e-13   6.9066747663e-01
   9.0000000000e-02   6.5661692990e-02   8.2856949864e+02  -1.7416544975e+06   2.2560026610e-01   4.1991361164e-01   1.7766990553e+04   4.0895064656e-05   1.6541086848e-10   2.1940729411e-10   5.3840541354e-02   3.6674086819e-09   5.4150339552e-02   4.6132830071e-06   3.6953980380e-12   9.3558919085e-14   1.0515522879e-05   2.3449672485e-02   6.3774555923e-03   1.6503157589e-01   1.4034272937e-10   1.0565658048e-04   2.9650248147e-13   6.8774002005e-01
   9.4000000000e-02   6.8475147358e-02   8.7420707710e+02  -1.7210565302e+06   2.2829776481e-01   3.9715819130e-01   2.1886803229e+04   4.3002584231e-05   2.5926335491e-10   3.5149382155e-10   5.0614368360e-02   4.4982236133e-09   5.5198013806e-02   4.7976325750e-06   5.3352509622e-12   1.3359315288e-13   1.1859587787e-05   2.5524831416e-02   6.6624774646e-03   1.6639427095e-01   2.2262286415e-10   1.0832357925e-04   5.3766558534e-13   6.8481078401e-01
   9.8000000000e-02   7.1292777739e-02   9.1834248521e+02  -1.6983138850e+06   2.3069685268e-01   3.7726218981e-01   2.6386133172e+04   4.5063883050e-05   3.7188019899e-10   5.0153389150e-10   4.7612426455e-02   5.5260665383e-09   5.6164544794e-02   4.9607116174e-06   7.7361517889e-12   1.9160444235e-13   1.3326242886e-05   2.7653884154e-02   6.9348041353e-03   1.6755243987e-01   3.3664843854e-10   1.1057050388e-04   9.1078889817e-13   6.8187994499e-01
   1.0200000000e-01   7.4115516985e-02   9.5904757362e+02  -1.6762824946e+06   2.3282025889e-01   3.6046298648e-01   3.1029182668e+04   4.7081068839e-05   4.9233363084e-10   6.4373286550e-10   4.4819357696e-02   6.7255765176e-09   5.7055281446e-02   5.0717853407e-06   1.1126447114e-11   2.7233196122e-13   1.4922539872e-05   2.9833834508e-02   7.1943284494e-03   1.6852356792e-01   4.8082994155e-10   1.1234743035e-04   1.4368898830e-12   6.7894743123e-01
   1.0600000000e-01   7.6944308009e-02   9.9614403195e+02  -1.6556082862e+06   2.3468903511e-01   3.4627069680e-01   3.5660538102e+04   4.9056479417e-05   6.1356003966e-10   7.6319080486e-10   4.2220844418e-02   8.0779171472e-09   5.7875199028e-02   5.1117868268e-06   1.5769815889e-11   3.8128487814e-13   1.6644854539e-05   3.2061988246e-02   7.4410322670e-03   1.6932374734e-01   6.5139054587e-10   1.1362062604e-04   2.1286845717e-12   6.7601313128e-01
   1.1000000000e-01   7.9780011860e-02   1.0298805758e+03  -1.6363484289e+06   2.3632271461e-01   3.3417473001e-01   4.0144677130e+04   5.0991781012e-05   7.3177994926e-10   8.5482468981e-10   3.9803518973e-02   9.5612179819e-09   5.8628831483e-02   5.0733394784e-06   2.1941744303e-11   5.2413098510e-13   1.8479051635e-05   3.4335832412e-02   7.6749751471e-03   1.6996791620e-01   8.4266131912e-10   1.1437459165e-04   2.9827536392e-12   6.7307695487e-01
   1.1400000000e-01   8.2623376692e-02   1.0605869262e+03  -1.6183975239e+06   2.3773927692e-01   3.2376033925e-01   4.4348406841e+04   5.2887848992e-05   8.4482210669e-10   9.1890797461e-10   3.7554999566e-02   1.1148352439e-08   5.9320276172e-02   4.9587825235e-06   2.9899719590e-11   7.0603353973e-13   2.0402183547e-05   3.6653008974e-02   7.8962735999e-03   1.7046983930e-01   1.0476726496e-09   1.1461149835e-04   3.9760611432e-12   6.7013885756e-01
   1.1800000000e-01   8.5475060284e-02   1.0885797269e+03  -1.6016090699e+06   2.3895540073e-01   3.1470758062e-01   4.8145963679e+04   5.4744896208e-05   9.5102011740e-10   9.5788342393e-10   3.5463693695e-02   1.2806746102e-08   5.9953299916e-02   4.7776269109e-06   3.9848402168e-11   9.3090770898e-13   2.2384577296e-05   3.9011282669e-02   8.1050994612e-03   1.7084225646e-01   1.2588015423e-09   1.1435011944e-04   5.0688699135e-12   6.6719882115e-01
   1.2200000000e-01   8.8335638908e-02   1.1141504241e+03  -1.5858345337e+06   2.3998653020e-01   3.0676824454e-01   5.1432027885e+04   5.6562592060e-05   1.0488459840e-09   9.7492203823e-10   3.3518757643e-02   1.4500380092e-08   6.0531382664e-02   4.5438765581e-06   5.1906524395e-11   1.2007641098e-12   2.4392130152e-05   4.1408535394e-02   8.3016693843e-03   1.7109691555e-01   1.4684550374e-09   1.1362363534e-04   6.2125319417e-12   6.6425684840e-01
   1.2600000000e-01   9.1205615980e-02   1.1375598080e+03  -1.5709364146e+06   2.4084694812e-01   2.9974856963e-01   5.4131580180e+04   5.8340183430e-05   1.1369079285e-09   9.7336873447e-10   3.1710055263e-02   1.6191805267e-08   6.1057753344e-02   4.2736336583e-06   6.6078102137e-11   1.5151595757e-12   2.6388528533e-05   4.3842760536e-02   8.4862363187e-03   1.7124461827e-01   1.6696200292e-09   1.1247691874e-04   7.3582124776e-12   6.6131295840e-01
   1.3000000000e-01   9.4085430382e-02   1.1590342876e+03  -1.5567984866e+06   2.4154985201e-01   2.9349692362e-01   5.6203914355e+04   6.0076615823e-05   1.2140500866e-09   9.5651858615e-10   3.0028117009e-02   1.7843709754e-08   6.1535419284e-02   3.9832391550e-06   8.2231221811e-11   1.8708038214e-12   2.8337226602e-05   4.6312057599e-02   8.6590827906e-03   1.7129527332e-01   1.8562561204e-09   1.1096354791e-04   8.4640919667e-12   6.5836718266e-01
   1.3400000000e-01   9.6975468623e-02   1.1786833151e+03  -1.5434527387e+06   2.4210743186e-01   2.8791444681e-01   5.7636313551e+04   6.1770672581e-05   1.2793834232e-09   9.2737505562e-10   2.8464100335e-02   1.9413157479e-08   6.1967192257e-02   3.6880795029e-06   1.0005713729e-10   2.2604300011e-12   3.0203074189e-05   4.8814631957e-02   8.8205156256e-03   1.7125795330e-01   2.0233263078e-09   1.0914279893e-04   9.4959698727e-12   6.5541955998e-01
   1.3800000000e-01   9.9876103164e-02   1.1960746022e+03  -1.5317266563e+06   2.4253096106e-01   2.8304545754e-01   5.8417811675e+04   6.3421237747e-05   1.3321545186e-09   8.8813114139e-10   2.7009752595e-02   2.0813030737e-08   6.2355719944e-02   3.4019430466e-06   1.1887121352e-10   2.6664294162e-12   3.1953747501e-05   5.1348824179e-02   8.9708616735e-03   1.7114095821e-01   2.1659558756e-09   1.0707684148e-04   1.0405768369e-11   6.5247012159e-01
   1.4200000000e-01   1.0278776183e-01   1.2100971736e+03  -1.5234945549e+06   2.4283090789e-01   2.7908847430e-01   5.8540230244e+04   6.5027699823e-05   1.3719016473e-09   8.4035856324e-10   2.5657374207e-02   2.1891069248e-08   6.2703519286e-02   3.1360454713e-06   1.3743533331e-10   3.0545990009e-12   3.3561846096e-05   5.3913173320e-02   9.1104651375e-03   1.7095189577e-01   2.2796153825e-09   1.0482797386e-04   1.1119241358e-11   6.4951886691e-01
   1.4600000000e-01   1.0571094468e-01   1.2201184779e+03  -1.5199578087e+06   2.4301702031e-01   2.7612279738e-01   5.8061050171e+04   6.6590111269e-05   1.3990805271e-09   7.8638785049e-10   2.4399777478e-02   2.2538347217e-08   6.3012981878e-02   2.8972539913e-06   1.5447821651e-10   3.3900532740e-12   3.5007885482e-05   5.6506422377e-02   9.2396876927e-03   1.7069776063e-01   2.3630759306e-09   1.0245520838e-04   1.1595893354e-11   6.4656576297e-01
   1.5000000000e-01   1.0864615502e-01   1.2264273598e+03  -1.5209195755e+06   2.4309834750e-01   2.7403089095e-01   5.7097757507e+04   6.8108940851e-05   1.4149853033e-09   7.2919337838e-10   2.3230248935e-02   2.2752367642e-08   6.3286354694e-02   2.6875978125e-06   1.6920953311e-10   3.6534938734e-12   3.6281789629e-05   5.9127432870e-02   9.3589085365e-03   1.7038497533e-01   2.4186654278e-09   1.0001094797e-04   1.1853820235e-11   6.4361077445e-01
   1.5400000000e-01   1.1159383251e-01   1.2296990306e+03  -1.5255514815e+06   2.4308324642e-01   2.7263089001e-01   5.5774294628e+04   6.9584801036e-05   1.4212085793e-09   6.7142202525e-10   2.2142520009e-02   2.2593761305e-08   6.3525731807e-02   2.5056360560e-06   1.8129041967e-10   3.8399771158e-12   3.7381887287e-05   6.1775105277e-02   9.4685217005e-03   1.7001940811e-01   2.4502143783e-09   9.7539241899e-05   1.1935926725e-11   6.4065388791e-01
   1.5800000000e-01   1.1455433301e-01   1.2306052211e+03  -1.5329832631e+06   2.4297940924e-01   2.7175878389e-01   5.4194497179e+04   7.1018342116e-05   1.4193113967e-09   6.1500059610e-10   2.1130743332e-02   2.2140564658e-08   6.3733063121e-02   2.3482120918e-06   1.9066229050e-10   3.9529280290e-12   3.8312743733e-05   6.4448352273e-02   9.5689312868e-03   1.6960639649e-01   2.4617289115e-09   9.5075641238e-05   1.1884169460e-11   6.3769511677e-01
   1.6200000000e-01   1.1752793558e-01   1.2296945030e+03  -1.5424964834e+06   2.4279390591e-01   2.7128757449e-01   5.2439065999e+04   7.2410235978e-05   1.4107061743e-09   5.6117715852e-10   2.0189470776e-02   2.1466911356e-08   6.3910168543e-02   2.2117088131e-06   1.9742572608e-10   3.9998718148e-12   3.9082996865e-05   6.7146102010e-02   9.6605461878e-03   1.6915078094e-01   2.4568983643e-09   9.2647943925e-05   1.1731969569e-11   6.3473449661e-01
   1.6600000000e-01   1.2051485609e-01   1.2273871375e+03  -1.5535433887e+06   2.4253323137e-01   2.7112345347e-01   5.0569848394e+04   7.3761177536e-05   1.3966300362e-09   5.1067952823e-10   1.9313631094e-02   2.0636169543e-08   6.4058751267e-02   2.0927172781e-06   2.0177018730e-10   3.9900147323e-12   3.9703635711e-05   6.9867308177e-02   9.7437752840e-03   1.6865694364e-01   2.4389610171e-09   9.0277270004e-05   1.1504534650e-11   6.3177207910e-01
   1.7000000000e-01   1.2351525982e-01   1.2239993981e+03  -1.5657175137e+06   2.4220335107e-01   2.7119773654e-01   4.8634508112e+04   7.5071882728e-05   1.3781483971e-09   4.6386721839e-10   1.8498508006e-02   1.9699960151e-08   6.4180408556e-02   1.9883029559e-06   2.0393205119e-10   3.9329100946e-12   4.0186763356e-05   7.2610958914e-02   9.8190233436e-03   1.6812884729e-01   2.4106928965e-09   8.7979174806e-05   1.1220919066e-11   6.2880792682e-01
   1.7400000000e-01   1.2652927206e-01   1.2197693026e+03  -1.5787194253e+06   2.4180974431e-01   2.7145983839e-01   4.6670035743e+04   7.6343083547e-05   1.3561684006e-09   4.2084986951e-10   1.7739718299e-02   1.8699201170e-08   6.4276640679e-02   1.8960536257e-06   2.0416799252e-10   3.8377221652e-12   4.0544762244e-05   7.5376083224e-02   9.8866877676e-03   1.6757007278e-01   2.3744377327e-09   8.5764672822e-05   1.0895839804e-11   6.2584210942e-01
   1.7800000000e-01   1.2955698608e-01   1.2148772152e+03  -1.5923285191e+06   2.4135744419e-01   2.7187208795e-01   4.4705180046e+04   7.7575519978e-05   1.3314555493e-09   3.8157358736e-10   1.7033190513e-02   1.7665699284e-08   6.4348858344e-02   1.8140298047e-06   2.0273756296e-10   3.7128349359e-12   4.0789759033e-05   7.8161754512e-02   9.9471560868e-03   1.6698385424e-01   2.3321506123e-09   8.3641126671e-05   1.0540925893e-11   6.2287470080e-01
   1.8200000000e-01   1.3259846928e-01   1.2094611251e+03  -1.6063818316e+06   2.4085107452e-01   2.7240607196e-01   4.2762153247e+04   7.8769931772e-05   1.3046510351e-09   3.4588213773e-10   1.6375144371e-02   1.6623759336e-08   6.4398389087e-02   1.7406832898e-06   1.9989193538e-10   3.5656713570e-12   4.0933301904e-05   8.0967092188e-02   1.0000804114e-02   1.6637311139e-01   2.2854452712e-09   8.1612995339e-05   1.0165522210e-11   6.1990577725e-01
   1.8600000000e-01   1.3565376791e-01   1.2036277952e+03  -1.6207584622e+06   2.4029488383e-01   2.7304006232e-01   4.0857886294e+04   7.9927051285e-05   1.2762885569e-09   3.1355957810e-10   1.5762071118e-02   1.5591633916e-08   6.4426482911e-02   1.6747746762e-06   1.9586697267e-10   3.4026428123e-12   4.0986183551e-05   8.3791261970e-02   1.0047994639e-02   1.6574047923e-01   2.2356406203e-09   7.9682452235e-05   9.7772114419e-12   6.1693541601e-01
   1.9000000000e-01   1.3872291086e-01   1.1974609823e+03  -1.6353680040e+06   2.3969277662e-01   2.7375716897e-01   3.9005009235e+04   8.1047597630e-05   1.2468102295e-09   2.8435955517e-10   1.5190714811e-02   1.4582767469e-08   6.4434317356e-02   1.6153019368e-06   1.9087943232e-10   3.2291788185e-12   4.0958361208e-05   8.6633475201e-02   1.0089076575e-02   1.6508833509e-01   2.1838043171e-09   7.7849889496e-05   9.3821732262e-12   6.1396369435e-01
   1.9400000000e-01   1.4180591255e-01   1.1910276411e+03  -1.6501417390e+06   2.3904834201e-01   2.7454397049e-01   3.7212664816e+04   8.2132272021e-05   1.2165853492e-09   2.5802622933e-10   1.4658054311e-02   1.3606838363e-08   6.4423002114e-02   1.5614431160e-06   1.8512543445e-10   3.0498029649e-12   4.0858938728e-05   8.9492987457e-02   1.0124384445e-02   1.6441882318e-01   2.1307925857e-09   7.6114326346e-05   8.9854577959e-12   6.1099068889e-01
   1.9800000000e-01   1.4490277495e-01   1.1843827017e+03  -1.6650257781e+06   2.3836487999e-01   2.7538946674e-01   3.5488573083e+04   8.3181753929e-05   1.1859922268e-09   2.3433664640e-10   1.4161287056e-02   1.2670955630e-08   6.4393583283e-02   1.5125122499e-06   1.7878569026e-10   2.8682903721e-12   4.0696181317e-05   9.2369096593e-02   1.0154238156e-02   1.6373387679e-01   2.0772972364e-09   7.4473738217e-05   8.5915105936e-12   6.0801647515e-01
   2.0800000000e-01   1.5269402570e-01   1.1675884247e+03  -1.7023761280e+06   2.3657710146e-01   2.7759560555e-01   3.1445370569e+04   8.5719121418e-05   1.1120214704e-09   1.8469368226e-10   1.3002603151e-02   1.0576443017e-08   6.4277242989e-02   1.4010507167e-06   1.6268781766e-10   2.4422149922e-12   4.0149256271e-05   9.9599214356e-02   1.0215984722e-02   1.6199815463e-01   1.9468420305e-09   7.0617650466e-05   7.6770917924e-12   6.0057810427e-01
   2.2400000000e-01   1.6532254383e-01   1.1391294594e+03  -1.7620675579e+06   2.3325034074e-01   2.8167516562e-01   2.5998877405e+04   8.9197445910e-05   9.9122363973e-10   1.2813070391e-10   1.1588594169e-02   7.7611481221e-09   6.3855269150e-02   1.2763248054e-06   1.3322137360e-10   1.8037567011e-12   3.8631363726e-05   1.1136185263e-01   1.0243588035e-02   1.5906228611e-01   1.7476478489e-09   6.5797016262e-05   6.3033960059e-12   5.8866608109e-01
   2.4000000000e-01   1.7816794486e-01   1.1108655865e+03  -1.8203523841e+06   2.2958362774e-01   2.8593756437e-01   2.1612250495e+04   9.2185416030e-05   8.7907023849e-10   9.0566378475e-11   1.0500068439e-02   5.6516077299e-09   6.3243455621e-02   1.1858783829e-06   1.0595734552e-10   1.2989352135e-12   3.6751215216e-05   1.2332258418e-01   1.0215119700e-02   1.5603286701e-01   1.5703366379e-09   6.2059473810e-05   5.1649028341e-12   5.7674285526e-01
   2.5600000000e-01   1.9122635322e-01   1.0834410439e+03  -1.8769084190e+06   2.2566874982e-01   2.9022388436e-01   1.8095752209e+04   9.4711218509e-05   7.7736386167e-10   6.5188277698e-11   9.6525401462e-03   4.1066714571e-09   6.2479105998e-02   1.1177558732e-06   8.2666684391e-11   9.2156271609e-13   3.4691467095e-05   1.3545623558e-01   1.0142672123e-02   1.5295226048e-01   1.4145391889e-09   5.9154948022e-05   4.2518504025e-12   5.6481198258e-01
   2.7200000000e-01   2.0449328487e-01   1.0568371220e+03  -1.9323091736e+06   2.2157240959e-01   2.9453191069e-01   1.5261084364e+04   9.6799520226e-05   6.8629582540e-10   4.7683750337e-11   8.9834960396e-03   2.9821805960e-09   6.1591995523e-02   1.0642032844e-06   6.3596361924e-11   6.4707728485e-13   3.2570352190e-05   1.4774267751e-01   1.0035840234e-02   1.4984777432e-01   1.2771308181e-09   5.6871338310e-05   3.5273640689e-12   5.5287649153e-01
   2.8800000000e-01   2.1796404037e-01   1.0308810491e+03  -1.9872518022e+06   2.1734343840e-01   2.9890356630e-01   1.2953841375e+04   9.8472741667e-05   6.0536525744e-10   3.5357898743e-11   8.4466352081e-03   2.1645354542e-09   6.0605928367e-02   1.0196725636e-06   4.8392783109e-11   4.5063841603e-13   3.0464952464e-05   1.6016584077e-01   9.9022002709e-03   1.4673683702e-01   1.1546129371e-09   5.5037683244e-05   2.9530521868e-12   5.4093893788e-01
   3.0400000000e-01   2.3163381014e-01   1.0054850872e+03  -2.0421725149e+06   2.1301779606e-01   3.0336200119e-01   1.1055878231e+04   9.9751710062e-05   5.3377303539e-10   2.6514688270e-11   8.0076381520e-03   1.5707475955e-09   5.9539965799e-02   9.7997037892e-07   3.6511143872e-11   3.1183749190e-13   2.8425253012e-05   1.7271278116e-01   9.7477133646e-03   1.4363036518e-01   1.0439523084e-09   5.3520828260e-05   2.4963912437e-12   5.2900147941e-01
   3.2000000000e-01   2.4549766559e-01   9.8063398517e+02  -2.0972733334e+06   2.0862208250e-01   3.0791122727e-01   9.4784060015e+03   1.0065602515e-04   4.7061734384e-10   2.0065814036e-11   7.6410537955e-03   1.1402553852e-09   5.8409401357e-02   9.4198920984e-07   2.7368530719e-11   2.1478644744e-13   2.6482633258e-05   1.8537287470e-01   9.5770560466e-03   1.4053496907e-01   9.4278049079e-10   5.2220018557e-05   2.1309643028e-12   5.1706593640e-01
   3.3600000000e-01   2.5955027964e-01   9.5633598071e+02  -2.1526306929e+06   2.0417610628e-01   3.1254805115e-01   8.1548170058e+03   1.0120403272e-04   4.1499059747e-10   1.5296933345e-11   7.3280525605e-03   8.2858218055e-10   5.7226517387e-02   9.0357288717e-07   2.0416419118e-11   1.4747685857e-13   2.4655481352e-05   1.9813699231e-01   9.3938823391e-03   1.3745450252e-01   8.4936764886e-10   5.1061156508e-05   1.8357850975e-12   5.0513411326e-01
   3.5200000000e-01   2.7378621559e-01   9.3261865657e+02  -2.2082665041e+06   1.9969463130e-01   3.1726192665e-01   7.0348224173e+03   1.0141333984e-04   3.6602834292e-10   1.1728925736e-11   7.0546612260e-03   6.0317290521e-10   5.6001218384e-02   8.6337833283e-07   1.5178090293e-11   1.0108520564e-13   2.2952866877e-05   2.1099726506e-01   9.2010469384e-03   1.3439095264e-01   7.6253185369e-10   4.9991023005e-05   1.5946050963e-12   4.9320752654e-01
   3.6800000000e-01   2.8820002127e-01   9.0950086215e+02  -2.2641817133e+06   1.9518864900e-01   3.2204345993e-01   6.0801002225e+03   1.0130103969e-04   3.2293210936e-10   9.0331804575e-12   6.8105077676e-03   4.4018599584e-10   5.4741507669e-02   8.2073884526e-07   1.1257290624e-11   6.9245018074e-14   2.1377221476e-05   2.2394679851e-01   9.0007752578e-03   1.3134506503e-01   6.8151581786e-10   4.8972416471e-05   1.3949670788e-12   4.8128735317e-01
   3.8400000000e-01   3.0278624752e-01   8.8699022103e+02  -2.3203700511e+06   1.9066632584e-01   3.2688576190e-01   5.2611554952e+03   1.0088380457e-04   2.8497628281e-10   6.9798530643e-12   6.5879017555e-03   3.2225803280e-10   5.3453861587e-02   7.7552034188e-07   8.3363218182e-12   4.7446149196e-14   1.9926376807e-05   2.3697940732e-01   8.7947973592e-03   1.2831678308e-01   6.0588070450e-10   4.7980124643e-05   1.2274125552e-12   4.6937446956e-01
   4.0000000000e-01   3.1753946643e-01   8.6508469119e+02  -2.3768229585e+06   1.8613370122e-01   3.3178452800e-01   4.5550409096e+03   1.0017794690e-04   2.5150872167e-10   5.4053164022e-12   6.3811488596e-03   2.3680885235e-10   5.2143529275e-02   7.2798309934e-07   6.1670109117e-12   3.2538264452e-14   1.8595101473e-05   2.5008940541e-01   8.5844545313e-03   1.2530553947e-01   5.3541417732e-10   4.6997678995e-05   1.0847875522e-12   4.5746948691e-01
   4.1600000000e-01   3.3245429296e-01   8.4377478436e+02  -2.4335312853e+06   1.8159520524e-01   3.3673779259e-01   3.9436964753e+03   9.9199458818e-05   2.2194814196e-10   4.1912426008e-12   6.1860391312e-03   1.7475975989e-10   5.0814773117e-02   6.7865590231e-07   4.5590792849e-12   2.2343253521e-14   1.7376251816e-05   2.6327144195e-01   8.3707838145e-03   1.2231044885e-01   4.7005124104e-10   4.6014824313e-05   9.6168188707e-13   4.4557278230e-01
   4.3200000000e-01   3.4752540699e-01   8.2304559680e+02  -2.4904858434e+06   1.7705404379e-01   3.4174562318e-01   3.4127293040e+03   9.7964037333e-05   1.9577987011e-10   3.2508837343e-12   5.9994657738e-03   1.2957646671e-10   4.9471062108e-02   6.2822597288e-07   3.3685675759e-12   1.5365809685e-14   1.6261620672e-05   2.7652036912e-01   8.1545847891e-03   1.1933043285e-01   4.0980598671e-10   4.5025600277e-05   8.5399917101e-13   4.3368452468e-01
   4.4800000000e-01   3.6274757620e-01   8.0287845234e+02  -2.5476775804e+06   1.7251248582e-01   3.4680984093e-01   2.9505068072e+03   9.6487100163e-05   1.7255095020e-10   2.5198919349e-12   5.8191404881e-03   9.6563230668e-11   4.8115227531e-02   5.7744653941e-07   2.4875764580e-12   1.0584060022e-14   1.5242549490e-05   2.8983113218e-01   7.9364721504e-03   1.1636429903e-01   3.5471385250e-10   4.4026923308e-05   7.5863529556e-13   4.2180469559e-01
   4.6400000000e-01   3.7811568288e-01   7.8325217002e+02  -2.6050976423e+06   1.6797207859e-01   3.5193378800e-01   2.5474792437e+03   9.4783794639e-05   1.5186524060e-10   1.9500573452e-12   5.6433811908e-03   7.2347471614e-11   4.6749587974e-02   5.2706321058e-07   1.8357494156e-12   7.3014764880e-15   1.4310355559e-05   3.0319868033e-01   7.7169169498e-03   1.1341078987e-01   3.0478549864e-10   4.3017563465e-05   6.7323977364e-13   4.0993310571e-01
   4.8000000000e-01   3.9362475330e-01   7.6414402262e+02  -2.6627374070e+06   1.6343380896e-01   3.5712214066e-01   2.1956765486e+03   9.2869003005e-05   1.3337891287e-10   1.5049571726e-12   5.4709539121e-03   5.4506337689e-11   4.5376049805e-02   4.7775964138e-07   1.3534878135e-12   5.0437862001e-15   1.3456615959e-05   3.1661789120e-01   7.4962788372e-03   1.1046861132e-01   2.5997399743e-10   4.1997424159e-05   5.9603855753e-13   3.9806940720e-01
   4.9600000000e-01   4.0926998748e-01   7.4553045360e+02  -2.7205885086e+06   1.5889822319e-01   3.6238076274e-01   1.8883420493e+03   9.0757346817e-05   1.1679657832e-10   1.1568797364e-12   5.3009551913e-03   4.1297639177e-11   4.3996188098e-02   4.3012205439e-07   9.9669347631e-13   3.4880011193e-15   1.2673342641e-05   3.3008350008e-01   7.2748311639e-03   1.0753644658e-01   2.2015639736e-10   4.0967047837e-05   5.2570250413e-13   3.8621310173e-01
   5.1200000000e-01   4.2504679541e-01   7.2738760848e+02  -2.7786428730e+06   1.5436551685e-01   3.6771659181e-01   1.6196746452e+03   8.8463187864e-05   1.0186807445e-10   8.8461422582e-13   5.1327247201e-03   3.1466735291e-11   4.2611311152e-02   3.8462108194e-07   7.3277180921e-13   2.4139263294e-15   1.1953076463e-05   3.4359004112e-01   7.0527804706e-03   1.0461296204e-01   1.8512916811e-10   3.9927287176e-05   4.6124998029e-13   3.7436354632e-01
   5.2800000000e-01   4.4095083538e-01   7.0969172534e+02  -2.8368927552e+06   1.4983560097e-01   3.7313755326e-01   1.3846555664e+03   8.6000630602e-05   8.8385812036e-11   6.7183886133e-13   4.9657805352e-03   2.4108286045e-11   4.1222512243e-02   3.4160828679e-07   5.3763322736e-13   1.6711860534e-15   1.1288922637e-05   3.5713178930e-01   6.8302815541e-03   1.0169680654e-01   1.5461529173e-10   3.8879093981e-05   4.0197500342e-13   3.6251995608e-01
   5.4400000000e-01   4.5697805321e-01   6.9241941806e+02  -2.8953307793e+06   1.4530814877e-01   3.7865249819e-01   1.1789379778e+03   8.3383526657e-05   7.6182431140e-11   5.0592963965e-13   4.7997710355e-03   1.8567422409e-11   3.9830711237e-02   3.0132392984e-07   3.9346393061e-13   1.1568619891e-15   1.0674547232e-05   3.7070269683e-01   6.6074490542e-03   9.8786604953e-02   1.2827951690e-10   3.7823389591e-05   3.4739382965e-13   3.5068140348e-01
   5.6000000000e-01   4.7312473022e-01   6.7554787843e+02  -2.9539499897e+06   1.4078262973e-01   3.8427116039e-01   9.9877866129e+02   8.0625477401e-05   6.5128335674e-11   3.7706937816e-13   4.6344395170e-03   1.4369126010e-11   3.8436687310e-02   2.6391212249e-07   2.8707827339e-13   8.0034369966e-16   1.0104149629e-05   3.8429633575e-01   6.3843663457e-03   9.5880950592e-02   1.0574782408e-10   3.6760991195e-05   2.9720348009e-13   3.3884681700e-01
   5.7600000000e-01   4.8938753471e-01   6.5905501735e+02  -3.0127439072e+06   1.3625833181e-01   3.9000413024e-01   8.4099294890e+02   7.7739839459e-05   5.5128571436e-11   2.7757513383e-13   4.4695980073e-03   1.1167751230e-11   3.7041105022e-02   2.2943953627e-07   2.0870518365e-13   5.5306227883e-16   9.5724232710e-06   3.9790583373e-01   6.1610923140e-03   9.2978394635e-02   8.6627512144e-11   3.5692574213e-05   2.5124617344e-13   3.2701497747e-01
   5.9200000000e-01   5.0576357761e-01   6.4291956027e+02  -3.0717065863e+06   1.3173437385e-01   3.9586284341e-01   7.0291620752e+02   7.4739733980e-05   4.6118464462e-11   2.0138758041e-13   4.3051079948e-03   8.7109096878e-12   3.5644535088e-02   1.9791431447e-07   1.5109564387e-13   3.8152437797e-16   9.0745144656e-06   4.1152379875e-01   5.9376664758e-03   9.0077432553e-02   7.0525223317e-11   3.4618656832e-05   2.0947429042e-13   3.1518451165e-01
   6.0800000000e-01   5.2225047776e-01   6.2712110900e+02  -3.1308326832e+06   1.2720971120e-01   4.0185958140e-01   5.8235755063e+02   7.1638086139e-05   3.8057460073e-11   1.4368296055e-13   4.1408662652e-03   6.8135908713e-12   3.4247470486e-02   1.6930251739e-07   1.0886628596e-13   2.6257602785e-16   8.6059854665e-06   4.2514224036e-01   5.7141128334e-03   8.7176489792e-02   5.7061308161e-11   3.3539598454e-05   1.7191151241e-13   3.0335388533e-01
   6.2400000000e-01   5.3884643765e-01   6.1164018293e+02  -3.1901175295e+06   1.2268313548e-01   4.0800747953e-01   4.7753553688e+02   6.8447681273e-05   3.0920879581e-11   1.0058028416e-13   3.9767945008e-03   5.3395840331e-12   3.2850338993e-02   1.4354040524e-07   7.8016174549e-14   1.8017447505e-16   8.1627861889e-06   4.3875248381e-01   5.4904427331e-03   8.4273906068e-02   4.5879953815e-11   3.2455605001e-05   1.3860798024e-13   2.9152139441e-01
   6.4000000000e-01   5.5555032705e-01   5.9645823818e+02  -3.2495572179e+06   1.1815326693e-01   4.1432054739e-01   3.8699625244e+02   6.5181084056e-05   2.4690536777e-11   6.8926712240e-14   3.8128316570e-03   4.1881176049e-12   3.1453512957e-02   1.2054228397e-07   5.5570534631e-14   1.2318172821e-16   7.7412373981e-06   4.5234506392e-01   5.2666569235e-03   8.1367915963e-02   3.6655349836e-11   3.1366733000e-05   1.0959371776e-13   2.7968515308e-01
   6.5600000000e-01   5.7236177989e-01   5.8155767436e+02  -3.3091486968e+06   1.1361854125e-01   4.2081369659e-01   3.0951509907e+02   6.1850659629e-05   1.9344874238e-11   4.6143033924e-14   3.6489283565e-03   3.2842281364e-12   3.0057316672e-02   1.0020396522e-07   3.9317459974e-14   8.3851843623e-17   7.3380210428e-06   4.6590960231e-01   5.0427470229e-03   7.8456626891e-02   2.9094501922e-11   3.0272895046e-05   8.4833823797e-14   2.6784308055e-01
   6.7200000000e-01   5.8928130686e-01   5.6692183472e+02  -3.3688898710e+06   1.0907718989e-01   4.2750277333e-01   2.4399623074e+02   5.8468600062e-05   1.4850561714e-11   3.0116973913e-14   3.4850427522e-03   2.5718074416e-12   2.8662031879e-02   8.2403198749e-08   2.7613011487e-14   5.6790877131e-17   6.9501757983e-06   4.7943466031e-01   4.8186964973e-03   7.5537992909e-02   2.2937629253e-11   2.9173862506e-05   6.4194652230e-14   2.5599288482e-01
   6.8800000000e-01   6.0631042933e-01   5.5253500139e+02  -3.4287797180e+06   1.0452721398e-01   4.3440459485e-01   1.8938525957e+02   5.5046954412e-05   1.1157160974e-11   1.9130325538e-14   3.3211374502e-03   2.0085740267e-12   2.7267901592e-02   6.6998779067e-08   1.9236652020e-14   3.8239701812e-17   6.5750934824e-06   4.9290756684e-01   4.5944812492e-03   7.2609784186e-02   1.7956993967e-11   2.8069264556e-05   4.7428040533e-14   2.4413204370e-01
   7.0400000000e-01   6.2345183950e-01   5.3838238782e+02  -3.4888184219e+06   9.9966350427e-02   4.4153698762e-01   1.4460953242e+02   5.1597664494e-05   8.1958765145e-12   1.1806793372e-14   3.1571771824e-03   1.5624286654e-12   2.5875132532e-02   5.3829997502e-08   1.3283806088e-14   2.5578012309e-17   6.2105118453e-06   5.0631421305e-01   4.3700698770e-03   6.9669550353e-02   1.3954850678e-11   2.6958582643e-05   3.4177051417e-14   2.3225778199e-01
   7.2000000000e-01   6.4070959321e-01   5.2445012916e+02  -3.5490075264e+06   9.5392027036e-02   4.4891882594e-01   1.0855357345e+02   4.8132610382e-05   5.8823628008e-12   7.0695183188e-15   2.9931269813e-03   1.2088059412e-12   2.4483896493e-02   4.2717710000e-08   9.0858438715e-15   1.6980282913e-17   5.8545005316e-06   5.1963879764e-01   4.1454236202e-03   6.6714574313e-02   1.0760984312e-11   2.5841139119e-05   2.4001162905e-14   2.2036704203e-01
   7.3600000000e-01   6.5808934880e-01   5.1072527121e+02  -3.6093501203e+06   9.0801306096e-02   4.5657006740e-01   8.0067962918e+01   4.4663662302e-05   4.1225119246e-12   4.1008604290e-15   2.8289506948e-03   9.2874273869e-13   2.3094330418e-02   3.3467575226e-08   6.1503454375e-15   1.1176403093e-17   5.5054382917e-06   5.3286352401e-01   3.9204960316e-03   6.3741815984e-02   8.2301040124e-12   2.4716079896e-05   1.6413892658e-14   2.0845644835e-01
   7.5200000000e-01   6.7559866588e-01   4.9719575745e+02  -3.6698510641e+06   8.6190812602e-02   4.6451178249e-01   5.8002086709e+01   4.1202741067e-05   2.8195423615e-12   2.3012386460e-15   2.6646096967e-03   7.0746443030e-13   2.1706535196e-02   2.5875286580e-08   4.1163899153e-15   7.2846499731e-18   5.1619830076e-06   5.4596823659e-01   3.6952323680e-03   6.0747842296e-02   6.2392261355e-12   2.3582349888e-05   1.0923564320e-14   1.9652226419e-01
   7.6800000000e-01   6.9324738280e-01   4.8385041073e+02  -3.7305172672e+06   8.1556640291e-02   4.7276617612e-01   4.1247376943e+01   3.7761893252e-05   1.8807089471e-12   1.2473358683e-15   2.5000616572e-03   5.3334636575e-13   2.0320573180e-02   1.9733083950e-08   2.7209983663e-15   4.6948115256e-18   4.8230354758e-06   5.5892997066e-01   3.4695686340e-03   5.7728736584e-02   4.6851061771e-12   2.2438658714e-05   7.0688133076e-15   1.8456033505e-01
   7.8400000000e-01   7.1104810269e-01   4.7067890488e+02  -3.7913580332e+06   7.6894227389e-02   4.8135659869e-01   2.8778585571e+01   3.4353384299e-05   1.2224408516e-12   6.5192867787e-16   2.3352592558e-03   3.9714955197e-13   1.8936464078e-02   1.4836598266e-08   1.7738956386e-15   2.9862280984e-18   4.4876999426e-06   5.7172239330e-01   3.2434301997e-03   5.4679979726e-02   3.4817623834e-12   2.1283433565e-05   4.4435680515e-15   1.7256601427e-01
   8.0000000000e-01   7.2901683134e-01   4.5767171877e+02  -3.8523855044e+06   7.2198192168e-02   4.9030754443e-01   1.9684646214e+01   3.0989809808e-05   7.7339477249e-13   3.2792091965e-16   2.1701487249e-03   2.9145789158e-13   1.7554178536e-02   1.0991123088e-08   1.1385107312e-15   1.8702508809e-18   4.1552443152e-06   5.8431511884e-01   3.0167298945e-03   5.1596293928e-02   2.5581324231e-12   2.0114755293e-05   2.7099787723e-15   1.6053406637e-01
   8.1600000000e-01   7.4717382822e-01   4.4482005803e+02  -3.9136152363e+06   6.7462108601e-02   4.9964464023e-01   1.3185619604e+01   2.7684235214e-05   4.7550954396e-13   1.5838694971e-16   2.0046680505e-03   2.1026405857e-13   1.6173628665e-02   8.0166535808e-09   7.1768464934e-16   1.1498462506e-18   3.8250623673e-06   5.9667285050e-01   2.7893653432e-03   4.8471430357e-02   1.8559034566e-12   1.8930269729e-05   1.6007317105e-15   1.4845853530e-01
   8.3200000000e-01   7.6554476641e-01   4.3211571980e+02  -3.9750669493e+06   6.2678191894e-02   5.0939463537e-01   8.6362657763e+00   2.4450375791e-05   2.8351297955e-13   7.3269120799e-17   1.8387445878e-03   1.4866481053e-13   1.4794654128e-02   5.7513656000e-09   4.4295197515e-16   6.9128186851e-19   3.4966394203e-06   6.0875428724e-01   2.5612151780e-03   4.5297872212e-02   1.3275481551e-12   1.7727061863e-05   9.1375858269e-16   1.3633255957e-01
   8.4800000000e-01   7.8416235307e-01   4.1955086075e+02  -4.0367655366e+06   5.7836849879e-02   5.1958541749e-01   5.5191535031e+00   2.1302825603e-05   1.6345211394e-13   3.2362176270e-17   1.6722917668e-03   1.0263636675e-13   1.3417001256e-02   4.0534963713e-09   2.6654613856e-16   4.0434330596e-19   3.1695220103e-06   6.2051073703e-01   2.3321336158e-03   4.2066412182e-02   9.3458501200e-13   1.6501474550e-05   5.0263438783e-16   1.2414810968e-01
   8.6400000000e-01   8.0306865413e-01   4.0711759704e+02  -4.0987424283e+06   5.2926021859e-02   5.3024611481e-01   3.4310144374e+00   1.8257356948e-05   9.0767061898e-14   1.3596911208e-17   1.5052043227e-03   6.8867779876e-14   1.2040291236e-02   2.8017994732e-09   1.5548179996e-16   2.2857389205e-19   2.8432910459e-06   6.3188433329e-01   2.1019424679e-03   3.8765530798e-02   6.4606519080e-13   1.5248839084e-05   2.6542421559e-16   1.1189560253e-01
   8.8000000000e-01   8.2231854061e-01   3.9480730382e+02  -4.1610374608e+06   4.7930164435e-02   5.4140741869e-01   2.0657709525e+00   1.5331327209e-05   4.8294739988e-14   5.4080856937e-18   1.3373510509e-03   4.4635797309e-14   1.0663970262e-02   1.8948702438e-09   8.7218063404e-17   1.2375740828e-19   2.5175368883e-06   6.4280569464e-01   1.8704189167e-03   3.5380443929e-02   4.3727499623e-13   1.3963058897e-05   1.3388185120e-16   9.9563311253e-02
   8.9600000000e-01   8.4198500374e-01   3.8260936541e+02  -4.2237014693e+06   4.2828629095e-02   5.5310241619e-01   1.1968697454e+00   1.2544243903e-05   2.4441522411e-14   2.0230458798e-18   1.1685633188e-03   2.7709018197e-14   9.2872285183e-03   1.2496740225e-09   4.6516397402e-17   6.3375245474e-20   2.1918333894e-06   6.5319082269e-01   1.6372760992e-03   3.1891580233e-02   2.8863459517e-13   1.2635938717e-05   6.4067448725e-17   8.7136427013e-02
   9.1200000000e-01   8.6216776420e-01   3.7050887048e+02  -4.2867999118e+06   3.7592922349e-02   5.6536858183e-01   6.6065629988e-01   9.9185799759e-06   1.1641893163e-14   7.0495609004e-19   9.9861586152e-04   1.6272469375e-14   7.9088629738e-03   7.9958668239e-10   2.3192307929e-17   3.0134400612e-20   1.8657054095e-06   6.6293692149e-01   1.4021306644e-03   2.8272010131e-02   1.8476943027e-13   1.1256042895e-05   2.8806701196e-17   7.4595489711e-02
   9.2800000000e-01   8.8300814219e-01   3.5848211342e+02  -4.3504179113e+06   3.2181738757e-02   5.7825250307e-01   3.4175294034e-01   7.4810138575e-06   5.1351797984e-15   2.2537575127e-19   8.2719245146e-04   8.8662498970e-15   6.5270277059e-03   4.9220886346e-10   1.0526677809e-17   1.2925125956e-20   1.5385788682e-06   6.7191663364e-01   1.1644448606e-03   2.4482785176e-02   1.1373004234e-13   9.8066093316e-06   1.1994175069e-17   6.1913582635e-02
   9.4400000000e-01   9.0471705905e-01   3.4648709470e+02  -4.4146670391e+06   2.6531088862e-02   5.9182144543e-01   1.6082765767e-01   5.2644378143e-06   2.0417605459e-15   6.4382804470e-20   6.5381897922e-04   4.3338142307e-15   5.1387401644e-03   2.8714976211e-10   4.1563264239e-18   4.7570318692e-21   1.2096884027e-06   6.7996990590e-01   9.2341378824e-04   2.0463670472e-02   6.6337639747e-14   8.2613657932e-06   4.5152857142e-18   4.9050865383e-02
   9.6000000000e-01   9.2763468950e-01   3.3444091493e+02  -4.4796931091e+06   2.0531981634e-02   6.0619411209e-01   6.4763445590e-02   3.3115040606e-06   6.9536133366e-16   1.5602612138e-20   4.7771607633e-04   1.7768932201e-15   3.7387791157e-03   1.5390730296e-10   1.3066951815e-18   1.3599291032e-21   8.7787538301e-07   6.8689218718e-01   6.7771730676e-04   1.6112173708e-02   3.5634750000e-14   6.5749721318e-06   1.4699447791e-18   3.5942536954e-02
   9.7600000000e-01   9.5238399816e-01   3.2215490312e+02  -4.5456773275e+06   1.3969249298e-02   6.2163655297e-01   1.9023409982e-02   1.6816652728e-06   1.8012555697e-16   2.8301081486e-21   2.9740890761e-04   5.1512885430e-16   2.3167256656e-03   6.9882102620e-11   2.6451961017e-19   2.3452312536e-22   5.4104891751e-07   6.9241702397e-01   4.2486330585e-04   1.1225978662e-02   1.6420754011e-14   4.6564900250e-06   3.7401405800e-19   2.2466977055e-02
   9.9200000000e-01   9.8041663402e-01   3.0907791716e+02  -4.6127694873e+06   6.2900358803e-03   6.3896663618e-01   1.9572642050e-03   4.6740191924e-07   2.2820620326e-17   2.3085414515e-22   1.0931786082e-04   4.9346525949e-17   8.4609600041e-04   1.8318079961e-11   1.5917058068e-20   7.9405119555e-24   1.9422054674e-07   6.9619361618e-01   1.5881476529e-04   5.2846577127e-03   4.8405140905e-15   2.2673823473e-06   5.2761453756e-20   8.3307715845e-03
   1.0000000000e+00   1.0000000000e+00   3.0000000000e+02  -4.6458568819e+06   0.0000000000e+00   6.5169855213e-01   0.0000000000e+00   0.0000000000e+00   0.0000000000e+00   0.0000000000e+00   0.0000000000e+00   0.0000000000e+00   0.0000000000e+00   0.0000000000e+00   0.0000000000e+00   0.0000000000e+00   0.0000000000e+00   1.0000000000e+00   0.0000000000e+00   0.0000000000e+00   0.0000000000e+00   0.0000000000e+00   0.0000000000e+00   0.0000000000e+00