# L (m)  = 1
# P (Pa) = 101325
#             001_x           002_mixf              003_T              004_h             005_pv        006_density        007_hr             008_H2              009_H              010_O             011_O2             012_OH            013_H2O            014_HO2            015_CH2         016_CH2(S)            017_CH3            018_CH4             019_CO            020_CO2            021_HCO           022_CH2O          023_CH2OH             024_N2
                  0   0.0000000000e+00   3.0000000000e+02   1.9075768848e+03   0.0000000000e+00   1.1719839921e+00   0.0000000000e+00   0.0000000000e+00   0.0000000000e+00   0.0000000000e+00   2.3300000000e-01   0.0000000000e+00   0.0000000000e+00   0.0000000000e+00   0.0000000000e+00   0.0000000000e+00   0.0000000000e+00   0.0000000000e+00   0.0000000000e+00   0.0000000000e+00   0.0000000000e+00   0.0000000000e+00   0.0000000000e+00   7.6700000000e-01
   2.0000000000e-03   1.3318021560e-03   3.6538242488e+02  -7.8426224521e+04   1.5401349261e-02   9.6560730910e-01   9.7308002025e-09   1.3182007375e-16   4.7065110955e-24   1.6649035311e-14   2.2548691989e-01   2.1682726112e-12   1.7111047651e-03   7.3237292293e-14  -2.1895018268e-37  -1.4246807472e-38  -2.2613062559e-27  -1.2585062919e-21   1.0797184957e-15   1.3690244496e-02  -1.5338667852e-34  -5.7298948140e-24  -6.9796297675e-41   7.5079879077e-01
   6.0000000000e-03   4.8872271629e-03   4.5441096826e+02  -2.0170626434e+05   3.7716243011e-02   7.7886178703e-01   2.3832723849e-07   4.5167749002e-16   3.2499135949e-22   1.7160252606e-13   2.1185375920e-01   1.5693421719e-11   5.1967622590e-03   4.2926771447e-13  -1.9334014016e-36  -1.4571696692e-37  -3.4347826762e-27  -8.4099013309e-22   3.1743707630e-15   3.2519480752e-02  -2.3587007987e-33  -1.1112364498e-23  -1.9775536376e-39   7.4801801250e-01
   1.0000000000e-02   8.1771034513e-03   5.3054335776e+02  -3.1246261027e+05   5.7390698089e-02   6.6849969644e-01   1.3826335996e-06   8.8897232558e-16   3.8476530022e-21   4.5137448994e-13   1.9873213414e-01   6.9807113013e-11   8.8525147358e-03   8.2578555555e-13  -1.0518147445e-35  -8.3622209622e-37  -4.6384201369e-27  -4.7181935087e-22   5.5360285696e-15   4.8538183353e-02  -1.2551231026e-32  -1.1877207583e-23  -2.1701164452e-38   7.4516753024e-01
   1.4000000000e-02   1.1330739266e-02   5.9963393812e+02  -4.1714986826e+05   7.5752232213e-02   5.9239573799e-01   4.4378393435e-06   1.4658699445e-15   2.1452076030e-20   7.1538164618e-13   1.8588786371e-01   2.3600871714e-10   1.2633319613e-02   1.0613146471e-12  -3.4190555312e-35  -2.7451628897e-36  -4.6497830456e-27  -2.0343844135e-22   8.9686632222e-15   6.3118912600e-02  -3.2550408662e-32  -8.0794177046e-24  -1.1556027562e-37   7.4228393727e-01
   1.8000000000e-02   1.4399802550e-02   6.6389949542e+02  -5.1824442569e+05   9.3307094874e-02   5.3569527520e-01   1.1272159643e-05   2.3750771331e-15   8.5783565970e-20   1.0230727632e-12   1.7322116100e-01   6.2934822713e-10   1.6514246943e-02   1.2925771439e-12  -5.7644411557e-35  -4.5543878232e-36  -2.9636317522e-27  -6.1977297012e-23   1.5892775293e-14   7.6792847931e-02  -4.1996285314e-32  -3.4620221943e-24  -2.8367018818e-37   7.3938074981e-01
   2.2000000000e-02   1.7411311639e-02   7.2450551948e+02  -6.1695240294e+05   1.1030868282e-01   4.9134764609e-01   2.6190016628e-05   4.3104307589e-15   2.9372734695e-19   1.4688965285e-12   1.6067709031e-01   1.4367457741e-09   2.0479607457e-02   1.6335839482e-12  -5.2366604141e-35  -3.9998125875e-36  -1.1618815946e-27  -1.2529147919e-23   3.3712946139e-14   8.9829075360e-02  -2.7833673958e-32  -9.1077584698e-25  -3.4823119880e-37   7.3646403453e-01
   2.6000000000e-02   2.0381621986e-02   7.8220050492e+02  -7.1393011433e+05   1.2690459382e-01   4.5544561173e-01   5.9859921262e-05   9.4483172338e-15   9.4521699983e-19   2.2044193311e-12   1.4822114305e-01   2.9860708877e-09   2.4518558848e-02   2.4389728573e-12  -2.6981053340e-35  -1.9660253866e-36  -2.7885461893e-28  -1.6131376824e-24   8.7396219427e-14   1.0238603497e-01  -3.0249177009e-33  -1.4449246096e-25  -2.3031133749e-37   7.3353686013e-01
   3.0000000000e-02   2.3321546019e-02   8.3749703047e+02  -8.0958906751e+05   1.4318924800e-01   4.2562336775e-01   1.4162976159e-04   2.4849487016e-14   3.0645485906e-18   3.5558575519e-12   1.3583000278e-01   5.9048271280e-09   2.8623065261e-02   6.3275201341e-12  -8.1992008617e-36  -5.6376597755e-37  -4.0878138158e-29  -1.2956641080e-25   2.6976084380e-13   1.1456618274e-01   1.0124892940e-31  -1.3576728513e-26  -8.6518940404e-38   7.3060094087e-01
   3.4000000000e-02   2.6238644364e-02   8.9077636050e+02  -9.0420104070e+05   1.5922687851e-01   4.0034625038e-01   3.6196880136e-04   7.6863311718e-14   1.1060191382e-17   6.3649362487e-12   1.2348726605e-01   1.1525501560e-08   3.2786831810e-02   2.6976223252e-11  -1.5207434650e-36  -9.7734304079e-38  -3.6554150887e-30  -6.3207366912e-27   9.6864788283e-13   1.2644004670e-01   2.7603003342e-30  -7.4004545228e-28  -1.9346869360e-38   7.2765734628e-01
   3.8000000000e-02   2.9138401465e-02   9.4234663409e+02  -9.9794315413e+05   1.7506305044e-01   3.7856413450e-01   9.9513305512e-04   2.8695768713e-13   5.2759878549e-17   1.3231281437e-11   1.1118116365e-01   2.3048145566e-08   3.7004693156e-02   1.0818142757e-10  -1.7505306747e-37  -1.0422452088e-38  -1.9524544523e-31  -1.7914481436e-28   4.0846031378e-12   1.3805835728e-01   1.1298819185e-28  -1.9471492820e-29  -2.6229765172e-39   7.2470684103e-01
   4.2000000000e-02   3.2024889943e-02   9.9248122911e+02  -1.0909143905e+06   1.9073102255e-01   3.5952568879e-01   2.6296199095e-03   1.2643726146e-12   3.3573693526e-16   3.3323659527e-11   9.8903222913e-02   4.8737999717e-08   4.1272236543e-02   3.2854266859e-10   3.5693562308e-37   1.9597179505e-38   1.7419689593e-31   8.1509158730e-29   1.9814788225e-11   1.4945878598e-01   4.2940491925e-27   1.3761891330e-28   6.2405151215e-39   7.2175005928e-01
   4.6000000000e-02   3.4901174631e-02   1.0414533724e+03  -1.1831305027e+06   2.0625554148e-01   3.4266981817e-01   5.9965865518e-03   5.6119650920e-12   2.2282903498e-15   9.7725247550e-11   8.6647422253e-02   1.0771654466e-07   4.5585549636e-02   7.6288461097e-10   1.1303883100e-34   5.6518578814e-36   2.2523818938e-29   5.2478252177e-27   9.7773677072e-11   1.6066999174e-01   1.2170636899e-25   4.3707751454e-27   2.2585250221e-36   7.1878759962e-01
   5.0000000000e-02   3.7769588599e-02   1.0895445773e+03  -1.2744948728e+06   2.2165533688e-01   3.2756654526e-01   1.2040374407e-02   2.2713824307e-11   1.3330003605e-14   2.9416531603e-10   7.4409557684e-02   2.3508877440e-07   4.9941065221e-02   1.4734741559e-09   6.0906138282e-32   2.7476387892e-33   4.9328806845e-27   6.0165810842e-25   4.4577823117e-10   1.7171427119e-01   2.5250623106e-24   1.3875470986e-25   1.3822026349e-33   7.1582006209e-01
   5.4000000000e-02   4.0632035995e-02   1.1371093655e+03  -1.3647385035e+06   2.3694549483e-01   3.1386286358e-01   2.2456231254e-02   8.3741158801e-11   7.0358868286e-14   8.3151713420e-10   6.2186306418e-02   4.8699408268e-07   5.4335572358e-02   2.5252278211e-09   5.2275399281e-29   2.1062360802e-30   1.7744804176e-24   1.2435395528e-22   1.8522838735e-09   1.8260992054e-01   4.0966819951e-23   1.1941035985e-23   1.3431209284e-30   7.1284795600e-01
   5.8000000000e-02   4.3490108225e-02   1.1846734509e+03  -1.4533243934e+06   2.5213858997e-01   3.0124012339e-01   4.0157183755e-02   2.8816427024e-10   3.3407425376e-13   2.1517199336e-09   4.9974957203e-02   9.4952081991e-07   5.8766079358e-02   3.9469264309e-09   6.7731307408e-26   2.4101468502e-27   9.9570263433e-22   4.4172707421e-20   7.1446919197e-09   1.9337250318e-01   5.5754688902e-22   3.0407534308e-21   1.9679724578e-27   7.0987172461e-01
   6.2000000000e-02   4.6345157895e-02   1.2330218663e+03  -1.5393265014e+06   2.6724551857e-01   2.8939052895e-01   7.1353097960e-02   9.5726748520e-10   1.4765706158e-12   5.0968309933e-09   3.7773246173e-02   1.7496531062e-06   6.3229653923e-02   5.6527718618e-09   1.3155518274e-22   4.0839808946e-24   8.5295858283e-19   2.5998574721e-17   2.6448349332e-08   2.0401583724e-01   7.0985003067e-21   1.4075024178e-18   4.3359796244e-24   7.0689177325e-01
   6.6000000000e-02   4.9198346143e-02   1.2832662870e+03  -1.6213241713e+06   2.8227614021e-01   2.7800893850e-01   2.6934803780e-01   3.2462342363e-09   6.4110003999e-12   1.1080490583e-08   2.5579263787e-02   3.0633283714e-06   6.7723250153e-02   7.2664853241e-09   3.9327199507e-19   1.0513297095e-20   1.1176913153e-15   2.4807881511e-14   9.9924587718e-08   2.1455278688e-01   5.1086082441e-19   1.1522177546e-15   1.4836950826e-20   7.0390849347e-01
   7.0000000000e-02   5.2050664433e-02   1.3368408113e+03  -1.6973683960e+06   2.9723880969e-01   2.6680591652e-01   1.8162421633e+01   1.8317035211e-08   4.7680413521e-11   2.7978329785e-08   1.3391397144e-02   5.7503734658e-06   7.2242957778e-02   7.8961771364e-09   2.3300681739e-15   5.2939736165e-17   2.4550723192e-12   3.7199469664e-11   6.8550312067e-07   2.2499514809e-01   1.2760167644e-15   2.0239227390e-12   1.0238561475e-16   7.0092228256e-01
   7.4000000000e-02   5.4893402680e-02   1.3941543692e+03  -1.7649817894e+06   3.1200250778e-01   2.5575489616e-01   1.4960120875e+03   2.1350997306e-06   1.6192258007e-08   2.8410603890e-07   1.3063995343e-03   2.1468735689e-05   7.6726450909e-02   2.5626136028e-08   8.5178340299e-11   1.6313013530e-12   1.3746152591e-08   9.5468140509e-08   8.2103423537e-05   2.3519181835e-01   1.4744594887e-11   1.2402316517e-08   4.5110605837e-12   6.9793353040e-01
   7.8000000000e-02   5.7097949308e-02   1.3473197807e+03  -1.8208725553e+06   3.1290822687e-01   2.6380047883e-01   1.2202825178e+02   1.1394987601e-04   3.6880030611e-09   1.7934059657e-10   1.0417232575e-04   7.4731423274e-08   7.6224522698e-02   3.5944111428e-09   4.1937672859e-11   6.9540208230e-13   1.5300217694e-06   1.2762992504e-03   3.9318233888e-03   2.3263793091e-01   7.5498671504e-12   8.2794269814e-07   2.5488110711e-12   6.9494036983e-01
   8.2000000000e-02   5.9328499231e-02   1.3060287587e+03  -1.8597912121e+06   3.1244519568e-01   2.7132695656e-01   2.4058876429e+00   2.2119675716e-04   2.2024103433e-09   9.0547692848e-12   1.4160014458e-05   1.8914142683e-08   7.5135835681e-02   3.5225640066e-10   8.7371357744e-12   1.3021885576e-13   1.0921985470e-06   2.9817190307e-03   6.9607629427e-03   2.3012740030e-01   3.0493791024e-12   3.6367111651e-07   5.9063130311e-13   6.9194171236e-01
   8.6000000000e-02   6.1599743103e-02   1.2829604292e+03  -1.8738711026e+06   3.1185454697e-01   2.7537189870e-01  -1.8841306928e+00   3.2654269595e-04   1.8582713381e-09   9.5865276653e-13   2.3467410502e-06   9.5785087177e-09   7.4045289473e-02   4.9660012470e-11   4.3993070462e-12   6.1635666647e-14   9.9116095443e-07   4.7607037069e-03   9.8789890506e-03   2.2760372575e-01   3.0562268393e-12   2.3151533108e-07   3.1428509304e-13   6.8893860693e-01
   9.0000000000e-02   6.3913424790e-02   1.2786092330e+03  -1.8621329769e+06   3.1117532576e-01   2.7544311567e-01  -2.9751041918e+00   4.2936718618e-04   2.0104032863e-09   1.8157626408e-13   3.8335677466e-07   7.6188694233e-09   7.3025722383e-02   7.5164436824e-12   4.1310730794e-12   5.7149442717e-14   1.1251550133e-06   6.5731249205e-03   1.2864656280e-02   2.2485557992e-01   4.0816574013e-12   2.0568279264e-07   2.9351430455e-13   6.8593222020e-01
   9.4000000000e-02   6.6266895161e-02   1.2829838047e+03  -1.8379723709e+06   3.1042174163e-01   2.7361443276e-01  -5.1619057977e+00   5.2944058027e-04   2.4206487102e-09   7.8943448891e-14   5.6379806529e-08   7.5002326481e-09   7.2078954424e-02   1.0760972415e-12   5.1619811795e-12   7.2187649607e-14   1.4084516574e-06   8.4137913898e-03   1.5919790471e-02   2.2189355616e-01   5.7996091359e-12   2.1507498222e-07   3.5411085803e-13   6.8292342945e-01
   9.8000000000e-02   6.8656901575e-02   1.2888401648e+03  -1.8114721164e+06   3.0961633603e-01   2.7147009413e-01  -7.7539265319e+00   6.2684296983e-04   2.9169071557e-09   6.7387274217e-14   7.4133712570e-09   7.7502267474e-09   7.1188918500e-02   1.3963029582e-13   6.7078982934e-12   9.5198223307e-14   1.7554475021e-06   1.0286329018e-02   1.8990531432e-02   2.1881004313e-01   7.9835914057e-12   2.3155712495e-07   4.4223237040e-13   6.7991276425e-01
   1.0200000000e-01   7.1081624800e-02   1.2941309841e+03  -1.7857477761e+06   3.0877641886e-01   2.6945710045e-01  -1.0366313869e+01   7.2151735357e-04   3.4265754903e-09   6.8769956878e-14   8.8632790802e-10   8.0097816519e-09   7.0341743833e-02   1.6581632717e-14   8.4829934255e-12   1.2198513064e-13   2.1273105072e-06   1.2196780829e-02   2.2021945901e-02   2.1569121177e-01   1.0483821112e-11   2.4732189141e-07   5.3875603574e-13   6.7690058086e-01
   1.0600000000e-01   7.3540664411e-02   1.2985334113e+03  -1.7615039980e+06   3.0791108711e-01   2.6764464654e-01  -1.2874954030e+01   8.1317202139e-04   3.9208309531e-09   7.1055468114e-14   9.8606183090e-11   8.2020905234e-09   6.9529621968e-02   1.9017654888e-15   1.0360777524e-11   1.5060292908e-13   2.5087351313e-06   1.4151525148e-02   2.4971376214e-02   2.1259691690e-01   1.3195731093e-11   2.6076815183e-07   6.3606972241e-13   6.7388717511e-01
   1.1000000000e-01   7.6034492631e-02   1.3021397721e+03  -1.7388031485e+06   3.0702340525e-01   2.6601269359e-01  -1.5260865796e+01   9.0136257323e-04   4.3884994648e-09   7.2635392889e-14   1.0755807709e-11   8.3246105460e-09   6.8749401881e-02   2.8022103174e-16   1.2287764030e-11   1.8017194241e-13   2.8947106597e-06   1.6156528234e-02   2.7807754233e-02   2.0956488656e-01   1.6040489036e-11   2.7202837612e-07   7.3147104144e-13   6.7087281284e-01
   1.1400000000e-01   7.8564008623e-02   1.3051301751e+03  -1.7175302468e+06   3.0611286014e-01   2.6452326649e-01  -1.7557465340e+01   9.8557538972e-04   4.8273460645e-09   7.3564277905e-14   1.5107933037e-12   8.3960710794e-09   6.8000743075e-02   1.0854313959e-16   1.4258348114e-11   2.1055272480e-13   3.2858781269e-06   1.8217127822e-02   3.0508429895e-02   2.0661811178e-01   1.8959970929e-11   2.8174520024e-07   8.2506621291e-13   6.6785773619e-01
   1.1800000000e-01   8.1130291209e-02   1.3076892083e+03  -1.6975254748e+06   3.0517700265e-01   2.6313819874e-01  -1.9834676766e+01   1.0652736533e-03   5.2404283516e-09   7.4160204938e-14   5.5234566764e-13   8.4403444825e-09   6.7284853822e-02   8.8221418537e-17   1.6303736092e-11   2.4219955874e-13   3.6866465380e-06   2.0338084012e-02   3.3056292251e-02   2.0377058293e-01   2.1914726599e-11   2.9069505406e-07   9.1882490082e-13   6.6484216450e-01
   1.2200000000e-01   8.3734491786e-02   1.3099858133e+03  -1.6786267933e+06   3.0421242075e-01   2.6182327897e-01  -2.2198430486e+01   1.1399136746e-03   5.6341819297e-09   7.4768800069e-14   4.3130366509e-13   8.4811935851e-09   6.6603732011e-02   8.3502785985e-17   1.8486695955e-11   2.7608862194e-13   4.1043889320e-06   2.2523775679e-02   3.5437399900e-02   2.0103137516e-01   2.4882063845e-11   2.9967125647e-07   1.0161088468e-12   6.6182629441e-01
   1.2600000000e-01   8.6377783334e-02   1.3121727384e+03  -1.6606842033e+06   3.0321541334e-01   2.6054839056e-01  -2.4808767764e+01   1.2089467765e-03   6.0174978826e-09   7.5727869978e-14   3.9798129587e-13   8.5412459839e-09   6.5959613000e-02   8.1105525340e-17   2.0902429957e-11   3.1373832828e-13   4.5493617484e-06   2.4778478749e-02   3.7638731338e-02   1.9840812222e-01   2.7854463385e-11   3.0947347257e-07   1.1215799602e-12   6.5881029970e-01
   1.3000000000e-01   8.9061254463e-02   1.3143909498e+03  -1.6435709127e+06   3.0218287390e-01   2.5928688262e-01  -2.7935442477e+01   1.2718256950e-03   6.4013791334e-09   7.7377729402e-14   3.7990732959e-13   8.6425271587e-09   6.5354189294e-02   7.9988639673e-17   2.3685554003e-11   3.5732973819e-13   5.0351161165e-06   2.7106703407e-02   3.9645236784e-02   1.9591162213e-01   3.0837856090e-11   3.2094012849e-07   1.2414113676e-12   6.5579433156e-01
   1.3400000000e-01   9.1785535370e-02   1.3166974651e+03  -1.6273218188e+06   3.0111434648e-01   2.5803050537e-01  -3.1944944985e+01   1.3280502093e-03   6.7910072091e-09   7.9873997455e-14   3.6918483347e-13   8.7939735649e-09   6.4786750949e-02   8.0091536212e-17   2.6955633475e-11   4.0883029206e-13   5.5725834628e-06   2.9513604720e-02   4.1434414882e-02   1.9356513044e-01   3.3817038093e-11   3.3456036618e-07   1.3805893936e-12   6.5277851885e-01
   1.3800000000e-01   9.4549941721e-02   1.3186256753e+03  -1.6128396326e+06   3.0001599594e-01   2.5687599658e-01  -3.6430206645e+01   1.3772958487e-03   7.1356479813e-09   8.1917555533e-14   3.5837144029e-13   8.9124418637e-09   6.4250596008e-02   8.0008317615e-17   3.0348405966e-11   4.6229082667e-13   6.1253979617e-06   3.2005322737e-02   4.2967844137e-02   1.9142025995e-01   3.6540184214e-11   3.4782955567e-07   1.5216326011e-12   6.4976297048e-01
   1.4200000000e-01   9.7352071705e-02   1.3190058305e+03  -1.6021690622e+06   2.9890080290e-01   2.5605666009e-01  -3.9246657502e+01   1.4195274411e-03   7.2977464031e-09   8.0133043712e-14   3.3451103300e-13   8.7878569699e-09   6.3732778541e-02   7.6426510498e-17   3.2539936282e-11   4.9588459400e-13   6.5692619747e-06   3.4587818462e-02   4.4195644241e-02   1.8955285268e-01   3.8358571226e-11   3.5366402310e-07   1.6053523810e-12   6.4674778278e-01
   1.4600000000e-01   1.0018907894e-01   1.3171154476e+03  -1.5966206973e+06   2.9777893348e-01   2.5571446047e-01  -3.8787960186e+01   1.4549452474e-03   7.1870738960e-09   7.2878317052e-14   2.9287982563e-13   8.3072222385e-09   6.3222681710e-02   6.7968327092e-17   3.2444678084e-11   4.9181133164e-13   6.7976171105e-06   3.7263001407e-02   4.5089134076e-02   1.8801217245e-01   3.8789760147e-11   3.4738828956e-07   1.5862417692e-12   6.4373304683e-01
   1.5000000000e-01   1.0305846146e-01   1.3131106847e+03  -1.5959798013e+06   2.9665252064e-01   2.5581835446e-01  -3.5500108252e+01   1.4839667076e-03   6.8324343540e-09   6.1868675326e-14   2.4099673117e-13   7.5461854818e-09   6.2716906801e-02   5.6492674751e-17   3.0202472140e-11   4.5294582417e-13   6.7996735068e-06   4.0026241906e-02   4.5660276155e-02   1.8679137098e-01   3.7889985370e-11   3.3025365935e-07   1.4731592334e-12   6.4071884732e-01
   1.5400000000e-01   1.0595769603e-01   1.3074893931e+03  -1.5993426934e+06   2.9551943202e-01   2.5627047002e-01  -3.0684097304e+01   1.5072479570e-03   6.3171031292e-09   4.9784652028e-14   1.8889539513e-13   6.6458986961e-09   6.2216194013e-02   4.4567534842e-17   2.6635337636e-11   3.9353358391e-13   6.6207502032e-06   4.2867710822e-02   4.5949990407e-02   1.8584599964e-01   3.6012228826e-11   3.0605101845e-07   1.3031135268e-12   6.3770525752e-01
   1.5800000000e-01   1.0888402866e-01   1.3007279004e+03  -1.6057599954e+06   2.9437731139e-01   2.5697674225e-01  -2.5451998668e+01   1.5256119500e-03   5.7215592829e-09   3.8533747074e-14   1.4295628529e-13   5.7229322308e-09   6.1721902269e-02   3.3865212238e-17   2.2565353310e-11   3.2745260157e-13   6.3163541312e-06   4.5775230818e-02   4.6009713329e-02   1.8512008384e-01   3.3540738817e-11   2.7833873883e-07   1.1119245981e-12   6.3469233717e-01
   1.6200000000e-01   1.1183466372e-01   1.2931869356e+03  -1.6144479577e+06   2.9322494061e-01   2.5786521951e-01  -2.0476080055e+01   1.5399246042e-03   5.1046870362e-09   2.9004862502e-14   1.0554642520e-13   4.8492944654e-09   6.1234724258e-02   2.5055099598e-17   1.8558220512e-11   2.6391283431e-13   5.9334904641e-06   4.8736596905e-02   4.5889623684e-02   1.8456066807e-01   3.0782552459e-11   2.4965267416e-07   9.2397403292e-13   6.3168013351e-01
   1.6600000000e-01   1.1480704656e-01   1.2851193350e+03  -1.6248090310e+06   2.9206205714e-01   2.5888474735e-01  -1.6073874711e+01   1.5509918750e-03   4.5039671811e-09   2.1393097994e-14   7.6572092941e-14   4.0610526581e-09   6.0754740739e-02   1.8181715155e-17   1.4924673622e-11   2.0765537075e-13   5.5073364544e-06   5.1740878439e-02   4.5633609212e-02   1.8412271532e-01   2.7951565958e-11   2.2158903999e-07   7.5267942306e-13   6.2866868347e-01
   1.7000000000e-01   1.1779905743e-01   1.2766976003e+03  -1.6363997985e+06   2.9088879359e-01   2.5999978248e-01  -1.2343038395e+01   1.5595017287e-03   3.9407745655e-09   1.5540422194e-14   5.4854532644e-14   3.3711761245e-09   6.0281832748e-02   1.3003723752e-17   1.1795221529e-11   1.6037372939e-13   5.0628847479e-06   5.4778926522e-02   4.5278091113e-02   1.8376936800e-01   2.5184384713e-11   1.9507039055e-07   6.0379093476e-13   6.2565801597e-01
   1.7400000000e-01   1.2080908877e-01   1.2680381135e+03  -1.6488936059e+06   2.8970522484e-01   2.6118579472e-01  -9.2644648588e+00   1.5660042599e-03   3.4256443038e-09   1.1156090633e-14   3.8933521634e-14   2.7794723225e-09   5.9816029793e-02   9.1949435003e-18   9.1919268061e-12   1.2201620746e-13   4.6173983341e-06   5.7843413525e-02   4.4852563844e-02   1.8347062695e-01   2.2561433065e-11   1.7057721623e-07   4.7843578476e-13   6.2264815396e-01
   1.7800000000e-01   1.2383603475e-01   1.2592186295e+03  -1.6620497938e+06   2.8851112834e-01   2.6242593030e-01  -6.7672679074e+00   1.5709160621e-03   2.9622796272e-09   7.9321857235e-15   2.7442301684e-14   2.2790111020e-09   5.9357692932e-02   6.4406683391e-18   7.0794500203e-12   9.1678918388e-14   4.1825227498e-06   6.0928646886e-02   4.4380690335e-02   1.8320182901e-01   2.0124987291e-11   1.4831142652e-07   3.7525778307e-13   6.1963911604e-01
   1.8200000000e-01   1.2687922749e-01   1.2502904447e+03  -1.6756905841e+06   2.8730593156e-01   2.6370868753e-01  -4.7655901009e+00   1.5745374571e-03   2.5503194677e-09   5.5941606803e-15   1.9242120222e-14   1.8599503162e-09   5.8907545873e-02   4.4743145427e-18   5.3970077567e-12   6.8141131169e-14   3.7658957201e-06   6.4030302094e-02   4.3881410415e-02   1.8294243781e-01   1.7892627888e-11   1.2830460423e-07   2.9175761328e-13   6.1663091767e-01
   1.8600000000e-01   1.2993834591e-01   1.2412870579e+03  -1.6896840849e+06   2.8608879030e-01   2.6502626129e-01  -3.1771600065e+00   1.5770750936e-03   2.1871560131e-09   3.9168612549e-15   1.3442030955e-14   1.5116878755e-09   5.8466596549e-02   3.0848026821e-18   4.0767479124e-12   5.0155309569e-14   3.3723336394e-06   6.7145150517e-02   4.3369851041e-02   1.8267526762e-01   1.5866662925e-11   1.1048824970e-07   2.2507207757e-13   6.1362357210e-01
   1.9000000000e-01   1.3301331505e-01   1.2322306308e+03  -1.7039316707e+06   2.8485874068e-01   2.6637330083e-01  -1.9307918700e+00   1.5786653888e-03   1.8690826585e-09   2.7243146140e-15   9.3732233370e-15   1.2239955499e-09   5.8035994720e-02   2.1115520264e-18   3.0534170149e-12   3.6586185101e-14   3.0046942855e-06   7.0270816062e-02   4.2857996474e-02   1.8238608410e-01   1.4040475027e-11   9.4738792944e-08   1.7239399823e-13   6.1061709105e-01
   1.9400000000e-01   1.3610420816e-01   1.2231370004e+03  -1.7183583764e+06   2.8361487520e-01   2.6774592686e-01  -9.6758605806e-01   1.5793961569e-03   1.5919873039e-09   1.8830831767e-15   6.5532190097e-15   9.8755318361e-10   5.7616867192e-02   1.4355103585e-18   2.2687974856e-12   2.6463653280e-14   2.6644926852e-06   7.3405572068e-02   4.2355157295e-02   1.8206345456e-01   1.2402659353e-11   8.0905977507e-08   1.3117432914e-13   6.0761148518e-01
   1.9800000000e-01   1.3921116064e-01   1.2140195903e+03  -1.7329054137e+06   2.8235650335e-01   2.6914093384e-01  -2.2299757886e-01   1.5793249277e-03   1.3518326180e-09   1.2941622433e-15   4.6580493475e-15   7.9419298308e-10   5.7210164938e-02   9.7009634177e-19   1.6734072061e-12   1.8992647318e-14   2.3524794005e-06   7.6548178407e-02   4.1868306476e-02   1.8169870701e-01   1.0940389382e-11   6.8846726422e-08   9.9213049543e-14   6.0460676434e-01
   2.0800000000e-01   1.4703174220e-01   1.1914711229e+03  -1.7694260093e+06   2.7918286692e-01   2.7265904210e-01   6.9683417285e-01   1.5772465504e-03   8.9165703487e-10   4.9982120249e-16   1.7961614857e-15   4.5707489123e-10   5.6226115217e-02   3.5666200015e-19   7.6580115416e-13   8.1097416822e-15   1.7001783388e-06   8.4422085401e-02   4.0704731557e-02   1.8067477360e-01   7.9737772373e-12   4.5484608878e-08   4.8567349495e-14   5.9710055934e-01
   2.2400000000e-01   1.5975042993e-01   1.1555427412e+03  -1.8277835485e+06   2.7390687748e-01   2.7846885360e-01   1.0435839872e+00   1.5639870866e-03   4.4294390176e-10   1.0265158232e-16   5.7860217906e-16   1.8252410758e-10   5.4854022827e-02   6.7647954120e-20   2.0280536166e-13   1.9131390401e-15   9.6601294325e-07   9.7083108533e-02   3.9226881365e-02   1.7826198620e-01   4.7507330940e-12   2.2580173273e-08   1.4591496842e-14   5.8510526074e-01
   2.4000000000e-01   1.7271039090e-01   1.1211688059e+03  -1.8846066105e+06   2.6849297635e-01   2.8420752907e-01   7.5647415371e-01   1.5433678750e-03   2.1700580191e-10   2.0674674762e-17   6.8913116848e-16   7.2119517408e-11   5.3629683348e-02   1.4869529873e-20   5.1695794713e-14   4.3369133589e-16   5.3451293560e-07   1.0982631741e-01   3.8070101731e-02   1.7524982340e-01   2.8299513357e-12   1.1088835266e-08   4.2928049720e-15   5.7312493831e-01
   2.5600000000e-01   1.8589108616e-01   1.0889188784e+03  -1.9395437185e+06   2.6301846662e-01   2.8972480500e-01   4.3859471421e-01   1.5181226355e-03   1.0653314462e-10   4.2149632992e-18   2.0582551630e-15   2.8701715909e-11   5.2488379538e-02   9.4511382445e-21   1.3127279095e-14   9.8007897044e-17   2.9331738521e-07   1.2264943127e-01   3.7105430095e-02   1.7190653435e-01   1.6965947536e-12   5.5464242323e-09   1.2780493773e-15   5.6115981975e-01
   2.7200000000e-01   1.9927582562e-01   1.0586304408e+03  -1.9932205207e+06   2.5753321353e-01   2.9503584809e-01   2.2814556968e-01   1.4901153149e-03   5.2495258534e-11   8.7045949800e-19   5.2446678230e-15   1.1505996609e-11   5.1385120288e-02   1.4150774391e-20   3.3337865599e-15   2.2167076752e-17   1.6014298370e-07   1.3555123372e-01   3.6239153731e-02   1.6841882419e-01   1.0219340962e-12   2.8870983026e-09   3.8872739971e-16   5.4921002068e-01
   2.8800000000e-01   2.1285335469e-01   1.0299282437e+03  -2.0463975490e+06   2.5206200347e-01   3.0021456382e-01   1.1108052404e-01   1.4603867900e-03   2.5863263690e-11   1.8016201959e-19   1.0553089855e-14   4.6165272909e-12   5.0295494286e-02   2.0307361939e-20   8.4018282216e-16   4.9747291589e-18   8.6754348818e-08   1.4853049036e-01   3.5419423930e-02   1.6488669847e-01   6.1601903091e-13   1.6062720730e-09   1.2174802069e-16   5.3727560099e-01
   3.0400000000e-01   2.2661610554e-01   1.0025269618e+03  -2.0995506691e+06   2.4661492165e-01   3.0531853624e-01   5.1660363191e-02   1.4294707966e-03   1.2708874757e-11   3.7117795639e-20   1.7832949543e-14   1.8460049985e-12   4.9207873357e-02   2.4899936015e-20   2.0916090788e-16   1.1018367121e-18   4.6566722823e-08   1.6158580278e-01   3.4620818370e-02   1.6135675912e-01   3.7091048481e-13   9.8887122110e-10   4.0327862622e-17   5.2535658245e-01
   3.2000000000e-01   2.4055848081e-01   9.7624136137e+02  -2.1529002683e+06   2.4119481931e-01   3.1038323601e-01   2.3261473425e-02   1.3976361745e-03   6.2328523507e-12   7.6145748365e-21   2.6662367089e-14   7.3536554297e-13   4.8117272423e-02   2.7044635781e-20   5.1532502407e-17   2.4119165885e-19   2.4806147587e-08   1.7471556456e-01   3.3831697814e-02   1.5784821290e-01   2.2333883647e-13   6.9074895033e-10   1.4901350470e-17   5.1345294069e-01
   3.3600000000e-01   2.5467546160e-01   9.5094887239e+02  -2.2065297303e+06   2.3580153802e-01   3.1542999348e-01   1.0271310189e-02   1.3650251999e-03   3.0658695292e-12   1.5700527472e-21   3.6577434583e-14   2.9307708905e-13   4.7021871724e-02   2.7066746064e-20   1.2697258859e-17   5.2711119941e-20   1.3189417724e-08   1.8791765987e-01   3.3046988721e-02   1.5436765238e-01   1.3519968941e-13   5.4459768228e-10   6.5474095220e-18   5.0156491394e-01
   3.5200000000e-01   2.6896244218e-01   9.2657380002e+02  -2.2604629578e+06   2.3043364765e-01   3.2046831475e-01   4.5158816979e-03   1.3317229244e-03   1.5288981774e-12   3.3248192960e-22   4.7197218196e-14   1.1808958513e-13   4.5921234827e-02   2.5831104287e-20   3.1988826598e-18   1.1757113347e-20   7.0802909124e-09   2.0118980142e-01   3.2264533622e-02   1.5091615627e-01   8.3185539398e-14   4.6941952116e-10   3.5230453988e-18   4.8969258450e-01
   3.6800000000e-01   2.8341499661e-01   9.0305482996e+02  -2.3147009833e+06   2.2508928949e-01   3.2550495164e-01   2.0129609578e-03   1.2977894747e-03   7.8573607226e-13   7.4766938624e-23   5.8255056510e-14   4.8889750717e-14   4.4815498346e-02   2.4273534624e-20   8.5199146953e-19   2.7669002898e-21   3.9031033811e-09   2.1452953855e-01   3.1483421970e-02   1.4749257970e-01   5.2888304793e-14   4.2700205345e-10   2.2681021029e-18   4.7783585169e-01
   3.8400000000e-01   2.9802876549e-01   8.8033803543e+02  -2.3692369671e+06   2.1976653225e-01   3.3054585813e-01   9.2624366658e-04   1.2632743410e-03   4.2384561513e-13   1.8546222956e-23   6.9581781154e-14   2.1177873989e-14   4.3705017753e-02   2.3156744772e-20   2.4897975320e-19   7.1297506639e-22   2.2515555383e-09   2.2793424136e-01   3.0703259237e-02   1.4409498092e-01   3.5394488149e-14   3.9993906430e-10   1.6791338704e-18   4.6599444946e-01
   4.0000000000e-01   3.1279941538e-01   8.5837424593e+02  -2.4240615723e+06   2.1446350204e-01   3.3559691585e-01   4.4578350135e-04   1.2282224920e-03   2.4322681748e-13   5.2242149288e-24   8.1076270615e-14   9.7267756830e-15   4.2590219771e-02   2.3012539019e-20   8.2045908967e-20   2.0671177243e-22   1.3781555713e-09   2.4140108252e-01   2.9923859542e-02   1.4072120024e-01   2.5274632970e-14   3.8043764024e-10   1.3900418507e-18   4.5416796316e-01
   4.1600000000e-01   3.2772263503e-01   8.3711792227e+02  -2.4791648169e+06   2.0917841967e-01   3.4066421752e-01   2.2557070334e-04   1.1926769094e-03   1.4904885492e-13   1.6881366229e-24   9.2679766018e-14   4.7537812102e-15   4.1471543679e-02   2.4221897201e-20   3.0729902450e-20   6.7961124085e-23   8.9879803152e-10   2.5492702143e-01   2.9145120764e-02   1.3736907832e-01   1.9334041538e-14   3.6494876235e-10   1.2637556154e-18   4.4235584491e-01
   4.3200000000e-01   3.4279414811e-01   8.1652658920e+02  -2.5345366774e+06   2.0390960118e-01   3.4575418452e-01   1.1973894126e-04   1.1566796484e-03   9.7040533755e-14   6.2103548625e-25   1.0435821748e-13   2.4592543462e-15   4.0349419328e-02   2.7160547338e-20   1.2954142553e-20   2.5086264246e-23   6.2160312015e-10   2.6850878694e-01   2.8366974865e-02   1.3403652733e-01   1.5766081463e-14   3.5177278498e-10   1.2428385434e-18   4.3055742621e-01
   4.4800000000e-01   3.5800973357e-01   7.9656048494e+02  -2.5901672785e+06   1.9865544483e-01   3.5087362304e-01   6.6239519359e-05   1.1202723231e-03   6.6485584587e-14   2.5580414243e-25   1.1609159394e-13   1.3335657663e-15   3.9224259670e-02   3.2358732767e-20   6.0312935735e-21   1.0200988564e-23   4.5167217371e-10   2.8214285729e-01   2.7589367999e-02   1.3072154484e-01   1.3577449094e-14   3.4003584975e-10   1.3037544829e-18   4.1877192699e-01
   4.6400000000e-01   3.7336525299e-01   7.7718230745e+02  -2.6460469615e+06   1.9341441479e-01   3.5602975630e-01   3.7889624009e-05   1.0834963412e-03   4.7454249785e-14   1.1592382230e-25   1.2786783575e-13   7.5023827340e-16   3.8096458510e-02   4.0678314986e-20   3.0403622222e-21   4.4789190719e-24   3.4145483727e-10   2.9582544089e-01   2.6812252187e-02   1.2742220775e-01   1.2227118778e-14   3.2925264690e-10   1.4414534802e-18   4.0699846250e-01
   4.8000000000e-01   3.8885668217e-01   7.5835701266e+02  -2.7021663200e+06   1.8818502389e-01   3.6123024712e-01   2.2249315635e-05   1.0463930479e-03   3.4982632866e-14   5.6979580630e-26   1.3967953300e-13   4.3402054305e-16   3.6966390183e-02   5.3555711596e-20   1.6314216242e-21   2.0872376154e-24   2.6632202779e-10   3.0955245565e-01   2.6035581427e-02   1.2413665923e-01   1.1418273001e-14   3.1913334389e-10   1.6640400308e-18   3.9523604756e-01
   4.9600000000e-01   4.0448014443e-01   7.4005164452e+02  -2.7585162281e+06   1.8296581553e-01   3.6648321685e-01   1.3333765501e-05   1.0090038658e-03   2.6456042460e-14   3.0065146103e-26   1.5152210989e-13   2.5638984093e-16   3.5834410062e-02   7.3397550851e-20   9.1950562994e-22   1.0185541831e-24   2.1291702426e-10   3.2331950129e-01   2.5259309528e-02   1.2086309208e-01   1.0985574942e-14   3.0949357944e-10   1.9919591948e-18   3.8348359754e-01
   5.1200000000e-01   4.2023195051e-01   7.2223518784e+02  -2.8150878772e+06   1.7775534732e-01   3.7179726288e-01   8.1177537063e-06   9.7137038139e-04   2.0419858486e-14   1.6904174268e-26   1.6339282397e-13   1.5381914705e-16   3.4700854914e-02   1.0427466169e-19   5.3888285097e-22   5.1514923122e-25   1.7361954063e-10   3.3712183434e-01   2.4483388712e-02   1.1759973331e-01   1.0836045397e-14   3.0020975059e-10   2.4602508081e-18   3.7173992861e-01
   5.2800000000e-01   4.3610864120e-01   7.0487843746e+02  -2.8718728187e+06   1.7255217431e-01   3.7718147701e-01   5.0024089228e-06   9.3353444392e-04   1.6022092474e-14   1.0067937007e-26   1.7529020891e-13   9.3323697007e-17   3.3566043346e-02   1.5317259168e-19   3.2585979250e-22   2.6790167029e-25   1.4386204314e-10   3.5095433667e-01   2.3707768490e-02   1.1434482803e-01   1.0918324460e-14   2.9119531201e-10   3.1239036348e-18   3.6000375574e-01
   5.4400000000e-01   4.5210703169e-01   6.8795387932e+02  -2.9288630057e+06   1.6735483101e-01   3.8264546635e-01   3.1100827447e-06   8.9553830615e-04   1.2740387630e-14   6.3158982881e-27   1.8721376391e-13   5.7064125416e-17   3.2430276380e-02   2.3232608960e-19   2.0209460242e-22   1.4236635960e-25   1.2078155178e-10   3.6481147328e-01   2.2932394622e-02   1.1109662170e-01   1.1206620823e-14   2.8238742890e-10   4.0673218005e-18   3.4827368765e-01
   5.6000000000e-01   4.6822426413e-01   6.7143558262e+02  -2.9860508506e+06   1.6216181482e-01   3.8819937628e-01   1.9437825848e-06   8.5742471902e-04   1.0241588084e-14   4.1479171468e-27   1.9916378542e-13   3.5066865571e-17   3.1293837591e-02   3.6404673458e-19   1.2793440512e-22   7.6921452846e-26   1.0251194179e-10   3.7868725153e-01   2.2157208179e-02   1.0785334433e-01   1.1692295620e-14   2.7373904619e-10   5.4200590377e-18   3.3654822224e-01
   5.7600000000e-01   4.8445786423e-01   6.5529910035e+02  -3.0434292850e+06   1.5697156848e-01   3.9385391697e-01   1.2148993692e-06   8.1923705257e-04   8.3058992179e-15   2.8335310535e-27   2.1114131017e-13   2.1604456209e-17   3.0156993243e-02   5.8916245193e-19   8.2343057034e-23   4.2080686069e-26   8.7795089599e-11   3.9257517035e-01   2.1382144610e-02   1.0461319358e-01   1.2379541786e-14   2.6521394280e-10   7.3825693925e-18   3.2482574017e-01
   5.9200000000e-01   5.0080580246e-01   6.3952137715e+02  -3.1009918230e+06   1.5178246040e-01   3.9962039407e-01   7.5240878517e-07   7.8101945736e-04   6.7840456944e-15   2.0002653210e-27   2.2314815749e-13   1.3316010499e-17   2.9019992465e-02   9.1546003542e-19   5.3709360714e-23   2.3225936606e-26   7.5757738592e-11   4.0646815580e-01   2.0607132723e-02   1.0137431576e-01   1.3283392846e-14   2.5678351451e-10   1.0267906601e-17   3.1310449585e-01
   6.0800000000e-01   5.1726656494e-01   6.2408066497e+02  -3.1587326350e+06   1.4659276512e-01   4.0551074267e-01   4.5329974815e-07   7.4281700121e-04   5.5720726326e-15   1.4345210260e-27   2.3518632777e-13   8.1948720533e-18   2.7883067124e-02   2.7981195182e-19   3.5419487625e-23   1.2902771168e-26   6.5778275037e-11   4.2035849158e-01   1.9832093694e-02   9.8134787305e-02   1.4429168300e-14   2.4842459414e-10   1.4571982675e-17   3.0138260867e-01
   6.2400000000e-01   5.3383923468e-01   6.0895645052e+02  -3.2166466280e+06   1.4140064288e-01   4.1153756174e-01   2.5471604011e-07   7.0467576448e-04   4.5959937081e-15   8.5848691655e-28   2.4725090757e-13   5.0263273464e-18   2.6746431610e-02  -1.3077796963e-17   2.3713257187e-23   7.2658715103e-27   5.7404395620e-11   4.3423774100e-01   1.9056940001e-02   9.4892595500e-02   1.5852923787e-14   2.4011793809e-10   2.1129830728e-17   2.8965805251e-01
   6.4000000000e-01   5.5052358070e-01   5.9412938034e+02  -3.2747295398e+06   1.3620411471e-01   4.1771415793e-01   1.1794786490e-07   6.6664303525e-04   3.8021443142e-15  -8.5449465314e-28   2.5928895652e-13   3.0671119253e-18   2.5610282692e-02  -1.1528714995e-16   1.7011790171e-23   4.4952842308e-27   5.0300651510e-11   4.4809664501e-01   1.8281574225e-02   9.1645614756e-02   1.7602715654e-14   2.3184716973e-10   3.1630859461e-17   2.7792864235e-01
   6.5600000000e-01   5.6732016162e-01   5.7958119230e+02  -3.3329780412e+06   1.3100103493e-01   4.2405459310e-01   1.9250959502e-08   6.2876752742e-04   3.1509253841e-15  -7.7420891165e-27   2.7103034295e-13   1.8587129777e-18   2.4474799124e-02  -5.9685076816e-16   1.6840937885e-23   4.2512173754e-27   4.4213778861e-11   4.6192500422e-01   1.7505887770e-02   8.8391580508e-02   1.9740434411e-14   2.2359801624e-10   4.9986611669e-17   2.6619201970e-01
   6.7200000000e-01   5.8423044565e-01   5.6529465306e+02  -3.3913898466e+06   1.2578905878e-01   4.3057373553e-01  -5.4917801270e-08   5.9109964342e-04   2.6125887553e-15  -2.7029000976e-26   2.8151390594e-13   1.1166175719e-18   2.3340141160e-02  -1.9791286688e-15   2.7269296404e-23   6.6528464656e-27   3.8948282332e-11   4.7571153578e-01   1.6729759425e-02   8.5128058547e-02   2.2343338785e-14   2.1535786372e-10   8.0798963408e-17   2.5444563533e-01
   6.8800000000e-01   6.0125695283e-01   5.5125349949e+02  -3.4499638405e+06   1.2056560493e-01   4.3728731529e-01  -1.1003428808e-07   5.5369176561e-04   2.1643096209e-15  -6.0353788697e-26   2.8869697373e-13   6.6363552455e-19   2.2206449830e-02  -4.3707948000e-15   4.4137395219e-23   9.4514094880e-27   3.4348029377e-11   4.8944370431e-01   1.5953053739e-02   8.1852409596e-02   2.5503248304e-14   2.0711551103e-10   1.1623367418e-16   2.4268672930e-01
   7.0400000000e-01   6.1840342479e-01   5.3744238279e+02  -3.5087002237e+06   1.1532781074e-01   4.4421198430e-01  -1.4688567577e-07   5.1659859567e-04   1.7884143397e-15  -9.8742795600e-26   2.9060731428e-13   3.8931101530e-19   2.1073845985e-02  -7.1320512352e-15   5.5195130968e-23   9.9255853824e-27   3.0286419004e-11   5.0310751880e-01   1.5175619149e-02   7.8561747005e-02   2.9324658393e-14   1.9886041044e-10   1.4428161133e-16   2.3091230743e-01
   7.2000000000e-01   6.3567502934e-01   5.2384681241e+02  -3.5676006803e+06   1.1007247608e-01   4.5136538190e-01  -1.6607451749e-07   4.7987758863e-04   1.4713861878e-15  -1.3099475236e-25   2.8671467021e-13   2.2486589494e-19   1.9942429168e-02  -9.4698464589e-15   5.5381925766e-23   8.2195517655e-27   2.6663984100e-11   5.1668727947e-01   1.4397285671e-02   7.5252883647e-02   3.3925417097e-14   1.9058156760e-10   1.9381367429e-16   2.1911911091e-01
   7.3600000000e-01   6.5307861333e-01   5.1045309853e+02  -3.6266685798e+06   1.0479599504e-01   4.5876620612e-01  -1.6980539171e-07   4.4358944207e-04   1.2029782108e-15  -1.5003516584e-25   2.7776854309e-13   1.2754349422e-19   1.8812275983e-02  -1.0862840584e-14   4.7698496736e-23   5.7826343437e-27   2.3405312353e-11   5.3016527528e-01   1.3617862165e-02   7.1922267452e-02   3.9437190496e-14   1.8226701636e-10   3.7146286108e-16   2.0730358035e-01
   7.5200000000e-01   6.7062301871e-01   4.9724828945e+02  -3.6859092248e+06   9.9494270913e-02   4.6643429198e-01  -1.6139908397e-07   4.0779866119e-04   9.7536916278e-16  -1.5357265697e-25   2.6502751998e-13   7.0838085993e-20   1.7683437863e-02  -1.1127086278e-14   3.6683577148e-23   3.6020300857e-27   2.0454053628e-11   5.4352141905e-01   1.2837133005e-02   6.8565901383e-02   4.6001510551e-14   1.7390376934e-10   8.2834281930e-16   1.9546181179e-01
   7.6800000000e-01   6.8831948214e-01   4.8422009709e+02  -3.7453301526e+06   9.4162606278e-02   4.7439070109e-01  -1.4446241537e-07   3.7257426147e-04   7.8249881772e-16  -1.4301484608e-25   2.4973709191e-13   3.8406364436e-20   1.6555938135e-02  -1.0362802877e-14   2.5579780055e-23   2.0179893678e-27   1.7768332204e-11   5.5673279434e-01   1.2054853836e-02   6.5179240045e-02   5.3759105197e-14   1.6547785186e-10   1.5983132203e-15   1.8358949975e-01
   7.8400000000e-01   7.0618214992e-01   4.7135680164e+02  -3.8049415126e+06   8.8795558960e-02   4.8265782855e-01  -1.2240174765e-07   3.3799063907e-04   6.1959042946e-16  -1.2203801584e-25   2.3291563447e-13   2.0256953565e-20   1.5429768020e-02  -8.8491073493e-15   1.6265297095e-23   1.0226463399e-27   1.5317402287e-11   5.6977309074e-01   1.1270746048e-02   6.1757054253e-02   6.2829841564e-14   1.5697408195e-10   2.5029252230e-15   1.7168186243e-01
   8.0000000000e-01   7.2422875388e-01   4.5864712348e+02  -3.8647565511e+06   8.3386752516e-02   4.9125953730e-01  -9.8181853115e-08   3.0412860667e-04   4.8280522088e-16  -9.5031674480e-26   2.1530111401e-13   1.0353737825e-20   1.4304880980e-02  -6.9152258206e-15   9.4720678278e-24   4.7078034965e-28   1.3079252934e-11   5.8261190951e-01   1.0484489622e-02   5.8293253308e-02   7.3278625421e-14   1.4837543637e-10   3.2846159440e-15   1.5973354491e-01
   8.1600000000e-01   7.4248151387e-01   4.4608003971e+02  -3.9247922376e+06   7.7928618629e-02   5.0022134088e-01  -7.4217007012e-08   2.7107669384e-04   3.6898761709e-16  -6.5964874489e-26   1.9737472313e-13   5.1056560309e-21   1.3181184783e-02  -4.8448224399e-15   5.0757425998e-24   1.9782320747e-28   1.1038888951e-11   5.9521389004e-01   9.6957134530e-03   5.4780643700e-02   8.5061648953e-14   1.3966215573e-10   3.7778471542e-15   1.4773848771e-01
   8.3200000000e-01   7.6096836980e-01   4.3364450919e+02  -3.9850700854e+06   7.2412036901e-02   5.0957067283e-01  -5.2342092092e-08   2.3893282818e-04   2.7547168987e-16  -3.7916615140e-26   1.7941943200e-13   2.4166863607e-21   1.2058530119e-02  -2.8381210850e-15   2.5191795132e-24   7.6405071287e-29   9.1870439725e-12   6.0753759304e-01   8.9039818840e-03   5.1210592071e-02   9.7947917331e-14   1.3081068011e-10   3.9525023797e-15   1.3568974249e-01
   8.4800000000e-01   7.7972470440e-01   4.2132905016e+02  -4.0456172504e+06   6.6825822029e-02   5.1933730975e-01  -3.3815092535e-08   2.0780647780e-04   1.9992638819e-16  -1.3090833625e-26   1.6158470589e-13   1.0914836149e-21   1.0936693778e-02  -1.0171594941e-15   1.1738048136e-24   2.7527860585e-29   7.5190191109e-12   6.1953407816e-01   8.1087756571e-03   4.7572546116e-02   1.1141361750e-13   1.2179226655e-10   3.8651636596e-15   1.2357921134e-01
   8.6400000000e-01   7.9879581823e-01   4.0912107076e+02  -4.1064680204e+06   6.1155969147e-02   5.2955407560e-01  -1.9324698145e-08   1.7782146342e-04   1.4022817674e-16   6.9822839851e-27   1.4394085470e-13   4.6707463802e-22   9.8153532027e-03   5.5050648377e-16   5.2922053642e-25   9.5608194927e-30   6.0333840731e-12   6.3114506672e-01   7.3094640634e-03   4.3853330417e-02   1.2451408642e-13   1.1257098105e-10   3.5995921936e-15   1.1139726457e-01
   8.8000000000e-01   8.1824060515e-01   3.9700577192e+02  -4.1676658530e+06   5.5384497458e-02   5.4025807530e-01  -9.0148324448e-09   1.4911979874e-04   9.4360160467e-17   2.1268961753e-26   1.2651761412e-13   1.8777944463e-22   8.6940467636e-03   1.8266622898e-15   2.4313263733e-25   3.3824284435e-30   4.7303967039e-12   6.4230052073e-01   6.5052625351e-03   4.0036068361e-02   1.3575322933e-13   1.0310060149e-10   3.2313105938e-15   9.9132156834e-02
   8.9600000000e-01   8.3813723065e-01   3.8496428759e+02  -4.2292662049e+06   4.9487602107e-02   5.5149294699e-01  -2.5471158283e-09   1.2186705154e-04   6.0343087368e-17   2.9198131629e-26   1.0932761539e-13   7.0184463069e-23   7.5721095082e-03   2.7835791722e-15   1.1922976911e-25   1.2781167807e-30   3.6101217545e-12   6.5291541871e-01   5.6951654773e-03   3.6098460070e-02   1.4299613947e-13   9.3319638134e-11   2.8153671075e-15   8.6769100334e-02
   9.1200000000e-01   8.5859234865e-01   3.7297038451e+02  -4.2913404847e+06   4.3432534360e-02   5.6331316856e-01   7.8414034551e-10   9.6260118507e-05   3.6205606367e-17   3.0791187606e-26   9.2377021329e-14   2.4056418337e-23   6.4485639667e-03   3.3936841475e-15   6.1536713478e-26   5.0752317917e-31   2.6703382192e-12   6.6288538879e-01   4.8778342363e-03   3.2009876039e-02   1.4350871510e-13   8.3142886676e-11   2.3867512936e-15   7.4288716151e-02
   9.2800000000e-01   8.7975705670e-01   3.6098422586e+02  -4.3539815541e+06   3.7171948099e-02   5.7579278436e-01   1.8848674915e-09   7.2539109093e-05   1.9998897453e-17   2.6881824710e-26   7.5664911118e-14   7.4172837159e-24   5.3219213058e-03   3.6278363831e-15   3.0799996684e-26   1.9535200509e-31   1.9044035665e-12   6.7208065534e-01   4.0513972506e-03   2.7726090434e-02   1.3425936203e-13   7.2446033804e-11   1.9650864765e-15   6.1664266648e-02
   9.4400000000e-01   9.0185701528e-01   3.4893954259e+02  -4.4173111270e+06   3.0632664599e-02   5.8904450808e-01   1.6793632624e-09   5.1006674261e-05   9.8542835665e-18   1.9258927866e-26   5.9171171683e-14   1.9941671074e-24   4.1897873351e-03   3.4618563466e-15   1.3439775011e-26   6.6082248330e-32   1.2992205037e-12   6.8033744411e-01   3.2130609453e-03   2.3178809644e-02   1.1270312410e-13   6.1034826617e-11   1.5591407926e-15   4.8856260269e-02
   9.6000000000e-01   9.2525678523e-01   3.3671376443e+02  -4.4814882732e+06   2.3690269526e-02   6.0326661056e-01   9.5785079604e-10   3.2062249094e-05   4.0720520644e-18   1.0531702849e-26   4.2829204817e-14   4.3939635257e-25   3.0479803222e-03   2.8909896132e-15   4.4824855979e-27   1.7550177675e-32   8.3315888295e-13   6.8744542499e-01   2.3582528106e-03   1.8251974144e-02   7.8497990764e-14   4.8574670850e-11   1.1691256414e-15   3.5800560861e-02
   9.7600000000e-01   9.5062590722e-01   3.2404388452e+02  -4.5467106722e+06   1.6099452815e-02   6.1888090151e-01   2.9496703143e-10   1.6270180743e-05   1.2125804405e-18   3.5562411792e-27   2.6470096221e-14   6.7124515500e-26   1.8881529435e-03   1.9508319294e-15   8.9125510546e-28   2.9305886508e-33   4.7301214505e-13   6.9312903199e-01   1.4783497604e-03   1.2716679930e-02   3.7062977263e-14   3.4395165295e-11   7.8469717831e-16   2.2376864864e-02
   9.9200000000e-01   9.7953124925e-01   3.1019886433e+02  -4.6131417347e+06   7.2302559660e-03   6.3709130010e-01   1.1405926145e-11   4.5167401195e-06   1.3661469695e-19   2.8285267944e-28   9.6778087355e-15   3.2491289007e-27   6.8901765583e-04   7.3352573371e-16   3.0326498539e-29   1.2205686465e-34   1.6834941862e-13   6.9702296935e-01   5.5245550170e-04   5.9842660683e-03   4.7254761881e-15   1.6738102231e-11   3.6886824631e-16   8.2947128567e-03
   1.0000000000e+00   1.0000000000e+00   3.0000000000e+02  -4.6458568819e+06   0.0000000000e+00   6.5169855213e-01   0.0000000000e+00   0.0000000000e+00   0.0000000000e+00   0.0000000000e+00   0.0000000000e+00   0.0000000000e+00   0.0000000000e+00   0.0000000000e+00   0.0000000000e+00   0.0000000000e+00   0.0000000000e+00   1.0000000000e+00   0.0000000000e+00   0.0000000000e+00   0.0000000000e+00   0.0000000000e+00   0.0000000000e+00   0.0000000000e+00