# L (m)  = 1
# P (Pa) = 101325
#             001_x           002_mixf              003_T              004_h             005_pv        006_density        007_hr             008_H2              009_H              010_O             011_O2             012_OH            013_H2O            014_HO2            015_CH2         016_CH2(S)            017_CH3            018_CH4             019_CO            020_CO2            021_HCO           022_CH2O          023_CH2OH             024_N2
                  0   0.0000000000e+00   3.0000000000e+02   1.9075768848e+03   0.0000000000e+00   1.1719839921e+00   0.0000000000e+00   0.0000000000e+00   0.0000000000e+00   0.0000000000e+00   2.3300000000e-01   0.0000000000e+00   0.0000000000e+00   0.0000000000e+00   0.0000000000e+00   0.0000000000e+00   0.0000000000e+00   0.0000000000e+00   0.0000000000e+00   0.0000000000e+00   0.0000000000e+00   0.0000000000e+00   0.0000000000e+00   7.6700000000e-01
   2.0000000000e-03   1.1679522162e-03   4.0432144066e+02  -7.3879520327e+03   1.2174336012e-02   8.7162129651e-01   4.0395255684e+05   1.2186259033e-06   5.3088241907e-10   1.0176868728e-06   2.2587640635e-01   9.5266751859e-07   1.5881240515e-03   5.9400864327e-06   9.2355097253e-18   6.5429965748e-19   2.4224696278e-13   1.8131320906e-10   3.6582604764e-04   1.0219167287e-02   1.3302826909e-14   1.5946074223e-11   1.4924802389e-20   7.5139491855e-01
   6.0000000000e-03   4.5442819708e-03   5.5770662364e+02  -2.5979009868e+04   3.0783347274e-02   6.3306453816e-01   1.2324392242e+07   4.5849071422e-06   6.7589609243e-08   9.2873128860e-06   2.1278351561e-01   1.1400512046e-05   4.8214293954e-03   3.5690590581e-05   2.2206187824e-15   1.9827518875e-16   6.6951722202e-12   1.2574707896e-09   1.0516769444e-03   2.4905656027e-02   4.3923258249e-12   1.2194728257e-10   2.1952352179e-17   7.4876527949e-01
   1.0000000000e-02   7.7142448807e-03   6.8968482459e+02  -4.4570067703e+04   4.7487899540e-02   5.1244640268e-01   4.3992667789e+07   9.6503750392e-06   5.7388108927e-07   3.1980387609e-05   2.0018218632e-01   4.0724777430e-05   8.2029444281e-03   5.3610127751e-05   9.1941423008e-14   8.9933475910e-15   8.9124479687e-11   1.1695160872e-08   1.7359885021e-03   3.7539316234e-02   5.6633817693e-11   1.4263504597e-09   2.3791480624e-15   7.4606274808e-01
   1.4000000000e-02   1.0777683650e-02   8.0831906878e+02  -6.3161125314e+04   6.3202267842e-02   4.3747793923e-01   7.6780044452e+07   1.6175397868e-05   1.8854197823e-06   7.9441256442e-05   1.8787575240e-01   8.7784779250e-05   1.1657180919e-02   5.1976119668e-05   1.3908002731e-12   1.4055377945e-13   6.6444428100e-10   6.9086028529e-08   2.4567752536e-03   4.9072136271e-02   2.6281767159e-10   1.0013178997e-08   5.5179117876e-14   7.4331975557e-01
   1.8000000000e-02   1.3775792802e-02   9.1682800139e+02  -8.1752183366e+04   7.8256407007e-02   3.8577938907e-01   1.0065250744e+08   2.3983947421e-05   4.0502637115e-06   1.5988298683e-04   1.7577218885e-01   1.4964557850e-04   1.5147754548e-02   4.4159228430e-05   1.1705591573e-11   1.1905259653e-12   3.3505991448e-09   2.6233573681e-07   3.2537019523e-03   5.9830966559e-02   8.8461284180e-10   4.4749999774e-08   5.3075167041e-13   7.4054756051e-01
   2.2000000000e-02   1.6729970963e-02   1.0171169009e+03  -1.0034324121e+05   9.2794329778e-02   3.4770795285e-01   1.1555702256e+08   3.3026153769e-05   6.9314760780e-06   2.7429743833e-04   1.6383321396e-01   2.2916793811e-04   1.8655017783e-02   3.6308914673e-05   6.9053131877e-11   6.9831208566e-12   1.2899749761e-08   7.4155095193e-07   4.1659476387e-03   6.9940338203e-02   2.8756464355e-09   1.4889233407e-07   3.1717290318e-12   7.3775184848e-01
   2.6000000000e-02   1.9651027870e-02   1.1104723729e+03  -1.1893429904e+05   1.0687536118e-01   3.1836016505e-01   1.2403016580e+08   4.3382798877e-05   1.0367076827e-05   4.1529996697e-04   1.5206093004e-01   3.3080552604e-04   2.2164003405e-02   2.9949524976e-05   3.2164927681e-10   3.2148117970e-11   4.1049221559e-08   1.7289909201e-06   5.2306499494e-03   7.9437325028e-02   9.3678461163e-09   4.0864423669e-07   1.4632577223e-11   7.3493680895e-01
   3.0000000000e-02   2.2543869850e-02   1.1975787280e+03  -1.3752535688e+05   1.2051738840e-01   2.9502143422e-01   1.2886902752e+08   5.5263020810e-05   1.4225041740e-05   5.6954116248e-04   1.4048364790e-01   4.5681516074e-04   2.5661472835e-02   2.5127560522e-05   1.2629338729e-09   1.2422166311e-10   1.1393301531e-07   3.5577315974e-06   6.4821978029e-03   8.8318454743e-02   2.8691487552e-08   9.8600033612e-07   5.8008441588e-11   7.3210571353e-01
   3.4000000000e-02   2.5410394677e-02   1.2788752092e+03  -1.5611641471e+05   1.3371832887e-01   2.7603040034e-01   1.3264165723e+08   6.9000465963e-05   1.8395697818e-05   7.2133341787e-04   1.2914313373e-01   6.0593594398e-04   2.9135654179e-02   2.1580470760e-05   4.3652681536e-09   4.2071103426e-10   2.8712187742e-07   6.7662233681e-06   7.9515718082e-03   9.6562102417e-02   7.9674647760e-08   2.1802245852e-06   2.0734755103e-10   7.2926094200e-01
   3.8000000000e-02   2.8250853695e-02   1.3546777765e+03  -1.7470747255e+05   1.4646505771e-01   2.6030217092e-01   1.3805907719e+08   8.5044269616e-05   2.2770554788e-05   8.5558874794e-04   1.1808772242e-01   7.7309995583e-04   3.2575903679e-02   1.9079085944e-05   1.3725846570e-08   1.2898467327e-09   6.7795598353e-07   1.2283623110e-05   9.6657209363e-03   1.0413838882e-01   2.0083656578e-07   4.5463158536e-06   6.8327430940e-10   7.2640431427e-01
   4.2000000000e-02   3.1064631439e-02   1.4252103444e+03  -1.9329853038e+05   1.5873756991e-01   2.4709795462e-01   1.4890857054e+08   1.0394261388e-04   2.7228259886e-05   9.5944151430e-04   1.0736921847e-01   9.4941141532e-04   3.5972163971e-02   1.7509389888e-05   4.0241940416e-08   3.6673891480e-09   1.5358501910e-06   2.1755265003e-05   1.1646587083e-02   1.1101487624e-01   4.6642901591e-07   9.1142801284e-06   2.1012341133e-09   7.2353727612e-01
   4.6000000000e-02   3.3850656960e-02   1.4906170598e+03  -2.1188958822e+05   1.7050971159e-01   2.3589906623e-01   1.7144435816e+08   1.2631632417e-04   3.1630102920e-05   1.0228483562e-03   9.7042838486e-02   1.1223318421e-03   3.9313814393e-02   1.6881951991e-05   1.1186341785e-07   9.8320884846e-09   3.3935178644e-06   3.8088364488e-05   1.3909237321e-02   1.1716034356e-01   1.0120769390e-06   1.7760809927e-05   6.0739947751e-09   7.2066101000e-01
   5.0000000000e-02   3.6607691784e-02   1.5509572009e+03  -2.3048064403e+05   1.8174706860e-01   2.2633485726e-01   2.1609454846e+08   1.5281449634e-04   3.5820324823e-05   1.0387960757e-03   8.7168867514e-02   1.2761972586e-03   4.2587806654e-02   1.7312984051e-05   2.9734281210e-07   2.5080547267e-08   7.3836917680e-06   6.6330028808e-05   1.6458429166e-02   1.2254801828e-01   2.0665518391e-06   3.3747192277e-05   1.6549014181e-08   7.1777650450e-01
   5.4000000000e-02   3.9334750907e-02   1.6061814016e+03  -2.4907170267e+05   1.9240244863e-01   2.1814058788e-01   2.9867160673e+08   1.8403616979e-04   3.9624746848e-05   1.0037795252e-03   7.7814501632e-02   1.3933384050e-03   4.5776178145e-02   1.8964515580e-05   7.5554271668e-07   6.0944767886e-08   1.5865878214e-05   1.1498733653e-04   1.9282955446e-02   1.2715927887e-01   3.9660038267e-06   6.2259235299e-05   4.2380975769e-08   7.1488459888e-01
   5.8000000000e-02   4.2031879251e-02   1.6560906911e+03  -2.6766276102e+05   2.0240998115e-01   2.1113256827e-01   4.3853597675e+08   2.2039892071e-04   4.2842241193e-05   9.1899912533e-04   6.9054079347e-02   1.4563055083e-03   4.8853294918e-02   2.1913168675e-05   1.8178283415e-06   1.4004020187e-07   3.3531068221e-05   1.9778988285e-04   2.2347750125e-02   1.3098853719e-01   7.0884124491e-06   1.1033822428e-04   1.0108365767e-07   7.1198601129e-01
   6.2000000000e-02   4.4701322318e-02   1.7002943345e+03  -2.8625381917e+05   2.1168080955e-01   2.0519210416e-01   6.4921448313e+08   2.6194940584e-04   4.5230118258e-05   7.9213642820e-04   6.0965628482e-02   1.4516952187e-03   5.1783741596e-02   2.5949414652e-05   4.0680690202e-06   2.9954129056e-07   6.8933933202e-05   3.3557561817e-04   2.5585670141e-02   1.3404944841e-01   1.1623915079e-05   1.8498438086e-04   2.2110747000e-07   7.0908135558e-01
   6.6000000000e-02   4.7348684896e-02   1.7382134003e+03  -3.0484487720e+05   2.2010636111e-01   2.0025017595e-01   9.1978838508e+08   3.0815581664e-04   4.6501826351e-05   6.3846028344e-04   5.3622092747e-02   1.3751963739e-03   5.4522680568e-02   3.0424800159e-05   8.2790235174e-06   5.8376524816e-07   1.3557589918e-04   5.5742617080e-04   2.8894223528e-02   1.3638130119e-01   1.7206259291e-05   2.8847634733e-04   4.3519092716e-07   7.0617115070e-01
   7.0000000000e-02   4.9983177824e-02   1.7692023379e+03  -3.2343593515e+05   2.2757588151e-01   1.9626525985e-01   1.1993533819e+09   3.5778684549e-04   4.6374383008e-05   4.7904969721e-04   4.7077634090e-02   1.2355639768e-03   5.7020921323e-02   3.4371746831e-05   1.5004002669e-05   1.0147952879e-06   2.5036218827e-04   8.9969393916e-04   3.2144606563e-02   1.3805256678e-01   2.2717435400e-05   4.1284896821e-04   7.5752643662e-07   7.0325582789e-01
   7.4000000000e-02   5.2616210168e-02   1.7928128395e+03  -3.4202699304e+05   2.3400756361e-01   1.9319326064e-01   1.4100353163e+09   4.0900398033e-04   4.4684035101e-05   3.3500733000e-04   4.1353133913e-02   1.0540153993e-03   5.9235145762e-02   3.6922144516e-05   2.3898238599e-05   1.5514161717e-06   4.2750042331e-04   1.4019187169e-03   3.5205800745e-02   1.3915761312e-01   2.6672803093e-05   5.3930030730e-04   1.1546784160e-06   7.0033574101e-01
   7.8000000000e-02   5.5258764598e-02   1.8090802701e+03  -3.6061805089e+05   2.3937908514e-01   1.9096089738e-01   1.4919861920e+09   4.5969782254e-04   4.1511975718e-05   2.2034433328e-04   3.6427784029e-02   8.5775873709e-04   6.1139581963e-02   3.7676032196e-05   3.3390092272e-05   2.0799198401e-06   6.6991715365e-04   2.1003011941e-03   3.7974716067e-02   1.3980508929e-01   2.8072579854e-05   6.4583964152e-04   1.5420324089e-06   6.9741118347e-01
   8.2000000000e-02   5.7919130255e-02   1.8186271623e+03  -3.7920910873e+05   2.4373843817e-01   1.8945816278e-01   1.4389527771e+09   5.0792844591e-04   3.7211723729e-05   1.3859600249e-04   3.2241683530e-02   6.7111785369e-04   6.2732739000e-02   3.6766268042e-05   4.1274191333e-05   2.4647025453e-06   9.6454846256e-04   3.0212770248e-03   4.0395827343e-02   1.4010194338e-01   2.6932317325e-05   7.1784510150e-04   1.8226057106e-06   6.9448240884e-01
   8.6000000000e-02   6.0602151794e-02   1.8225088316e+03  -3.9780016657e+05   2.4718955416e-01   1.8855231338e-01   1.2893518204e+09   5.5226201783e-04   3.2301948791e-05   8.5018284601e-05   2.8708299447e-02   5.0958678623e-04   6.4035718220e-02   3.4650463901e-05   4.5840301503e-05   2.6203328758e-06   1.2857572375e-03   4.1777666289e-03   4.2461395461e-02   1.4014017846e-01   2.4056005341e-05   7.5279374765e-04   1.9379468542e-06   6.9154964879e-01
   9.0000000000e-02   6.3309848690e-02   1.8219209987e+03  -4.1639122440e+05   2.4986401165e-01   1.8811135913e-01   1.0949492476e+09   5.9188761448e-04   2.7296453885e-05   5.1729185971e-05   2.5730792047e-02   3.7901935964e-04   6.5084191064e-02   3.1836424513e-05   4.6664967972e-05   2.5538600860e-06   1.6044241739e-03   5.5690358671e-03   4.4197094414e-02   1.3999083856e-01   2.0412849695e-05   7.5693340688e-04   1.8922985235e-06   6.8861312415e-01
   9.4000000000e-02   6.6042474855e-02   1.8179609696e+03  -4.3498228224e+05   2.5189550587e-01   1.8802139284e-01   8.9680937130e+08   6.2655254838e-04   2.2583616563e-05   3.1679413721e-05   2.3215179300e-02   2.7853621389e-04   6.5919088763e-02   2.8747648549e-05   4.4417503243e-05   2.3298229995e-06   1.8963581830e-03   7.1832811650e-03   4.5644931469e-02   1.3970493309e-01   1.6710743243e-05   7.3910955766e-04   1.7311621779e-06   6.8567304911e-01
   9.8000000000e-02   6.8799297589e-02   1.8115232306e+03  -4.5357334008e+05   2.5340459080e-01   1.8819244304e-01   7.1764445169e+08   6.5642220084e-04   1.8397457828e-05   1.9735896821e-05   2.1078290330e-02   2.0382328843e-04   6.6579786045e-02   2.5666855138e-05   4.0208707269e-05   2.0236418691e-06   2.1460400320e-03   9.0011825603e-03   4.6850667252e-02   1.3931771530e-01   1.3369856920e-05   7.0744948198e-04   1.5094842997e-06   6.8272963105e-01
   1.0200000000e-01   7.1579132415e-02   1.8032823899e+03  -4.7216439791e+05   2.5449213824e-01   1.8855777633e-01   5.6632937741e+08   6.8192190310e-04   1.4836585931e-05   1.2571720117e-05   1.9250948155e-02   1.4950789536e-04   6.7100398648e-02   2.2759358653e-05   3.5121743774e-05   1.6983111295e-06   2.3466860790e-03   1.0999486168e-02   4.7856354912e-02   1.3885346278e-01   1.0568539739e-05   6.6824075762e-04   1.2731032478e-06   6.7978306885e-01
   1.0600000000e-01   7.4380669140e-02   1.7937232723e+03  -4.9075545574e+05   2.5523888099e-01   1.8906989836e-01   4.4389139672e+08   7.0360056505e-04   1.1902653880e-05   8.1986017918e-06   1.7677704972e-02   1.1052986254e-04   6.7508600408e-02   2.0109461821e-05   2.9964542184e-05   1.3944177023e-06   2.4983075672e-03   1.3153985162e-02   4.8697295935e-02   1.3832938408e-01   8.3243482627e-06   6.2583312459e-04   1.0515669163e-06   6.7683355136e-01
   1.1000000000e-01   7.7202642080e-02   1.7831867929e+03  -5.0934651358e+05   2.5570800057e-01   1.8969567007e-01   3.4755256925e+08   7.2203297212e-04   9.5403488672e-06   5.4717500867e-06   1.6314896234e-02   8.2708230793e-05   6.7825966235e-02   1.7748815901e-05   2.5216535438e-05   1.1313715463e-06   2.6051791946e-03   1.5441595595e-02   4.9401727915e-02   1.3775827345e-01   6.5753616974e-06   5.8302789555e-04   8.5921344507e-07   6.7388125647e-01
   1.1400000000e-01   8.0043910834e-02   1.7719124567e+03  -5.2793757141e+05   2.5594858443e-01   1.9041201204e-01   2.7310112313e+08   7.3775961789e-04   7.6685508025e-06   3.7343704987e-06   1.5128257280e-02   6.2833585897e-05   6.8068971669e-02   1.5677120130e-05   2.1091528351e-05   9.1403868051e-07   2.6736421067e-03   1.7841552526e-02   4.9991737808e-02   1.3715011533e-01   5.2327887877e-06   5.4152470729e-04   6.9985455998e-07   6.7092635089e-01
   1.1800000000e-01   8.2903491044e-02   1.7600712050e+03  -5.4652862925e+05   2.5599888819e-01   1.9120263122e-01   2.1617017297e+08   7.5125600644e-04   6.2006283258e-06   2.6044336614e-06   1.4090720314e-02   4.8550751691e-05   6.8250118929e-02   1.3876452391e-05   1.7631561801e-05   7.3935344510e-07   2.7105633993e-03   2.0335913983e-02   5.0484524267e-02   1.3651298899e-01   4.2083395161e-06   5.0227640647e-04   5.7146588477e-07   6.6796899049e-01
   1.2200000000e-01   8.5780556471e-02   1.7477885706e+03  -5.6511968708e+05   2.5588902297e-01   1.9205571319e-01   1.7284334645e+08   7.6292216706e-04   5.0557875436e-06   1.8551587466e-06   1.3180617731e-02   3.8180454185e-05   6.8378941469e-02   1.2320555211e-05   1.4786885653e-05   6.0095881416e-07   2.7224234613e-03   2.2909597105e-02   5.0893593151e-02   1.3585356619e-01   3.4259092100e-06   4.6574618886e-04   4.6953541403e-07   6.6500932072e-01
   1.2600000000e-01   8.8674425647e-02   1.7351600812e+03  -5.8371074492e+05   2.5564301777e-01   1.9296237713e-01   1.3987219835e+08   7.7308436335e-04   4.1642351323e-06   1.3490018797e-06   1.2380316538e-02   3.0547223873e-05   6.8462806409e-02   1.0980481937e-05   1.2469978150e-05   4.9187574923e-07   2.7148758474e-03   2.5550145117e-02   5.1229732690e-02   1.3517739431e-01   2.8247029179e-06   4.3208804397e-04   3.8902501324e-07   6.6204747743e-01
   1.3000000000e-01   9.1584541797e-02   1.7222611145e+03  -6.0230180275e+05   2.5528034251e-01   1.9391567894e-01   1.1468884262e+08   7.8200308334e-04   3.4685585733e-06   1.0008467876e-06   1.1675221751e-02   2.4837340436e-05   6.8507516407e-02   9.8277961805e-06   1.0586560586e-05   4.0577508050e-07   2.6926125009e-03   2.8247372340e-02   5.1501747617e-02   1.3448907540e-01   2.3582906744e-06   4.0127008577e-04   3.2532548877e-07   6.5908358750e-01
   1.3400000000e-01   9.4510451329e-02   1.7091530550e+03  -6.2089286058e+05   2.5481701130e-01   1.9490998424e-01   9.5325588236e+07   7.8988342405e-04   2.9230679400e-06   7.5706323045e-07   1.1053064078e-02   2.0490552599e-05   6.8517743999e-02   8.8362130641e-06   9.0506365665e-06   3.3742282483e-07   2.6594002650e-03   3.0992982121e-02   5.1716986224e-02   1.3379239765e-01   1.9921519750e-06   3.7315630071e-04   2.7460488182e-07   6.5611776962e-01
   1.3800000000e-01   9.7451783708e-02   1.6958871090e+03  -6.3948391842e+05   2.5426637703e-01   1.9594057930e-01   8.0304655176e+07   7.9688559305e-04   2.4922262057e-06   5.8331192111e-07   1.0503393612e-02   1.7121389598e-05   6.8497337790e-02   7.9822966729e-06   7.7899990753e-06   2.8270610892e-07   2.6181970848e-03   3.3780210241e-02   5.1881708503e-02   1.3309044515e-01   1.7009987763e-06   3.4755885513e-04   2.3384279233e-07   6.5315013501e-01
   1.4200000000e-01   1.0040823426e-01   1.6825066961e+03  -6.5807497625e+05   2.5363970601e-01   1.9700342960e-01   6.8529785725e+07   8.0313438147e-04   2.1488250513e-06   4.5728062352e-07   1.0017217789e-02   1.4463722052e-05   6.8449535522e-02   7.2456172511e-06   6.7467673820e-06   2.3848425319e-07   2.5712925982e-03   3.6603517766e-02   5.2001339789e-02   1.3238569632e-01   1.4664222207e-06   3.2427025539e-04   2.0073007192e-07   6.5018078798e-01
   1.4600000000e-01   1.0337954993e-01   1.6690489967e+03  -6.7666603409e+05   2.5294659845e-01   1.9809502729e-01   5.9193065171e+07   8.0872715207e-04   1.8722483127e-06   3.6426979242e-07   9.5867377932e-03   1.2332504525e-05   6.8377111862e-02   6.6086200231e-06   5.8757393319e-06   2.0239336098e-07   2.5204438141e-03   3.9458338625e-02   5.2080645569e-02   1.3168011387e-01   1.2750202362e-06   3.0308215293e-04   1.7352971120e-07   6.4720982650e-01
   1.5000000000e-01   1.0636551788e-01   1.6555460077e+03  -6.9525709192e+05   2.5219530064e-01   1.9921229165e-01   5.1700412153e+07   8.1374028711e-04   1.6469717522e-06   2.9446396777e-07   9.2051525293e-03   1.0597740273e-05   6.8282481054e-02   6.0563587665e-06   5.1420739178e-06   1.7266254551e-07   2.4669928545e-03   4.2340878898e-02   5.2123852816e-02   1.3097522648e-01   1.1169887657e-06   2.8379563010e-04   1.5094339947e-07   6.4423734277e-01
   1.5400000000e-01   1.0936595675e-01   1.6420253137e+03  -7.1384814976e+05   2.5139294177e-01   2.0035250027e-01   4.5614498567e+07   8.1823424995e-04   1.4613381507e-06   2.4122033745e-07   8.8665083250e-03   9.1669101422e-06   6.8167769075e-02   5.5761803575e-06   4.5190252470e-06   1.4796215970e-07   2.4119631446e-03   4.5247960231e-02   5.2134736174e-02   1.3027220227e-01   9.8509596632e-07   2.6622621321e-04   1.3200003437e-07   6.4126342365e-01
   1.5800000000e-01   1.1238070961e-01   1.6285106858e+03  -7.3243920759e+05   2.5054571666e-01   2.0151323867e-01   4.0612219550e+07   8.2225746744e-04   1.3065941980e-06   1.9998185829e-07   8.5655804594e-03   7.9731669578e-06   6.8034865165e-02   5.1574080353e-06   3.9860123106e-06   1.2728668741e-07   2.3561350571e-03   4.8176898623e-02   5.2116680904e-02   1.2957191312e-01   8.7394974476e-07   2.5020575084e-04   1.1596898943e-07   6.3828815115e-01
   1.6200000000e-01   1.1540963888e-01   1.6150225737e+03  -7.5103026542e+05   2.4965902994e-01   2.0269236101e-01   3.6453531312e+07   8.2584927493e-04   1.1761514913e-06   1.6757906832e-07   8.2977772469e-03   6.9674076362e-06   6.7885459365e-02   4.7910470588e-06   3.5270872135e-06   1.0986778596e-07   2.3001039657e-03   5.1125411548e-02   5.2072730535e-02   1.2887499077e-01   7.7948013628e-07   2.3558252925e-04   1.0229534628e-07   6.3531160275e-01
   1.6600000000e-01   1.1845262229e-01   1.6015785252e+03  -7.6962132326e+05   2.4873761206e-01   2.0388795768e-01   3.2958849264e+07   8.2904212505e-04   1.0650294376e-06   1.4177673210e-07   8.0590601604e-03   6.1129355806e-06   6.7721070775e-02   4.4695221450e-06   3.1297681268e-06   9.5111113319e-08   2.2443241397e-03   5.4091546024e-02   5.2005624662e-02   1.2818187449e-01   6.9857481963e-07   2.2222043741e-04   9.0552653717e-08   6.3233385180e-01
   1.7000000000e-01   1.2150954962e-01   1.5881935500e+03  -7.8821238109e+05   2.4778561349e-01   2.0509832810e-01   2.9992758929e+07   8.3186323068e-04   9.6944049368e-07   1.2097642472e-07   7.8458763656e-03   5.3818496461e-06   6.7543069330e-02   4.1864499377e-06   2.7841725943e-06   8.2550969947e-08   2.1891416601e-03   5.7073622643e-02   5.1917829856e-02   1.2749285108e-01   6.2882243602e-07   2.0999770239e-04   8.0408961207e-08   6.2935496788e-01
   1.7400000000e-01   1.2458032051e-01   1.5748804396e+03  -8.0680343893e+05   2.4680668319e-01   2.0632195677e-01   2.7452296923e+07   8.3433578992e-04   8.8648355206e-07   1.0401929603e-07   7.6551006056e-03   4.7525818786e-06   6.7352693141e-02   3.9364446565e-06   2.4823829523e-06   7.1817839110e-08   2.1348190231e-03   6.0070191852e-02   5.1811566049e-02   1.2680808821e-01   5.6833103926e-07   1.9880547474e-04   7.1602559538e-08   6.2637501704e-01
   1.7800000000e-01   1.2766484246e-01   1.5616500490e+03  -8.2539449676e+05   2.4580403409e-01   2.0755749245e-01   2.5258546377e+07   8.3647989343e-04   8.1391867170e-07   9.0053940494e-08   7.4839846676e-03   4.2082059729e-06   6.7151062740e-02   3.7149539528e-06   2.2179864811e-06   6.2615143012e-08   2.0815535566e-03   6.3079998985e-02   5.1688829618e-02   1.2612766184e-01   5.1559901917e-07   1.8854642164e-04   6.3924734354e-08   6.2339406215e-01
   1.8200000000e-01   1.3076302946e-01   1.5485115448e+03  -8.4398555459e+05   2.4478049859e-01   2.0880372964e-01   2.3350649366e+07   8.3831319866e-04   7.5000202577e-07   7.8447037126e-08   7.3301130851e-03   3.7352700478e-06   6.6939193043e-02   3.5181211079e-06   1.9857451783e-06   5.4702542553e-08   2.0294912563e-03   6.6101956059e-02   5.1551414003e-02   1.2545157835e-01   4.6942286625e-07   1.7913340875e-04   5.7207570501e-08   6.2041216311e-01
   1.8600000000e-01   1.3387480080e-01   1.5354726238e+03  -8.6257661243e+05   2.4373857591e-01   2.1005959230e-01   2.1681655363e+07   8.3985143173e-04   6.9336517896e-07   6.8722600479e-08   7.1913641015e-03   3.3230022505e-06   6.6718003608e-02   3.3426696405e-06   1.7813620651e-06   4.7883930714e-08   1.9787372277e-03   6.9135118759e-02   5.1400928399e-02   1.2477979247e-01   4.2883113982e-07   1.7048830480e-04   5.1315397894e-08   6.1742937710e-01
   1.9000000000e-01   1.3700008026e-01   1.5225397039e+03  -8.8116767026e+05   2.4268047269e-01   2.1132411927e-01   2.0215937167e+07   8.4110876197e-04   6.4292686701e-07   6.0521121341e-08   7.0658751466e-03   2.9628156809e-06   6.6488327545e-02   3.1858065558e-06   1.6013202416e-06   4.1998912338e-08   1.9293635735e-03   7.2178667417e-02   5.1238814836e-02   1.2411222155e-01   3.9303734899e-07   1.6254091437e-04   4.6138755318e-08   6.1444575878e-01
   1.9400000000e-01   1.4013879537e-01   1.5097180920e+03  -8.9975872810e+05   2.4160813790e-01   2.1259645157e-01   1.8928349497e+07   8.4209808195e-04   5.9782851504e-07   5.3574001317e-08   6.9520122646e-03   2.6481291489e-06   6.6250919217e-02   3.0451408622e-06   1.4427759890e-06   3.6917203114e-08   1.8814152680e-03   7.5231891198e-02   5.1066363863e-02   1.2344875674e-01   3.6140623967e-07   1.5522803144e-04   4.1589564973e-08   6.1146136048e-01
   1.9800000000e-01   1.4329087680e-01   1.4970121294e+03  -9.1834978593e+05   2.4052329255e-01   2.1387582116e-01   1.7806575844e+07   8.4283121786e-04   5.5738687854e-07   4.7692876204e-08   6.8483430248e-03   2.3746730395e-06   6.6006460693e-02   2.9186144743e-06   1.3034824177e-06   3.2539378904e-08   1.8349142575e-03   7.8294175066e-02   5.0884728963e-02   1.2278927168e-01   3.3342715540e-07   1.4849259519e-04   3.7594987029e-08   6.0847623239e-01
   2.0800000000e-01   1.5121786048e-01   1.4659212400e+03  -9.6482742963e+05   2.3779580688e-01   2.1707935877e-01   1.5131143001e+07   8.4405094908e-04   4.6656239587e-07   3.5409838622e-08   6.6116453624e-03   1.7923760133e-06   6.5379219690e-02   2.6333843565e-06   9.9885196174e-07   2.3513072839e-08   1.7222821611e-03   8.5971245595e-02   5.0410662402e-02   1.2116187384e-01   2.7183599027e-07   1.3304067903e-04   2.8861777234e-08   6.0101170309e-01
   2.2400000000e-01   1.6405666119e-01   1.4176802505e+03  -1.0391916619e+06   2.3331288744e-01   2.2228815300e-01   1.2388333420e+07   8.4251971285e-04   3.6499932625e-07   2.3476670231e-08   6.3336504756e-03   1.1835774423e-06   6.4300010966e-02   2.3203003736e-06   6.8103602314e-07   1.4532957449e-08   1.5660182848e-03   9.8339141602e-02   4.9556959430e-02   1.1861339733e-01   2.0641191504e-07   1.1496594668e-04   1.9743884880e-08   5.8906346522e-01
   2.4000000000e-01   1.7710141508e-01   1.3714774655e+03  -1.1135558932e+06   2.2875852191e-01   2.2754944250e-01   1.0426702761e+07   8.3804091886e-04   2.9089961432e-07   1.6032638429e-08   6.1151345591e-03   7.9367040241e-07   6.3164017555e-02   2.0947460197e-06   4.7291967170e-07   9.1489603953e-09   1.4309859514e-03   1.1080773490e-01   4.8644717499e-02   1.1611174594e-01   1.6178178671e-07   1.0154061299e-04   1.3723342982e-08   5.7710877305e-01
   2.5600000000e-01   1.9034871899e-01   1.3272835776e+03  -1.1879201246e+06   2.2416474652e-01   2.3284756848e-01   8.9849191224e+06   8.3103812310e-04   2.3545714449e-07   1.1208471039e-08   5.9320345825e-03   5.3999300195e-07   6.1987124810e-02   1.9240485207e-06   3.3440168781e-07   5.8627904696e-09   1.3142933731e-03   1.2336784828e-01   4.7696506085e-02   1.1365007750e-01   1.3036792104e-07   9.1399951183e-05   9.6724807843e-09   5.6514992996e-01
   2.7200000000e-01   2.0379526600e-01   1.2850280678e+03  -1.2622843559e+06   2.1955095582e-01   2.3817312851e-01   7.8888889437e+06   8.2187002388e-04   1.9299411063e-07   7.9766730542e-09   5.7702999214e-03   3.7198683256e-07   6.0779939945e-02   1.7882190995e-06   2.4036300085e-07   3.8168895045e-09   1.2130882758e-03   1.3601441622e-01   4.6726122772e-02   1.1122302308e-01   1.0755554309e-07   8.3601327219e-05   6.8913373681e-09   5.5318897192e-01
   2.8800000000e-01   2.1743773140e-01   1.2446192651e+03  -1.3366485872e+06   2.1492878260e-01   2.4352102428e-01   7.0264635474e+06   8.1084231077e-04   1.5978170264e-07   5.7526469296e-09   5.6216835493e-03   2.5894653299e-07   5.9549593147e-02   1.6746705731e-06   1.7526207943e-07   2.5191734216e-09   1.1248164132e-03   1.4874452493e-01   4.5741986190e-02   1.0882636096e-01   9.0487211776e-08   7.7488336005e-05   4.9490453069e-09   5.4122770445e-01
   3.0400000000e-01   2.3127268479e-01   1.2059561708e+03  -1.4110128186e+06   2.1030511408e-01   2.4888919807e-01   6.3241648530e+06   7.9821634981e-04   1.3331574891e-07   4.1888262784e-09   5.4812981813e-03   1.8184713009e-07   5.8300943125e-02   1.5753269158e-06   1.2937340503e-07   1.6821346145e-09   1.0473109009e-03   1.6155627192e-01   4.4749246570e-02   1.0645670804e-01   7.7349372828e-08   7.2600224876e-05   3.5753762008e-09   5.2926772736e-01
   3.2000000000e-01   2.4529653033e-01   1.1689354218e+03  -1.4853770499e+06   2.0568395041e-01   2.5427779882e-01   5.7329165773e+06   7.8421595354e-04   1.1187668210e-07   3.0702130701e-09   5.3462068567e-03   1.2864764035e-07   5.7037371786e-02   1.4849546101e-06   9.6499230680e-08   1.1342591735e-09   9.7878846978e-04   1.7444812822e-01   4.3751076754e-02   1.0411128592e-01   6.6961047979e-08   6.8610742890e-05   2.5959301769e-09   5.1731045174e-01
   3.3600000000e-01   2.5950547076e-01   1.1334553126e+03  -1.5597412813e+06   2.0106754481e-01   2.5968862736e-01   5.2194449376e+06   7.6903292039e-04   9.4258991738e-08   2.2591981445e-09   5.2146124689e-03   9.1576530316e-08   5.5761302672e-02   1.4001595055e-06   7.2610007613e-08   7.7108693041e-10   9.1780380016e-04   1.8741859365e-01   4.2749453338e-02   1.0178775588e-01   5.8534020722e-08   6.5286658596e-05   1.8944617570e-09   5.0535711249e-01
   3.5200000000e-01   2.7389548979e-01   1.0994180225e+03  -1.6341055126e+06   1.9645709915e-01   2.6512476845e-01   4.7609950192e+06   7.5283171096e-04   7.9601569130e-08   1.6650890889e-09   5.0853913796e-03   6.5528691813e-08   5.4474536688e-02   1.3187652997e-06   5.5032692550e-08   5.2773658591e-10   8.6319101323e-04   2.0046601582e-01   4.1745626356e-02   9.9484104391e-02   5.1530243694e-08   6.2459542130e-05   1.3910397617e-09   4.9340877749e-01
   3.6800000000e-01   2.8846235437e-01   1.0667307440e+03  -1.7084697439e+06   1.9185318669e-01   2.7059034912e-01   4.3420091050e+06   7.3575343432e-04   6.7278951572e-08   1.2265817922e-09   4.9578238522e-03   4.7097650036e-08   5.3178467576e-02   1.2394195852e-06   4.1959500380e-08   3.6317734071e-10   8.1400686401e-04   2.1358850490e-01   4.0740401097e-02   9.7198564584e-02   4.5575356419e-08   6.0006503605e-05   1.0293007438e-09   4.8146635448e-01
   3.8400000000e-01   3.0320162960e-01   1.0353061468e+03  -1.7828339753e+06   1.8725600699e-01   2.7609038418e-01   3.9519873922e+06   7.1791929013e-04   5.6830037455e-08   9.0130828028e-10   4.8314369533e-03   3.3978848579e-08   5.1874219832e-02   1.1613392201e-06   3.2145473331e-08   2.5103802993e-10   7.6948171288e-04   2.2678389648e-01   3.9734307380e-02   9.4929560490e-02   4.0405257456e-08   5.7836972310e-05   7.6885364309e-10   4.6953059649e-01
   4.0000000000e-01   3.1810870075e-01   1.0050624450e+03  -1.8571982066e+06   1.8266553776e-01   2.8163068352e-01   3.5840687941e+06   6.9943355870e-04   4.7910283769e-08   6.5940403658e-10   4.7059118961e-03   2.4594295222e-08   5.0562736976e-02   1.0841422611e-06   2.4718784849e-08   1.7412505440e-10   7.2897994612e-04   2.4004973517e-01   3.8727701615e-02   9.2675665610e-02   3.5832493385e-08   5.5883558909e-05   5.8056346779e-10   4.5760210564e-01
   4.1600000000e-01   3.3317881167e-01   9.7590989526e+02  -1.9315624380e+06   1.7808162586e-01   2.8722172810e-01   3.2342156839e+06   6.8038613528e-04   4.0258783539e-08   4.7942752108e-10   4.5810285089e-03   1.7851050662e-08   4.9244836697e-02   1.0077338849e-06   1.9059302335e-08   1.2107724713e-10   6.9196928110e-04   2.5338328241e-01   3.7720828827e-02   9.0435574198e-02   3.1724645726e-08   5.4095684052e-05   4.4344281489e-10   4.4568133743e-01
   4.3200000000e-01   3.4840683187e-01   9.4775989545e+02  -2.0059266693e+06   1.7350414413e-01   2.9287678767e-01   2.9004720240e+06   6.6085459829e-04   3.3676904415e-08   3.4579394501e-10   4.4566344429e-03   1.2987481787e-08   4.7921267591e-02   9.3222807055e-07   1.4721611583e-08   8.4321537386e-11   6.5800156102e-04   2.6678131630e-01   3.6713881990e-02   8.8208139946e-02   2.7990523316e-08   5.2435254895e-05   3.4252420164e-10   4.3376886681e-01
   4.4800000000e-01   3.6378763404e-01   9.2055702653e+02  -2.0802909006e+06   1.6893288074e-01   2.9860174474e-01   2.5820078288e+06   6.4090641112e-04   2.8010994518e-08   2.4701202368e-10   4.3326196607e-03   9.4697384520e-09   4.6592705289e-02   8.5788451012e-07   1.1381434420e-08   5.8772510839e-11   6.2669004994e-04   2.8024039699e-01   3.5706997288e-02   8.5992271754e-02   2.4569808322e-08   5.0873209150e-05   2.6721541527e-10   4.2186504310e-01
   4.6400000000e-01   3.7931615281e-01   8.9424861169e+02  -2.1546551320e+06   1.6436754080e-01   3.0440319888e-01   2.2791198036e+06   6.2060063996e-04   2.3139873932e-08   1.7447817339e-10   4.2089026659e-03   6.9193106446e-09   4.5259766305e-02   7.8506103334e-07   8.7997284645e-09   4.0969883603e-11   5.9769677340e-04   2.9375685867e-01   3.4700266237e-02   8.3786907615e-02   2.1425662670e-08   4.9387230825e-05   2.1009747548e-10   4.0996996088e-01
   4.8000000000e-01   3.9498739699e-01   8.6878390213e+02  -2.2290193633e+06   1.5980776629e-01   3.1028874819e-01   1.9928456404e+06   5.9998934822e-04   1.8965657591e-08   1.2168358575e-10   4.0854220349e-03   5.0662742685e-09   4.3923020119e-02   7.1417370388e-07   6.7985369457e-09   2.8543307991e-11   5.7072404991e-04   3.0732677037e-01   3.3693747617e-02   8.1591009209e-02   1.8538259335e-08   4.7960110322e-05   1.6602822773e-10   3.9808349475e-01
   4.9600000000e-01   4.1079646742e-01   8.4411403289e+02  -2.3033835947e+06   1.5525314740e-01   3.1626705994e-01   1.7246160481e+06   5.7911882879e-04   1.5406913234e-08   8.3669165435e-11   3.9621307050e-03   3.7173158105e-09   4.2582997704e-02   6.4566206059e-07   5.2442252909e-09   1.9860078091e-11   5.4550827928e-04   3.2094589516e-01   3.2687475421e-02   7.9403555449e-02   1.5898998626e-08   4.6578525825e-05   1.3147226133e-10   3.8620532538e-01
   5.1200000000e-01   4.2673858612e-01   8.2019202479e+02  -2.3777478260e+06   1.5070322835e-01   3.2234792828e-01   1.4759529204e+06   5.5803065178e-04   1.2393642228e-08   5.6642877209e-11   3.8389920177e-03   2.7335025983e-09   4.1240197059e-02   5.7995895351e-07   4.0356531673e-09   1.3790264676e-11   5.2181533339e-04   3.3460965644e-01   3.1681464140e-02   7.7223536501e-02   1.3505394413e-08   4.5232129910e-05   1.0400726674e-10   3.7433495937e-01
   5.2800000000e-01   4.4280913091e-01   7.9697280515e+02  -2.4521120573e+06   1.4615750856e-01   3.2854232621e-01   1.2482201372e+06   5.3676257795e-04   9.8637245128e-09   3.7705501688e-11   3.7159769036e-03   2.0146910040e-09   3.9895087101e-02   5.1746510708e-07   3.0957157424e-09   9.5487125680e-12   4.9943705098e-04   3.4831310131e-01   3.0675712173e-02   7.5049946710e-02   1.1356793646e-08   4.3912858145e-05   8.1967115008e-11   3.6247174239e-01
   5.4400000000e-01   4.5900367376e-01   7.7441323130e+02  -2.5264762887e+06   1.4161543969e-01   3.3486245717e-01   1.0424345370e+06   5.1534936575e-04   7.7605504856e-09   2.4649396818e-11   3.5930618216e-03   1.4885187018e-09   3.8548110597e-02   4.5852885628e-07   2.3652312645e-09   6.5879421172e-12   4.7818849985e-04   3.6205085587e-01   2.9670203841e-02   7.2881775884e-02   9.4511452333e-09   4.2614401469e-05   6.4189355338e-11   3.5061486582e-01
   5.6000000000e-01   4.7531802999e-01   7.5247211355e+02  -2.6008405200e+06   1.3707642074e-01   3.4132180675e-01   8.5913969414e+05   4.9382343852e-04   6.0315867838e-09   1.5806741940e-11   3.4702272180e-03   1.1025895458e-09   3.7199685723e-02   4.0343139520e-07   1.7984830045e-09   4.5250794300e-12   4.5790574146e-04   3.7581708461e-01   2.8664910510e-02   7.0718001069e-02   7.7829466128e-09   4.1331801204e-05   4.9840860290e-11   3.3876337001e-01
   5.7600000000e-01   4.9174831252e-01   7.3111023198e+02  -2.6752047514e+06   1.3253979060e-01   3.4793519857e-01   6.9834262566e+05   4.7221546636e-04   4.6276607899e-09   9.9319715756e-12   3.3474563391e-03   8.1889951343e-10   3.5850207098e-02   3.5237758766e-07   1.3599432556e-09   3.0917210461e-12   4.3844392531e-04   3.8960544150e-01   2.7659790979e-02   6.8557577060e-02   6.3423410381e-09   4.0061135396e-05   3.8300810146e-11   3.2691614314e-01
   5.9200000000e-01   5.0829099071e-01   7.1029034643e+02  -2.7495689827e+06   1.2800481790e-01   3.5471885613e-01   5.5950852548e+05   4.5055488393e-04   3.5027599079e-09   6.1085774395e-12   3.2247342901e-03   6.0984536179e-10   3.4500046507e-02   3.0549207325e-07   1.0218512175e-09   2.0993624341e-12   4.1967560391e-04   4.0340900846e-01   2.6654791268e-02   6.6399425237e-02   5.1151878049e-09   3.8799274078e-05   2.9084850507e-11   3.1507191568e-01
   6.0800000000e-01   5.2494295946e-01   6.8997720495e+02  -2.8239332141e+06   1.2347068944e-01   3.6169046887e-01   4.4160404276e+05   4.2887032371e-04   2.6141545949e-09   3.6740718760e-12   3.1020472738e-03   4.5535649892e-10   3.3149552962e-02   2.6282005492e-07   7.6241154254e-10   1.4154505258e-12   4.0148919134e-04   4.1722022942e-01   2.5649844038e-02   6.4242422114e-02   4.0838256812e-09   3.7543687512e-05   2.1797996795e-11   3.0322925279e-01
   6.2400000000e-01   5.4170161539e-01   6.7013755145e+02  -2.8982974454e+06   1.1893649635e-01   3.6886926325e-01   3.4317678868e+05   4.0719000518e-04   1.9226771969e-09   2.1592362622e-12   2.9793819543e-03   3.4082817277e-10   3.1799052536e-02   2.2433189245e-07   5.6444651475e-10   9.4672687061e-13   3.8378752012e-04   4.3103082910e-01   2.4644867636e-02   6.2085386171e-02   3.2282179652e-09   3.6292294297e-05   1.6106839784e-11   2.9138654354e-01
   6.4000000000e-01   5.5856494379e-01   6.5074013958e+02  -2.9726616767e+06   1.1440121785e-01   3.7627607536e-01   2.6242386888e+05   3.8554206085e-04   1.3928280244e-09   1.2389116634e-12   2.8567249048e-03   2.5562074065e-10   3.0448848034e-02   1.8993028880e-07   4.1437876410e-10   6.2759278766e-13   3.6648646504e-04   4.4483171682e-01   2.3639764782e-02   5.9927062976e-02   2.5271423373e-09   3.5043338698e-05   1.1723425234e-11   2.7954198665e-01
   6.5600000000e-01   5.7553161912e-01   6.3175575593e+02  -3.0470259081e+06   1.0986370303e-01   3.8393342170e-01   1.9734532854e+05   3.6395483093e-04   9.9327187099e-10   6.9349986155e-13   2.7340621233e-03   1.9198414981e-10   2.9099218238e-02   1.5946007983e-07   3.0146646365e-10   4.1196402166e-13   3.4951366318e-04   4.5861287626e-01   2.2634421017e-02   5.7766108949e-02   1.9594035782e-09   3.3795295081e-05   8.3984653559e-12   2.6769357444e-01
   6.7200000000e-01   5.9260111700e-01   6.1315725282e+02  -3.1213901394e+06   1.0532264854e-01   3.9186556645e-01   1.4585348114e+05   3.4245717600e-04   6.9690562890e-10   3.7847371200e-13   2.6113785861e-03   1.4426842658e-10   2.7750417044e-02   1.3271877045e-07   2.1721376209e-10   2.6753655672e-13   3.3280726962e-04   4.7236322405e-01   2.1628702837e-02   5.5601071486e-02   1.5047472184e-09   3.2546787048e-05   5.9172804383e-12   2.5583907323e-01
   6.8800000000e-01   6.0977384508e-01   5.9491959907e+02  -3.1957543708e+06   1.0077657249e-01   4.0009857556e-01   1.0587345989e+05   3.2107877828e-04   4.8078596918e-10   2.0126608523e-13   2.4886578260e-03   1.0835083173e-10   2.6402672267e-02   1.0946736482e-07   1.5491512576e-10   1.7174293638e-13   3.1631477698e-04   4.8607044095e-01   2.0622455517e-02   5.3430365926e-02   1.1445064825e-09   3.1296519669e-05   4.0973451421e-12   2.4397600085e-01
   7.0400000000e-01   6.2705129693e-01   5.7701995360e+02  -3.2701186021e+06   9.6223783207e-02   4.0866034736e-01   7.5427742867e+04   2.9985044947e-04   3.2591660977e-10   1.0424730936e-13   2.3658815174e-03   8.1218803856e-11   2.5056184132e-02   8.9440891841e-08   1.0929859628e-10   1.0889193002e-13   2.9999189890e-04   4.9972076623e-01   1.9615500585e-02   5.1252248041e-02   8.6198708397e-10   3.0043220738e-05   2.7861853763e-12   2.3210160028e-01
   7.2000000000e-01   6.4443623408e-01   5.5943776568e+02  -3.3444828334e+06   9.1662340337e-02   4.1758060609e-01   5.2700525589e+04   2.7880447807e-04   2.1691851098e-10   5.2576557592e-14   2.2430290446e-03   6.0666086732e-11   2.3711123550e-02   7.2358229038e-08   7.6242896360e-11   6.8140422478e-14   2.8380151904e-04   5.1329873828e-01   1.8607632734e-02   4.9064779575e-02   6.4262933737e-10   2.8785587027e-05   1.8590169592e-12   2.2021280686e-01
   7.3600000000e-01   6.6193290890e-01   5.4215491140e+02  -3.4188470648e+06   8.7090007395e-02   4.2689083457e-01   3.6080344414e+04   2.5797499888e-04   1.4161785165e-10   2.5816305805e-14   2.1200770445e-03   4.5071364143e-11   2.2367629768e-02   5.7930942473e-08   5.2550180023e-11   4.2052997245e-14   2.6771270610e-04   5.2678688136e-01   1.7598616195e-02   4.6865786433e-02   4.7400087059e-10   2.7522233050e-05   1.2159462373e-12   2.0830621009e-01
   7.5200000000e-01   6.7954734062e-01   5.2515587369e+02  -3.4932112961e+06   8.2504192836e-02   4.3662411592e-01   2.4181865730e+04   2.3739840190e-04   9.0591144973e-11   1.2341985547e-14   1.9969989027e-03   3.3237207171e-11   2.1025807262e-02   4.5870973289e-08   3.5761473623e-11   2.5578240054e-14   2.5169980434e-04   5.4016532420e-01   1.6588180388e-02   4.4652806784e-02   3.4567387952e-10   2.6251638967e-05   7.7880913027e-13   1.9637800791e-01
   7.6800000000e-01   6.9728766080e-01   5.0842797270e+02  -3.5675755275e+06   7.7901874123e-02   4.4681484336e-01   1.5849591063e+04   2.1711382087e-04   5.6704052408e-11   5.7457622696e-15   1.8737641632e-03   2.4273181693e-11   1.9685721768e-02   3.5897097845e-08   2.4005639347e-11   1.5321688557e-14   2.3574158364e-04   5.5341132208e-01   1.5576014459e-02   4.2423024076e-02   2.4903396082e-10   2.4972093200e-05   4.8784274582e-13   1.8442394887e-01
   7.8400000000e-01   7.1516455546e-01   4.9196165773e+02  -3.6419397588e+06   7.3279498289e-02   4.5749823824e-01   1.0147349565e+04   1.9716372336e-04   3.4673222080e-11   2.6056245172e-15   1.7503378057e-03   1.7511313214e-11   1.8347394995e-02   2.7740168495e-08   1.5875354864e-11   9.0307041054e-15   2.1982045134e-04   5.6649865730e-01   1.4561760268e-02   4.0173179303e-02   1.7705742471e-10   2.3681624983e-05   2.9840511396e-13   1.7243925766e-01
   8.0000000000e-01   7.3319184353e-01   4.7575087637e+02  -3.7163039901e+06   6.8632850930e-02   4.6870958990e-01   6.3378554666e+03   1.7759460592e-04   2.0671338096e-11   1.1513460588e-15   1.6266793423e-03   1.2445233015e-11   1.7010797226e-02   2.1147174630e-08   1.0325284541e-11   5.2311321805e-15   2.0392171967e-04   5.7939689745e-01   1.3545003371e-02   3.7899455728e-02   1.2408310127e-10   2.2377921303e-05   1.7792236083e-13   1.6041853979e-01
   8.1600000000e-01   7.5138724710e-01   4.5979353510e+02  -3.7906682215e+06   6.3956877790e-02   4.8048310081e-01   3.8564733208e+03   1.5845785618e-04   1.1986716745e-11   4.9575639282e-16   1.5027416232e-03   8.6866229956e-12   1.5675836956e-02   1.5884191549e-08   6.5890145102e-12   2.9728162286e-15   1.8803291925e-04   5.9207045820e-01   1.2525260876e-02   3.5597322102e-02   8.5595260886e-11   2.1058218376e-05   1.0318447005e-13   1.4835565283e-01
   8.3200000000e-01   7.6977344111e-01   4.4409207156e+02  -3.8650324528e+06   5.9245434572e-02   4.9285017024e-01   2.2827403143e+03   1.3981085331e-04   6.7411402433e-12   2.0792827091e-16   1.3784691843e-03   5.9342455271e-12   1.4342346029e-02   1.1738321306e-08   4.1121397401e-12   1.6530994455e-15   1.7214314235e-04   6.0447740273e-01   1.1501964483e-02   3.3261313207e-02   5.8027083759e-11   1.9719152973e-05   5.8051130449e-14   1.3624352599e-01
   8.4800000000e-01   7.8837952209e-01   4.2865416828e+02  -3.9393966842e+06   5.4490929099e-02   5.0583687579e-01   1.3123525266e+03   1.2171835790e-04   3.6638682010e-12   8.4830593820e-17   1.2537958956e-03   3.9520397659e-12   1.3010057496e-02   8.5187328506e-09   2.4987795326e-12   8.9597536544e-16   1.5624239137e-04   6.1656791162e-01   1.0474436328e-02   3.0884716917e-02   3.8588632232e-11   1.8356552153e-05   3.1578055548e-14   1.2407390307e-01
   8.6400000000e-01   8.0724312027e-01   4.1349364239e+02  -4.0137609155e+06   4.9683792085e-02   5.1946031321e-01   7.3146377640e+02   1.0425431537e-04   1.9161970481e-12   3.3572069171e-17   1.1286414775e-03   2.5536880355e-12   1.1678571824e-02   6.0569119810e-09   1.4696810252e-12   4.7064911887e-16   1.4032088981e-04   6.2828231012e-01   9.4418532718e-03   2.8459112674e-02   2.5119825856e-11   1.6965123677e-05   1.6538359607e-14   1.1183696161e-01
   8.8000000000e-01   8.2641353824e-01   3.9863155196e+02  -4.0881251468e+06   4.4811662242e-02   5.3372330928e-01   3.9436260075e+02   8.7504282327e-05   9.5913196518e-13   1.2827005106e-17   1.0029060991e-03   1.5917236170e-12   1.0347303689e-02   4.2062444434e-09   8.3004920098e-13   2.3767336515e-16   1.2436828071e-04   6.3954848154e-01   8.4031917944e-03   2.5973662476e-02   1.5966888535e-11   1.5537979628e-05   8.2925868500e-15   9.9520723173e-02
   8.9600000000e-01   8.4595660125e-01   3.8409756789e+02  -4.1624893782e+06   3.9858078228e-02   5.4860680503e-01   2.0495844295e+02   7.1568759599e-05   4.5625740115e-13   4.6966817019e-18   8.7646166209e-04   9.4975267701e-13   9.0153951608e-03   2.8410575046e-09   4.4538635850e-13   1.1405551724e-16   1.0837257760e-04   6.5027845071e-01   7.3571395563e-03   2.3413974751e-02   9.8796987979e-12   1.4065869830e-05   3.9515820770e-15   8.7110104431e-02
   9.1200000000e-01   8.6596251797e-01   3.6993163839e+02  -4.2368536095e+06   3.4800264443e-02   5.6405890428e-01   1.0205462760e+02   5.6567941302e-05   2.0432020884e-13   1.6301300004e-18   7.4913702321e-04   5.3674580464e-13   7.6815682175e-03   1.8552381046e-09   2.2376311252e-13   5.1139007080e-17   9.2318606580e-05   6.6036381424e-01   6.3019461901e-03   2.0760182094e-02   5.9270949424e-12   1.2535877663e-05   1.7755097121e-15   7.4585312057e-02
   9.2800000000e-01   8.8655943218e-01   3.5618583574e+02  -4.3112178409e+06   2.9605113991e-02   5.7997922060e-01   4.8095146476e+01   4.2648841574e-05   8.4955539339e-14   5.2758052092e-19   6.2069132488e-04   2.8265440222e-13   6.3438569731e-03   1.1605457369e-09   1.0310058615e-13   2.0869108110e-17   7.6185389903e-05   6.6966951907e-01   5.2351550526e-03   1.7983453124e-02   3.4273057434e-12   1.0929038003e-05   7.5702177311e-16   6.1918950620e-02
   9.4400000000e-01   9.0793880731e-01   3.4292576534e+02  -4.3855820722e+06   2.4221215883e-02   5.9619687740e-01   2.0909201920e+01   2.9996686899e-05   3.2077228793e-14   1.5502940614e-19   4.9076180003e-04   1.3484204239e-13   4.9990823425e-03   6.8472379072e-10   4.2212420665e-14   7.4109554164e-18   5.9941192545e-05   6.7802524619e-01   4.1530794098e-03   1.5039057444e-02   1.8909825825e-12   9.2155649957e-06   3.4413348154e-16   4.9070366405e-02
   9.6000000000e-01   9.3040900090e-01   3.3022878053e+02  -4.4599463035e+06   1.8560897111e-02   6.1244149928e-01   7.9123825590e+00   1.8854810908e-05   1.0547944882e-14   3.9267568034e-20   3.5874902276e-04   5.5012301014e-14   3.6416950270e-03   3.6948724662e-10   1.4543446031e-14   2.0929382974e-18   4.3532774853e-05   6.8521323823e-01   3.0496515305e-03   1.1850695743e-02   9.7467620073e-13   7.3439722740e-06   2.6611880905e-16   3.5973210980e-02
   9.7600000000e-01   9.5453131828e-01   3.1816607421e+02  -4.5343105349e+06   1.2451275044e-02   6.2831595815e-01   2.2253338380e+00   9.5638808660e-06   2.7308976553e-15   7.2708426961e-21   2.2351507105e-04   1.6475378403e-14   2.2607231616e-03   1.6839113939e-10   3.7449230598e-15   3.7204130060e-19   2.6857250887e-05   6.9095098348e-01   1.9133925869e-03   8.2675954143e-03   4.4282117451e-13   5.2109643672e-06   4.2208947471e-16   2.2502707548e-02
   9.9200000000e-01   9.8159598369e-01   3.0668899749e+02  -4.6086747662e+06   5.4502308353e-03   6.4335894978e-01   2.2252713006e-01   2.6523208923e-06   3.6498656944e-16  -1.0921091658e-21   8.2302890035e-05   1.7442446302e-15   8.2877411370e-04   4.4245798686e-11   4.4021994570e-16   1.4043634830e-20   9.6614377736e-06   6.9487007252e-01   7.1654223425e-04   3.9022621665e-03   1.3555178970e-13   2.5460490373e-06   6.8388940838e-16   8.3583978033e-03
   1.0000000000e+00   1.0000000000e+00   3.0000000000e+02  -4.6458568819e+06   0.0000000000e+00   6.5169855213e-01   0.0000000000e+00   0.0000000000e+00   0.0000000000e+00   0.0000000000e+00   0.0000000000e+00   0.0000000000e+00   0.0000000000e+00   0.0000000000e+00   0.0000000000e+00   0.0000000000e+00   0.0000000000e+00   1.0000000000e+00   0.0000000000e+00   0.0000000000e+00   0.0000000000e+00   0.0000000000e+00   0.0000000000e+00   0.0000000000e+00