2.500000000000000000e-01 9.375000000000000000e-02 1.793299999937079947e-02 1.999999987729303985e+00 3.774958275323321533e+10
2.500000000000000000e-01 9.375000000000000000e-02 2.786599999937080033e-02 2.999999987729303985e+00 2.212791871767436218e+10
2.500000000000000000e-01 9.375000000000000000e-02 3.779899999937080118e-02 3.235058256768339469e+00 1.023643302267441750e+10
2.500000000000000000e-01 9.375000000000000000e-02 4.773199999937080551e-02 2.911287454356782156e+00 1.132521096072100449e+10
2.500000000000000000e-01 9.375000000000000000e-02 5.766499999937080290e-02 3.911287454356782156e+00 4.864883363732869148e+09
2.500000000000000000e-01 9.375000000000000000e-02 6.759799999937080028e-02 4.911287454356782156e+00 1.209280987025353193e+09
2.500000000000000000e-01 9.375000000000000000e-02 7.753099999937079767e-02 5.911287454356782156e+00 2.975437073184498586e+06
2.500000000000000000e-01 9.375000000000000000e-02 8.001741081867447258e-02 5.999798774592789208e+00 1.596183933165653173e+02
2.500000000000000000e-01 9.375000000000000000e-02 7.999999989349498852e-02 6.000000009513791532e+00 1.819459917773220304e-07
2.500000000000000000e-01 9.375000000000000000e-02 1.340521857071183820e-01 1.303842532944915034e+00 2.570866841067729568e+10
2.500000000000000000e-01 9.375000000000000000e-02 1.241191857071183846e-01 2.303842532944915256e+00 1.714548266559101105e+10
2.500000000000000000e-01 9.375000000000000000e-02 1.141861857071183872e-01 3.303842532944915256e+00 9.855127734147377014e+09
2.500000000000000000e-01 9.375000000000000000e-02 1.042531857071183898e-01 4.303842532944915256e+00 4.316391819816778183e+09
2.500000000000000000e-01 9.375000000000000000e-02 9.432018570711839245e-02 5.303842532944915256e+00 8.977507582054586411e+08
2.500000000000000000e-01 9.375000000000000000e-02 8.438718570711839506e-02 6.028787451371270478e+00 2.003755277641299108e+04
2.500000000000000000e-01 9.375000000000000000e-02 8.000454719688725180e-02 6.000094272221508263e+00 4.958855335439020351e+00
