2.833333333333332149e-01 1.923684210526315219e-01 2.399999999999999911e-01 3.000000000000000000e+00 1.628360193855896473e+09
2.833333333333332149e-01 1.923684210526315219e-01 7.999999999999996003e-02 1.000000000000000000e+00 3.206856731216588974e+09
2.833333333333332149e-01 1.923684210526315219e-01 9.999999999999999547e-07 3.000000000000000000e+00 5.699132021815245628e+09
2.833333333333332149e-01 1.923684210526315219e-01 4.001000000000000216e-03 5.000000000000000000e+00 4.602674835652675629e+09
2.833333333333332149e-01 1.923684210526315219e-01 3.180526480859619531e-01 1.182531654980713220e+00 2.979575215065040112e+09
2.833333333333332149e-01 1.923684210526315219e-01 1.580526480859619221e-01 3.182531654980713220e+00 1.166089768755025387e+09
2.833333333333332149e-01 1.923684210526315219e-01 9.999999999999999547e-07 1.182531654980713220e+00 5.699093079962267876e+09
2.833333333333332149e-01 1.923684210526315219e-01 4.001000000000000216e-03 3.182531654980713220e+00 4.489392150593257904e+09
2.833333333333332149e-01 1.923684210526315219e-01 8.001000000000001167e-03 5.182531654980713220e+00 3.923213936247120857e+09
2.833333333333332149e-01 1.923684210526315219e-01 4.001000000000001083e-03 7.182531654980713220e+00 4.882177724179699898e+09
2.833333333333332149e-01 1.923684210526315219e-01 1.000000000001000089e-06 5.182531654980713220e+00 5.699171849679016113e+09
2.833333333333332149e-01 1.923684210526315219e-01 9.849622334640055488e-02 9.472578883724720455e+00 1.260882327862388611e+09
2.833333333333332149e-01 1.923684210526315219e-01 1.179949015903270920e-01 8.623024128611172401e+00 9.429105717712858319e+07
2.833333333333332149e-01 1.923684210526315219e-01 2.102489898731723372e-01 9.996941825446549856e+00 6.149327400684784651e+08
2.833333333333332149e-01 1.923684210526315219e-01 3.702489898731723406e-01 9.999999000000000748e+00 1.521460230911892280e+07
2.833333333333332149e-01 1.923684210526315219e-01 4.000000220346736080e-01 9.999999000000000748e+00 7.356730075013183888e-05
