# L (m)  = 1
# P (Pa) = 101325
#             001_x           002_mixf              003_T              004_h             005_pv        006_density             007_H2              008_H              009_O             010_O2             011_OH            012_H2O            013_HO2            014_CH2         015_CH2(S)            016_CH3            017_CH4             018_CO            019_CO2            020_HCO           021_CH2O          022_CH2OH             023_N2
                  0   0.0000000000e+00   3.0000000000e+02   1.9075768848e+03   0.0000000000e+00   1.1719839921e+00   0.0000000000e+00   0.0000000000e+00   0.0000000000e+00   2.3300000000e-01   0.0000000000e+00   0.0000000000e+00   0.0000000000e+00   0.0000000000e+00   0.0000000000e+00   0.0000000000e+00   0.0000000000e+00   0.0000000000e+00   0.0000000000e+00   0.0000000000e+00   0.0000000000e+00   0.0000000000e+00   7.6700000000e-01
   2.0000000000e-03   2.0000000000e-03   3.0475565114e+02  -3.2400054808e+04   3.3166874445e-03   1.1513376099e+00   2.1112898589e-05   2.5200035359e-15  -8.2525375318e-16   2.2997974077e-01   5.3489572560e-11   1.5309953806e-03   2.2003294385e-07   1.3515221962e-14   5.8714514744e-16   3.5958441777e-06   1.2305221738e-03   5.7945780696e-04   1.1851213584e-03   1.0575446535e-14   3.2336818105e-06   1.2062721010e-18   7.6546600000e-01
   6.0000000000e-03   5.9999999999e-03   3.1413203713e+02  -1.0101529901e+05   9.9457059333e-03   1.1124255244e+00   6.3315255812e-05   1.6546480335e-14  -2.4688474432e-15   2.2394259125e-01   1.5881643093e-10   4.5909625078e-03   6.5965981540e-07   1.0149532999e-13   5.0050128964e-15   1.0776934501e-05   3.6925709697e-03   1.7376620456e-03   3.5537661240e-03   8.3350524228e-14   9.6950989671e-06   1.2327277676e-17   7.6239800000e-01
   1.0000000000e-02   9.9999999998e-03   3.2326613731e+02  -1.6963040600e+05   1.6561669732e-02   1.0766128720e+00   1.0544735495e-04   7.9402264150e-15  -4.4172463356e-15   2.1791553620e-01   2.6170839801e-10   7.6448655176e-03   1.0990621594e-06   2.6775453896e-13   1.3233473269e-14   1.7926780316e-05   6.1576292650e-03   2.8937343314e-03   5.9176225285e-03   2.3137021148e-13   1.6138700833e-05   3.9290734669e-17   7.5933000000e-01
   1.4000000000e-02   1.4000000000e-02   3.3208580484e+02  -2.3824494445e+05   2.3155924047e-02   1.0437929465e+00   1.4746256293e-04  -2.3927656706e-13  -7.6719449781e-15   2.1190526609e-01   3.6358605712e-10   1.0688684259e-02   1.5397869006e-06   5.0880918494e-13   2.4862882625e-14   2.5025474914e-05   8.6276915472e-03   4.0462606115e-03   8.2735166137e-03   4.6188429499e-13   2.2552692677e-05   7.7156905549e-17   7.5626200000e-01
   1.8000000000e-02   1.8000000002e-02   3.4052269072e+02  -3.0685766353e+05   2.9719886327e-02   1.0138464041e+00   1.8931455435e-04  -1.2690811560e-12  -1.3790928386e-14   2.0591841410e-01   4.6695763822e-10   1.3718432353e-02   1.9845779493e-06   8.2662534094e-13   3.9780940582e-14   3.2053866210e-05   1.1104735261e-02   5.1938376813e-03   1.0618301738e-02   7.8640319733e-13   2.8925403675e-05   7.6429701061e-17   7.5319400000e-01
   2.2000000000e-02   2.2000000006e-02   3.4851429020e+02  -3.7546453820e+05   3.6245074611e-02   9.8664340834e-01   2.3095743289e-04  -3.3225611963e-12  -2.2133864452e-14   1.9996153426e-01   5.7496597455e-10   1.6730170439e-02   2.4372304544e-06   1.2303026855e-12   5.8195759463e-14   3.8993578709e-05   1.3590714411e-02   6.3350774507e-03   1.2948869288e-02   1.2240105313e-12   3.5245336098e-05  -5.3495945555e-17   7.5012600000e-01
   2.6000000000e-02   2.6000000009e-02   3.5601258987e+02  -4.4404967906e+05   4.2723135321e-02   9.6202738524e-01   2.7234585105e-04  -5.1991768814e-12  -2.4895156810e-14   1.9404107999e-01   6.9170468688e-10   1.9720019166e-02   2.9024671103e-06   1.7377803030e-12   8.0679044430e-14   4.5827052563e-05   1.6087553266e-02   7.4686111358e-03   1.5262159168e-02   1.8074546667e-12   4.1501213929e-05  -2.6691285535e-16   7.4705800000e-01
   3.0000000000e-02   3.0000000009e-02   3.6300666860e+02  -5.1256086862e+05   4.9145870339e-02   9.3976639615e-01   3.1343512783e-04  -4.7989532533e-12  -7.7542368280e-15   1.8816338304e-01   8.2277589253e-10   2.2684171840e-02   3.3859555203e-06   2.3779033019e-12   1.0813348239e-13   5.2537619744e-05   1.8597140189e-02   8.5930933523e-03   1.7555170019e-02   2.5869278551e-12   4.7682030961e-05  -2.0219637595e-16   7.4399000000e-01
   3.4000000000e-02   3.4000000002e-02   3.6954651875e+02  -5.8088263255e+05   5.5505263231e-02   9.1951156638e-01   3.5418136379e-04  -1.3410713557e-12   4.0948122427e-14   1.8233463302e-01   9.7620995185e-10   2.5618906678e-02   3.8944526901e-06   3.1940542898e-12   1.4172294942e-13   5.9109610472e-05   2.1121321611e-02   9.7072060908e-03   1.9824969099e-02   3.6252457495e-12   5.3777098207e-05   6.0522320615e-16   7.4092200000e-01
   3.8000000000e-02   3.7999999999e-02   3.7578765896e+02  -6.4878553296e+05   6.1793504477e-02   9.0071207802e-01   3.9454155311e-04   3.4649911274e-12   1.2569160870e-13   1.7656085765e-01   1.1653993099e-09   2.8520598585e-02   4.4359038905e-06   4.2575741276e-12   1.8330349182e-13   6.5528453528e-05   2.3661896246e-02   1.0809662556e-02   2.2068701783e-02   5.0015885926e-12   5.9776089831e-05   2.2091367127e-15   7.3785400000e-01
   4.2000000000e-02   4.1999999999e-02   3.8209091074e+02  -7.1581286359e+05   6.8003015563e-02   8.8241864132e-01   4.3447369225e-04   6.8033263109e-12   2.6565456865e-13   1.7084790421e-01   1.4161004760e-09   3.1385730405e-02   5.0193889897e-06   5.7040773701e-12   2.3709550426e-13   7.1780747679e-05   2.6220609575e-02   1.1899210850e-02   2.4283600616e-02   6.8642268135e-12   6.5669086004e-05   4.0793992301e-15   7.3478600000e-01
   4.6000000000e-02   4.5999999999e-02   3.8923290678e+02  -7.8103993790e+05   7.4126471812e-02   8.6289050546e-01   4.7393688491e-04   7.4249266551e-12   5.6686546892e-13   1.6520142185e-01   1.7789723713e-09   3.4210903569e-02   5.6549671225e-06   7.8019157499e-12   3.1297946689e-13   7.7854313113e-05   2.8799148643e-02   1.2974637476e-02   2.6466993883e-02   9.5697631757e-12   7.1446609575e-05   5.7388475528e-15   7.3171800000e-01
   5.0000000000e-02   4.9999999999e-02   3.9888527618e+02  -8.4252182609e+05   8.0156823821e-02   8.3878825349e-01   5.1289144302e-04   7.0331363667e-12   1.3968258299e-12   1.5962684523e-01   2.3493406168e-09   3.6992848089e-02   6.3535038875e-06   1.1043005938e-11   4.3140784752e-13   8.3738230768e-05   3.1399137183e-02   1.4034770650e-02   2.8616313640e-02   1.3929562030e-11   7.7099649510e-05   7.8651930982e-15   7.2865000000e-01
   5.4000000000e-02   5.3999999999e-02   4.1512463605e+02  -8.9554593399e+05   8.6087317357e-02   8.0291290957e-01   5.5129898441e-04   9.5857806691e-12   3.8502337945e-12   1.5412937934e-01   3.2976624068e-09   3.9728431819e-02   7.1263328409e-06   1.6167660318e-11   6.3013426770e-13   8.9422811582e-05   3.4022131164e-02   1.5078483390e-02   3.0729103164e-02   2.1642862093e-11   8.2619649749e-05   1.3272789003e-14   7.2558200000e-01
   5.8000000000e-02   5.7999999999e-02   4.4861315738e+02  -9.2766877507e+05   9.1911511559e-02   7.4017306024e-01   5.8912253012e-04   2.3947222566e-11   1.1091822336e-11   1.4871398678e-01   4.9051601072e-09   4.2414668887e-02   7.9839301106e-06   2.3817236017e-11   9.7139490909e-13   9.4899286361e-05   3.6669615080e-02   1.6104696373e-02   3.2803023769e-02   3.6446793307e-11   8.7998368132e-05   3.0306758131e-14   7.2251400000e-01
   6.2000000000e-02   6.1999999999e-02   5.0151601878e+02  -9.3534278117e+05   9.7623295178e-02   6.5961533988e-01   6.2632662578e-04   8.1689783761e-11   3.1868147338e-11   1.4338537992e-01   7.4737644654e-09   4.5048727071e-02   8.9316446257e-06   3.4647666467e-11   1.5266340039e-12   1.0015900447e-04   3.9342999508e-02   1.7112380547e-02   3.4835860934e-02   6.5463945296e-11   9.3227056187e-05   8.3735933685e-14   7.1944600000e-01
   6.6000000000e-02   6.5999999999e-02   5.5736328601e+02  -9.3659201173e+05   1.0321690054e-01   5.9131597011e-01   6.6287756247e-04   2.6088980785e-10   8.8701825829e-11   1.3814801468e-01   1.0977769695e-08   4.7627933780e-02   9.9667232882e-06   4.9368414851e-11   2.3098780528e-12   1.0519514763e-04   4.2043617135e-02   1.8100559473e-02   3.6825529729e-02   1.1653876881e-10   9.8294276579e-05   2.2515817972e-13   7.1637800000e-01
   7.0000000000e-02   6.9999999999e-02   6.1106043456e+02  -9.3718973126e+05   1.0868691587e-01   5.3736393693e-01   6.9874369579e-04   7.0245518343e-10   2.3600518144e-10   1.3300608020e-01   1.5130072803e-08   5.0149781110e-02   1.1080167753e-05   6.7556563844e-11   3.2814368536e-12   1.1000746220e-04   4.4772715529e-02   1.9068311408e-02   3.8770079658e-02   1.9884776155e-10   1.0318443220e-04   5.4748357434e-13   7.1331000000e-01
   7.4000000000e-02   7.3999999999e-02   6.6197783098e+02  -9.3793709494e+05   1.1402829618e-01   4.9421554542e-01   7.3389582331e-04   1.6083183384e-09   5.8960198673e-10   1.2796349186e-01   1.9664744131e-08   5.2611930318e-02   1.2255540223e-05   8.8864551364e-11   4.4037484287e-12   1.1460571485e-04   4.7531451081e-02   2.0014771146e-02   4.0667698897e-02   3.2565344062e-10   1.0787734096e-04   1.1921571279e-12   7.1024200000e-01
   7.8000000000e-02   7.7999999999e-02   7.1011965591e+02  -9.3893641411e+05   1.1923637264e-01   4.5903737741e-01   7.6830755791e-04   3.2060544236e-09   1.3526058784e-09   1.2302388524e-01   2.4501350302e-08   5.5012215749e-02   1.3467652790e-05   1.1380309529e-10   5.6798630524e-12   1.1901242476e-04   5.0320883749e-02   2.0939131511e-02   4.2516717826e-02   5.1637627531e-10   1.1234859804e-04   2.3361474354e-12   7.0717400000e-01
   8.2000000000e-02   8.1999999999e-02   7.5556562970e+02  -9.4022123039e+05   1.2430685990e-01   4.2987262606e-01   8.0195560073e-04   5.6778478017e-09   2.7989774714e-09   1.1819060983e-01   2.9739062530e-08   5.7348648014e-02   1.4682901308e-05   1.4377152297e-10   7.1572572955e-12   1.2326416492e-04   5.3141973502e-02   2.1840644501e-02   4.4315611780e-02   7.9612962610e-10   1.1657053556e-04   4.1515276718e-12   7.0410600000e-01
   8.6000000000e-02   8.5999999999e-02   7.9814782983e+02  -9.4217193762e+05   1.2923586109e-01   4.0548405616e-01   8.3481980820e-04   9.0689766173e-09   5.1758276072e-09   1.1346672237e-01   3.5526244847e-08   5.9619416167e-02   1.5861772829e-05   1.8058272510e-10   8.9006455700e-12   1.2741008514e-04   5.5995580012e-02   2.2718622158e-02   4.6063002955e-02   1.1900454391e-09   1.2051351433e-04   6.7438537143e-12   7.0103800000e-01
   9.0000000000e-02   9.0000000000e-02   8.3721117573e+02  -9.4587544012e+05   1.3401987075e-01   3.8519444918e-01   8.6688294757e-04   1.3226251183e-08   8.5442464117e-09   1.0885497955e-01   4.1892637844e-08   6.1822888959e-02   1.6963308407e-05   2.2568569449e-10   1.0947122607e-11   1.3150660623e-04   5.8882466626e-02   2.3572437326e-02   4.7757661516e-02   1.7119378117e-09   1.2414754122e-04   1.0102439147e-11   6.9797000000e-01
   9.4000000000e-02   9.4000000000e-02   8.7239674682e+02  -9.5208450311e+05   1.3865577635e-01   3.6835937817e-01   8.9813008632e-04   1.7850961742e-08   1.2689741345e-08   1.0435783051e-01   4.8698121649e-08   6.3957615807e-02   1.7950212219e-05   2.7970530449e-10   1.3287643789e-11   1.3560860537e-04   6.1803308037e-02   2.4401524433e-02   4.9398506022e-02   2.3596267813e-09   1.2744437923e-04   1.4120160836e-11   6.9490200000e-01
   9.8000000000e-02   9.8000000000e-02   9.0396389883e+02  -9.6070332496e+05   1.4314085919e-01   3.5425683934e-01   9.2854787010e-04   2.2620325156e-08   1.7198505452e-08   9.9977410667e-02   5.5692471163e-08   6.6022327756e-02   1.8792794099e-05   3.4257316899e-10   1.5880566504e-11   1.3976051620e-04   6.4758698365e-02   2.5205380286e-02   5.0984603283e-02   3.1195818964e-09   1.3037945615e-04   1.8655175565e-11   6.9183400000e-01
   1.0200000000e-01   1.0200000000e-01   9.3239313990e+02  -9.7127995502e+05   1.4747279471e-01   3.4226828319e-01   9.5812400394e-04   2.7270633593e-08   2.1615820293e-08   9.5715538315e-02   6.2591407256e-08   6.8015938378e-02   1.9470907451e-05   4.1382820152e-10   1.8668513685e-11   1.4399076805e-04   6.7749156374e-02   2.5983564661e-02   5.2515167668e-02   3.9716313514e-09   1.3293301978e-04   2.3574534580e-11   6.8876600000e-01
   1.0600000000e-01   1.0600000000e-01   9.5813626595e+02  -9.8335113979e+05   1.5164965197e-01   3.3193088957e-01   9.8684699759e-04   3.1625921709e-08   2.5573220940e-08   9.1573714143e-02   6.9140406982e-08   6.9937544483e-02   1.9974070330e-05   4.9287807597e-10   2.1592226931e-11   1.4831017515e-04   7.0775127168e-02   2.6735700607e-02   5.3989559885e-02   4.8924398387e-09   1.3509069735e-04   2.8772939114e-11   6.8569800000e-01
   1.1000000000e-01   1.1000000000e-01   9.8155523791e+02  -9.9654188573e+05   1.5566989207e-01   3.2291054992e-01   1.0147061093e-03   3.5592406210e-08   2.8842467954e-08   8.7553123186e-02   7.5151382897e-08   7.1786426357e-02   2.0300387253e-05   5.7916762592e-10   2.4599415501e-11   1.5271331158e-04   7.3836981302e-02   2.7461474402e-02   5.5407285197e-02   5.8581248091e-09   1.3684366552e-04   3.4174903941e-11   6.8263000000e-01
   1.1400000000e-01   1.1400000000e-01   1.0029287705e+03  -1.0105694546e+06   1.5953236490e-01   3.1496456559e-01   1.0416914054e-03   3.9137859536e-08   3.1329762501e-08   8.3654638869e-02   8.0510133376e-08   7.3562047227e-02   2.0454900620e-05   6.7224256490e-10   2.7647878117e-11   1.5718155660e-04   7.6935012661e-02   2.8160635154e-02   5.6767991113e-02   6.8459123263e-09   1.3818855083e-04   3.9728174798e-11   6.7956200000e-01
   1.1800000000e-01   1.1800000000e-01   1.0224764558e+03  -1.0252247432e+06   1.6323630416e-01   3.0791157323e-01   1.0677938689e-03   4.2268614023e-08   3.3040882515e-08   7.9878828797e-02   8.5165285159e-08   7.5264051688e-02   2.0447830664e-05   7.7172845186e-10   3.0704420570e-11   1.6168669943e-04   8.0069436217e-02   2.8832994071e-02   5.8071464528e-02   7.8349839472e-09   1.3912714363e-04   4.5393814537e-11   6.7649400000e-01
   1.2200000000e-01   1.2200000000e-01   1.0403689118e+03  -1.0403531713e+06   1.6678132031e-01   3.0161447711e-01   1.0930055162e-03   4.5010297164e-08   3.4041003858e-08   7.6225962019e-02   8.9107859916e-08   7.6892263009e-02   2.0292969317e-05   8.7725444689e-10   3.3741126522e-11   1.6619438316e-04   8.3240386405e-02   2.9478423422e-02   5.9317628361e-02   8.8065666502e-09   1.3966598825e-04   5.1137020549e-11   6.7342600000e-01
   1.2600000000e-01   1.2600000000e-01   1.0567406833e+03  -1.0558397665e+06   1.7016739177e-01   2.9596745030e-01   1.1173194981e-03   4.7395299077e-08   3.4423150081e-08   7.2696017561e-02   9.2353783276e-08   7.8446679346e-02   2.0006334053e-05   9.8837336667e-10   3.6731912352e-11   1.7066703734e-04   8.6447916395e-02   3.0096855230e-02   6.0506537694e-02   9.7439310242e-09   1.3981590568e-04   5.6920840702e-11   6.7035800000e-01
   1.3000000000e-01   1.3000000000e-01   1.0717028526e+03  -1.0715983529e+06   1.7339485430e-01   2.9088635360e-01   1.1407301814e-03   4.9455917903e-08   3.4287939134e-08   6.9288694046e-02   9.4932378693e-08   7.9927468946e-02   1.9605095166e-05   1.1045105238e-09   3.9650733075e-11   1.7506621465e-04   8.9691998342e-02   3.0688279729e-02   6.1638375448e-02   1.0632471293e-08   1.3959148152e-04   6.2703545771e-11   6.6729000000e-01
   1.3400000000e-01   1.3400000000e-01   1.0853493728e+03  -1.0875638675e+06   1.7646438888e-01   2.8630304070e-01   1.1632332112e-03   5.1221230637e-08   3.3732213547e-08   6.6003420331e-02   9.6879074015e-08   8.1334964438e-02   1.9106748865e-05   1.2249319692e-09   4.2470648552e-11   1.7935436787e-04   9.2972524503e-02   3.1252743610e-02   6.2713447625e-02   1.1459762106e-08   1.3901053769e-04   6.8438400927e-11   6.6422200000e-01
   1.3800000000e-01   1.3800000000e-01   1.0977615095e+03  -1.1036868816e+06   1.7937700811e-01   2.8216141708e-01   1.1848255577e-03   5.2716230563e-08   3.2843716799e-08   6.2839367042e-02   9.8231571084e-08   8.2669656334e-02   1.8528494170e-05   1.3487348717e-09   4.5163786338e-11   1.8349614974e-04   9.6289309131e-02   3.1790348091e-02   6.3732178126e-02   1.2215626640e-08   1.3809360137e-04   7.4075054491e-11   6.6115400000e-01
   1.4200000000e-01   1.4200000000e-01   1.1090109925e+03  -1.1199296475e+06   1.8213404140e-01   2.7841464872e-01   1.2055055524e-03   5.3962111842e-08   3.1699293879e-08   5.9795458933e-02   9.9028175593e-08   8.3932185822e-02   1.7886773932e-05   1.4748565318e-09   4.7701908288e-11   1.8745932515e-04   9.9642091005e-02   3.2301246822e-02   6.4695103201e-02   1.2892182688e-08   1.3686338088e-04   7.9561746107e-11   6.5808600000e-01
   1.4600000000e-01   1.4600000000e-01   1.1191622808e+03  -1.1362632041e+06   1.8473711909e-01   2.7502314120e-01   1.2252729142e-03   5.4976999750e-08   3.0364892881e-08   5.6870387976e-02   9.9307252879e-08   8.5123336968e-02   1.7196947481e-05   1.6020972971e-09   5.0057300035e-11   1.9121537324e-04   1.0303053649e-01   3.2785643656e-02   6.5602865547e-02   1.3483836495e-08   1.3534425651e-04   8.4847712756e-11   6.5501800000e-01
   1.5000000000e-01   1.5000000000e-01   1.1282742090e+03  -1.1526652271e+06   1.8718815556e-01   2.7195304742e-01   1.2441287683e-03   5.5776750193e-08   2.8896358986e-08   5.4062627063e-02   9.9107158372e-08   8.6244028402e-02   1.6473069671e-05   1.7291530145e-09   5.2203772318e-11   1.9473984204e-04   1.0645424304e-01   3.3243790289e-02   6.6456208099e-02   1.3987209846e-08   1.3356179341e-04   8.9885393524e-11   6.5195000000e-01
   1.5400000000e-01   1.5400000000e-01   1.1364011927e+03  -1.1691184168e+06   1.8948933162e-01   2.6917514598e-01   1.2620756576e-03   5.6375648163e-08   2.7340495832e-08   5.1370444239e-02   9.8466291453e-08   8.7295304606e-02   1.5727756700e-05   1.8546532890e-09   5.4117630626e-11   1.9801250588e-04   1.0991274301e-01   3.3675983789e-02   6.7255967567e-02   1.4401000820e-08   1.3154228335e-04   9.4632207723e-11   6.4888200000e-01
   1.5800000000e-01   1.5800000000e-01   1.1435941135e+03  -1.1856092845e+06   1.9164307621e-01   2.6666398543e-01   1.2791175466e-03   5.6786948697e-08   2.5736150311e-08   4.8791917334e-02   9.7423111838e-08   8.8278326867e-02   1.4972122884e-05   1.9772024143e-09   5.5778521741e-11   2.0101736578e-04   1.1340550784e-01   3.4082564037e-02   6.8003067759e-02   1.4725788567e-08   1.2931232103e-04   9.9051817196e-11   6.4581400000e-01
   1.6200000000e-01   1.6200000000e-01   1.1499009664e+03  -1.2021272401e+06   1.9365204766e-01   2.6439722266e-01   1.2952598177e-03   5.7023259504e-08   2.4115223482e-08   4.6324948885e-02   9.6016063735e-08   8.9194364009e-02   1.4215774938e-05   2.0954203346e-09   5.7170103404e-11   2.0374252684e-04   1.1693195236e-01   3.4463911082e-02   6.8698512748e-02   1.4963797470e-08   1.2689841997e-04   1.0311486739e-10   6.4274600000e-01
   1.6600000000e-01   1.6600000000e-01   1.1553673298e+03  -1.2186639108e+06   1.9551911458e-01   2.6235510553e-01   1.3105092591e-03   5.7096787615e-08   2.2503579579e-08   4.3967281244e-02   9.4283406133e-08   9.0044782977e-02   1.3466851887e-05   2.2079814478e-09   5.8280510248e-11   2.0617998155e-04   1.2049143929e-01   3.4820442422e-02   6.9343379924e-02   1.5118637293e-08   1.2432667131e-04   1.0679926015e-10   6.3967800000e-01
   1.7000000000e-01   1.7000000000e-01   1.1600367027e+03  -1.2352126397e+06   1.9724733664e-01   2.6052006370e-01   1.3248740438e-03   5.7019479144e-08   2.0921854018e-08   4.1716511745e-02   9.2262970550e-08   9.0831039360e-02   1.2732099857e-05   2.3136495081e-09   5.9102609405e-11   2.0832532420e-04   1.2408328386e-01   3.5152610240e-02   6.9938812996e-02   1.5195034812e-08   1.2162244781e-04   1.1009003914e-10   6.3661000000e-01
   1.7400000000e-01   1.7400000000e-01   1.1639507433e+03  -1.2517681185e+06   1.9883994520e-01   2.5887638168e-01   1.3383637003e-03   5.6803080365e-08   1.9386170996e-08   3.9570107846e-02   8.9991874754e-08   9.1554667927e-02   1.2016972083e-05   2.4113073525e-09   5.9634054318e-11   2.1017741847e-04   1.2770675844e-01   3.5460898592e-02   7.0486014985e-02   1.5198570031e-08   1.1881015379e-04   1.1297898066e-10   6.3354200000e-01
   1.7800000000e-01   1.7800000000e-01   1.1671494376e+03  -1.2683261217e+06   2.0030032417e-01   2.5740993465e-01   1.3509890742e-03   5.6459144550e-08   1.7908782549e-08   3.7525422131e-02   8.7506220315e-08   9.2217273255e-02   1.1325745515e-05   2.4999806365e-09   5.9877156542e-11   2.1173803697e-04   1.3136109721e-01   3.5745820577e-02   7.0986241263e-02   1.5135427185e-08   1.1591302034e-04   1.1546398134e-10   6.3047400000e-01
   1.8200000000e-01   1.8200000000e-01   1.1696712179e+03  -1.2848833130e+06   2.0163199094e-01   2.5610797241e-01   1.3627622813e-03   5.5999004971e-08   1.6498639735e-08   3.5579707091e-02   8.4840798151e-08   9.2820520501e-02   1.0661646608e-05   2.5788552409e-09   5.9838603247e-11   2.1301148876e-04   1.3504550078e-01   3.6007915487e-02   7.1440792671e-02   1.5012167916e-08   1.1295294429e-04   1.1754832766e-10   6.2740600000e-01
   1.8600000000e-01   1.8600000000e-01   1.1715530473e+03  -1.3014371007e+06   2.0283857778e-01   2.5495894077e-01   1.3736966526e-03   5.5433734371e-08   1.5161907718e-08   3.3730129601e-02   8.2028825350e-08   9.3366126389e-02   1.0026980094e-05   2.6472887819e-09   5.9529056260e-11   2.1400424815e-04   1.3875914073e-01   3.6247745968e-02   7.1851008775e-02   1.4835532153e-08   1.0995036817e-04   1.1923993805e-10   6.2433800000e-01
   1.9000000000e-01   1.9000000000e-01   1.1728304845e+03  -1.3179855252e+06   2.0392381359e-01   2.5395233202e-01   1.3838066722e-03   5.4774136083e-08   1.3902461893e-08   3.1973785025e-02   7.9101770367e-08   9.3855850441e-02   9.4232557561e-06   2.7048201526e-09   5.8962700089e-11   2.1472459432e-04   1.4250116406e-01   3.6465895202e-02   7.2218261277e-02   1.4612275641e-08   1.0692419792e-04   1.2055081641e-10   6.2127000000e-01
   1.9400000000e-01   1.9400000000e-01   1.1735377334e+03  -1.3345271669e+06   2.0489150618e-01   2.5307855856e-01   1.3931079073e-03   5.4030998379e-08   1.2722638260e-08   3.0307710864e-02   7.6089716536e-08   9.4291486523e-02   8.8513093245e-06   2.7512071118e-09   5.8157074265e-11   2.1518226598e-04   1.4627069750e-01   3.6662964120e-02   7.2543947631e-02   1.4349083307e-08   1.0389175460e-04   1.2149836218e-10   6.1820200000e-01
   1.9800000000e-01   1.9800000000e-01   1.1737076887e+03  -1.3510610635e+06   2.0574552517e-01   2.5232884467e-01   1.4016169306e-03   5.3217089888e-08   1.1626758774e-08   2.8728899932e-02   7.3027615045e-08   9.4674854697e-02   8.3114140922e-06   2.7867164016e-09   5.7136147018e-11   2.1538810658e-04   1.5006685173e-01   3.6839568662e-02   7.2829484880e-02   1.4052663975e-08   1.0086875561e-04   1.2212163510e-10   6.1513400000e-01
   2.0800000000e-01   2.0800000000e-01   1.1728784813e+03  -1.3923744327e+06   2.0760617571e-01   2.5074910761e-01   1.4209526414e-03   5.1075565237e-08   9.1918187734e-09   2.4992432571e-02   6.5572595034e-08   9.5507201262e-02   7.0413233929e-06   2.8551127054e-09   5.4234139033e-11   2.1530148207e-04   1.5962153664e-01   3.7231489770e-02   7.3446532040e-02   1.3240585705e-08   9.3370160296e-05   1.2332911882e-10   6.0746400000e-01
   2.2400000000e-01   2.2400000000e-01   1.1646065367e+03  -1.4583456771e+06   2.0898484268e-01   2.4979651310e-01   1.4402309692e-03   4.6833656287e-08   6.2404057185e-09   2.0239329622e-02   5.3386951578e-08   9.6106047627e-02   5.4888131653e-06   2.7816410026e-09   4.7016906581e-11   2.1182033666e-04   1.7528414828e-01   3.7566703645e-02   7.3871860435e-02   1.1709059034e-08   8.2249152714e-05   1.2002148305e-10   5.9519200000e-01
   2.4000000000e-01   2.4000000000e-01   1.1510599814e+03  -1.5242121578e+06   2.0901570198e-01   2.5007152367e-01   1.4491853796e-03   4.2316936949e-08   4.2033193561e-09   1.6517804288e-02   4.2366487280e-08   9.6088771335e-02   4.3333600263e-06   2.5769770408e-09   3.8892730808e-11   2.0581551237e-04   1.9126379805e-01   3.7651777075e-02   7.3825968192e-02   1.0187137617e-08   7.2445004760e-05   1.1360487049e-10   5.8292000000e-01
   2.5600000000e-01   2.5600000000e-01   1.1336201412e+03  -1.5900099647e+06   2.0793568372e-01   2.5130451767e-01   1.4492220855e-03   3.7823113644e-08   2.8343344124e-09   1.3645238534e-02   3.2940500054e-08   9.5565203148e-02   3.4866952764e-06   2.2894642882e-09   3.0946472617e-11   1.9802125133e-04   2.0750536511e-01   3.7527198610e-02   7.3394059879e-02   8.8066386836e-09   6.4119856044e-05   1.0528155902e-10   5.7064800000e-01
   2.7200000000e-01   2.7200000000e-01   1.1134202901e+03  -1.6557678137e+06   2.0595998709e-01   2.5328543412e-01   1.4417383552e-03   3.3538043190e-08   1.9273107832e-09   1.1456159448e-02   2.5201948922e-08   9.4634611184e-02   2.8718499622e-06   1.9646239517e-09   2.3850224475e-11   1.8904535028e-04   2.2395861799e-01   3.7230642646e-02   7.2652994909e-02   7.6200339560e-09   5.7247892663e-05   9.6016163797e-11   5.5837600000e-01
   2.8800000000e-01   2.8800000000e-01   1.0913698557e+03  -1.7215041825e+06   2.0327735774e-01   2.5584854334e-01   1.4280584444e-03   2.9566199060e-08   1.3288643746e-09   9.8057445446e-03   1.9041952026e-08   9.3383674258e-02   2.4273249503e-06   1.6382856885e-09   1.7910347106e-11   1.7936965172e-04   2.4057935037e-01   3.6795923136e-02   7.1669701899e-02   6.6313097610e-09   5.1692063926e-05   8.6536803879e-11   5.4610400000e-01
   3.0400000000e-01   3.0400000000e-01   1.0681806168e+03  -1.7872296203e+06   2.0004822870e-01   2.5886277018e-01   1.4093880662e-03   2.5956127419e-08   9.3225261777e-10   8.5711379236e-03   1.4252146207e-08   9.1885769812e-02   2.1059942907e-06   1.3345052379e-09   1.3172508516e-11   1.6936625760e-04   2.5732985085e-01   3.6252434114e-02   7.0500636707e-02   5.8195559260e-09   4.7261886464e-05   7.7354738408e-11   5.3383200000e-01
   3.2000000000e-01   3.2000000000e-01   1.0443946681e+03  -1.8529497151e+06   1.9640509910e-01   2.6222505403e-01   1.3867869851e-03   2.2719995426e-08   6.6632363597e-10   7.6510644598e-03   1.0593318316e-08   9.0201271339e-02   1.8724899291e-06   1.0666010365e-09   9.5297233805e-12   1.5931694633e-04   2.7417885377e-01   3.5624995159e-02   6.9192045612e-02   5.1544008141e-09   4.3752959300e-05   6.8792656275e-11   5.2156000000e-01
   3.3600000000e-01   3.3600000000e-01   1.0204126782e+03  -1.9186672729e+06   1.9245449939e-01   2.6585540354e-01   1.3611574926e-03   1.9847567001e-08   4.8494712219e-10   6.9642450516e-03   7.8353952430e-09   8.8378548815e-02   1.7005807688e-06   8.3962122325e-10   6.8067191576e-12   1.4943083029e-04   2.9110111913e-01   3.4934005992e-02   6.7780787096e-02   4.6048473872e-09   4.0971336511e-05   6.1017311426e-11   5.0928800000e-01
   3.5200000000e-01   3.5200000000e-01   9.9652047292e+02  -1.9843836508e+06   1.8827993789e-01   2.6969303685e-01   1.3332455525e-03   1.7315752783e-08   3.5869527642e-10   6.4470783036e-03   5.7768400167e-09   8.6455392831e-02   1.5709986401e-06   6.5307051452e-10   4.8147124531e-12   1.3985902234e-04   3.0807677896e-01   3.4195814063e-02   6.6295485448e-02   4.1435703494e-09   3.8746517770e-05   5.4076530176e-11   4.9701600000e-01
   3.6800000000e-01   3.6800000000e-01   9.7289801003e+02  -2.0500994866e+06   1.8394531550e-01   2.7369741214e-01   1.3036510954e-03   1.5094839670e-08   2.6890512187e-10   6.0509810559e-03   4.2506418623e-09   8.4460629261e-02   1.4697465878e-06   5.0323269633e-10   3.3807522544e-12   1.3070651308e-04   3.2509056672e-01   3.3423208005e-02   6.4757827134e-02   3.7484764473e-09   3.6936552281e-05   4.7938422875e-11   4.8474400000e-01
   3.8400000000e-01   3.8400000000e-01   9.4966823237e+02  -2.1158150743e+06   1.7949841209e-01   2.7783813883e-01   1.2728441065e-03   1.3152592171e-08   2.0372452045e-10   5.7396897004e-03   3.1246152125e-09   8.2415746455e-02   1.3867947691e-06   3.8499317368e-10   2.3611250660e-12   1.2204190269e-04   3.4213102106e-01   3.2625964648e-02   6.3183856879e-02   3.4025812306e-09   3.5428138539e-05   4.2526774845e-11   4.7247200000e-01
   4.0000000000e-01   4.0000000000e-01   9.2691382636e+02  -2.1815305477e+06   1.7497416750e-01   2.8209214116e-01   1.2411835817e-03   1.1456956637e-08   1.5554657987e-10   5.4867316018e-03   2.2966647676e-09   8.0336412596e-02   1.3150900409e-06   2.9294636222e-10   1.6428215793e-12   1.1390520825e-04   3.5918972936e-01   3.1811394610e-02   6.1585176708e-02   3.0933488299e-09   3.4133910742e-05   3.7748638247e-11   4.6020000000e-01
   4.1600000000e-01   4.1600000000e-01   9.0467972084e+02  -2.2472459675e+06   1.7039758905e-01   2.8644457761e-01   1.2089370772e-03   9.9775047264e-09   1.1939752862e-10   5.2731921345e-03   1.6891403260e-09   7.8233810832e-02   1.2497960210e-06   2.2201524940e-10   1.1401773328e-12   1.0631420935e-04   3.7626065151e-01   3.0984848822e-02   5.9969992318e-02   2.8118396568e-09   3.2988446653e-05   3.3512180990e-11   4.4792800000e-01
   4.3200000000e-01   4.3200000000e-01   8.8298397513e+02  -2.3129613615e+06   1.6578620709e-01   2.9088712982e-01   1.1762992383e-03   8.6862056077e-09   9.1949883839e-11   5.0858346041e-03   1.2438002582e-09   7.6115760130e-02   1.1877054916e-06   1.6776341578e-10   7.9008503247e-13   9.9269683295e-05   3.9333954416e-01   3.0150163760e-02   5.8343983960e-02   2.5518487864e-09   3.1943989019e-05   2.9735580008e-11   4.3565600000e-01
   4.4800000000e-01   4.4800000000e-01   8.6182617149e+02  -2.3786767425e+06   1.6115206581e-01   2.9541657567e-01   1.1434083007e-03   7.5577803571e-09   7.0920044430e-11   4.9155800740e-03   9.1739287378e-10   7.3987619347e-02   1.1267907605e-06   1.2649133469e-10   5.4699988367e-13   9.2759697091e-05   4.1042349016e-01   2.9310035676e-02   5.6711002487e-02   2.3091887664e-09   3.0966456211e-05   2.6349910434e-11   4.2338400000e-01
   4.6400000000e-01   4.6400000000e-01   8.4119368578e+02  -2.4443921169e+06   1.5650328067e-01   3.0003363821e-01   1.1103600737e-03   6.5697972087e-09   5.4700362380e-11   4.7563211757e-03   6.7802235250e-10   7.1852991199e-02   1.0658651903e-06   9.5211138898e-11   3.7853422060e-13   8.6763086726e-05   4.2751052768e-01   2.8466323278e-02   5.5073606119e-02   2.0811385799e-09   3.0032020751e-05   2.3298806633e-11   4.1111200000e-01
   4.8000000000e-01   4.8000000000e-01   8.2106623191e+02  -2.5101074877e+06   1.5184521806e-01   3.0474209009e-01   1.0772192997e-03   5.7026139750e-09   4.2132366243e-11   4.6040257476e-03   5.0227995404e-10   6.9714253251e-02   1.0043334690e-06   7.1563460568e-11   2.6189836139e-13   8.1252236203e-05   4.4459936707e-01   2.7620284324e-02   5.3433461190e-02   1.8660385439e-09   2.9124340895e-05   2.0536829587e-11   3.9884000000e-01
   4.9600000000e-01   4.9600000000e-01   8.0141905634e+02  -2.5758228564e+06   1.4718136292e-01   3.0954808382e-01   1.0440285482e-03   4.9392382514e-09   3.2364528739e-11   4.4560791361e-03   3.7304030299e-10   6.7572946904e-02   9.4201116115e-07   5.3714848798e-11   1.8117455019e-13   7.6195258685e-05   4.6168918118e-01   2.6772754927e-02   5.1791632538e-02   1.6629956562e-09   2.8232417203e-05   1.8027610760e-11   3.8656800000e-01
   5.1200000000e-01   5.1200000000e-01   7.8222511415e+02  -2.6415382240e+06   1.4251393948e-01   3.1445967336e-01   1.0108149493e-03   4.2651507347e-09   2.4760844555e-11   4.3108146377e-03   2.7779975870e-10   6.5430054736e-02   8.7899671292e-07   4.0256683295e-11   1.2530068661e-13   7.1557675758e-05   4.7877945412e-01   2.5924281626e-02   5.0148788172e-02   1.4716639911e-09   2.7348989996e-05   1.5742236843e-11   3.7429600000e-01
   5.2800000000e-01   5.2800000000e-01   7.6345650181e+02  -2.7072535909e+06   1.3784434426e-01   3.1948649228e-01   9.7759513980e-04   3.6681181534e-09   1.8840311453e-11   4.1671867570e-03   2.0743940247e-10   6.3286193264e-02   8.1558171866e-07   3.0115361719e-11   8.6614066207e-14   6.7303685706e-05   4.9586987511e-01   2.5075216095e-02   4.8505339765e-02   1.2920725240e-09   2.6469374641e-05   1.3657996663e-11   3.6202400000e-01
   5.4400000000e-01   5.4400000000e-01   7.4508536401e+02  -2.7729689574e+06   1.3317344070e-01   3.2463955641e-01   9.4437879339e-04   3.1380073582e-09   1.4235588342e-11   4.0245492858e-03   1.5531208042e-10   6.1141743742e-02   7.5218787370e-07   2.2477082432e-11   5.9816766388e-14   6.3397106617e-05   5.1296026561e-01   2.4225781409e-02   4.6861536760e-02   1.1244829442e-09   2.5590634336e-05   1.1757444716e-11   3.4975200000e-01
   5.6000000000e-01   5.6000000000e-01   7.2708443938e+02  -2.8386843237e+06   1.2850175521e-01   3.2993116360e-01   9.1117107514e-04   2.6665997113e-09   1.0663879842e-11   3.8825079983e-03   1.1657246140e-10   5.8996938932e-02   6.8932147638e-07   1.6727155163e-11   4.1248964609e-14   5.9802074273e-05   5.3005053060e-01   2.3376117303e-02   4.5217527903e-02   9.6926902219e-10   2.4711003363e-05   1.0027664719e-11   3.3748000000e-01
   5.7600000000e-01   5.7600000000e-01   7.0942736552e+02  -2.9043996897e+06   1.2382960476e-01   3.3537486901e-01   8.7797430698e-04   2.2473950650e-09   7.9058734199e-12   3.7408249824e-03   8.7687183669e-11   5.6851919430e-02   6.2753850908e-07   1.2402230833e-11   2.8382559175e-14   5.6483566989e-05   5.4714062647e-01   2.2526310422e-02   4.3573400601e-02   8.2681493341e-10   2.3829490757e-05   8.4595935282e-12   3.2520800000e-01
   5.9200000000e-01   5.9200000000e-01   6.9208882847e+02  -2.9701150557e+06   1.1915717823e-01   3.4098551932e-01   8.4478907327e-04   1.8753887892e-09   5.7901798085e-12   3.5993577801e-03   6.6077409202e-11   5.4706769501e-02   5.6741523002e-07   9.1533304097e-12   1.9470188983e-14   5.3407819195e-05   5.6423054048e-01   2.1676414107e-02   4.1929205548e-02   6.9743225409e-10   2.2945610877e-05   7.0472726555e-12   3.1293600000e-01
   6.0800000000e-01   6.0800000000e-01   6.7504461495e+02  -3.0358304216e+06   1.1448458730e-01   3.4677933478e-01   8.1161494104e-04   1.5468060194e-09   4.1816925687e-12   3.4580214211e-03   4.9858265287e-11   5.2561539439e-02   5.0952094475e-07   6.7175652057e-12   1.3302812234e-14   5.0542671647e-05   5.8132027769e-01   2.0826461091e-02   4.0284971824e-02   5.8129519961e-10   2.2059201644e-05   5.7869312020e-12   3.0066400000e-01
   6.2400000000e-01   6.2400000000e-01   6.5827160654e+02  -3.1015457874e+06   1.0981189767e-01   3.5277403163e-01   7.7845092236e-04   1.2587867663e-09   2.9728633402e-12   3.3167651683e-03   3.7649039204e-11   5.0416259285e-02   4.5439130424e-07   4.8966845665e-12   9.0426272073e-15   4.7857888938e-05   5.9840985279e-01   1.9976471490e-02   3.8640715974e-02   4.7839292291e-10   2.1170302503e-05   4.6758735918e-12   2.8839200000e-01
   6.4000000000e-01   6.4000000000e-01   6.4174774116e+02  -3.1672611532e+06   1.0513914799e-01   3.5898898128e-01   7.4529576809e-04   1.0090334134e-09   2.0772322949e-12   3.1755585136e-03   2.8435066027e-11   4.8270947096e-02   4.0250210442e-07   3.5409029208e-12   6.1080578119e-15   4.5325455613e-05   6.1549928503e-01   1.9126457760e-02   3.6996447364e-02   3.8849783654e-10   2.0279072746e-05   3.7112410212e-12   2.7612000000e-01
   6.5600000000e-01   6.5600000000e-01   6.2545195837e+02  -3.2329765190e+06   1.0046636104e-01   3.6544540518e-01   7.1214815276e-04   7.9545357607e-10   1.4247383260e-12   3.0343828699e-03   2.1467464978e-11   4.6125613869e-02   3.5424499462e-07   2.5367676234e-12   4.0946207275e-15   4.2919843510e-05   6.3258859513e-01   1.8276427722e-02   3.5352171300e-02   3.1115025877e-10   1.9385736959e-05   2.8888111609e-12   2.6384800000e-01
   6.7200000000e-01   6.7200000000e-01   6.0936413863e+02  -3.2986918848e+06   9.5793550406e-02   3.7216660657e-01   6.7900678944e-04   6.1584727633e-10   9.5841394873e-13   2.8932267035e-03   1.6190636991e-11   4.3980266435e-02   3.0990746321e-07   1.7980978580e-12   2.7204785900e-15   4.0618228752e-05   6.4967780332e-01   1.7426386382e-02   3.3707890800e-02   2.4566114131e-10   1.8490548761e-05   2.2020561696e-12   2.5157600000e-01
   6.8800000000e-01   6.8800000000e-01   5.9346504323e+02  -3.3644072505e+06   9.1120724273e-02   3.7917824217e-01   6.4587049831e-04   4.6768860483e-10   6.3209554101e-13   2.7520827056e-03   1.2190090322e-11   4.1834909147e-02   2.6965968144e-07   1.2592434766e-12   1.7889557408e-15   3.8400630821e-05   6.6676692829e-01   1.6576337027e-02   3.2063607600e-02   1.9113463800e-10   1.7593766910e-05   1.6416598213e-12   2.3930400000e-01
   7.0400000000e-01   7.0400000000e-01   5.7773625899e+02  -3.4301226163e+06   8.6447887702e-02   3.8650863872e-01   6.1273824372e-04   3.4803478948e-10   4.0879899356e-13   2.6109461523e-03   9.1550341344e-12   3.9689544864e-02   2.3355014725e-07   8.7008415749e-13   1.1626964274e-15   3.6249950015e-05   6.8385598650e-01   1.5726281876e-02   3.0419322718e-02   1.4651002181e-10   1.6695639942e-05   1.1955958281e-12   2.2703200000e-01
   7.2000000000e-01   7.2000000000e-01   5.6216015042e+02  -3.4958379820e+06   8.1775043901e-02   3.9418916072e-01   5.7960914894e-04   2.5356525103e-10   2.5945894847e-13   2.4698139479e-03   6.8515474467e-12   3.7544175520e-02   2.0151075787e-07   5.9232225830e-13   7.4580565976e-16   3.4151892063e-05   7.0094499198e-01   1.4876222468e-02   2.8775036764e-02   1.1061867020e-10   1.5796396750e-05   8.4972640467e-13   2.1476000000e-01
   7.3600000000e-01   7.3600000000e-01   5.4671982138e+02  -3.5615533477e+06   7.7102194970e-02   4.0225463769e-01   5.4648249506e-04   1.8072207037e-10   1.6181471303e-13   2.3286840548e-03   5.1031924061e-12   3.5398802463e-02   1.7337037729e-07   3.9672677158e-13   4.7146035827e-16   3.2094785368e-05   7.1803395631e-01   1.4026159900e-02   2.7130750111e-02   8.2248349505e-11   1.4896241406e-05   5.8875151232e-13   2.0248800000e-01
   7.5200000000e-01   7.5200000000e-01   5.3139908773e+02  -3.6272687135e+06   7.2429342331e-02   4.1074386119e-01   5.1335770920e-04   1.2590358503e-10   9.9329213306e-14   2.1875551440e-03   3.7768040055e-12   3.3253426657e-02   1.4887464563e-07   2.6106866056e-13   2.9327179755e-16   3.0069312032e-05   7.3512288880e-01   1.3176094969e-02   2.5486462997e-02   6.0205576073e-11   1.3995351017e-05   3.9727460665e-13   1.9021600000e-01
   7.6800000000e-01   7.6800000000e-01   5.1618246242e+02  -3.6929840792e+06   6.7756486983e-02   4.1970016376e-01   4.8023434610e-04   8.5660280389e-11   6.0119123316e-14   2.0464263710e-03   2.7718856890e-12   3.1108048801e-02   1.2770906151e-07   1.6855463681e-13   1.7922784592e-16   2.8068183969e-05   7.5221179674e-01   1.2326028263e-02   2.3842175573e-02   4.3368011337e-11   1.3093875733e-05   2.6076511594e-13   1.7794400000e-01
   7.8400000000e-01   7.8400000000e-01   5.0105515453e+02  -3.7586994449e+06   6.3083629646e-02   4.2917209519e-01   4.4711206698e-04   5.6854125107e-11   3.5932053180e-14   1.9052972262e-03   2.0125708835e-12   2.8962669414e-02   1.0952235732e-07   1.0661993531e-13   1.0741920949e-16   2.6085798227e-05   7.6930068578e-01   1.1475960224e-02   2.2197887940e-02   3.0721952624e-11   1.2191940223e-05   1.6627013870e-13   1.6567200000e-01
   8.0000000000e-01   8.0000000000e-01   4.8600308421e+02  -3.8244148106e+06   5.8410770850e-02   4.3921421384e-01   4.1399061813e-04   3.6761305132e-11   2.1225222698e-14   1.7641674306e-03   1.4414785715e-12   2.6817288881e-02   9.3947743737e-08   6.5982359882e-14   6.3009470909e-17   2.4117901870e-05   7.8638956016e-01   1.0625891183e-02   2.0553600167e-02   2.1383633690e-11   1.1289646085e-05   1.0281933285e-13   1.5340000000e-01
   8.1600000000e-01   8.1600000000e-01   4.7101291546e+02  -3.8901301763e+06   5.3737910992e-02   4.4988801506e-01   3.8086981132e-04   2.3116077177e-11   1.2389211812e-14   1.6230368616e-03   1.0150212174e-12   2.4671907491e-02   8.0620456408e-08   3.9891021237e-14   3.6080937191e-17   2.2161288811e-05   8.0347842312e-01   9.7758213911e-03   1.8909312299e-02   1.4606026752e-11   1.0387074733e-05   6.1543871469e-14   1.4112800000e-01
   8.3200000000e-01   8.3200000000e-01   4.5607210930e+02  -3.9558455420e+06   4.9065050372e-02   4.6126302283e-01   3.4774950710e-04   1.4105491212e-11   7.1359601079e-15   1.4819055006e-03   6.9985476887e-13   2.2526525462e-02   6.9190928601e-08   2.3525191767e-14   2.0103512384e-17   2.0213541675e-05   8.2056727708e-01   8.9257510372e-03   1.7265024366e-02   9.7745415743e-12   9.4842904624e-06   3.5575947934e-14   1.2885600000e-01
   8.4800000000e-01   8.4800000000e-01   4.4116900028e+02  -4.0215609078e+06   4.4392189213e-02   4.7341807643e-01   3.1462960128e-04   8.3300500543e-12   4.0457023377e-15   1.3407733945e-03   4.7023261786e-13   2.0381142956e-02   5.9333652034e-08   1.3513261910e-14   1.0850669724e-17   1.8272823283e-05   8.3765612388e-01   8.0756802652e-03   1.5620736390e-02   6.3954724618e-12   8.5813434267e-06   1.9809648046e-14   1.1658400000e-01
   8.6400000000e-01   8.6400000000e-01   4.2629289918e+02  -4.0872762735e+06   3.9719327680e-02   4.8644285051e-01   2.8151001466e-04   4.7454635548e-12   2.2505088998e-15   1.1996406290e-03   3.0606816427e-13   1.8235760096e-02   5.0752293290e-08   7.5507398855e-15   5.6380800469e-18   1.6337715948e-05   8.5474496494e-01   7.2256091834e-03   1.3976448386e-02   4.0806335623e-12   7.6782723744e-06   1.0596530100e-14   1.0431200000e-01
   8.8000000000e-01   8.8000000000e-01   4.1143422541e+02  -4.1529916392e+06   3.5046465896e-02   5.0043965539e-01   2.4839068552e-04   2.5978064297e-12   1.2244216942e-15   1.0585073100e-03   1.9154151180e-13   1.6090376974e-02   4.3181906072e-08   4.1013247758e-15   2.7953421735e-18   1.4407102719e-05   8.7183380140e-01   6.3755378731e-03   1.2332160363e-02   2.5307995732e-12   6.7751070569e-06   5.4312572080e-15   9.2040000000e-02
   8.9600000000e-01   8.9600000000e-01   3.9658467179e+02  -4.2187070049e+06   3.0373603947e-02   5.1552557457e-01   2.1527156432e-04   1.3605782397e-12   6.5017929179e-16   9.1737355086e-04   1.1411265118e-13   1.3944993659e-02   3.6389167767e-08   2.1677702296e-15   1.3053696399e-18   1.2480082844e-05   8.8892263416e-01   5.5254663956e-03   1.0687872328e-02   1.5196828102e-12   5.8718702650e-06   2.6627556229e-15   7.9768000000e-02
   9.1200000000e-01   9.1200000000e-01   3.8173740458e+02  -4.2844223706e+06   2.5700741894e-02   5.3183500997e-01   1.8215261014e-04   6.7862691318e-13   3.3719029003e-16   7.7623946356e-04   6.3828407325e-14   1.1799610202e-02   3.0171533616e-08   1.1206591685e-15   5.6309203894e-19   1.0555913380e-05   9.0601146398e-01   4.6753947965e-03   9.0435842856e-03   8.7942431529e-13   4.9685794981e-06   1.2494225487e-15   6.7496000000e-02
   9.2800000000e-01   9.2800000000e-01   3.6688729976e+02  -4.3501377363e+06   2.1027879779e-02   5.4952272196e-01   1.4903378837e-04   3.2117223938e-13   1.7183332496e-16   6.3510515254e-04   3.2833315232e-14   9.6542266424e-03   2.4356097391e-08   5.7410221155e-16   2.1763800275e-19   8.6339696031e-06   9.2310029149e-01   3.8253231100e-03   7.3992962379e-03   4.8801670117e-13   4.0652482970e-06   5.6453248191e-16   5.5224000000e-02
   9.4400000000e-01   9.4400000000e-01   3.5203121526e+02  -4.4158531020e+06   1.6355017627e-02   5.6876747386e-01   1.1591506905e-04   1.4432082424e-13   8.7283893392e-17   4.9397070980e-04   1.5014886526e-14   7.5088430093e-03   1.8798812086e-08   2.9825890372e-16   7.1590508542e-20   6.7137180953e-06   9.4018911726e-01   2.9752513617e-03   5.7550081871e-03   2.5866613201e-13   3.1618872869e-06   2.4999380524e-16   4.2952000000e-02
   9.6000000000e-01   9.6000000000e-01   3.3716829550e+02  -4.4815684677e+06   1.1682155457e-02   5.8977642010e-01   8.2796425840e-05   6.2318394097e-14   4.4880943862e-17   3.5283621051e-04   5.7311942810e-15   5.3634593251e-03   1.3384578894e-08   1.5979411265e-16   1.8166678741e-20   4.7946978087e-06   9.5727794175e-01   2.1251795710e-03   4.1107201346e-03   1.3072640844e-13   2.2585049857e-06   1.1206941299e-16   3.0680000000e-02
   9.7600000000e-01   9.7600000000e-01   3.2230030055e+02  -4.5472838334e+06   7.0092932765e-03   6.1279041812e-01   4.9677835068e-05   2.6117943529e-14   2.2430418357e-17   2.1170170835e-04   1.5830554605e-15   3.2180756076e-03   8.0285637217e-09   8.3086003428e-17   2.8199125969e-21   2.8765057535e-06   9.7436676537e-01   1.2751077528e-03   2.4664320811e-03   6.1522846591e-14   1.3551084346e-06   5.0832824879e-17   1.8408000000e-02
   9.9200000000e-01   9.9200000000e-01   3.0743194682e+02  -4.6129991990e+06   2.3364310925e-03   6.3809050087e-01   1.6559274988e-05   7.8621822600e-15   7.1936734742e-18   7.0567230200e-05   1.9376209880e-16   1.0726918712e-03   2.6789400582e-09   2.6963411125e-17   1.0851294047e-22   9.5878515096e-07   9.9145558851e-01   4.2503591924e-04   8.2214402709e-04   1.9141163540e-14   4.5170370086e-07   1.5908927343e-17   6.1360000000e-03
   1.0000000000e+00   1.0000000000e+00   3.0000000000e+02  -4.6458568819e+06   0.0000000000e+00   6.5169855213e-01   0.0000000000e+00   0.0000000000e+00   0.0000000000e+00   0.0000000000e+00   0.0000000000e+00   0.0000000000e+00   0.0000000000e+00   0.0000000000e+00   0.0000000000e+00   0.0000000000e+00   1.0000000000e+00   0.0000000000e+00   0.0000000000e+00   0.0000000000e+00   0.0000000000e+00   0.0000000000e+00   0.0000000000e+00