# L (m)  = 1
# P (Pa) = 101325
#             001_x           002_mixf              003_T              004_h             005_pv        006_density             007_H2              008_H              009_O             010_O2             011_OH            012_H2O            013_HO2            014_CH2         015_CH2(S)            016_CH3            017_CH4             018_CO            019_CO2            020_HCO           021_CH2O          022_CH2OH             023_N2
                  0   0.0000000000e+00   3.0000000000e+02   1.9075768848e+03   0.0000000000e+00   1.1719839921e+00   0.0000000000e+00   0.0000000000e+00   0.0000000000e+00   2.3300000000e-01   0.0000000000e+00   0.0000000000e+00   0.0000000000e+00   0.0000000000e+00   0.0000000000e+00   0.0000000000e+00   0.0000000000e+00   0.0000000000e+00   0.0000000000e+00   0.0000000000e+00   0.0000000000e+00   0.0000000000e+00   7.6700000000e-01
   2.0000000000e-03   2.0000000000e-03   3.6642030857e+02  -1.7392793143e+04   8.5756591035e-03   9.5702492685e-01   2.7089371109e-05   1.0612725979e-07   8.4480055925e-06   2.2584930997e-01   1.9350171011e-05   4.1194983409e-03   2.6471885834e-05   4.0018609529e-10   2.0362128311e-11   3.6421336022e-07   4.7671573935e-05   1.6032674197e-03   2.8258039718e-03   2.3410741658e-09   6.6161823179e-06   1.2011297898e-12   7.6546600000e-01
   6.0000000000e-03   6.0000000000e-03   4.9558769040e+02  -5.5993525069e+04   2.5710009506e-02   7.0388888923e-01   8.1520754572e-05   6.7261244842e-07   2.6603954501e-05   2.1157124605e-01   5.9915286631e-05   1.2350092647e-02   6.6881529525e-05   2.4058981362e-09   1.7727315074e-10   1.1592908793e-06   1.4527007418e-04   4.8130744498e-03   8.4653216546e-03   2.2336951102e-08   2.0216747096e-05   2.9215379478e-11   7.6239800000e-01
   1.0000000000e-02   1.0000000000e-02   6.1893874499e+02  -9.4594202636e+04   4.2789134107e-02   5.6065410736e-01   1.3671477228e-04   1.9612315190e-06   4.8871398805e-05   1.9734738564e-01   1.0625908336e-04   2.0552443622e-02   8.9108211815e-05   7.1779111936e-09   5.8095418964e-10   2.3152914957e-06   2.4973390960e-04   8.0331152686e-03   1.4066860444e-02   8.4296999510e-08   3.5138874485e-05   1.9357682677e-10   7.5933000000e-01
   1.4000000000e-02   1.4000000000e-02   7.3567785793e+02  -1.3319465296e+05   5.9770136806e-02   4.6920518781e-01   1.9324691598e-04   4.2392002744e-06   7.7556917503e-05   1.8320699545e-01   1.5890700496e-04   2.8704714763e-02   9.6700948442e-05   1.8509362705e-08   1.5309604711e-09   4.3110154142e-06   3.6611189414e-04   1.1270819652e-02   1.9601355474e-02   2.4039634006e-07   5.2779607125e-05   7.1887888946e-10   7.5626200000e-01
   1.8000000000e-02   1.8000000000e-02   8.4541282064e+02  -1.7179437542e+05   7.6602448238e-02   4.0613840892e-01   2.5189954856e-04   7.6461285493e-06   1.1454578994e-04   1.6918453044e-01   2.1690894618e-04   3.6781459740e-02   9.5850962931e-05   4.4960828068e-08   3.6745557021e-09   7.8859248158e-06   5.0038890947e-04   1.4533522178e-02   2.5035566772e-02   5.9337718843e-07   7.5150658796e-05   1.9912796189e-09   7.5319400000e-01
   2.2000000000e-02   2.2000000000e-02   9.4808243543e+02  -2.1039176001e+05   9.3222582207e-02   3.6022185544e-01   3.1384569347e-04   1.2125546258e-05   1.5994144627e-04   1.5532644400e-01   2.7986730429e-04   4.4750284782e-02   9.2133444972e-05   1.0506824849e-07   8.3357374382e-09   1.4241195073e-05   6.6023301040e-04   1.7827113263e-02   3.0331338469e-02   1.3225775881e-06   1.0499108475e-04   4.7809450887e-09   7.5012600000e-01
   2.6000000000e-02   2.6000000000e-02   1.0438036957e+03  -2.4898045105e+05   1.0954702903e-01   3.2542413142e-01   3.8081086106e-04   1.7443881443e-05   2.0977072744e-04   1.4170103332e-01   3.4742460242e-04   5.2567542657e-02   8.9021441497e-05   2.3800761318e-07   1.8167770887e-08   2.5394882597e-05   8.5621889710e-04   2.1153606980e-02   3.5445068531e-02   2.6867385027e-06   1.4570949896e-04   1.0803145657e-08   7.4705800000e-01
   3.0000000000e-02   3.0000000000e-02   1.1325275554e+03  -2.8753956158e+05   1.2546363381e-01   2.9829955221e-01   4.5513667581e-04   2.3245752886e-05   2.5487389179e-04   1.2840903401e-01   4.1641651480e-04   6.0173697628e-02   8.7805210399e-05   5.2156597661e-07   3.8151479072e-08   4.4738949255e-05   1.1037702928e-03   2.4507256994e-02   4.0327542515e-02   4.9565271382e-06   2.0094154609e-04   2.3771225719e-08   7.4399000000e-01
   3.4000000000e-02   3.4000000000e-02   1.2138168465e+03  -3.2602290185e+05   1.4082314274e-01   2.7680051617e-01   5.3961942019e-04   2.9034239733e-05   2.8299784413e-04   1.1558991037e-01   4.7816260779e-04   6.7489551878e-02   8.8215370664e-05   1.0927784273e-06   7.6457273531e-08   7.7820170689e-05   1.4258052325e-03   2.7868921412e-02   4.4925050028e-02   8.2485512492e-06   2.7344284534e-04   5.0794322562e-08   7.4092200000e-01
   3.8000000000e-02   3.8000000000e-02   1.2870200651e+03  -3.6433869671e+05   1.5543538105e-01   2.5962765190e-01   6.3694152399e-04   3.4073047489e-05   2.8394220558e-04   1.0341842519e-01   5.1861726217e-04   7.4415681241e-02   8.9190291361e-05   2.1461800499e-06   1.4345620206e-07   1.3311992140e-04   1.8554461531e-03   3.1199443759e-02   4.9183314526e-02   1.2298440617e-05   3.6311411260e-04   1.0269161909e-07   7.3785400000e-01
   4.2000000000e-02   4.2000000000e-02   1.3513718729e+03  -4.0230426367e+05   1.6907795479e-01   2.4592020010e-01   7.4861073843e-04   3.7361843696e-05   2.5520853837e-04   9.2086762157e-02   5.2295305739e-04   8.0838624113e-02   8.9508276401e-05   3.8506216546e-06   2.4557169230e-07   2.2185983106e-04   2.4373307250e-03   3.4435508101e-02   5.3055211838e-02   1.6298173442e-05   4.6447686115e-04   1.8955339162e-07   7.3478600000e-01
   4.6000000000e-02   4.6000000000e-02   1.4062436273e+03  -4.3954972809e+05   1.8152611649e-01   2.3506239003e-01   8.7369705266e-04   3.7884908363e-05   2.0452850984e-04   8.1770206116e-02   4.8361832735e-04   8.6647127582e-02   8.8182398945e-05   6.1350086094e-06   3.7258231884e-07   3.5496727331e-04   3.2253862046e-03   3.7494362545e-02   5.6510929314e-02   1.9021961852e-05   5.6527179264e-04   3.0842296495e-07   7.3171800000e-01
   5.0000000000e-02   5.0000000000e-02   1.4516099926e+03  -4.7529711668e+05   1.9260383415e-01   2.2653544826e-01   1.0081679283e-03   3.5161913181e-05   1.4656473288e-04   7.2583510351e-02   4.0696707065e-04   9.1757454025e-02   8.4657682920e-05   8.4663591441e-06   4.8840848409e-07   5.3613181878e-04   4.2753559844e-03   4.0292203829e-02   5.9546008366e-02   1.9409661616e-05   6.4902129119e-04   4.3057685455e-07   7.2865000000e-01
   5.4000000000e-02   5.4000000000e-02   1.4888445334e+03  -5.0766139539e+05   2.0223619694e-01   2.1976878308e-01   1.1456459079e-03   2.9736147865e-05   9.5195849266e-05   6.4548151667e-02   3.1206146631e-04   9.6138032164e-02   7.8863695554e-05   9.9863217839e-06   5.4640265371e-07   7.5442365961e-04   5.6329856992e-03   4.2770680012e-02   6.2181838853e-02   1.7307761246e-05   7.0203480440e-04   5.0958860431e-07   7.2558200000e-01
   5.8000000000e-02   5.8000000000e-02   1.5221491532e+03  -5.3166516669e+05   2.1046949242e-01   2.1393499852e-01   1.2794316931e-03   2.3045993058e-05   5.7459151103e-05   5.7592253355e-02   2.2098500245e-04   9.9818192472e-02   7.1188559377e-05   1.0122852893e-05   5.2674642319e-07   9.8416624396e-04   7.3228894987e-03   4.4914417143e-02   6.4457451111e-02   1.3617983372e-05   7.1973723934e-04   5.1495520247e-07   7.2251400000e-01
   6.2000000000e-02   6.2000000000e-02   1.5536458418e+03  -5.4588940392e+05   2.1744351758e-01   2.0864272023e-01   1.4044477904e-03   1.6691200977e-05   3.3234951116e-05   5.1584439633e-02   1.4803017071e-04   1.0287424276e-01   6.2430217882e-05   9.0351331467e-06   4.4927858464e-07   1.1943270029e-03   9.3447055946e-03   4.6747064683e-02   6.6417762345e-02   9.7109954831e-06   7.0697329349e-04   4.5494811112e-07   7.1944600000e-01
   6.6000000000e-02   6.6000000000e-02   1.5797517062e+03  -5.5754373100e+05   2.2333825146e-01   2.0429988292e-01   1.5181159225e-03   1.1697959536e-05   1.8993802351e-05   4.6376843611e-02   9.6835457632e-05   1.0540289952e-01   5.3471220809e-05   7.3958815892e-06   3.5231199783e-07   1.3625731404e-03   1.1675342291e-02   4.8312535212e-02   6.8104700814e-02   6.5837460929e-06   6.7329336977e-04   3.6574409629e-07   7.1637800000e-01
   7.0000000000e-02   7.0000000000e-02   1.6002505194e+03  -5.6893745359e+05   2.2832781894e-01   2.0083865412e-01   1.6201352774e-03   8.2820237320e-06   1.1106829386e-05   4.1835426973e-02   6.4387030760e-05   1.0749756014e-01   4.4997502240e-05   5.8464134177e-06   2.6799805814e-07   1.4835614134e-03   1.4275532144e-02   4.9656608084e-02   6.9553515441e-02   4.4630403506e-06   6.2802751245e-04   2.8218187675e-07   7.1331000000e-01
   7.4000000000e-02   7.4000000000e-02   1.6160213793e+03  -5.8039103380e+05   2.3255733537e-01   1.9807739562e-01   1.7114468667e-03   6.1453117945e-06   6.8643391116e-06   3.7852719932e-02   4.5097319495e-05   1.0923591660e-01   3.7439277145e-05   4.6755766448e-06   2.0753141443e-07   1.5641521376e-03   1.7101899890e-02   5.0817138280e-02   7.0792833626e-02   3.1467608539e-06   5.7809704481e-04   2.1950890993e-07   7.1024200000e-01
   7.8000000000e-02   7.8000000000e-02   1.6278664463e+03  -5.9194539618e+05   2.3613992832e-01   1.9587161990e-01   1.7932931971e-03   4.8535973681e-06   4.5571167736e-06   3.4346386759e-02   3.3786288305e-05   1.1067794448e-01   3.0983935148e-05   3.8810166792e-06   1.6768707610e-07   1.6150323825e-03   2.0116052916e-02   5.1822513749e-02   7.1846176894e-02   2.3452288142e-06   5.2784758992e-04   1.7716091591e-07   7.0717400000e-01
   8.2000000000e-02   8.2000000000e-02   1.6364093651e+03  -6.0361395739e+05   2.3916321242e-01   1.9411649062e-01   1.8667463751e-03   4.0513624873e-06   3.2330247000e-06   3.1252615736e-02   2.6869524525e-05   1.1186917869e-01   2.5627964033e-05   3.3502191988e-06   1.4131145152e-07   1.6454345134e-03   2.3287776189e-02   5.2693783753e-02   7.2733503597e-02   1.8368247583e-06   4.7970199230e-04   1.4892144991e-07   7.0410600000e-01
   8.6000000000e-02   8.6000000000e-02   1.6420527894e+03  -6.1554887499e+05   2.4169702550e-01   1.9274466171e-01   1.9326104141e-03   3.5134409000e-06   2.4086118477e-06   2.8520019829e-02   2.2272373849e-05   1.1284496996e-01   2.1262306709e-05   2.9744315888e-06   1.2258036663e-07   1.6616719543e-03   2.6594238233e-02   5.3447159180e-02   7.3472285951e-02   1.4897356329e-06   4.3487196929e-04   1.2902763693e-07   7.0103800000e-01
   9.0000000000e-02   9.0000000000e-02   1.6449360509e+03  -6.2818491069e+05   2.4379919073e-01   1.9172655103e-01   1.9914859410e-03   3.1174879335e-06   1.8516849138e-06   2.6105606933e-02   1.8920488643e-05   1.1363380390e-01   1.7739376958e-05   2.6823058994e-06   1.0797267392e-07   1.6676586913e-03   3.0017909099e-02   5.4095758704e-02   7.4078142180e-02   1.2350427026e-06   3.9386638896e-04   1.1380110434e-07   6.9797000000e-01
   9.4000000000e-02   9.4000000000e-02   1.6452271201e+03  -6.4182317059e+05   2.4551907271e-01   1.9103375045e-01   2.0438572007e-03   2.8025264114e-06   1.4516494168e-06   2.3972443958e-02   1.6292336696e-05   1.1425940968e-01   1.4909766667e-05   2.4355743445e-06   9.5702735444e-08   1.6658303976e-03   3.3544729441e-02   5.4650620040e-02   7.4565185796e-02   1.0380640754e-06   3.5679658217e-04   1.0128560651e-07   6.9490200000e-01
   9.8000000000e-02   9.8000000000e-02   1.6432577338e+03  -6.5642533403e+05   2.4689963558e-01   1.9062257767e-01   2.0901513045e-03   2.5389027444e-06   1.1530543679e-06   2.2088321938e-02   1.4137933123e-05   1.1474200121e-01   1.2639010326e-05   2.2163270732e-06   8.4968672603e-08   1.6578225970e-03   3.7162926806e-02   5.5121256170e-02   7.4946226898e-02   8.8066860332e-07   3.2355167661e-04   9.0533773234e-08   6.9183400000e-01
   1.0200000000e-01   1.0200000000e-01   1.6394023481e+03  -6.7181062075e+05   2.4797867427e-01   1.9044724880e-01   2.1307683567e-03   2.3115886739e-06   9.2506961722e-07   2.0424929270e-02   1.2328882344e-05   1.1509902237e-01   1.0813644736e-05   2.0168468884e-06   7.5419383532e-08   1.6448427934e-03   4.0862347291e-02   5.5515979409e-02   7.5232904142e-02   7.5248421084e-07   2.9390134635e-04   8.1089971806e-08   6.8876600000e-01
   1.0600000000e-01   1.0600000000e-01   1.6339982833e+03  -6.8779372936e+05   2.4878963085e-01   1.9046804440e-01   2.1660938739e-03   2.1121786629e-06   7.4851277708e-07   1.8957269402e-02   1.0789827703e-05   1.1534563411e-01   9.3414138138e-06   1.8338244922e-06   6.6882366228e-08   1.6278455473e-03   4.4634084844e-02   5.5842117350e-02   7.5435785518e-02   6.4688392462e-07   2.6755712272e-04   7.2712789516e-08   6.8569800000e-01
   1.1000000000e-01   1.1000000000e-01   1.6273277889e+03  -7.0422466244e+05   2.4936220169e-01   1.9065256974e-01   2.1965027409e-03   1.9353718023e-06   6.1039437384e-07   1.7663206219e-02   9.4701281189e-06   1.1549506953e-01   8.1488485449e-06   1.6656530200e-06   5.9249945297e-08   1.6076111584e-03   4.8470257464e-02   5.6106175561e-02   7.5564453861e-02   5.5921662369e-07   2.4420935458e-04   6.5250336858e-08   6.8263000000e-01
   1.1400000000e-01   1.1400000000e-01   1.6196228246e+03  -7.2099032507e+05   2.4972282609e-01   1.9097469635e-01   2.2223597317e-03   1.7774646976e-06   5.0145560976e-07   1.6523089355e-02   8.3323711936e-06   1.1555891478e-01   7.1780843592e-06   1.5113163456e-06   5.2437419963e-08   1.5847845693e-03   5.2363852871e-02   5.6313968440e-02   7.5627583142e-02   4.8600859110e-07   2.2354938223e-04   5.8590079183e-08   6.7956200000e-01
   1.1800000000e-01   1.1800000000e-01   1.6110742466e+03  -7.3800707507e+05   2.4989509436e-01   1.9141320523e-01   2.2440188184e-03   1.6356795355e-06   4.1490320946e-07   1.5519438681e-02   7.3473721711e-06   1.1554734095e-01   6.3837783435e-06   1.3699744849e-06   4.6369182936e-08   1.5598992761e-03   5.6308609961e-02   5.6470726622e-02   7.5633007974e-02   4.2456940893e-07   2.0528243593e-04   5.2639674648e-08   6.7649400000e-01
   1.2200000000e-01   1.2200000000e-01   1.6018401459e+03  -7.5521308094e+05   2.4990009333e-01   1.9195065549e-01   2.2618221174e-03   1.5078346947e-06   3.4566658194e-07   1.4636676795e-02   6.4916696424e-06   1.1546929864e-01   5.7304448848e-06   1.2408246227e-06   4.0974698963e-08   1.5333953944e-03   6.0298922365e-02   5.6581184974e-02   7.5587787594e-02   3.7277126349e-07   1.8913461353e-04   4.7319558930e-08   6.7342600000e-01
   1.2600000000e-01   1.2600000000e-01   1.5920524264e+03  -7.7256235366e+05   2.4975670000e-01   1.9257253213e-01   2.2760987756e-03   1.3921634770e-06   2.8991727311e-07   1.3860901747e-02   5.7460638697e-06   1.1533268211e-01   5.1902771442e-06   1.1230643463e-06   3.6187678254e-08   1.5056348452e-03   6.4329758179e-02   5.6649653920e-02   7.5498265194e-02   3.2890982224e-07   1.7485608360e-04   4.2559791455e-08   6.7035800000e-01
   1.3000000000e-01   1.3000000000e-01   1.5818218255e+03  -7.9002042289e+05   2.4948183150e-01   1.9326661970e-01   2.2871639108e-03   1.2872037439e-06   2.4473953604e-07   1.3179693658e-02   5.0946564645e-06   1.1514446777e-01   4.7414191272e-06   1.0158905481e-06   3.1946149455e-08   1.4769145421e-03   6.8396592611e-02   5.6680076513e-02   7.5370123309e-02   2.9160858742e-07   1.6222192536e-04   3.8298449195e-08   6.6729000000e-01
   1.3400000000e-01   1.3400000000e-01   1.5712417464e+03  -8.0756126342e+05   2.4909065821e-01   1.9402254082e-01   2.2953176542e-03   1.1917255776e-06   2.0789686055e-07   1.2581949755e-02   4.5241697837e-06   1.1491083117e-01   4.3666190709e-06   9.1850917463e-07   2.8192678424e-08   1.4474778530e-03   7.2495351297e-02   5.6676073549e-02   7.5208435843e-02   2.5974932665e-07   1.5103153993e-04   3.4480606550e-08   6.6422200000e-01
   1.3800000000e-01   1.3800000000e-01   1.5603912253e+03  -8.2516510371e+05   2.4859678634e-01   1.9483141199e-01   2.3008443316e-03   1.1046813388e-06   1.7766308646e-07   1.2057743049e-02   4.0234413952e-06   1.1463724598e-01   4.0521906285e-06   8.3014664549e-07   2.4874504983e-08   1.4175244708e-03   7.6622362415e-02   5.6640978855e-02   7.5017717176e-02   2.3241962378e-07   1.4110724776e-04   3.1057556559e-08   6.6115400000e-01
   1.4200000000e-01   1.4200000000e-01   1.5493372670e+03  -8.4281684477e+05   2.4801241516e-01   1.9568558252e-01   2.3040118037e-03   1.0251698091e-06   1.5269849498e-07   1.1598200541e-02   3.5830367734e-06   1.1432856794e-01   3.7872158434e-06   7.5005967814e-07   2.1943548372e-08   1.3872188066e-03   8.0774316035e-02   5.6577866742e-02   7.4801968682e-02   2.0887239755e-07   1.3229247061e-04   2.7986146399e-08   6.5808600000e-01
   1.4600000000e-01   1.4600000000e-01   1.5381367155e+03  -8.6050490211e+05   2.4734847355e-01   1.9657843304e-01   2.3050709863e-03   9.5240960559e-07   1.3195791547e-07   1.1195397459e-02   3.1949459361e-06   1.1398910632e-01   3.5629349747e-06   6.7754256594e-07   1.9356291828e-08   1.3566970277e-03   8.4948229338e-02   5.6489573375e-02   7.4564722873e-02   1.8849415321e-07   1.2444975060e-04   2.5228179875e-08   6.5501800000e-01
   1.5000000000e-01   1.5000000000e-01   1.5268377773e+03  -8.7822034598e+05   2.4661473969e-01   1.9750421738e-01   2.3042555586e-03   8.8571890958e-07   1.1462197797e-07   1.0842264603e-02   2.8523418363e-06   1.1362268522e-01   3.3722792989e-06   6.1193189042e-07   1.7073574288e-08   1.3260728714e-03   8.9141416582e-02   5.6378713585e-02   7.4309085325e-02   1.7077980001e-07   1.1745876088e-04   2.2749870076e-08   6.5195000000e-01
   1.5400000000e-01   1.5400000000e-01   1.5154812776e+03  -8.9595625655e+05   2.4581994706e-01   1.9845793636e-01   2.3017818635e-03   8.2449962949e-07   1.0004530278e-07   1.0532506385e-02   2.5493854439e-06   1.1323269638e-01   3.2095126930e-06   5.5260901108e-07   1.5060319279e-08   1.2954423711e-03   9.3351462839e-02   5.6247694403e-02   7.4037774416e-02   1.5531251181e-07   1.1121439861e-04   2.0521337048e-08   6.4888200000e-01
   1.5800000000e-01   1.5800000000e-01   1.5041017078e+03  -9.1370723835e+05   2.4497187945e-01   1.9943523564e-01   2.2978489982e-03   7.6822476263e-07   8.7717206615e-08   1.0260527640e-02   2.2810669077e-06   1.1282214517e-01   3.0699557529e-06   4.9900078585e-07   1.3285227356e-08   1.2648876294e-03   9.7576200754e-02   5.6098726353e-02   7.3753158931e-02   1.4174752180e-07   1.0562500867e-04   1.8516149433e-08   6.4581400000e-01
   1.6200000000e-01   1.6200000000e-01   1.4927281083e+03  -9.3146905527e+05   2.4407745679e-01   2.0043232192e-01   2.2926390830e-03   7.1642812993e-07   7.7231736441e-08   1.0021367660e-02   2.0430750992e-06   1.1239369089e-01   2.9497724900e-06   4.5057897105e-07   1.1720453053e-08   1.2344797746e-03   1.0181368970e-01   5.5933833335e-02   7.3457293481e-02   1.2979902141e-07   1.0061076049e-04   1.6710909874e-08   6.4274600000e-01
   1.6600000000e-01   1.6600000000e-01   1.4813848161e+03  -9.4923835828e+05   2.4314281356e-01   2.0144589333e-01   2.2863176961e-03   6.6869591655e-07   6.8264704057e-08   9.8106402500e-03   1.8316898027e-06   1.1194968241e-01   2.8458045145e-06   4.0685869503e-07   1.0341281894e-08   1.2042812260e-03   1.0606219681e-01   5.5754861707e-02   7.3151951742e-02   1.1922953028e-07   9.6102183850e-05   1.5084883588e-08   6.3967800000e-01
   1.7000000000e-01   1.7000000000e-01   1.4700921041e+03  -9.6701248454e+05   2.4217337091e-01   2.0247308084e-01   2.2790344543e-03   6.2465962025e-07   6.0556008222e-08   9.6244788914e-03   1.6436921801e-06   1.1149218998e-01   2.7554413338e-06   3.6739633035e-07   9.1258182651e-09   1.1743473893e-03   1.1032017962e-01   5.5563489024e-02   7.2838657449e-02   1.0984124643e-07   9.2038860255e-05   1.3619668792e-08   6.3661000000e-01
   1.7400000000e-01   1.7400000000e-01   1.4588667301e+03  -9.8478931073e+05   2.4117390336e-01   2.0351139841e-01   2.2709237193e-03   5.8399012232e-07   5.3895972332e-08   9.4594863282e-03   1.4762901165e-06   1.1102303377e-01   2.6765182067e-06   3.3178702540e-07   8.0546911542e-09   1.1447278903e-03   1.1458626986e-01   5.5361232720e-02   7.2518713150e-02   1.0146899333e-07   8.8368260818e-05   1.2298907253e-08   6.3354200000e-01
   1.7800000000e-01   1.7800000000e-01   1.4477224114e+03  -1.0025671467e+06   2.4014860071e-01   2.0455869990e-01   2.2621054047e-03   5.4639267745e-07   4.8114747871e-08   9.3126880538e-03   1.3270557778e-06   1.1054380969e-01   2.6072351130e-06   2.9966212607e-07   7.1107821728e-09   1.1154674452e-03   1.1885925842e-01   5.5149458926e-02   7.2193226694e-02   9.3974465951e-08   8.5044719428e-05   1.1108034272e-08   6.3047400000e-01
   1.8200000000e-01   1.8200000000e-01   1.4366702385e+03  -1.0203446580e+06   2.3910112560e-01   2.0561314146e-01   2.2526858626e-03   5.1160271131e-07   4.3074075967e-08   9.1814893346e-03   1.1938733119e-06   1.1005591278e-01   2.5460919817e-06   2.7068680564e-07   6.2789795451e-09   1.0866064520e-03   1.2313808120e-01   5.4929391487e-02   7.1863135475e-02   8.7241561394e-08   8.2028528856e-05   1.0034073886e-08   6.2740600000e-01
   1.8600000000e-01   1.8600000000e-01   1.4257190358e+03  -1.0381208077e+06   2.3803466707e-01   2.0667314808e-01   2.2427588225e-03   4.7938258860e-07   3.8660911571e-08   9.0636354936e-03   1.0748954258e-06   1.0956055859e-01   2.4918364741e-06   2.4455875245e-07   5.5459662843e-09   1.0581813695e-03   1.2742180580e-01   5.4702121198e-02   7.1529228462e-02   8.1172721482e-08   7.9285147504e-05   9.0655115591e-09   6.2433800000e-01
   1.9000000000e-01   1.9000000000e-01   1.4148756799e+03  -1.0558948122e+06   2.3695199025e-01   2.0773738374e-01   2.2324063601e-03   4.4952091885e-07   3.4782766971e-08   8.9571752572e-03   9.6851063989e-07   1.0905880260e-01   2.4434213442e-06   2.2101101368e-07   4.9000750382e-09   1.0302249134e-03   1.3170961904e-01   5.4468615208e-02   7.1192166086e-02   7.5686637393e-08   7.6784504804e-05   8.1923756218e-09   6.2127000000e-01
   1.9400000000e-01   1.9400000000e-01   1.4041453786e+03  -1.0736661036e+06   2.3585548232e-01   2.0880472438e-01   2.2216998546e-03   4.2184396915e-07   3.1366063472e-08   8.8604270194e-03   8.7334687566e-07   1.0855155794e-01   2.3999683286e-06   1.9983077911e-07   4.3313554792e-09   1.0027659333e-03   1.3600081552e-01   5.4229726497e-02   7.0852498036e-02   7.0719151744e-08   7.4500392829e-05   7.4069915462e-09   6.1820200000e-01
   1.9800000000e-01   1.9800000000e-01   1.3935319166e+03  -1.0914342970e+06   2.3474719438e-01   2.0987423349e-01   2.2107008097e-03   3.9629448268e-07   2.8367141018e-08   8.7719479463e-03   7.8857204776e-07   1.0803961116e-01   2.3607328546e-06   1.8093599008e-07   3.8326672521e-09   9.7582791904e-04   1.4029478815e-01   5.3986203312e-02   7.0510679096e-02   6.6233040634e-08   7.2409927262e-05   6.7067100301e-09   6.1513400000e-01
   2.0800000000e-01   2.0800000000e-01   1.3675836054e+03  -1.1358462302e+06   2.3195139703e-01   2.1254260060e-01   2.1826010914e-03   3.3902792400e-07   2.2098261809e-08   8.5683431272e-03   6.1040106679e-07   1.0674966610e-01   2.2715297800e-06   1.4013567358e-07   2.8108762650e-09   9.0980588655e-04   1.5103538883e-01   5.3367441005e-02   6.9651688837e-02   5.6227553484e-08   6.7617701577e-05   5.1872959721e-09   6.0746400000e-01
   2.2400000000e-01   2.2400000000e-01   1.3275670731e+03  -1.2068532680e+06   2.2737725785e-01   2.1682352049e-01   2.1356276755e-03   2.6720678683e-07   1.5202702507e-08   8.3134586265e-03   4.1008709504e-07   1.0464432364e-01   2.1679289711e-06   9.4383022152e-08   1.7322574133e-09   8.1378941783e-04   1.6823843457e-01   5.2336276878e-02   6.8261029654e-02   4.4544060369e-08   6.2054964147e-05   3.4849015907e-09   5.9519200000e-01
   2.4000000000e-01   2.4000000000e-01   1.2894643236e+03  -1.2778183991e+06   2.2275184802e-01   2.2108583699e-01   2.0880888242e-03   2.1275407698e-07   1.0655476357e-08   8.0947950421e-03   2.7814610853e-07   1.0251710262e-01   2.0862942461e-06   6.4007751601e-08   1.0760119993e-09   7.2771387229e-04   1.8544503943e-01   5.1283803851e-02   6.6862852725e-02   3.6027675560e-08   5.7912316564e-05   2.3546610052e-09   5.8292000000e-01
   2.5600000000e-01   2.5600000000e-01   1.2531551278e+03  -1.3487560609e+06   2.1809990912e-01   2.2532683586e-01   2.0406442562e-03   1.7106430639e-07   7.5857418844e-09   7.8950909958e-03   1.9037931031e-07   1.0037803830e-01   2.0177787213e-06   4.3781994036e-08   6.7446100420e-10   6.5134086985e-04   2.0264844681e-01   5.0220262969e-02   6.5460963599e-02   2.9682157538e-08   5.4749647737e-05   1.6055093850e-09   5.7064800000e-01
   2.7200000000e-01   2.7200000000e-01   1.2185023678e+03  -1.4196777397e+06   2.1343356675e-01   2.2954974844e-01   1.9935515079e-03   1.3880912817e-07   5.4719522274e-09   7.7058706924e-03   1.3140763597e-07   9.8232224890e-02   1.9574609120e-06   3.0218032486e-08   4.2673479208e-10   5.8401616353e-04   2.1984598616e-01   4.9150755928e-02   6.4057034422e-02   2.4854218265e-08   5.2270482668e-05   1.1079180772e-09   5.5837600000e-01
   2.8800000000e-01   2.8800000000e-01   1.1853718004e+03  -1.4905908254e+06   2.0875884274e-01   2.3376034447e-01   1.9468820576e-03   1.1359444931e-07   3.9920932421e-09   7.5228994249e-03   9.1407424742e-08   9.6082299369e-02   1.9023907816e-06   2.1044748334e-08   2.7251318936e-10   5.2487442544e-04   2.3703696009e-01   4.8077808532e-02   6.2651852783e-02   2.1108057485e-08   5.0268730234e-05   7.7636194288e-10   5.4610400000e-01
   3.0400000000e-01   3.0400000000e-01   1.1536389309e+03  -1.5614995393e+06   2.0407887211e-01   2.3796540952e-01   1.9006291783e-03   9.3684978295e-08   2.9411075195e-09   7.3439486355e-03   6.4034650370e-08   9.3929696370e-02   1.8506432980e-06   1.4784535203e-08   1.7559187327e-10   4.7298832235e-04   2.5422154718e-01   4.7002709598e-02   6.1245836967e-02   1.8146414962e-08   4.8598785307e-05   5.5445700592e-10   5.3383200000e-01
   3.2000000000e-01   3.2000000000e-01   1.1231904871e+03  -1.6324061160e+06   1.9939541129e-01   2.4217213560e-01   1.8547575709e-03   7.7812654440e-08   2.1852369176e-09   7.1677508631e-03   4.5149007420e-08   9.1775253101e-02   1.8008459650e-06   1.0472825599e-08   1.1410444961e-10   4.2745924448e-04   2.7140026866e-01   4.5926161223e-02   5.9839239394e-02   1.5762966931e-08   4.7157196572e-05   4.0500069672e-10   5.2156000000e-01
   3.3600000000e-01   3.3600000000e-01   1.0939239416e+03  -1.7033116779e+06   1.9470952709e-01   2.4638790960e-01   1.8092245886e-03   6.5042673836e-08   1.6354929192e-09   6.9935227105e-03   3.2020542924e-08   8.9619495092e-02   1.7519388485e-06   7.4761595540e-09   7.4738183053e-11   3.8746338611e-04   2.8857374402e-01   4.4848580139e-02   5.8432227271e-02   1.3812257197e-08   4.5870486013e-05   3.0342333376e-10   5.0928800000e-01
   3.5200000000e-01   3.5200000000e-01   1.0657464844e+03  -1.7742167679e+06   1.9002191406e-01   2.5062025995e-01   1.7639886000e-03   5.4679419118e-08   1.2316548461e-09   6.8207447748e-03   2.2831225229e-08   8.7462772996e-02   1.7030555557e-06   5.3752722029e-09   4.9314245929e-11   3.5226913295e-04   3.0574258574e-01   4.3770235281e-02   5.7024917184e-02   1.2190142864e-08   4.4686645705e-05   2.3349774350e-10   4.9701600000e-01
   3.6800000000e-01   3.6800000000e-01   1.0385739393e+03  -1.8451216410e+06   1.8533304761e-01   2.5487686219e-01   1.7190118689e-03   4.6200208249e-08   9.3234658337e-10   6.6490549246e-03   1.6358719880e-08   8.5305331385e-02   1.6534692308e-06   3.8902131972e-09   3.2759703750e-11   3.2123833928e-04   3.2290735817e-01   4.2691312019e-02   5.5617392335e-02   1.0820878487e-08   4.3569071254e-05   1.8451978080e-10   4.8474400000e-01
   3.8400000000e-01   3.8400000000e-01   1.0123297726e+03  -1.9160264149e+06   1.8064326400e-01   2.5916556633e-01   1.6742612161e-03   3.9208447469e-08   7.0874620142e-10   6.4781921323e-03   1.1773763816e-08   8.3147346059e-02   1.6025723172e-06   2.8323181522e-09   2.1897693994e-11   2.9381973259e-04   3.4006856502e-01   4.1611944062e-02   5.4209712660e-02   9.6485031911e-09   4.2492203629e-05   1.4944413737e-10   4.7247200000e-01
   4.0000000000e-01   4.0000000000e-01   9.8693977849e+02  -1.9869311431e+06   1.7595280609e-01   2.6349561855e-01   1.6297078374e-03   3.3400213504e-08   5.4051675884e-10   6.3079640568e-03   8.5087698521e-09   8.0988946008e-02   1.5498718237e-06   2.0732190897e-09   1.4719511746e-11   2.6953922051e-04   3.5722664907e-01   4.0532230767e-02   5.2801921479e-02   8.6310767736e-09   4.1438392962e-05   1.2364481970e-10   4.6020000000e-01
   4.1600000000e-01   4.1600000000e-01   9.6231992804e+02  -2.0578358498e+06   1.7126185169e-01   2.6788112583e-01   1.5853268459e-03   2.8540026013e-08   4.1312983976e-10   6.1382267637e-03   6.1719002348e-09   7.8830227283e-02   1.4949883222e-06   1.5247311978e-09   9.9430729815e-12   2.4798964979e-04   3.7438199676e-01   3.9452247432e-02   5.1394050134e-02   7.7367628322e-09   4.0395639151e-05   1.0408959266e-10   4.4792800000e-01
   4.3200000000e-01   4.3200000000e-01   9.3841739169e+02  -2.1287405462e+06   1.6657053220e-01   2.7232995941e-01   1.5410967586e-03   2.4444674549e-08   3.1614801914e-10   5.9688712600e-03   4.4923788573e-09   7.6671262232e-02   1.4376525223e-06   1.1259878308e-09   6.7461513352e-12   2.2882120724e-04   3.9153494430e-01   3.8372051918e-02   4.9986121294e-02   6.9409547187e-09   3.9355961865e-05   8.8793264381e-11   4.3565600000e-01
   4.4800000000e-01   4.4800000000e-01   9.1518649078e+02  -2.1996452374e+06   1.6187894530e-01   2.7684941104e-01   1.4969989898e-03   2.0970466038e-08   2.4197726023e-10   5.7998142306e-03   3.2807579415e-09   7.4512105852e-02   1.3777118842e-06   8.3448833452e-10   4.5950409054e-12   2.1173256858e-04   4.0868578432e-01   3.7291689126e-02   4.8578151336e-02   6.2246940162e-09   3.8314227962e-05   7.6452842268e-11   4.2338400000e-01
   4.6400000000e-01   4.6400000000e-01   8.9258408031e+02  -2.2705499259e+06   1.5718716390e-01   2.8144737051e-01   1.4530174033e-03   1.8003851295e-08   1.8503903093e-10   5.6309914721e-03   2.4035940398e-09   7.2352800267e-02   1.3151333052e-06   6.2029773144e-10   3.1405460713e-12   1.9646325835e-04   4.2583477208e-01   3.6211194158e-02   4.7170152068e-02   5.5734283372e-09   3.7267303985e-05   6.6209856842e-11   4.1111200000e-01
   4.8000000000e-01   4.8000000000e-01   8.7056931055e+02  -2.3414546131e+06   1.5249524248e-01   2.8613239633e-01   1.4091379275e-03   1.5454594653e-08   1.4120236630e-10   5.4623531494e-03   1.7664215807e-09   7.0193377954e-02   1.2500024921e-06   4.6217712392e-10   2.1526708886e-12   1.8278716296e-04   4.4298213091e-01   3.5130594614e-02   4.5762131981e-02   4.9761212646e-09   3.6213443995e-05   5.7495528817e-11   3.9884000000e-01
   4.9600000000e-01   4.9600000000e-01   8.4910344085e+02  -2.4123592994e+06   1.4780322178e-01   2.9091378493e-01   1.3653482282e-03   1.3250726237e-08   1.0738583713e-10   5.2938603185e-03   1.3020675557e-09   6.8033864103e-02   1.1825214795e-06   3.4495521814e-10   1.4789894631e-12   1.7050704869e-04   4.6012805700e-01   3.4049912286e-02   4.4354097161e-02   4.4246118045e-09   3.5151848708e-05   4.9930388502e-11   3.8656800000e-01
   5.1200000000e-01   5.1200000000e-01   8.2814968658e+02  -2.4832639852e+06   1.4311113219e-01   2.9580164272e-01   1.3216374330e-03   1.1334783939e-08   8.1275337574e-11   5.1254823503e-03   9.6257341714e-10   6.5874278351e-02   1.1130046978e-06   2.5772607149e-10   1.0178980126e-12   1.5944994193e-04   4.7727272357e-01   3.2969164446e-02   4.2946051958e-02   3.9131248582e-09   3.4082349576e-05   4.3259598961e-11   3.7429600000e-01
   5.2800000000e-01   5.2800000000e-01   8.0767308685e+02  -2.5541686708e+06   1.3841899625e-01   3.0080696462e-01   1.2779958980e-03   9.6609906752e-09   6.1121835302e-11   4.9571950047e-03   7.1357445039e-10   6.3714636074e-02   1.0418732111e-06   1.9260315488e-10   7.0130151391e-13   1.4946325071e-04   4.9441628433e-01   3.1888364811e-02   4.1537999466e-02   3.4378620313e-09   3.3005184042e-05   3.7311449688e-11   3.6202400000e-01
   5.4400000000e-01   5.4400000000e-01   7.8764038515e+02  -2.6250733562e+06   1.3372683055e-01   3.0594172225e-01   1.2344150155e-03   8.1931009786e-09   4.5594941921e-11   4.7889789816e-03   5.3036589915e-10   6.1554949361e-02   9.6964623617e-07   1.4385136175e-10   4.8332968234e-13   1.4041153218e-04   5.1155887651e-01   3.0807524295e-02   4.0129941878e-02   2.9966247096e-09   3.1920837288e-05   3.1970676207e-11   3.4975200000e-01
   5.6000000000e-01   5.6000000000e-01   7.6801991823e+02  -2.6959780415e+06   1.2903464713e-01   3.1121896475e-01   1.1908870545e-03   6.9027076691e-09   3.3675880034e-11   4.6208188251e-03   3.9513465821e-10   5.9395227745e-02   8.9692882964e-07   1.0727791408e-10   3.3293495124e-13   1.3217383377e-04   5.2870062330e-01   2.9726651588e-02   3.8721880741e-02   2.5884414873e-09   3.0829932323e-05   2.7161067234e-11   3.3748000000e-01
   5.7600000000e-01   5.7600000000e-01   7.4878151028e+02  -2.7668827267e+06   1.2434245455e-01   3.1665293531e-01   1.1474050342e-03   5.7678384138e-09   2.4578599759e-11   4.4527020928e-03   2.9500133027e-10   5.7235478761e-02   8.2439470768e-07   7.9801997308e-11   2.2900741603e-13   1.2464155351e-04   5.4584163585e-01   2.8645753615e-02   3.7313817141e-02   2.2131902135e-09   2.9733155058e-05   2.2833690416e-11   3.2520800000e-01
   5.9200000000e-01   5.9200000000e-01   7.2989637119e+02  -2.8377874119e+06   1.1965025873e-01   3.2225920647e-01   1.1039626270e-03   4.7717060640e-09   1.7691323249e-11   4.2846187253e-03   2.2062891539e-10   5.5075708378e-02   7.5276355146e-07   5.9148695091e-11   1.5713246277e-13   1.1771677491e-04   5.6298201484e-01   2.7564835883e-02   3.5905751840e-02   1.8712202432e-09   2.8631204470e-05   1.8958335242e-11   3.1293600000e-01
   6.0800000000e-01   6.0800000000e-01   7.1133699793e+02  -2.9086920971e+06   1.1495806354e-01   3.2805483771e-01   1.0605540878e-03   3.9015172083e-09   1.2533210945e-11   4.1165605689e-03   1.6522992834e-10   5.2915921320e-02   6.8277286899e-07   4.3629990528e-11   1.0742716969e-13   1.1131103214e-04   5.8012185162e-01   2.6483902771e-02   3.4497685366e-02   1.5629918080e-09   2.7524760548e-05   1.5516682477e-11   3.0066400000e-01
   6.2400000000e-01   6.2400000000e-01   6.9307707935e+02  -2.9795967822e+06   1.1026587137e-01   3.3405855929e-01   1.0171742074e-03   3.1472966465e-09   8.7224676798e-12   3.9485210137e-03   1.2385530377e-10   5.0756121330e-02   6.1514547711e-07   3.1987187044e-11   7.3089339963e-14   1.0534445285e-04   5.9726122894e-01   2.5402957752e-02   3.3089618086e-02   1.2887561373e-09   2.6414464596e-05   1.2496419711e-11   2.8839200000e-01
   6.4000000000e-01   6.4000000000e-01   6.7509140470e+02  -3.0505014673e+06   1.0557368347e-01   3.4029098671e-01   9.7381828516e-04   2.5007481142e-09   5.9532361254e-12   3.7804947181e-03   9.2883836461e-11   4.8596311363e-02   5.5055478921e-07   2.3276967063e-11   4.9419930511e-14   9.9745209882e-05   6.1440022146e-01   2.4322003568e-02   3.1681550253e-02   1.0483017950e-09   2.5300907945e-05   9.8860944431e-12   2.7612000000e-01
   6.5600000000e-01   6.5600000000e-01   6.5735577658e+02  -3.1214061524e+06   1.0088150029e-01   3.4677487115e-01   9.3048211475e-04   1.9542285499e-09   3.9792102218e-12   3.6124773984e-03   6.9655219357e-11   4.6436493750e-02   4.8959106958e-07   1.6788677348e-11   3.3161607355e-14   9.4449195875e-05   6.3153889601e-01   2.3241042379e-02   3.0273482042e-02   8.4078932052e-10   2.4184626207e-05   7.6709080036e-12   2.6384800000e-01
   6.7200000000e-01   6.7200000000e-01   6.3984692945e+02  -3.1923108376e+06   9.6189321746e-02   3.5353539212e-01   8.8716197733e-04   1.4999429258e-09   2.6022011425e-12   3.4444656631e-03   5.2206408838e-11   4.4276670319e-02   4.3273230896e-07   1.1984111985e-11   2.2049424122e-14   8.9399822710e-05   6.4867731170e-01   2.2160075876e-02   2.8865413573e-02   6.6468739398e-10   2.3066097114e-05   5.8298429445e-12   2.5157600000e-01
   6.8800000000e-01   6.8800000000e-01   6.2254245473e+02  -3.2632155227e+06   9.1497147437e-02   3.6060049964e-01   8.4385463475e-04   1.1294531032e-09   1.6640769406e-12   3.2764568783e-03   3.9082454420e-11   4.2116842496e-02   3.8032312575e-07   8.4535954539e-12   1.4504443465e-14   8.4547847573e-05   6.6581552007e-01   2.1079105377e-02   2.7457344929e-02   5.1781013423e-10   2.1945740646e-05   4.3344480279e-12   2.3930400000e-01
   7.0400000000e-01   7.0400000000e-01   6.0542073397e+02  -3.3341202078e+06   8.6804976769e-02   3.6800131504e-01   8.0055731763e-04   8.3353892539e-10   1.0407229648e-12   3.1084490527e-03   2.9200813435e-11   3.9957011388e-02   3.3256406033e-07   5.8839147871e-12   9.4240297055e-15   7.9851142402e-05   6.8295356528e-01   1.9998131898e-02   2.6049276165e-02   3.9743958028e-10   2.0823920665e-05   3.1493269445e-12   2.2703200000e-01
   7.2000000000e-01   7.2000000000e-01   5.8846088128e+02  -3.4050248929e+06   8.2112809094e-02   3.7577260123e-01   7.5726770468e-04   6.0237453894e-10   6.3700248676e-13   2.9404407373e-03   2.1753779835e-11   3.7797177849e-02   2.8951204268e-07   4.0348647862e-12   6.0377128168e-15   7.5274351062e-05   7.0009148443e-01   1.8917156220e-02   2.4641207320e-02   3.0050439898e-10   1.9700947605e-05   2.2340231335e-12   2.1476000000e-01
   7.3600000000e-01   7.3600000000e-01   5.7164269662e+02  -3.4759295780e+06   7.7420643779e-02   3.8395331568e-01   7.1398389206e-04   4.2591894126e-10   3.8210503142e-13   2.7724309323e-03   1.6137821308e-11   3.5637342529e-02   2.5109110798e-07   2.7220297198e-12   3.8076433750e-15   7.0788412534e-05   7.1722930803e-01   1.7836178937e-02   2.3233138421e-02   2.2377962772e-10   1.8577081978e-05   1.5457219790e-12   2.0248800000e-01
   7.5200000000e-01   7.5200000000e-01   5.5494663170e+02  -3.5468342631e+06   7.2728480257e-02   3.9258726265e-01   6.7070435372e-04   2.9439074916e-10   2.2505878244e-13   2.6044190032e-03   1.1901812453e-11   3.3477505922e-02   2.1711106271e-07   1.8040486535e-12   2.3594532727e-15   6.6369960235e-05   7.3436706066e-01   1.6755200498e-02   2.1825069484e-02   1.6407451933e-10   1.7452538514e-05   1.0421068019e-12   1.9021600000e-01
   7.6800000000e-01   7.6800000000e-01   5.3835377030e+02  -3.6177389481e+06   6.8036318050e-02   4.0172386438e-01   6.2742789532e-04   1.9870844129e-10   1.3046046389e-13   2.4364046040e-03   8.7085966398e-12   3.1317668397e-02   1.8729105632e-07   1.1730777628e-12   1.4339237988e-15   6.2000630925e-05   7.5150476161e-01   1.5674221235e-02   2.0417000523e-02   1.1838469060e-10   1.6327490806e-05   6.8381219835e-13   1.7794400000e-01
   7.8400000000e-01   7.8400000000e-01   5.2184582564e+02  -3.6886436332e+06   6.3344156773e-02   4.1141907605e-01   5.8415360490e-04   1.3081659499e-10   7.4601378692e-14   2.2683876094e-03   6.3061107367e-12   2.9157830229e-02   1.6128494383e-07   7.4751940215e-13   8.5296697843e-16   5.7666328487e-05   7.6864242571e-01   1.4593241394e-02   1.9008931545e-02   8.3996945847e-11   1.5202076267e-05   4.3614292769e-13   1.6567200000e-01
   8.0000000000e-01   8.0000000000e-01   5.0540515778e+02  -3.7595483183e+06   5.8651996132e-02   4.2173647467e-01   5.4088080368e-04   8.3866219213e-11   4.2162978883e-14   2.1003680553e-03   4.5055549959e-12   2.6997991617e-02   1.3870578790e-07   4.6636203772e-13   4.9552602588e-16   5.3356488883e-05   7.8578006407e-01   1.3512261154e-02   1.7600862557e-02   5.8546351858e-11   1.4076401225e-05   2.6996869236e-13   1.5340000000e-01
   8.1600000000e-01   8.1600000000e-01   4.8901481495e+02  -3.8304530034e+06   5.3959835910e-02   4.3274855895e-01   4.9760899956e-04   5.2256715521e-11   2.3575683000e-14   1.9323460902e-03   3.1648986366e-12   2.4838152705e-02   1.1914760330e-07   2.8468335890e-13   2.8041665996e-16   4.9063385900e-05   8.0291768482e-01   1.2431280645e-02   1.6192793561e-02   4.0032843131e-11   1.2950545955e-05   1.6188971889e-13   1.4112800000e-01
   8.3200000000e-01   8.3200000000e-01   4.7265860346e+02  -3.9013576885e+06   4.9267675957e-02   4.4453830627e-01   4.5433784549e-04   3.1570463909e-11   1.3038291002e-14   1.7643219344e-03   2.1765082179e-12   2.2678313594e-02   1.0220326335e-07   1.7002148830e-13   1.5408084699e-16   4.4781506458e-05   8.2005529377e-01   1.1350299955e-02   1.4784724561e-02   2.6808207921e-11   1.1824569463e-05   9.3865905373e-14   1.2885600000e-01
   8.4800000000e-01   8.4800000000e-01   4.5632119193e+02  -3.9722623736e+06   4.4575516167e-02   4.5720104339e-01   4.1106710358e-04   1.8438814405e-11   7.1202886502e-15   1.5962958493e-03   1.4579868507e-12   2.0518474356e-02   8.7478207575e-08   9.9425017941e-14   8.1858270094e-17   4.0507012514e-05   8.3719289494e-01   1.0269319149e-02   1.3376655559e-02   1.7544525910e-11   1.0698513886e-05   5.2522754912e-14   1.1658400000e-01
   8.6400000000e-01   8.6400000000e-01   4.3998825644e+02  -4.0431670587e+06   3.9883356476e-02   4.7084670156e-01   3.6779661559e-04   1.0375122818e-11   3.8298597503e-15   1.4282681134e-03   9.4550380439e-13   1.8358635037e-02   7.4600136729e-08   5.7060440557e-14   4.1802205566e-17   3.6237295932e-05   8.5433049108e-01   9.1883382687e-03   1.1968586554e-02   1.1193340408e-11   9.5724083695e-06   2.8318181207e-14   1.0431200000e-01
   8.8000000000e-01   8.8000000000e-01   4.2364667400e+02  -4.1140717438e+06   3.5191196840e-02   4.8560254395e-01   3.2452627951e-04   5.6019831768e-12   2.0236130528e-15   1.2602390056e-03   5.8902926491e-13   1.6198795669e-02   6.3225244523e-08   3.2294479605e-14   2.0347066053e-17   3.1970624246e-05   8.7146808402e-01   8.1073573424e-03   1.0560517549e-02   6.9422984499e-12   8.4462723951e-06   1.4704167510e-14   9.2040000000e-02
   8.9600000000e-01   8.9600000000e-01   4.0728477250e+02  -4.1849764289e+06   3.0499037235e-02   5.0161647555e-01   2.8125603166e-04   2.8902695069e-12   1.0489184729e-15   1.0922087934e-03   3.4899533199e-13   1.4038956272e-02   5.3041738948e-08   1.8187698143e-14   9.3235836620e-18   2.7705869329e-05   8.8860567493e-01   7.0263763885e-03   9.1524485428e-03   4.1735186786e-12   7.3201185004e-06   7.3663825642e-15   7.9768000000e-02
   9.1200000000e-01   9.1200000000e-01   3.9089264481e+02  -4.2558811139e+06   2.5806877648e-02   5.1906107471e-01   2.3798583360e-04   1.4194211785e-12   5.3443830484e-16   9.2417772461e-04   1.9399363172e-13   1.1879116859e-02   4.3771490247e-08   1.0342587357e-14   3.9474303152e-18   2.3442307480e-05   9.0574326459e-01   5.9453954187e-03   7.7443795364e-03   2.4259476509e-12   6.1939544356e-06   3.5834017571e-15   6.7496000000e-02
   9.2800000000e-01   9.2800000000e-01   3.7446253412e+02  -4.3267857990e+06   2.1114718069e-02   5.3813852277e-01   1.9471566290e-04   6.6245232254e-13   2.6990646589e-16   7.5614602281e-04   9.9196535567e-14   9.7192774364e-03   3.5170644406e-08   6.0507940226e-15   1.4997259884e-18   1.9179477956e-05   9.2288085347e-01   4.8644144398e-03   6.3363105299e-03   1.3625036683e-12   5.0677847909e-06   1.7178344779e-15   5.5224000000e-02
   9.4400000000e-01   9.4400000000e-01   3.5798929450e+02  -4.3976904841e+06   1.6422558495e-02   5.5908665898e-01   1.5144550683e-04   2.9534258505e-13   1.3739066154e-16   5.8811388336e-04   4.5254719064e-14   7.5594380089e-03   2.7029991324e-08   3.6852941950e-15   4.8718147952e-19   1.4917087096e-05   9.4001844189e-01   3.7834334561e-03   4.9282415233e-03   7.4176530910e-13   3.9416121716e-06   8.3310722296e-16   4.2952000000e-02
   9.6000000000e-01   9.6000000000e-01   3.4147092598e+02  -4.4685951692e+06   1.1730398924e-02   5.8218645642e-01   1.0817535842e-04   1.2824722246e-13   7.1541028011e-17   4.2008147057e-04   1.7479523570e-14   5.3995985790e-03   1.9175796087e-08   2.2871026583e-15   1.2386378164e-19   1.0654946333e-05   9.5715603004e-01   2.7024524698e-03   3.5201725167e-03   3.9330332421e-13   2.8154380019e-06   4.1953986809e-16   3.0680000000e-02
   9.7600000000e-01   9.7600000000e-01   3.2490917534e+02  -4.5394998543e+06   7.0382393539e-03   6.0777131087e-01   6.4905213880e-05   5.4865233949e-14   3.6296018622e-17   2.5204891444e-04   5.1595076314e-15   3.2397591478e-03   1.1471699875e-08   1.3026283872e-15   2.0294836968e-20   6.3929342237e-06   9.7429361806e-01   1.6214714822e-03   2.1121035100e-03   1.9608546605e-13   1.6892630444e-06   2.1002559202e-16   1.8408000000e-02
   9.9200000000e-01   9.9200000000e-01   3.0831018176e+02  -4.6104045393e+06   2.3460797846e-03   6.3623867238e-01   2.1635071122e-05   1.6719138344e-14   1.1726145177e-17   8.4016306395e-05   8.4336024691e-16   1.0799197160e-03   3.8221718174e-09   4.3398566207e-16   1.0202892626e-21   2.1309746536e-06   9.9143120602e-01   5.4049049413e-04   7.0403450334e-04   6.2511718431e-14   5.6308771763e-07   6.7779900525e-17   6.1360000000e-03
   1.0000000000e+00   1.0000000000e+00   3.0000000000e+02  -4.6458568819e+06   0.0000000000e+00   6.5169855213e-01   0.0000000000e+00   0.0000000000e+00   0.0000000000e+00   0.0000000000e+00   0.0000000000e+00   0.0000000000e+00   0.0000000000e+00   0.0000000000e+00   0.0000000000e+00   0.0000000000e+00   1.0000000000e+00   0.0000000000e+00   0.0000000000e+00   0.0000000000e+00   0.0000000000e+00   0.0000000000e+00   0.0000000000e+00