# L (m)  = 1
# P (Pa) = 101325
#             001_x           002_mixf              003_T              004_h             005_pv        006_density             007_H2              008_H              009_O             010_O2             011_OH            012_H2O            013_HO2            014_CH2         015_CH2(S)            016_CH3            017_CH4             018_CO            019_CO2            020_HCO           021_CH2O          022_CH2OH             023_N2
                  0   0.0000000000e+00   3.0000000000e+02   1.9075768848e+03   0.0000000000e+00   1.1719839921e+00   0.0000000000e+00   0.0000000000e+00   0.0000000000e+00   2.3300000000e-01   0.0000000000e+00   0.0000000000e+00   0.0000000000e+00   0.0000000000e+00   0.0000000000e+00   0.0000000000e+00   0.0000000000e+00   0.0000000000e+00   0.0000000000e+00   0.0000000000e+00   0.0000000000e+00   0.0000000000e+00   7.6700000000e-01
   2.0000000000e-03   2.0000000000e-03   3.3862650397e+02  -6.7416998468e+04   9.9037274972e-03   1.0366381738e+00   1.8794298756e-07  -7.7496764310e-20  -2.7790418975e-16   2.2461617693e-01   1.3651481243e-12   4.4588004573e-03   4.6583067517e-08   4.3408558795e-22   2.4649479385e-23   2.9016875141e-12   1.3826739945e-05   5.9282154382e-06   5.4388108815e-03  -1.7235076852e-18   2.2224219291e-07   1.0670538919e-25   7.6546600000e-01
   6.0000000000e-03   6.0000000000e-03   4.1423106667e+02  -2.0606610382e+05   2.9688421387e-02   8.4473165863e-01   6.1453492872e-07  -2.8873292462e-18   1.6328597390e-14   2.0786692399e-01   7.8409697695e-12   1.3366241898e-02   1.4708394127e-07   4.6543812729e-21   2.9315209289e-22   7.8675155023e-12   4.5786847507e-05   1.9114092252e-05   1.6302450862e-02  -2.8368053422e-17   7.2067747032e-07   3.7583571279e-23   7.6239800000e-01
   1.0000000000e-02   1.0000000000e-02   4.8709914985e+02  -3.4471487961e+05   4.9401098462e-02   7.1607807131e-01   1.1995003395e-06  -1.1620815401e-17   7.5776048745e-14   1.9117585823e-01   1.4497487805e-11   2.2241524700e-02   2.6923545037e-07   7.6122571533e-21   4.9453004162e-22   1.3892215152e-11   9.1389063385e-05   3.6415140005e-05   2.7121959121e-02  -6.4299698841e-17   1.3849789593e-06   4.6627415119e-21   7.5933000000e-01
   1.4000000000e-02   1.4000000000e-02   5.5657364423e+02  -4.8336229092e+05   6.8981456226e-02   6.2470263243e-01   2.0685568921e-06   2.4873461582e-17   1.4124840470e-13   1.7459167087e-01  -1.6374476745e-12   3.1057675912e-02   4.2610677079e-07   4.3451085790e-22   2.6883352159e-23   4.4059610162e-11   1.6210899856e-04   6.0975145872e-05   3.7860736612e-02   6.0783435750e-17   2.3377601312e-06   1.7565655351e-19   7.5626200000e-01
   1.8000000000e-02   1.8000000000e-02   6.2194605861e+02  -6.2200533575e+05   8.8351384511e-02   5.5726545016e-01   3.3750299374e-06   1.1561013840e-16   1.2147739086e-13   1.5817738976e-01   5.1629627698e-12   3.9779697351e-02   6.2803714685e-07   1.0990267584e-20   6.6493060391e-22   1.0142399276e-10   2.7288253935e-04   9.6460074067e-05   4.8471852056e-02   1.7829434829e-16   3.7150446011e-06   3.0242848566e-18   7.5319400000e-01
   2.2000000000e-02   2.2000000000e-02   6.8242282281e+02  -7.6063435399e+05   1.0740939466e-01   5.0626663235e-01   5.3054589229e-06   7.9159588827e-16   9.7281623190e-14   1.4201485285e-01   1.6075319271e-11   4.8362040979e-02   8.8080574610e-07   9.4157940775e-20   5.3025230401e-21   2.8874206000e-10   4.4320882701e-04   1.4711269098e-04   5.8894935529e-02   9.0621692733e-16   5.6625541330e-06   3.0295188881e-17   7.5012600000e-01
   2.6000000000e-02   2.6000000000e-02   7.3711925766e+02  -8.9921121110e+05   1.2602715863e-01   4.6720831136e-01   8.0794512470e-06   4.7623872187e-15   3.4198014139e-13   1.2620747367e-01   2.1653654375e-11   5.6747025205e-02   1.1834702973e-06   6.6860933617e-19   3.4303838741e-20   9.2124766699e-10   6.9785929264e-04   2.1766305857e-04   6.9054390917e-02   4.0871863378e-15   8.3239914298e-06   2.0237785816e-16   7.4705800000e-01
   3.0000000000e-02   3.0000000000e-02   7.8510300267e+02  -1.0376105851e+06   1.4404925914e-01   4.3725302146e-01   1.1942241849e-05   2.4612795040e-14   1.3421053048e-12   1.1088041440e-01   4.5882843139e-11   6.4864691264e-02   1.5270964898e-06   5.6446538473e-18   2.5954534041e-19   2.7030018221e-09   1.0669769226e-03   3.1307867758e-04   7.8859546955e-02   1.6785767016e-14   1.1819693194e-05   9.7956925060e-16   7.4399000000e-01
   3.4000000000e-02   3.4000000000e-02   8.2546418328e+02  -1.1755553375e+06   1.6129717273e-01   4.1453983260e-01   1.7149249265e-05   1.0438118950e-13   3.6223406121e-12   9.6177347740e-02   7.8574620050e-11   7.2634566657e-02   1.8963578540e-06   2.8977494389e-17   1.1736195032e-18   7.1174922791e-09   1.5853602763e-03   4.3816735853e-04   8.8207289461e-02   5.7494877342e-14   1.6215700541e-05   3.6281713332e-15   7.4092200000e-01
   3.8000000000e-02   3.8000000000e-02   8.5745961753e+02  -1.3124948175e+06   1.7757806532e-01   3.9778482554e-01   2.3943347366e-05   3.6321098777e-13   8.4514969400e-12   8.2253347438e-02   1.2411557201e-10   7.9969606015e-02   2.2755899883e-06   1.2591676531e-16   4.4171741762e-18   1.6227455868e-08   2.2908084601e-03   5.9708238917e-04   9.6987433567e-02   1.6532257672e-13   2.1486833049e-05   1.0707084192e-14   7.3785400000e-01
   4.2000000000e-02   4.2000000000e-02   8.8080237609e+02  -1.4473329294e+06   1.9269818184e-01   3.8598637086e-01   3.2527300971e-05   1.0570653469e-12   1.6466931816e-11   6.9264084835e-02   1.8148787395e-10   8.6782225185e-02   2.6590390154e-06   5.1548455664e-16   1.5247791786e-17   3.2249194475e-08   3.2215496672e-03   7.9281147829e-04   1.0509061788e-01   4.0759163097e-13   2.7492166283e-05   2.6131140580e-14   7.3478600000e-01
   4.6000000000e-02   4.6000000000e-02   8.9620495358e+02  -1.5778504273e+06   2.0647958984e-01   3.7811354948e-01   4.3035239213e-05   2.7090310961e-12   2.7653179886e-11   5.7352327892e-02   2.4313106591e-10   9.2991884998e-02   3.0609239613e-06   2.0851830992e-15   5.0185842706e-17   5.8589183277e-08   4.4129715885e-03   1.0267468685e-03   1.1241792273e-01   9.0180327882e-13   3.3990893813e-05   5.5162512438e-14   7.3171800000e-01
   5.0000000000e-02   5.0000000000e-02   9.0649421578e+02  -1.6993794782e+06   2.1877802264e-01   3.7259269305e-01   5.5507982039e-05   6.8924821479e-12   4.4708153586e-11   4.6633568255e-02   3.2970200278e-10   9.8533211410e-02   3.5189531009e-06   9.2079106530e-15   1.7568333455e-16   1.0890521747e-07   5.8940808434e-03   1.2984291245e-03   1.1889087413e-01   2.0191659479e-12   4.0700016073e-05   1.0770581163e-13   7.2865000000e-01
   5.4000000000e-02   5.4000000000e-02   9.1987331003e+02  -1.8006098564e+06   2.2949882828e-01   3.6595913636e-01   6.9879578106e-05   2.1076205733e-11   8.4661110643e-11   3.7183243234e-02   5.4522137949e-10   1.0336326825e-01   4.0774905831e-06   4.8301338804e-14   7.3652785102e-16   2.4894471193e-07   7.6842793595e-03   1.6055302341e-03   1.2446015022e-01   5.6015828820e-12   4.7322035913e-05   2.2105737612e-13   7.2558200000e-01
   5.8000000000e-02   5.8000000000e-02   9.5868432084e+02  -1.8516771937e+06   2.3860768249e-01   3.4997661237e-01   8.5994888845e-05   9.5046165748e-11   2.4789127388e-10   2.9028403406e-02   1.4486514403e-09   1.0746635873e-01   4.6968369209e-06   3.2933977603e-13   4.4444137550e-15   7.7956110358e-07   9.7910680967e-03   1.9440796843e-03   1.2911124919e-01   2.3815269030e-11   5.3367792580e-05   6.2356062578e-13   7.2251400000e-01
   6.2000000000e-02   6.2000000000e-02   1.0280274226e+03  -1.8440673274e+06   2.4613124365e-01   3.2528054262e-01   1.0374144713e-04   4.9499424909e-10   8.7441611900e-10   2.2148154838e-02   5.7167877971e-09   1.1085363949e-01   4.9357414452e-06   2.9471053535e-12   4.1812027942e-14   2.8163793510e-06   1.2209480051e-02   2.3086637104e-03   1.3286519900e-01   1.2062506676e-10   5.7362132088e-05   2.2029289920e-12   7.1944600000e-01
   6.6000000000e-02   6.6000000000e-02   1.0950436315e+03  -1.8210379998e+06   2.5213615960e-01   3.0435087919e-01   1.2339087752e-04   1.6788021381e-09   1.9284725567e-09   1.6491093923e-02   1.8132868349e-08   1.1355063255e-01   4.1289402901e-06   2.8176164056e-11   4.0066667586e-13   8.0370580972e-06   1.4926736009e-02   2.6894700629e-03   1.3577266611e-01   3.8544391971e-10   5.5822309812e-05   5.8349772010e-12   7.1637800000e-01
   7.0000000000e-02   7.0000000000e-02   1.1506646131e+03  -1.7964450457e+06   2.5669748785e-01   2.8866888674e-01   1.4527195185e-04   3.3536231648e-09   2.4509052464e-09   1.1995352382e-02   3.6636215714e-08   1.1558224330e-01   2.7607508118e-06   1.2437394704e-10   1.7573151621e-12   1.5275572513e-05   1.7931672267e-02   3.0623011453e-03   1.3790767145e-01   6.5526959342e-10   4.7407945643e-05   1.1746458517e-11   7.1331000000e-01
   7.4000000000e-02   7.4000000000e-02   1.1951362347e+03  -1.7722112376e+06   2.5992550053e-01   2.7700197148e-01   1.6869185851e-04   4.5819997247e-09   2.1194443927e-09   8.5651578522e-03   5.1344736701e-08   1.1699411227e-01   1.6077805459e-06   2.6645353166e-10   3.7894139160e-12   2.0903663677e-05   2.1208403581e-02   3.3967738201e-03   1.3936592258e-01   6.9214924018e-10   3.6367566261e-05   1.8903860882e-11   7.1024200000e-01
   7.8000000000e-02   7.8000000000e-02   1.2302633906e+03  -1.7485821209e+06   2.6200958374e-01   2.6820624746e-01   1.9237196143e-04   4.9976136242e-09   1.4620816690e-09   6.0433862887e-03   5.6988362402e-08   1.1787612987e-01   8.7402551039e-07   3.5790282868e-10   5.1650071767e-12   2.3307524525e-05   2.4722233258e-02   3.6814855103e-03   1.4025959640e-01   5.5196897062e-10   2.6550777926e-05   2.3795893665e-11   7.0717400000e-01
   8.2000000000e-02   8.2000000000e-02   1.2580405551e+03  -1.7256382001e+06   2.6318725721e-01   2.6142992418e-01   2.1530597428e-04   4.8460218495e-09   8.9781772285e-10   4.2387809804e-03   5.5624406719e-08   1.1834318566e-01   4.6557192364e-07   3.6961051306e-10   5.4368929570e-12   2.3310343552e-05   2.8425065816e-02   3.9239225746e-03   1.4070484301e-01   3.8297723602e-10   1.9057923114e-05   2.4532770930e-11   7.0410600000e-01
   8.6000000000e-02   8.6000000000e-02   1.2796700507e+03  -1.7042924169e+06   2.6368593856e-01   2.5618283919e-01   2.3689479337e-04   4.4949289534e-09   5.2950968444e-10   2.9700106516e-03   5.1386391972e-08   1.1850422267e-01   2.5420517938e-07   3.4035168847e-10   5.1063307175e-12   2.2398046318e-05   3.2269653990e-02   4.1354301021e-03   1.4080939100e-01   2.5471518094e-10   1.3687510134e-05   2.2700092459e-11   7.0103800000e-01
   9.0000000000e-02   9.0000000000e-02   1.2949050705e+03  -1.6871533421e+06   2.6369196991e-01   2.5236121013e-01   2.5679230856e-04   4.1599172875e-09   3.1401567248e-10   2.0886459498e-03   4.6689754915e-08   1.1844692140e-01   1.4801622500e-07   3.0516989960e-10   4.6464232987e-12   2.1522870703e-05   3.6217712222e-02   4.3229197673e-03   1.4066533643e-01   1.7211405488e-10   9.9493645891e-06   2.0363031116e-11   6.9797000000e-01
   9.4000000000e-02   9.4000000000e-02   1.3037417701e+03  -1.6760276123e+06   2.6334708858e-01   2.4985945305e-01   2.7478787008e-04   3.8854849346e-09   1.9035465682e-10   1.4816064272e-03   4.2145801746e-08   1.1823674465e-01   9.2952697184e-08   2.7413470391e-10   4.1998578378e-12   2.0905588717e-05   4.0240884958e-02   4.4887377753e-03   1.4034681828e-01   1.2058759318e-10   7.3748563650e-06   1.8285487612e-11   6.9490200000e-01
   9.8000000000e-02   9.8000000000e-02   1.3072270782e+03  -1.6706853038e+06   2.6275561785e-01   2.4841493510e-01   2.9076689985e-04   3.6372898015e-09   1.1778262188e-10   1.0655681682e-03   3.7663509346e-08   1.1792114066e-01   6.2115156834e-08   2.4492214742e-10   3.7442719792e-12   2.0380056412e-05   4.4318736193e-02   4.6330576061e-03   1.3991065269e-01   8.7255792556e-11   5.5938421137e-06   1.6373481523e-11   6.9183400000e-01
   1.0200000000e-01   1.0200000000e-01   1.3067018684e+03  -1.6700417350e+06   2.6199280861e-01   2.4774685907e-01   3.0470471654e-04   3.3799072812e-09   7.4020049258e-11   7.8048320116e-04   3.3151204515e-08   1.1753392674e-01   4.3441504819e-08   2.1461790386e-10   3.2520410497e-12   1.9747360656e-05   4.8436537555e-02   4.7557265899e-03   1.3939845056e-01   6.4548156512e-11   4.3429310494e-06   1.4432536537e-11   6.8876600000e-01
   1.0600000000e-01   1.0600000000e-01   1.3033167100e+03  -1.6729850975e+06   2.6111187051e-01   2.4763091461e-01   3.1665612636e-04   3.1010607530e-09   4.7134348167e-11   5.8404858692e-04   2.8689203351e-08   1.1709876433e-01   3.1449679950e-08   1.8310695535e-10   2.7362186572e-12   1.8913605201e-05   5.2583658343e-02   4.8570991636e-03   1.3883935089e-01   4.8445027229e-11   3.4454254436e-06   1.2430191757e-11   6.8569800000e-01
   1.1000000000e-01   1.1000000000e-01   1.2979349816e+03  -1.6786154067e+06   2.6014966379e-01   2.4790518647e-01   3.2673525187e-04   2.8058296842e-09   3.0406515253e-11   4.4716281294e-04   2.4438558213e-08   1.1663186372e-01   2.3420338857e-08   1.5201758098e-10   2.2319073300e-12   1.7879585597e-05   5.6752457016e-02   4.9382139147e-03   1.3825285090e-01   3.6728391500e-11   2.7859034203e-06   1.0449300474e-11   6.8263000000e-01
   1.1400000000e-01   1.1400000000e-01   1.2911736912e+03  -1.6862540933e+06   2.5913127463e-01   2.4845646323e-01   3.3509359466e-04   2.5060505271e-09   1.9879886537e-11   3.5023554271e-04   2.0541679990e-08   1.1614410999e-01   1.7868545427e-08   1.2316595139e-10   1.7718042823e-12   1.6694456816e-05   6.0937464747e-02   5.0006783996e-03   1.3765139264e-01   2.8063559046e-11   2.2895249079e-06   8.5944451804e-12   6.7956200000e-01
   1.1800000000e-01   1.1800000000e-01   1.2834669372e+03  -1.6953993042e+06   2.5807358170e-01   2.4920594052e-01   3.4190195256e-04   2.2135731983e-09   1.3175536419e-11   2.8029511923e-04   1.7082935178e-08   1.1564269764e-01   1.3924465807e-08   9.7775034397e-11   1.3753455400e-12   1.5420643862e-05   6.5134761548e-02   5.0464683490e-03   1.3704251376e-01   2.1585353169e-11   1.9076284894e-06   6.9410689579e-12   6.7649400000e-01
   1.2200000000e-01   1.2200000000e-01   1.2751197446e+03  -1.7056800503e+06   2.5698791050e-01   2.5009837423e-01   3.4733738875e-04   1.9374656265e-09   8.8512411469e-12   2.2882997604e-04   1.4089901826e-08   1.1513233625e-01   1.1055544842e-08   7.6350786636e-11   1.0485706034e-12   1.4115710732e-05   6.9341508356e-02   5.0777328877e-03   1.3643050397e-01   1.6704828017e-11   1.6082699503e-06   5.5243601931e-12   6.7342600000e-01
   1.2600000000e-01   1.2600000000e-01   1.2663475709e+03  -1.7168203974e+06   2.5588191567e-01   2.5109456624e-01   3.5157437004e-04   1.6834846198e-09   6.0265014486e-12   1.9025565006e-04   1.1549309802e-08   1.1461610085e-01   8.9256338390e-09   5.8850541590e-11   7.8821017763e-13   1.2825566900e-05   7.3555610746e-02   5.0966379034e-03   1.3581760254e-01   1.3007768980e-11   1.3701278358e-06   4.3469200562e-12   6.7035800000e-01
   1.3000000000e-01   1.3000000000e-01   1.2573038098e+03  -1.7286135236e+06   2.5476085842e-01   2.5216631575e-01   3.5477886937e-04   1.4545221316e-09   4.1584523433e-12   1.6087348827e-04   9.4238232192e-09   1.1409600799e-01   7.3167898446e-09   4.4906280079e-11   5.8605147718e-13   1.1583523315e-05   7.7775487688e-02   5.1052531774e-03   1.3520481838e-01   1.0195665153e-11   1.1786209543e-06   3.3908952444e-12   6.6729000000e-01
   1.3400000000e-01   1.3400000000e-01   1.2480985712e+03  -1.7409032776e+06   2.5362844211e-01   2.5329305307e-01   3.5710453619e-04   1.2513320587e-09   2.9082708104e-12   1.3818939460e-04   7.6649236083e-09   1.1357339313e-01   6.0837607868e-09   3.4005320490e-11   4.3214936566e-13   1.0411833918e-05   8.1999918149e-02   5.1054786470e-03   1.3459246580e-01   8.0493539380e-12   1.0234666062e-06   2.6283754600e-12   6.6422200000e-01
   1.3800000000e-01   1.3800000000e-01   1.2388114613e+03  -1.7535710302e+06   2.5248734398e-01   2.5445958606e-01   3.5869038426e-04   1.0732290813e-09   2.0617425752e-12   1.2048094381e-04   6.2213680116e-09   1.1304915185e-01   5.1269768673e-09   2.5608220825e-11   3.1674859558e-13   9.3239829430e-06   8.6227941465e-02   5.0990022904e-03   1.3398049945e-01   6.4058281321e-12   8.9716574936e-07   2.0284955734e-12   6.6115400000e-01
   1.4200000000e-01   1.4200000000e-01   1.2295003382e+03  -1.7665261874e+06   2.5133954853e-01   2.5565457325e-01   3.5965966081e-04   9.1865109388e-10   1.4817869155e-12   1.0652746114e-04   5.0441037911e-09   1.1252389182e-01   4.3763639295e-09   1.9213853620e-11   2.3122773464e-13   8.3269149503e-06   9.0458792657e-02   5.0872822085e-03   1.3336871484e-01   5.1428985828e-12   7.9407093496e-07   1.5615846090e-12   6.5808600000e-01
   1.4600000000e-01   1.4600000000e-01   1.2202073849e+03  -1.7796992423e+06   2.5018655656e-01   2.5686947115e-01   3.6011965526e-04   7.8556830463e-10   1.0797299109e-12   9.5442742511e-05   4.0887346603e-09   1.1199802825e-01   3.7815085787e-09   1.4388348294e-11   1.6842547946e-13   7.4228914179e-06   9.4691859320e-02   5.0715464529e-03   1.3275686220e-01   4.1686155262e-12   7.0981004063e-07   1.2012060728e-12   6.5501800000e-01
   1.5000000000e-01   1.5000000000e-01   1.2109633869e+03  -1.7930366163e+06   2.4902951903e-01   2.5809779353e-01   3.6016223511e-04   6.7175889604e-10   7.9764813146e-13   8.6570468974e-05   3.3164498005e-09   1.1147184484e-01   3.3055344119e-09   1.0772441523e-11   1.2262913619e-13   6.6108996490e-06   9.8926651369e-02   5.0528052189e-03   1.3214470674e-01   3.4136707468e-12   6.4092175208e-07   9.2488081137e-13   6.5195000000e-01
   1.5400000000e-01   1.5400000000e-01   1.2017907884e+03  -1.8064967906e+06   2.4786932589e-01   2.5933458015e-01   3.5986490645e-04   5.7498228903e-10   5.9735088996e-13   7.9417246898e-05   2.6940720361e-09   1.1094553340e-01   2.9211498849e-09   8.0774973083e-12   8.9407370129e-14   5.8876556802e-06   1.0316277839e-01   5.0318709708e-03   1.3153205661e-01   2.8257778624e-12   5.8461623422e-07   7.1407630330e-13   6.4888200000e-01
   1.5800000000e-01   1.5800000000e-01   1.1927058993e+03  -1.8200473922e+06   2.4670666794e-01   2.6057601001e-01   3.5929220902e-04   4.9308064798e-10   4.5341871527e-13   7.3608210702e-05   2.1936576092e-09   1.1041922076e-01   2.6079886723e-09   6.0765867767e-12   6.5392100319e-14   5.2482922177e-06   1.0739993164e-01   5.0093829074e-03   1.3091877206e-01   2.3654521480e-12   5.3861197316e-07   5.5384110604e-13   6.4581400000e-01
   1.6200000000e-01   1.6200000000e-01   1.1837204960e+03  -1.8336630045e+06   2.4554208205e-01   2.6181911793e-01   3.5849728018e-04   4.2403418628e-10   3.4876334797e-13   6.8856413651e-05   1.7919122891e-09   1.0989298751e-01   2.3507482515e-09   4.5942113359e-12   4.8063084735e-14   4.6868346553e-06   1.1163786911e-01   4.9858329626e-03   1.3030476430e-01   2.0028288163e-12   5.0102205335e-07   4.3230675376e-13   6.4274600000e-01
   1.6600000000e-01   1.6600000000e-01   1.1748429816e+03  -1.8473235334e+06   2.4437598532e-01   2.6306158688e-01   3.5752345356e-04   3.6598909074e-10   2.7177585284e-13   6.4940967194e-05   1.4695715978e-09   1.0936688143e-01   2.1378482621e-09   3.4964537647e-12   3.5558260509e-14   4.1965558992e-06   1.1587640291e-01   4.9615912757e-03   1.2968998916e-01   1.7152685504e-12   4.7027471137e-07   3.4017461123e-13   6.3967800000e-01
   1.7000000000e-01   1.7000000000e-01   1.1660792223e+03  -1.8610130018e+06   2.4320870160e-01   2.6430159701e-01   3.5640579447e-04   3.1727034378e-10   2.1448371612e-13   6.1691009051e-05   1.2108165988e-09   1.0884092736e-01   1.9604476156e-09   2.6823024058e-12   2.6516619437e-14   3.7702748283e-06   1.2011538857e-01   4.9369297448e-03   1.2907443870e-01   1.4855614676e-12   4.4505813288e-07   2.7024198633e-13   6.3661000000e-01
   1.7400000000e-01   1.7400000000e-01   1.1574331467e+03  -1.8747186698e+06   2.4204048224e-01   2.6553771698e-01   3.5517250739e-04   2.7638635521e-10   1.7135246839e-13   5.8973747256e-05   1.0027514615e-09   1.0831513441e-01   1.8117217881e-09   2.0763524549e-12   1.9952704701e-14   3.4006330709e-06   1.2435471600e-01   4.9120428586e-03   1.2845813246e-01   1.3005837954e-12   4.2428159740e-07   2.1698759128e-13   6.3354200000e-01
   1.7800000000e-01   1.7800000000e-01   1.1489071746e+03  -1.8884303965e+06   2.4087152237e-01   2.6676882636e-01   3.5384618034e-04   2.4202856842e-10   1.3850054591e-13   5.6685465013e-05   8.3494553121e-10   1.0778950125e-01   1.6863348438e-09   1.6228399315e-12   1.5158797572e-14   3.0803587068e-06   1.2859430199e-01   4.8870654620e-03   1.2784110947e-01   1.1502955461e-12   4.0704647501e-07   1.7621997967e-13   6.3047400000e-01
   1.8200000000e-01   1.8200000000e-01   1.1405025260e+03  -1.9021401748e+06   2.3970197360e-01   2.6799406017e-01   3.5244485304e-04   2.1306715345e-10   1.1318011735e-13   5.4744728548e-05   6.9903352548e-10   1.0726401997e-01   1.5800591892e-09   1.2808674784e-12   1.1630115513e-14   2.8025090553e-06   1.3283408404e-01   4.8620874449e-03   1.2722342133e-01   1.0269946125e-12   3.9262220851e-07   1.4478578477e-13   6.2740600000e-01
   1.8600000000e-01   1.8600000000e-01   1.1322194489e+03  -1.9158417843e+06   2.3853195395e-01   2.6921276846e-01   3.5098291210e-04   1.8854313968e-10   9.3429986679e-14   5.3087253491e-05   5.8836619453e-10   1.0673867883e-01   1.4895072010e-09   1.0206533900e-12   9.0085425965e-15   2.5606789446e-06   1.3707401542e-01   4.8371655604e-03   1.2660512665e-01   9.2476351291e-13   3.8042430258e-07   1.2033207127e-13   6.2433800000e-01
   1.9000000000e-01   1.9000000000e-01   1.1240573948e+03  -1.9295305220e+06   2.3736155547e-01   2.7042448558e-01   3.4947182665e-04   1.6765736827e-10   7.7840688177e-14   5.1662024315e-05   4.9770553724e-10   1.0621346418e-01   1.4119460818e-09   8.2063496228e-13   7.0409411825e-15   2.3491634185e-06   1.4131406127e-01   4.8123326978e-03   1.2598628677e-01   8.3906049649e-13   3.6999310600e-07   1.0111626397e-13   6.2127000000e-01
   1.9400000000e-01   1.9400000000e-01   1.1160151594e+03  -1.9432029811e+06   2.3619085013e-01   2.7162890535e-01   3.4792074296e-04   1.4975692301e-10   6.5393479046e-14   5.0428360152e-05   4.2296068734e-10   1.0568836178e-01   1.3451651924e-09   6.6526736853e-13   5.5486960568e-15   2.1630701847e-06   1.4555419555e-01   4.7876049850e-03   1.2536696262e-01   7.6641819104e-13   3.6097345359e-07   8.5856785716e-14   6.1820200000e-01
   1.9800000000e-01   1.9800000000e-01   1.1080910067e+03  -1.9568568521e+06   2.3501989432e-01   2.7282585871e-01   3.4633695908e-04   1.3431990942e-10   5.5348612729e-14   4.9353694519e-05   3.6096161802e-10   1.0516335767e-01   1.2872922417e-09   5.4337518974e-13   4.4057389373e-15   1.9983831824e-06   1.4979439872e-01   4.7629870943e-03   1.2474721260e-01   7.0422160332e-13   3.5309588785e-07   7.3617682339e-14   6.1513400000e-01
   2.0800000000e-01   2.0800000000e-01   1.0887640048e+03  -1.9909402346e+06   2.3209198915e-01   2.7579005833e-01   3.4231030689e-04   1.0223184257e-10   3.6733656595e-14   4.6999193300e-05   2.4264610626e-10   1.0385106016e-01   1.1585345239e-09   3.2584320881e-13   2.4617906976e-15   1.6323499659e-06   1.6039504204e-01   4.7017096017e-03   1.2319690908e-01   5.7112075200e-13   3.3575682316e-07   5.0544811908e-14   6.0746400000e-01
   2.2400000000e-01   2.2400000000e-01   1.0592686180e+03  -2.0451612986e+06   2.2740540195e-01   2.8043363550e-01   3.3561765211e-04   6.8298715358e-11   2.0349839635e-14   4.4532546484e-05   1.3302865150e-10   1.0175227533e-01   1.0225536958e-09   1.5246858912e-13   1.0291783539e-15   1.2109284521e-06   1.7735653504e-01   4.6050877855e-03   1.2071242118e-01   4.2989484222e-13   3.1831569825e-07   3.0690307415e-14   5.9519200000e-01
   2.4000000000e-01   2.4000000000e-01   1.0313264762e+03  -2.0991309288e+06   2.2271784854e-01   2.8497964039e-01   3.2880792534e-04   4.5903045316e-11   1.1577932063e-14   4.2736336347e-05   7.3381968919e-11   9.9653930862e-02   9.2139581524e-10   7.1536070443e-14   4.3145010580e-16   8.9558457855e-07   1.9431821107e-01   4.5092840419e-03   1.1822582571e-01   3.2921701501e-13   3.0742741975e-07   2.0133322749e-14   5.8292000000e-01
   2.5600000000e-01   2.5600000000e-01   1.0047559837e+03  -2.1529357428e+06   2.1802978463e-01   2.8944896679e-01   3.2194221335e-04   3.1034414921e-11   6.7158792459e-15   4.1301799574e-05   4.0701765423e-11   9.7555795722e-02   8.4419957949e-10   3.3691146556e-14   1.8151672551e-16   6.6125798793e-07   2.1127995065e-01   4.4139113406e-03   1.1573813535e-01   2.5556755926e-13   3.0074419814e-07   1.4445622404e-14   5.7064800000e-01
   2.7200000000e-01   2.7200000000e-01   9.7939461905e+02  -2.2066446584e+06   2.1334143535e-01   2.9386323530e-01   3.1504901157e-04   2.1252291218e-11   3.9816859717e-15   4.0072203621e-05   2.2843240633e-11   9.5457758484e-02   7.8871725451e-10   1.6163993684e-14   7.7751845071e-17   4.9135612597e-07   2.2824170380e-01   4.3187600766e-03   1.1324986777e-01   2.0192026086e-13   2.9646134589e-07   1.1405302486e-14   5.5837600000e-01
   2.8800000000e-01   2.8800000000e-01   9.5510354455e+02  -2.2603020160e+06   2.0865291745e-01   2.9824257441e-01   3.0814175893e-04   1.4842679920e-11   2.4228486869e-15   3.8964889420e-05   1.3055223065e-11   9.3359766530e-02   7.5460273540e-10   8.0155033773e-15   3.4394752868e-17   3.7031445725e-07   2.4520345327e-01   4.2237230905e-03   1.1076128607e-01   1.6317961101e-13   2.9328807140e-07   9.7984455703e-15   5.4610400000e-01
   3.0400000000e-01   3.0400000000e-01   9.3178525336e+02  -2.3139331428e+06   2.0396429474e-01   3.0259879436e-01   3.0122695745e-04   1.0610129612e-11   1.5159727245e-15   3.7934176487e-05   7.6229505374e-12   9.1261794893e-02   7.4078081010e-10   4.1408116387e-15   1.5834660041e-17   2.8430567522e-07   2.6216519561e-01   4.1287459600e-03   1.0827252693e-01   1.3523017031e-13   2.9041000481e-07   8.9585851491e-15   5.3383200000e-01
   3.2000000000e-01   3.2000000000e-01   9.0935804198e+02  -2.3675514463e+06   1.9927560402e-01   3.0694171791e-01   2.9430789857e-04   7.7648638560e-12   9.7446971020e-16   3.6953492927e-05   4.5474732869e-12   8.9163831566e-02   7.4528750427e-10   2.2308703819e-15   7.5937683951e-18   2.2254568182e-07   2.7912693181e-01   4.0338005854e-03   1.0578366397e-01   1.1491110353e-13   2.8736789687e-07   8.5155598615e-15   5.2156000000e-01
   3.3600000000e-01   3.3600000000e-01   8.8775112768e+02  -2.4211636613e+06   1.9458686767e-01   3.1128011614e-01   2.8738634526e-04   5.8068346950e-12   6.4179383384e-16   3.6006603920e-05   2.7657648366e-12   8.7065870755e-02   7.6535331565e-10   1.2493508081e-15   3.7806413212e-18   1.7737345727e-07   2.9608866365e-01   3.9388721357e-03   1.0329473843e-01   9.9945212239e-14   2.8393158024e-07   8.2496659448e-15   5.0928800000e-01
   3.5200000000e-01   3.5200000000e-01   8.6690184904e+02  -2.4747730442e+06   1.8989809989e-01   3.1562221863e-01   2.8046329416e-04   4.4252822830e-12   4.3163340090e-16   3.5083155112e-05   1.7098848235e-12   8.4967909726e-02   7.9722257863e-10   7.2359915418e-16   1.9438279767e-18   1.4361204906e-07   3.1305039253e-01   3.8439526440e-03   1.0080577422e-01   8.8760819264e-14   2.8000752966e-07   8.0185164939e-15   4.9701600000e-01
   3.6800000000e-01   3.6800000000e-01   8.4675389857e+02  -2.5283811264e+06   1.8520931004e-01   3.1997602250e-01   2.7353933322e-04   3.4267939329e-12   2.9543987824e-16   3.4176301383e-05   1.0712201972e-12   8.2869947291e-02   8.3631616039e-10   4.3108228343e-16   1.0264113755e-18   1.1782590619e-07   3.3001211942e-01   3.7490377880e-03   9.8316785624e-02   8.0293634943e-14   2.7557994937e-07   7.7279543368e-15   4.8474400000e-01
   3.8400000000e-01   3.8400000000e-01   8.2725617824e+02  -2.5819886130e+06   1.8052050446e-01   3.2434947554e-01   2.6661481965e-04   2.6892317566e-12   2.0517994161e-16   3.3281381841e-05   6.7810964479e-13   8.0771983045e-02   8.7827817229e-10   2.6283748551e-16   5.5374995426e-19   9.7730225563e-08   3.4697384487e-01   3.6541252218e-03   9.5827781370e-02   7.3823848235e-14   2.7067515173e-07   7.3251910286e-15   4.7247200000e-01
   4.0000000000e-01   4.0000000000e-01   8.0836201635e+02  -2.6355958253e+06   1.7583168754e-01   3.2875058776e-01   2.5968997438e-04   2.1338096197e-12   1.4420034169e-16   3.2395144894e-05   4.3263503754e-13   7.8674016966e-02   9.2025609741e-10   1.6329315172e-16   3.0385182069e-19   8.1785062848e-08   3.6393556926e-01   3.5592136847e-03   9.3338766920e-02   6.8860036166e-14   2.6534034971e-07   6.7977122127e-15   4.6020000000e-01
   4.1600000000e-01   4.1600000000e-01   7.9002859484e+02  -2.6892029089e+06   1.7114286240e-01   3.3318750479e-01   2.5276493528e-04   1.7084922325e-12   1.0232851699e-16   3.1515276680e-05   2.7757462121e-13   7.6576049212e-02   9.6135062402e-10   1.0298432345e-16   1.6891608772e-19   6.8933307507e-08   3.8089729279e-01   3.4643025153e-03   9.0849745743e-02   6.5062113140e-14   2.5963110851e-07   6.1672292498e-15   4.4792800000e-01
   4.3200000000e-01   4.3200000000e-01   7.7221650374e+02  -2.7428099305e+06   1.6645403126e-01   3.3766856197e-01   2.4583978855e-04   1.3780976998e-12   7.3186388395e-17   3.0640104219e-05   1.7874835542e-13   7.4478080011e-02   1.0020181344e-09   6.5724215103e-17   9.4820703030e-20   5.8434960142e-08   3.9785901559e-01   3.3693913813e-03   8.8360720080e-02   6.2191780100e-14   2.5360402226e-07   5.4762454308e-15   4.3565600000e-01
   4.4800000000e-01   4.4800000000e-01   7.5488937720e+02  -2.7964169211e+06   1.6176519572e-01   3.4220232996e-01   2.3891458774e-04   1.1183037863e-12   5.2678371858e-17   2.9768402997e-05   1.1534386185e-13   7.2380109605e-02   1.0430313288e-09   4.2334458493e-17   5.3598369923e-20   4.9761953642e-08   4.1482073776e-01   3.2744801286e-03   8.5871691401e-02   6.0080825777e-14   2.4731258985e-07   4.7720713066e-15   4.2338400000e-01
   4.6400000000e-01   4.6400000000e-01   7.3801358593e+02  -2.8500238957e+06   1.5707635697e-01   3.4679765736e-01   2.3198936569e-04   9.1193888431e-13   3.8117106486e-17   2.8899268846e-05   7.4477860075e-14   7.0282138223e-02   1.0846652678e-09   2.7463134206e-17   3.0437995388e-20   4.2530304198e-08   4.3178245934e-01   3.1795686971e-03   8.3382660682e-02   5.8610530124e-14   2.4080507412e-07   4.0946474033e-15   4.1111200000e-01
   4.8000000000e-01   4.8000000000e-01   7.2155797139e+02  -2.9036308617e+06   1.5238751586e-01   3.5146371353e-01   2.2506414205e-04   7.4663446302e-13   2.7704774049e-17   2.8032030473e-05   4.8064084348e-14   6.8184166065e-02   1.1263950848e-09   1.7912309197e-17   1.7333145053e-20   3.6455445508e-08   4.4874418040e-01   3.0846570746e-03   8.0893628580e-02   5.7697825303e-14   2.3412359557e-07   3.4710269042e-15   3.9884000000e-01
   4.9600000000e-01   4.9600000000e-01   7.0549361286e+02  -2.9572378229e+06   1.4769867304e-01   3.5621003365e-01   2.1813892807e-04   6.1330876290e-13   2.0217927516e-17   2.7166188227e-05   3.0969275551e-14   6.6086193303e-02   1.1670407776e-09   1.1730411058e-17   9.8825566377e-21   3.1322298539e-08   4.6570590097e-01   2.9897452712e-03   7.8404595541e-02   5.7285525474e-14   2.2730398622e-07   2.9154009866e-15   3.8656800000e-01
   5.1200000000e-01   5.1200000000e-01   6.8979362140e+02  -3.0108447812e+06   1.4300982898e-01   3.6104656708e-01   2.1121372972e-04   5.0517066632e-13   1.4811631053e-17   2.6301370234e-05   1.9905557355e-14   6.3988220077e-02   1.2051416436e-09   7.7050665388e-18   5.6344046989e-21   2.6964981319e-08   4.8266762110e-01   2.8948333068e-03   7.5915561870e-02   5.7334968187e-14   2.2037609599e-07   2.4319658929e-15   3.7429600000e-01
   5.2800000000e-01   5.2800000000e-01   6.7443295670e+02  -3.0644517379e+06   1.3832098403e-01   3.6598372994e-01   2.0428854968e-04   4.1705590239e-13   1.0895098471e-17   2.5437300304e-05   1.2752956576e-14   6.1890246499e-02   1.2393470952e-09   5.0719845425e-18   3.2089351607e-21   2.3252981961e-08   4.9962934081e-01   2.7999212042e-03   7.3426527775e-02   5.7820000774e-14   2.1336434890e-07   2.0183950524e-15   3.6202400000e-01
   5.4400000000e-01   5.4400000000e-01   6.5938826365e+02  -3.1180586936e+06   1.3363213843e-01   3.7103246273e-01   1.9736338864e-04   3.4497870352e-13   8.0510617291e-18   2.4573774051e-05   8.1382503913e-15   5.9792272657e-02   1.2686875184e-09   3.3436531587e-18   1.8239693892e-21   2.0081722313e-08   5.1659106016e-01   2.7050089858e-03   7.0937493398e-02   5.8721541981e-14   2.0628841457e-07   1.6687631553e-15   3.4975200000e-01
   5.6000000000e-01   5.6000000000e-01   6.4463772611e+02  -3.1716656487e+06   1.2894329238e-01   3.7620429378e-01   1.9043824613e-04   2.8582438428e-13   5.9824275176e-18   2.3710640935e-05   5.1694444959e-15   5.7694298622e-02   1.2926764884e-09   2.2062358422e-18   1.0338680463e-21   1.7366102656e-08   5.3355277916e-01   2.6100966723e-03   6.8448458835e-02   6.0022057858e-14   1.9916390758e-07   1.3755998142e-15   3.3748000000e-01
   5.7600000000e-01   5.7600000000e-01   6.3016093618e+02  -3.2252726034e+06   1.2425444600e-01   3.8151140909e-01   1.8351312105e-04   2.3713462784e-13   4.4763161270e-18   2.2847790683e-05   3.2664009630e-15   5.5596324443e-02   1.3112613310e-09   1.4562638203e-18   5.8394343957e-22   1.5036046973e-08   5.5051449786e-01   2.5151842819e-03   6.5959424152e-02   6.1699295152e-14   1.9200305959e-07   1.1311605036e-15   3.2520800000e-01
   5.9200000000e-01   5.9200000000e-01   6.1593877714e+02  -3.2788795578e+06   1.1956559939e-01   3.8696672969e-01   1.7658801199e-04   1.9695417194e-13   3.3794101693e-18   2.1985143021e-05   2.0518049432e-15   5.3498350161e-02   1.3246729033e-09   9.6110126532e-19   3.2840587474e-22   1.3033368177e-08   5.6747621629e-01   2.4202718305e-03   6.3470389391e-02   6.3718599903e-14   1.8481533263e-07   9.2812533282e-16   3.1293600000e-01
   6.0800000000e-01   6.0800000000e-01   6.0195331888e+02  -3.3324865121e+06   1.1487675263e-01   3.9258399707e-01   1.6966291746e-04   1.6371863855e-13   2.5808185850e-18   2.1122639934e-05   1.2805058659e-15   5.1400375804e-02   1.3332324069e-09   6.3391677487e-19   1.8376691639e-22   1.1309491375e-08   5.8443793447e-01   2.3253593311e-03   6.0981354582e-02   6.6023229727e-14   1.7760795820e-07   7.5992610009e-16   3.0066400000e-01
   6.2400000000e-01   6.2400000000e-01   5.8818772474e+02  -3.3860934662e+06   1.1018790577e-01   3.9837786810e-01   1.6273783597e-04   1.3617047169e-13   2.0000328971e-18   2.0260239872e-05   7.9352472518e-16   4.9302401393e-02   1.3371641469e-09   4.1767005853e-19   1.0224199216e-22   9.8237322894e-09   6.0139965245e-01   2.2304467948e-03   5.8492319742e-02   6.8522431343e-14   1.7038639753e-07   6.2085192160e-16   2.8839200000e-01
   6.4000000000e-01   6.4000000000e-01   5.7462616868e+02  -3.4397004203e+06   1.0549905882e-01   4.0436402026e-01   1.5581276613e-04   1.1329460057e-13   1.5783923524e-18   1.9397913413e-05   4.8804014871e-16   4.7204426944e-02   1.3364490380e-09   2.7478476118e-19   5.6519685179e-23   8.5419393666e-09   6.1836137023e-01   2.1355342303e-03   5.6003284883e-02   7.1077983239e-14   1.6315472589e-07   5.0603368059e-16   2.7612000000e-01
   6.5600000000e-01   6.5600000000e-01   5.6125376227e+02  -3.4933073743e+06   1.0081021183e-01   4.1055926869e-01   1.4888770668e-04   9.4268389263e-14   1.2729998481e-18   1.8535640035e-05   2.9777983810e-16   4.5106452468e-02   1.3307409251e-09   1.8044848894e-19   3.1024382907e-23   7.4353821694e-09   6.3532308785e-01   2.0406216446e-03   5.3514250013e-02   7.3491724250e-14   1.5591594718e-07   4.1136942693e-16   2.6384800000e-01
   6.7200000000e-01   6.7200000000e-01   5.4805649062e+02  -3.5469143283e+06   9.6121364809e-02   4.1698169652e-01   1.4196265647e-04   7.8422270549e-14   1.0523674697e-18   1.7673405691e-05   1.8020926465e-16   4.3008477972e-02   1.3193583771e-09   1.1824595969e-19   1.6900237547e-23   6.4798151418e-09   6.5228480531e-01   1.9457090431e-03   5.1025215137e-02   7.5499401103e-14   1.4867224740e-07   3.3342708484e-16   2.5157600000e-01
   6.8800000000e-01   6.8800000000e-01   5.3502115701e+02  -3.6005212822e+06   9.1432517764e-02   4.2365080009e-01   1.3503761447e-04   6.5208603345e-14   8.9329197421e-19   1.6811200979e-05   1.0816767839e-16   4.0910503463e-02   1.3013568330e-09   7.7301994554e-20   9.1317304773e-24   5.6546741971e-09   6.6924652265e-01   1.8507964302e-03   4.8536180256e-02   7.6779201419e-14   1.4142519595e-07   2.6934452857e-16   2.3930400000e-01
   7.0400000000e-01   7.0400000000e-01   5.2213533562e+02  -3.6541282361e+06   8.6743670707e-02   4.3058765121e-01   1.2811257979e-04   5.4177010085e-14   7.7860885031e-19   1.5949019715e-05   6.4415380133e-17   3.8812528944e-02   1.2756762917e-09   5.0406018614e-20   4.8920695974e-24   4.9423815903e-09   6.8620823988e-01   1.7558838088e-03   4.6047145374e-02   7.6984133289e-14   1.3417590318e-07   2.1673722602e-16   2.2703200000e-01
   7.2000000000e-01   7.2000000000e-01   5.0938733218e+02  -3.7077351900e+06   8.2054823642e-02   4.3781507838e-01   1.2118755158e-04   4.4954909380e-14   6.9557362854e-19   1.5086857825e-05   3.8086289633e-17   3.6714554419e-02   1.2413453024e-09   3.2776945460e-20   2.5973077621e-24   4.3277478190e-09   7.0316995701e-01   1.6609711816e-03   4.3558110490e-02   7.5801979511e-14   1.2692514238e-07   1.7361788222e-16   2.1476000000e-01
   7.3600000000e-01   7.3600000000e-01   4.9676615234e+02  -3.7613421439e+06   7.7365976574e-02   4.4535786974e-01   1.1426252911e-04   3.7232266323e-14   6.3468677302e-19   1.4224712472e-05   2.2386464579e-17   3.4616579889e-02   1.1977039623e-09   2.1247211393e-20   1.3659104369e-24   3.7974701014e-09   7.2013167405e-01   1.5660585500e-03   4.1069075605e-02   7.3032547920e-14   1.1967344278e-07   1.3832925742e-16   2.0248800000e-01
   7.5200000000e-01   7.5200000000e-01   4.8426147769e+02  -3.8149490978e+06   7.2677129504e-02   4.5324300042e-01   1.0733751165e-04   3.0749812223e-14   5.8882570462e-19   1.3362581410e-05   1.3106365578e-17   3.2518605356e-02   1.1445944158e-09   1.3721983585e-20   7.1100785050e-25   3.3397338259e-09   7.3709339101e-01   1.4711459156e-03   3.8580040720e-02   6.8654644130e-14   1.1242115957e-07   1.0948961931e-16   1.9021600000e-01
   7.6800000000e-01   7.6800000000e-01   4.7186364928e+02  -3.8685560516e+06   6.7988282434e-02   4.6149988762e-01   1.0041249854e-04   2.5290181690e-14   5.5258453031e-19   1.2500462549e-05   7.6636578751e-18   3.0420630821e-02   1.0824681420e-09   8.8195963759e-21   3.6593544733e-25   2.9439226350e-09   7.5405510791e-01   1.3762332791e-03   3.6091005835e-02   6.2849192858e-14   1.0516852592e-07   8.5949497532e-17   1.7794400000e-01
   7.8400000000e-01   7.8400000000e-01   4.5956365879e+02  -3.9221630055e+06   6.3299435365e-02   4.7016067712e-01   9.3487489126e-05   2.0671570647e-14   5.2175653980e-19   1.1638353733e-05   4.4910913106e-18   2.8322656284e-02   1.0123810858e-09   5.6318045342e-21   1.8590971075e-25   2.6004330651e-09   7.7101682475e-01   1.2813206413e-03   3.3601970950e-02   5.5962273013e-14   9.7915690928e-08   6.6758035824e-17   1.6567200000e-01
   8.0000000000e-01   8.0000000000e-01   4.4735314736e+02  -3.9757699593e+06   5.8610588296e-02   4.7926056541e-01   8.6562482808e-05   1.6743586497e-14   4.9292925783e-19   1.0776252686e-05   2.6480859723e-18   2.6224681746e-02   9.3588276511e-10   3.5636489227e-21   9.3014569932e-26   2.3005752711e-09   7.8797854155e-01   1.1864080025e-03   3.1112936065e-02   4.8424480443e-14   9.0662746956e-08   5.1136887772e-17   1.5340000000e-01
   8.1600000000e-01   8.1600000000e-01   4.3522441215e+02  -4.0293769131e+06   5.3921741229e-02   4.8883816225e-01   7.9637479016e-05   1.3384914930e-14   4.6319505460e-19   9.9141570744e-06   1.5766235529e-18   2.4126707207e-02   8.5483564128e-10   2.2265301273e-21   4.5684037973e-26   2.0365308000e-09   8.0494025831e-01   1.0914953631e-03   2.8623901180e-02   4.0665384387e-14   8.3409748918e-08   3.8459175409e-17   1.4112800000e-01
   8.3200000000e-01   8.3200000000e-01   4.2317042080e+02  -4.0829838670e+06   4.9232894163e-02   4.9893589915e-01   7.2712477230e-05   1.0502276832e-14   4.3000902713e-19   9.0520646293e-06   9.4954141903e-19   2.2028732668e-02   7.7121143557e-10   1.3670253409e-21   2.1934095388e-26   1.8013377084e-09   8.2190197504e-01   9.9658272330e-04   2.6134866295e-02   3.3057095938e-14   7.6156727698e-08   2.8230680583e-17   1.2885600000e-01
   8.4800000000e-01   8.4800000000e-01   4.1118483374e+02  -4.1365908208e+06   4.4544047098e-02   5.0960049016e-01   6.5787476988e-05   8.0298578497e-15   3.9124545749e-19   8.1899732767e-06   5.7738981936e-19   1.9930758129e-02   6.8690107302e-10   8.1977090792e-22   1.0239324705e-26   1.5888817239e-09   8.3886369175e-01   9.0167008327e-04   2.3645831410e-02   2.5897400256e-14   6.8903699303e-08   2.0070250025e-17   1.1658400000e-01
   8.6400000000e-01   8.6400000000e-01   3.9926203440e+02  -4.1901977746e+06   3.9855200034e-02   5.2088345214e-01   5.8862477886e-05   5.9278637350e-15   3.4549896924e-19   7.3278812549e-06   3.5192327152e-19   1.7832783589e-02   6.0355586666e-10   4.7651864988e-22   4.6153883637e-27   1.3938835291e-09   8.5582540844e-01   8.0675744308e-04   2.1156796524e-02   1.9420264013e-14   6.1650670986e-08   1.3686390372e-17   1.0431200000e-01
   8.8000000000e-01   8.8000000000e-01   3.8739716708e+02  -4.2438047284e+06   3.5166352971e-02   5.3284169303e-01   5.1937479587e-05   4.1781890052e-15   2.9261039737e-19   6.4657872105e-06   2.1216002265e-19   1.5734809049e-02   5.2246287115e-10   2.6600191353e-22   1.9906609889e-27   1.2118801258e-09   8.7278712511e-01   7.1184480280e-04   1.8667761639e-02   1.3811132793e-14   5.4397645225e-08   8.8478267530e-18   9.2040000000e-02
   8.9600000000e-01   8.9600000000e-01   3.7558618221e+02  -4.2974116822e+06   3.0477505908e-02   5.4553817787e-01   4.5012481820e-05   2.7751664204e-15   2.3423478664e-19   5.6036902683e-06   1.2412420910e-19   1.3636834509e-02   4.4445479936e-10   1.4096769665e-22   8.1156139610e-28   1.0391993352e-09   8.8974884177e-01   6.1693216247e-04   1.6178726754e-02   9.2069416569e-15   4.7144622219e-08   5.3489968549e-18   7.9768000000e-02
   9.1200000000e-01   9.1200000000e-01   3.6382588817e+02  -4.3510186360e+06   2.5788658845e-02   5.5904268428e-01   3.8087484378e-05   1.7114255732e-15   1.7405940663e-19   4.7415900644e-06   6.8798715206e-20   1.1538859970e-02   3.6986340975e-10   6.9909616641e-23   3.0735594312e-28   8.7292205400e-10   9.0671055843e-01   5.2201952211e-04   1.3689691869e-02   5.6744010548e-15   3.9891601327e-08   2.9779625165e-18   6.7496000000e-02
   9.2800000000e-01   9.2800000000e-01   3.5211400880e+02  -4.4046255898e+06   2.1099811782e-02   5.7343266103e-01   3.1162487116e-05   9.6336286845e-16   1.1724480259e-19   3.8794867229e-06   3.5059128515e-20   9.4408854297e-03   2.9853475233e-10   3.1837612145e-23   1.0533524925e-28   7.1082260995e-10   9.2367227508e-01   4.2710688173e-04   1.1200656983e-02   3.1810596573e-15   3.2638581809e-08   1.5002633716e-18   5.5224000000e-02
   9.4400000000e-01   9.4400000000e-01   3.4044924508e+02  -4.4582325436e+06   1.6410964719e-02   5.8879420632e-01   2.4237489943e-05   4.8417678713e-16   6.9047926746e-20   3.0173807610e-06   1.5752887027e-20   7.3429108897e-03   2.2992095152e-10   1.2958140001e-23   3.1281910133e-29   5.5128078009e-10   9.4063399173e-01   3.3219424135e-04   8.7116220982e-03   1.5879040152e-15   2.5385563105e-08   6.6889268912e-19   4.2952000000e-02
   9.6000000000e-01   9.6000000000e-01   3.2883133885e+02  -4.5118394974e+06   1.1722117657e-02   6.0522318603e-01   1.7312492806e-05   2.0946606181e-16   3.3226070394e-20   2.1552729293e-06   5.8005840862e-21   5.2449363498e-03   1.6324067824e-10   4.5028022684e-24   7.4116792047e-30   3.9317166568e-10   9.5759570838e-01   2.3728160097e-04   6.2225872130e-03   6.8154319205e-16   1.8132544859e-08   2.5471405371e-19   3.0680000000e-02
   9.7600000000e-01   9.7600000000e-01   3.1726113587e+02  -4.5654464512e+06   7.0332705940e-03   6.2282651672e-01   1.0387495682e-05   7.1733399465e-17   1.1066614085e-20   1.2931640205e-06   1.4668766185e-21   3.1469618099e-03   9.7673054133e-11   1.2102775171e-24   1.1458497972e-30   2.3575334800e-10   9.7455742503e-01   1.4236896058e-04   3.7335523278e-03   2.3301559940e-16   1.0879526851e-08   7.6818915844e-20   1.8408000000e-02
   9.9200000000e-01   9.9200000000e-01   3.0574064493e+02  -4.6190534050e+06   2.3444235313e-03   6.4172364471e-01   3.4624985606e-06   1.3974696659e-17   1.2843602703e-21   4.3105468946e-07   1.1655629756e-22   1.0489872700e-03   3.2541198844e-11   1.7795124366e-25   4.8312886404e-32   7.8575677206e-11   9.9151914168e-01   4.7456320193e-05   1.2445174426e-03   4.8482045847e-17   3.6265089429e-09   1.4310700783e-20   6.1360000000e-03
   1.0000000000e+00   1.0000000000e+00   3.0000000000e+02  -4.6458568819e+06   0.0000000000e+00   6.5169855213e-01   0.0000000000e+00   0.0000000000e+00   0.0000000000e+00   0.0000000000e+00   0.0000000000e+00   0.0000000000e+00   0.0000000000e+00   0.0000000000e+00   0.0000000000e+00   0.0000000000e+00   1.0000000000e+00   0.0000000000e+00   0.0000000000e+00   0.0000000000e+00   0.0000000000e+00   0.0000000000e+00   0.0000000000e+00