# L (m)  = 1
# P (Pa) = 101325
#             001_x           002_mixf              003_T              004_h             005_pv        006_density             007_H2              008_H              009_O             010_O2             011_OH            012_H2O            013_HO2            014_CH2         015_CH2(S)            016_CH3            017_CH4             018_CO            019_CO2            020_HCO           021_CH2O          022_CH2OH             023_N2
                  0   0.0000000000e+00   3.0000000000e+02   1.9075768848e+03   0.0000000000e+00   1.1719839921e+00   0.0000000000e+00   0.0000000000e+00   0.0000000000e+00   2.3300000000e-01   0.0000000000e+00   0.0000000000e+00   0.0000000000e+00   0.0000000000e+00   0.0000000000e+00   0.0000000000e+00   0.0000000000e+00   0.0000000000e+00   0.0000000000e+00   0.0000000000e+00   0.0000000000e+00   0.0000000000e+00   7.6700000000e-01
   2.0000000000e-03   2.0000000000e-03   3.2408105773e+02  -5.7412157565e+04   7.5505872533e-03   1.0829921414e+00   6.8844758911e-06   3.0480098712e-16   5.3707585434e-15   2.2653110981e-01   4.3676752364e-11   3.4203550694e-03   3.0148864095e-07   4.0398593712e-16   2.1864102414e-17   1.6879391501e-07   4.4859701958e-04   2.2270958372e-04   3.9006381243e-03   2.0197238728e-15   3.2355928511e-06   6.0651359770e-20   7.6546600000e-01
   6.0000000000e-03   6.0000000000e-03   3.7115941607e+02  -1.7605158816e+05   2.2613992583e-02   9.4231109801e-01   2.0687104542e-05   5.0616084305e-15   1.7236962813e-14   2.1362364695e-01   1.4383369663e-10   1.0244018639e-02   8.9686121166e-07   3.4814675890e-15   2.0051419287e-16   5.0741206455e-07   1.3532467820e-03   6.6864899108e-04   1.1680637848e-02   2.1244575074e-14   9.7092665199e-06   1.2463985144e-18   7.6239800000e-01
   1.0000000000e-02   1.0000000000e-02   4.1616091739e+02  -2.9469074429e+05   3.7564554022e-02   8.3747917399e-01   3.4589139622e-05   3.0753880304e-14   4.1511493006e-14   2.0080675405e-01   3.2159552577e-10   1.7016750319e-02   1.4749739684e-06   1.1996935838e-14   7.0856303258e-16   8.5183231959e-07   2.2801749310e-03   1.1161122705e-03   1.9397102293e-02   8.6358925943e-14   1.6189868158e-05   8.4560326915e-18   7.5933000000e-01
   1.4000000000e-02   1.4000000000e-02   4.5838999528e+02  -4.1332876336e+05   5.2328581303e-02   7.5767849984e-01   4.8651508544e-05   1.2811817190e-13   9.9816722591e-14   1.8813955280e-01   6.0112171362e-10   2.3705285358e-02   2.0311896398e-06   3.0389786947e-14   1.7903195518e-15   1.2097148404e-06   3.2439445380e-03   1.5659943121e-03   2.7008650125e-02   2.5064787843e-13   2.2679850012e-05   3.7328807778e-17   7.5626200000e-01
   1.8000000000e-02   1.8000000000e-02   4.9723304599e+02  -5.3196314369e+05   6.6834669214e-02   6.9606342260e-01   6.2927367955e-05   3.8403867820e-13   1.6808731692e-13   1.7567930475e-01   9.4977624100e-10   3.0277383271e-02   2.5639385499e-06   6.2089637120e-14   3.5702886103e-15   1.5912962470e-06   4.2586921600e-03   2.0190144812e-03   3.4475344093e-02   5.7292652505e-13   2.9177687411e-05   1.2100598347e-16   7.5319400000e-01
   2.2000000000e-02   2.2000000000e-02   5.3216662764e+02  -6.5058583519e+05   8.1014565170e-02   6.4811715689e-01   7.7459471900e-05   7.8515286914e-13  -3.8834661573e-13   1.6348070892e-01   1.3129801807e-09   3.6702216911e-02   3.0736745311e-06   1.0909377968e-13   6.0163988442e-15   2.0093603512e-06   5.3379657766e-03   2.4756581107e-03   4.1759230677e-02   1.1035227895e-12   3.5675784289e-05   2.9664439423e-16   7.5012600000e-01
   2.6000000000e-02   2.5999999999e-02   5.6277287169e+02  -7.6916505909e+05   9.4803990689e-02   6.1075053257e-01   9.2277983453e-05   9.3957563900e-13  -4.5966196240e-12   1.5159523703e-01   1.6432783540e-09   4.2950741365e-02   3.5626505349e-06   1.7289120992e-13   9.0102767675e-15   2.4793603799e-06   6.4945695253e-03   2.9361289154e-03   4.8824842425e-02   1.8782438054e-12   4.2159102340e-05   5.3114120297e-16   7.4705800000e-01
   3.0000000000e-02   2.9999999995e-02   5.8877714417e+02  -8.8759637949e+05   1.0814340323e-01   5.8176202781e-01   1.0739881189e-04   4.1238356734e-14  -1.8266779088e-11   1.4007051733e-01   1.9105495241e-09   4.8996036978e-02   4.0353470567e-06   2.5513010841e-13   1.2405737242e-14   3.0197132432e-06   7.7404172833e-03   3.4003144030e-03   5.5639653037e-02   2.9071914678e-12   4.8605200915e-05   6.0625591739e-16   7.4399000000e-01
   3.4000000000e-02   3.3999999995e-02   6.1008478246e+02  -1.0056488499e+06   1.2097868463e-01   5.5951141558e-01   1.2282253161e-04  -2.3096486570e-12  -4.2970306311e-11   1.2894977821e-01   2.1058710060e-09   5.4813620450e-02   4.4994105441e-06   3.5829945734e-13   1.6082130919e-14   3.6523460654e-06   9.0863974541e-03   3.8677657404e-03   6.2174475912e-02   4.1809243860e-12   5.4985874809e-05   1.8416712186e-16   7.4092200000e-01
   3.8000000000e-02   3.7999999994e-02   6.2685588988e+02  -1.1228635932e+06   1.3326174247e-01   5.4267271104e-01   1.3853391359e-04  -4.4317653061e-12  -6.6146546373e-11   1.1827136285e-01   2.2448832535e-09   6.0381717798e-02   4.9672176122e-06   4.8847474998e-13   2.0073121855e-14   4.4035767356e-06   1.0542251596e-02   4.3376928249e-03   6.8403797933e-02   5.7643665650e-12   6.1270103027e-05  -5.6361873738e-16   7.3785400000e-01
   4.2000000000e-02   4.1999999989e-02   6.3968333144e+02  -1.2383271967e+06   1.4495101082e-01   5.2996994110e-01   1.5450207458e-04  -1.6787003572e-12  -6.6001213533e-11   1.0806832530e-01   2.3617899422e-09   6.5681492761e-02   5.4587376055e-06   6.6191693315e-13   2.4768020160e-14   5.3052383350e-06   1.2116469913e-02   4.8089745127e-03   7.4306041469e-02   7.9875189032e-12   6.7427687824e-05   2.3546323898e-16   7.3478600000e-01
   4.6000000000e-02   4.5999999992e-02   6.4997752429e+02  -1.3501902876e+06   1.5601183784e-01   5.1979602551e-01   1.7068122683e-04   1.1915800336e-11  -3.1802869106e-11   9.8368117775e-02   2.4939041719e-09   7.0697224322e-02   6.0066438491e-06   9.1471838370e-13   3.1055257483e-14   6.3959428592e-06   1.3816206698e-02   5.2801831674e-03   7.9863749127e-02   1.1608369181e-11   7.3432610216e-05   7.1135526098e-15   7.3171800000e-01
   5.0000000000e-02   5.0000000000e-02   6.6085084423e+02  -1.4545630061e+06   1.6641674957e-01   5.0950425690e-01   1.8701202518e-04   4.0072998057e-11   2.4401640998e-11   8.9192378310e-02   2.6797323023e-09   7.5416427961e-02   6.6635843469e-06   1.3137471541e-12   4.0376317401e-14   7.7232859374e-06   1.5647217964e-02   5.7496219521e-03   8.5063687629e-02   1.7903429724e-11   7.9264524994e-05   2.6676252887e-14   7.2865000000e-01
   5.4000000000e-02   5.4000000000e-02   6.7990385089e+02  -1.5420201639e+06   1.7614558097e-01   4.9354785493e-01   2.0342366025e-04   8.6562757941e-11   8.8061842785e-11   8.0556831445e-02   3.0213270673e-09   7.9829915756e-02   7.5073773439e-06   1.9896148959e-12   5.5638875306e-14   9.3499412460e-06   1.7613821730e-02   6.2153724884e-03   8.9896869070e-02   2.9537738676e-11   8.4905305446e-05   6.7892519640e-14   7.2558200000e-01
   5.8000000000e-02   5.8000000000e-02   7.2683295463e+02  -1.5876747884e+06   1.8518546182e-01   4.6012286969e-01   2.1983756270e-04   2.1030440995e-10   2.4290721483e-10   7.2471337735e-02   3.9617452528e-09   8.3931786263e-02   8.6232730346e-06   3.3824897685e-12   8.8920916921e-14   1.1371683209e-05   1.9718880080e-02   6.6753487577e-03   9.4358489235e-02   5.8892243774e-11   9.0320932575e-05   1.8888458028e-13   7.2251400000e-01
   6.2000000000e-02   6.2000000000e-02   8.0530715319e+02  -1.5844317428e+06   1.9353060728e-01   4.1389034365e-01   2.3617725507e-04   6.5726341312e-10   9.1007606754e-10   6.4940237883e-02   6.3493625727e-09   8.7719304665e-02   9.9794919121e-06   6.9016501264e-12   1.7707186291e-13   1.3978513677e-05   2.1963797853e-02   7.1273451526e-03   9.8447780207e-02   1.4973326400e-10   9.5390904032e-05   6.8106216872e-13   7.1944600000e-01
   6.6000000000e-02   6.6000000000e-02   8.8520343702e+02  -1.5683391461e+06   2.0118186397e-01   3.7527482638e-01   2.5238672200e-04   1.6711382345e-09   2.5359482437e-09   5.7962955294e-02   1.0915579872e-08   9.1192642272e-02   1.1251039233e-05   1.5653225523e-11   3.9315007508e-13   1.7554717359e-05   2.4348528349e-02   7.5690651243e-03   1.0216776985e-01   3.6930675295e-10   9.9831123512e-05   2.0417092064e-12   7.1637800000e-01
   7.0000000000e-02   7.0000000000e-02   9.5790251189e+02  -1.5509435273e+06   2.0814609353e-01   3.4564043115e-01   2.6843391728e-04   3.2777416524e-09   4.9102158805e-09   5.1534291876e-02   1.8469384677e-08   9.4354553027e-02   1.1998876250e-05   3.6307699905e-11   8.9103137438e-13   2.2573867381e-05   2.6871746810e-02   7.9981560536e-03   1.0552495053e-01   7.8503697065e-10   1.0326755471e-04   4.8442882074e-12   7.1331000000e-01
   7.4000000000e-02   7.4000000000e-02   1.0229363477e+03  -1.5338471968e+06   2.1443541055e-01   3.2259574482e-01   2.8429931365e-04   5.3503100914e-09   7.3941119620e-09   4.5644728085e-02   2.9509680618e-08   9.7209989368e-02   1.1956976260e-05   8.1302870729e-11   1.9480637846e-12   2.9326471024e-05   2.9531232444e-02   8.4122440041e-03   1.0852887786e-01   1.4233600834e-09   1.0530170616e-04   9.6515663600e-12   7.1024200000e-01
   7.8000000000e-02   7.8000000000e-02   1.0808736196e+03  -1.5172547773e+06   2.2006649663e-01   3.0430025154e-01   2.9996012492e-04   7.7231716107e-09   9.4537564683e-09   4.0280818421e-02   4.4116385294e-08   9.9765821444e-02   1.1141630862e-05   1.7001968872e-10   3.9809437096e-12   3.7724129925e-05   3.2324182633e-02   8.8089503592e-03   1.1119176470e-01   2.2410454420e-09   1.0557283250e-04   1.6790474106e-11   7.0717400000e-01
   8.2000000000e-02   8.2000000000e-02   1.1322702410e+03  -1.5012333520e+06   2.2506013870e-01   2.8953853872e-01   3.1537420066e-04   1.0190261753e-08   1.0779081614e-08   3.5425552227e-02   6.1744081347e-08   1.0203074509e-01   9.7777297764e-06   3.2515529709e-10   7.4583011855e-12   4.7260584431e-05   3.5247333221e-02   9.1858931494e-03   1.1352812625e-01   3.1248965561e-09   1.0385134317e-04   2.6317568562e-11   7.0410600000e-01
   8.6000000000e-02   8.6000000000e-02   1.1771660005e+03  -1.4865437087e+06   2.2944101557e-01   2.7759272737e-01   3.3046648965e-04   1.2501603997e-08   1.1248396195e-08   3.1058571599e-02   8.0907365549e-08   1.0401534734e-01   8.1670753485e-06   5.6090192360e-10   1.2637695577e-11   5.7098858494e-05   3.8296904294e-02   9.5407227062e-03   1.1555447904e-01   3.9226151649e-09   1.0013340903e-04   3.8037200115e-11   7.0103800000e-01
   9.0000000000e-02   9.0000000000e-02   1.2146709288e+03  -1.4753596558e+06   2.3323767013e-01   2.6815596714e-01   3.4512527477e-04   1.4413778442e-08   1.0907031414e-08   2.7156273910e-02   9.8993968739e-08   1.0573223972e-01   6.5789314866e-06   8.6566238312e-10   1.9168928760e-11   6.6264280027e-05   4.1468404420e-02   9.8712516423e-03   1.1728905350e-01   4.4958257823e-09   9.4678577469e-05   5.1174465300e-11   6.9797000000e-01
   9.4000000000e-02   9.4000000000e-02   1.2443937111e+03  -1.4691867229e+06   2.3648251946e-01   2.6091583706e-01   3.5921374756e-04   1.5766269182e-08   9.9532775903e-09   2.3691929488e-02   1.1326485142e-07   1.0719614141e-01   5.1826630132e-06   1.1978027593e-09   2.6025321683e-11   7.3915182628e-05   4.4756353235e-02   1.0175688603e-02   1.1875147570e-01   4.7721955140e-09   8.7954927696e-05   6.4329791038e-11   6.9490200000e-01
   9.8000000000e-02   9.8000000000e-02   1.2670515507e+03  -1.4678333095e+06   2.3921155686e-01   2.5543981249e-01   3.7259192610e-04   1.6510596621e-08   8.6523590456e-09   2.0636051883e-02   1.2211756864e-07   1.0842371641e-01   4.0398240067e-06   1.5029203347e-09   3.1969945722e-11   7.9544665599e-05   4.8154139253e-02   1.0452883324e-02   1.1996236520e-01   4.7572835641e-09   8.0513867033e-05   7.5886503705e-11   6.9183400000e-01
   1.0200000000e-01   1.0200000000e-01   1.2837625839e+03  -1.4703955120e+06   2.4146355786e-01   2.5132495219e-01   3.8513707377e-04   1.6690295150e-08   7.2415835460e-09   1.7957114140e-02   1.2529446316e-07   1.0943310372e-01   3.1421347121e-06   1.7355017164e-09   3.6072225913e-11   8.3013486988e-05   5.1654149776e-02   1.0702453454e-02   1.2094286361e-01   4.5109706671e-09   7.2867011872e-05   8.4479534174e-11   6.8876600000e-01
   1.0600000000e-01   1.0600000000e-01   1.2955897532e+03  -1.4759468238e+06   2.4327895358e-01   2.4825794170e-01   3.9675595443e-04   1.6404343299e-08   5.8878744656e-09   1.5622473910e-02   1.2349613919e-07   1.1024327930e-01   2.4520146543e-06   1.8715356667e-09   3.7951694110e-11   8.4467550260e-05   5.5248086835e-02   1.0924751418e-02   1.2171416690e-01   4.1147194886e-09   6.5414211325e-05   8.9356376922e-11   6.8569800000e-01
   1.1000000000e-01   1.1000000000e-01   1.3034230236e+03  -1.4837372579e+06   2.4469863053e-01   2.4600746583e-01   4.0738870637e-04   1.5772577705e-08   4.6856524247e-09   1.3599317326e-02   1.1789831798e-07   1.1087340968e-01   1.9266124717e-06   1.9095805127e-09   3.7737768241e-11   8.4221160595e-05   5.8927335259e-02   1.1120719002e-02   1.2229711315e-01   3.6457978998e-09   5.8425067459e-05   9.0476852999e-11   6.8263000000e-01
   1.1400000000e-01   1.1400000000e-01   1.3079850599e+03  -1.4932013397e+06   2.4576285217e-01   2.4440282753e-01   4.1700700022e-04   1.4911182260e-08   3.6729033959e-09   1.1855484785e-02   1.0977059342e-07   1.1134229884e-01   1.5277891475e-06   1.8643515351e-09   3.5878068376e-11   8.2654553631e-05   6.2683293289e-02   1.1291702805e-02   1.2271184353e-01   3.1638622819e-09   5.2053903559e-05   8.8359935143e-11   6.7956200000e-01
   1.1800000000e-01   1.1800000000e-01   1.3098626979e+03  -1.5039208584e+06   2.4651040048e-01   2.4331584496e-01   4.2560936435e-04   1.3919247793e-08   2.8510057867e-09   1.0360115555e-02   1.0024454390e-07   1.1166796887e-01   1.2247463084e-06   1.7582509940e-09   3.2931107656e-11   8.0142922184e-05   6.6507627041e-02   1.1439284774e-02   1.2297753747e-01   2.7079163007e-09   4.6367657622e-05   8.3819428995e-11   6.7649400000e-01
   1.2200000000e-01   1.2200000000e-01   1.3095365437e+03  -1.5155866564e+06   2.4697795823e-01   2.4264813974e-01   4.3321569901e-04   1.2873888435e-08   2.2014727082e-09   9.0841042272e-03   9.0210937411e-08   1.1186737414e-01   9.9371500215e-07   1.6144468347e-09   2.9417924416e-11   7.7016399686e-05   7.0392444245e-02   1.1565152565e-02   1.2311221582e-01   2.2991464691e-09   4.1373876451e-05   7.7722256084e-11   6.7342600000e-01
   1.2600000000e-01   1.2600000000e-01   1.3074037949e+03  -1.5279687886e+06   2.4719970743e-01   2.4232261597e-01   4.3986205895e-04   1.1830658108e-08   1.6976328746e-09   8.0003922723e-03   8.0303627576e-08   1.1195622827e-01   8.1676186398e-07   1.4527440195e-09   2.5747631489e-11   7.3543424654e-05   7.4330399441e-02   1.1671012573e-02   1.2313260453e-01   1.9458138377e-09   3.7043339965e-05   7.0831473413e-11   6.7035800000e-01
   1.3000000000e-01   1.3000000000e-01   1.3037950597e+03  -1.5408949035e+06   2.4720710225e-01   2.4227775848e-01   4.4559613215e-04   1.0826593950e-08   1.3116738373e-09   7.0841281772e-03   7.0930037414e-08   1.1194891770e-01   6.8050715879e-07   1.2879584308e-09   2.2199936162e-11   6.9928967670e-05   7.8314747697e-02   1.1758537579e-02   1.2305405085e-01   1.6479851617e-09   3.3326306713e-05   6.3736197128e-11   6.6729000000e-01
   1.3400000000e-01   1.3400000000e-01   1.2989867942e+03  -1.5542348748e+06   2.4702877413e-01   2.4246375844e-01   4.5047349631e-04   9.8841255162e-09   1.0182750950e-09   6.3127284355e-03   6.2319558734e-08   1.1185847742e-01   5.7501369715e-07   1.1299358154e-09   1.8940063853e-11   6.6320749029e-05   8.2339362527e-02   1.1829338256e-02   1.2289048495e-01   1.4012131266e-09   3.0163320853e-05   5.6843240891e-11   6.6422200000e-01
   1.3800000000e-01   1.3800000000e-01   1.2932107075e+03  -1.5678898449e+06   2.4669053347e-01   2.4283982136e-01   4.5455458970e-04   9.0148738281e-09   7.9606253835e-10   5.6658660442e-03   5.4573021057e-08   1.1169660994e-01   4.9290213160e-07   9.8438821852e-10   1.6046274578e-11   6.2818794682e-05   8.6398730149e-02   1.1884949087e-02   1.2265441985e-01   1.1990412851e-09   2.7492011459e-05   5.0402017280e-11   6.6115400000e-01
   1.4200000000e-01   1.4200000000e-01   1.2866610782e+03  -1.5817843188e+06   2.4621544063e-01   2.4337224877e-01   4.5790229273e-04   8.2228997990e-09   6.2783071209e-10   5.1254068731e-03   4.7705217554e-08   1.1147373325e-01   4.2867650403e-07   8.5397293842e-10   1.3537993430e-11   5.9485577038e-05   9.0487928570e-02   1.1926822014e-02   1.2235698308e-01   1.0345357848e-09   2.5251170467e-05   4.4541426586e-11   6.5808600000e-01
   1.4600000000e-01   1.4600000000e-01   1.2795006150e+03  -1.5958603742e+06   2.4562392581e-01   2.4403303502e-01   4.6058001934e-04   7.5072754986e-09   5.0016173688e-10   4.6753090464e-03   4.1677938952e-08   1.1119904825e-01   3.7822282820e-07   7.3929835198e-10   1.1399064932e-11   5.6355324384e-05   9.4602597149e-02   1.1956323713e-02   1.2200797383e-01   9.0112266275e-10   2.3383071750e-05   3.9306283560e-11   6.5501800000e-01
   1.5000000000e-01   1.5000000000e-01   1.2718652657e+03  -1.6100733623e+06   2.4493394284e-01   2.4479881353e-01   4.6265023230e-04   6.8640106061e-09   4.0281536933e-10   4.3014966512e-03   3.6423827701e-08   1.1088061867e-01   3.3844173077e-07   6.3972745202e-10   9.5946951776e-12   5.3441912269e-05   9.8738900302e-02   1.1974734341e-02   1.2161593960e-01   7.9297705831e-10   2.1834686327e-05   3.4687640617e-11   6.5195000000e-01
   1.5400000000e-01   1.5400000000e-01   1.2638682418e+03  -1.6243886838e+06   2.4416114554e-01   2.4565004571e-01   4.6417331236e-04   6.2874322595e-09   3.2809058798e-10   3.9917164553e-03   3.1862567761e-08   1.1052545864e-01   3.0698135267e-07   5.5395806021e-10   8.0826594726e-12   5.0745212856e-05   1.0289348782e-01   1.1983246852e-02   1.2118826674e-01   7.0514707001e-10   2.0558215827e-05   3.0645529929e-11   6.4888200000e-01
   1.5800000000e-01   1.5800000000e-01   1.2556034303e+03  -1.6387793614e+06   2.4331907767e-01   2.4657038252e-01   4.6520672388e-04   5.7711320936e-09   2.7025178041e-10   3.7353845278e-03   2.7911210104e-08   1.1013962426e-01   2.8204364158e-07   4.8040915942e-10   6.8200689515e-12   4.8256007753e-05   1.0706345344e-01   1.1982966667e-02   1.2073128002e-01   6.3353443393e-10   1.9511208356e-05   2.7124736984e-11   6.4581400000e-01
   1.6200000000e-01   1.6200000000e-01   1.2471483081e+03  -1.6532242147e+06   2.4241936918e-01   2.4754615214e-01   4.6580442894e-04   5.3085864668e-09   2.2505223013e-10   3.5234283758e-03   2.4490284356e-08   1.0972830628e-01   2.6224370772e-07   4.1745871257e-10   5.7670308877e-12   4.5959664667e-05   1.1124629307e-01   1.1974911794e-02   1.2025034668e-01   5.7480766905e-10   1.8656420436e-05   2.4065001204e-11   6.4274600000e-01
   1.6600000000e-01   1.6600000000e-01   1.2385664410e+03  -1.6677064984e+06   2.4147193306e-01   2.4856594234e-01   4.6601650910e-04   4.8935390075e-09   1.8935683810e-10   3.3481292182e-03   2.1527036193e-08   1.0929592178e-01   2.4650731937e-07   3.6357694092e-10   4.8883037978e-12   4.3838801155e-05   1.1543986336e-01   1.1960013593e-02   1.1974998117e-01   5.2629132268e-10   1.7961527177e-05   2.1407133798e-11   6.3967800000e-01
   1.7000000000e-01   1.7000000000e-01   1.2299096303e+03  -1.6822128983e+06   2.4048515771e-01   2.4962025555e-01   4.6588895882e-04   4.5202160333e-09   1.6085249953e-10   3.2029681626e-03   1.8956801079e-08   1.0884620273e-01   2.3399577483e-07   3.1739084954e-10   4.1537532764e-12   4.1875146995e-05   1.1964234177e-01   1.1939118316e-02   1.1923394771e-01   4.8585452924e-10   1.7398745766e-05   1.9096333757e-11   6.3661000000e-01
   1.7400000000e-01   1.7400000000e-01   1.2212197536e+03  -1.6967327980e+06   2.3946609125e-01   2.5070122097e-01   4.6546361899e-04   4.1834285698e-09   1.3783032037e-10   3.0824792792e-03   1.6723236017e-08   1.0838228021e-01   2.2405045832e-07   2.7770637079e-10   3.5381522730e-12   4.0050790202e-05   1.2385218842e-01   1.1912989515e-02   1.1870535790e-01   4.5180984369e-10   1.6944414979e-05   1.7083688916e-11   6.3354200000e-01
   1.7800000000e-01   1.7800000000e-01   1.2125303459e+03  -1.7112577465e+06   2.3842061467e-01   2.5180235182e-01   4.6477822206e-04   3.8786004235e-09   1.1902410356e-10   2.9821118327e-03   1.4777902026e-08   1.0790676311e-01   2.1615159334e-07   2.4350624306e-10   3.0206688113e-12   3.8348961142e-05   1.2806811037e-01   1.1882311286e-02   1.1816676205e-01   4.2282638997e-10   1.6578559521e-05   1.5326569510e-11   6.3047400000e-01
   1.8200000000e-01   1.8200000000e-01   1.2038679539e+03  -1.7257810714e+06   2.3735360185e-01   2.5291833908e-01   4.6386652380e-04   3.6017506019e-09   1.0349165165e-10   2.8981032644e-03   1.3079519781e-08   1.0742181045e-01   2.0988726919e-07   2.1393537995e-10   2.5842439533e-12   3.6754479499e-05   1.3228902865e-01   1.1847692283e-02   1.1762023259e-01   3.9785774234e-10   1.6284458925e-05   1.3788393917e-11   6.2740600000e-01
   1.8600000000e-01   1.8600000000e-01   1.1952532975e+03  -1.7402975890e+06   2.3626906514e-01   2.5404487489e-01   4.6275849938e-04   3.3494497102e-09   9.0528024204e-11   2.8273638965e-03   1.1593099718e-08   1.0692919703e-01   2.0492990744e-07   1.8828095716e-10   2.2149711156e-12   3.5253962292e-05   1.3651404822e-01   1.1809670346e-02   1.1706743927e-01   3.7608325891e-10   1.6048234521e-05   1.2438076909e-11   6.2433800000e-01
   1.9000000000e-01   1.9000000000e-01   1.1867022625e+03  -1.7548033801e+06   2.3517028588e-01   2.5517850033e-01   4.6148058459e-04   3.1187635627e-09   7.9602342531e-11   2.7673737972e-03   1.0289065352e-08   1.0643037203e-01   2.0101808821e-07   1.6595140076e-10   1.9015311657e-12   3.3835868427e-05   1.4074243095e-01   1.1768717598e-02   1.1650971566e-01   3.5686095858e-10   1.5858463423e-05   1.1249351435e-11   6.2127000000e-01
   1.9400000000e-01   1.9400000000e-01   1.1782267502e+03  -1.7692956056e+06   2.3405992973e-01   2.5631647381e-01   4.6005594585e-04   2.9071926289e-09   7.0311806046e-11   2.7160917845e-03   9.1424343561e-09   1.0592651083e-01   1.9794215711e-07   1.4645652120e-10   1.6347046445e-12   3.2490436558e-05   1.4497357166e-01   1.1725245834e-02   1.1594811712e-01   3.3968995668e-10   1.5705825032e-05   1.0200077227e-11   6.1820200000e-01
   1.9800000000e-01   1.9800000000e-01   1.1698354027e+03  -1.7837723411e+06   2.3294014749e-01   2.5745665640e-01   4.5850476543e-04   2.7126284539e-09   6.2349250991e-11   2.6718761817e-03   8.1321300535e-09   1.0541856004e-01   1.9553233923e-07   1.2939348365e-10   1.4069850372e-12   3.1209557615e-05   1.4920697709e-01   1.1679612047e-02   1.1538347064e-01   3.2418138909e-10   1.5582782857e-05   9.2719709915e-12   6.1513400000e-01
   2.0800000000e-01   2.0800000000e-01   1.1492932796e+03  -1.8199214337e+06   2.3012143320e-01   2.6029880871e-01   4.5435414372e-04   2.2822964405e-09   4.6515127212e-11   2.5757273693e-03   6.0715222776e-09   1.0414035056e-01   1.9082106834e-07   9.4659918471e-11   9.6445395136e-13   2.8151771812e-05   1.5979515397e-01   1.1560891759e-02   1.1396583673e-01   2.8923331467e-10   1.5334081839e-05   7.3477416220e-12   6.0746400000e-01
   2.2400000000e-01   2.2400000000e-01   1.1176631873e+03  -1.8774996924e+06   2.2554285831e-01   2.6482430974e-01   4.4656962821e-04   1.7498985786e-09   3.0156142980e-11   2.4725991757e-03   3.8500707569e-09   1.0206582578e-01   1.8811948785e-07   5.8154313257e-11   5.3452789102e-13   2.3964714274e-05   1.7675325603e-01   1.1351798102e-02   1.1167866480e-01   2.4597781674e-10   1.5127707044e-05   5.2510481050e-12   5.9519200000e-01
   2.4000000000e-01   2.4000000000e-01   1.0875821361e+03  -1.9348684229e+06   2.2093245541e-01   2.6929284816e-01   4.3816486904e-04   1.3489049900e-09   1.9958198661e-11   2.3926884387e-03   2.4560286248e-09   9.9977878154e-02   1.8746314440e-07   3.5762613904e-11   2.9678485285e-13   2.0342089821e-05   1.9371933145e-01   1.1132476788e-02   1.0938393560e-01   2.1050724984e-10   1.4991068552e-05   3.8906095605e-12   5.8292000000e-01
   2.5600000000e-01   2.5600000000e-01   1.0589291171e+03  -1.9920998064e+06   2.1630592071e-01   2.7370816679e-01   4.2941687111e-04   1.0444538626e-09   1.3399936564e-11   2.3244408737e-03   1.5738331567e-09   9.7883227383e-02   1.8775606393e-07   2.1999779809e-11   1.6492262958e-13   1.7220498967e-05   2.1068934941e-01   1.0907499280e-02   1.0708577717e-01   1.8063766609e-10   1.4877914302e-05   2.9843083734e-12   5.7064800000e-01
   2.7200000000e-01   2.7200000000e-01   1.0315725208e+03  -2.0492512747e+06   2.1167036535e-01   2.7808046130e-01   4.2047241043e-04   8.1251085839e-10   9.1018352302e-12   2.2626871369e-03   1.0128451064e-09   9.5784870955e-02   1.8851619205e-07   1.3555426810e-11   9.1824863845e-14   1.4555669639e-05   2.2766143188e-01   1.0679215208e-02   1.0478580678e-01   1.5531407406e-10   1.4769443725e-05   2.3593160067e-12   5.5837600000e-01
   2.8800000000e-01   2.8800000000e-01   1.0053927069e+03  -2.1063597778e+06   2.0702931963e-01   2.8242070388e-01   4.1141099925e-04   6.3540024342e-10   6.2468453697e-12   2.2048825452e-03   6.5477602404e-10   9.3684274252e-02   1.8946292243e-07   8.3815204569e-12   5.1313153931e-14   1.2301726072e-05   2.4463464950e-01   1.0448872634e-02   1.0248476175e-01   1.3382524603e-10   1.4655695082e-05   1.9095267363e-12   5.4610400000e-01
   3.0400000000e-01   3.0400000000e-01   9.8027654075e+02  -2.1634464221e+06   2.0238471636e-01   2.8674174760e-01   4.0227736271e-04   4.9976524953e-10   4.3289685185e-12   2.1496403377e-03   4.2530591526e-10   9.1582229242e-02   1.9036425947e-07   5.2088351017e-12   2.8821846648e-14   1.0408347550e-05   2.6160851393e-01   1.0217173853e-02   1.0018303591e-01   1.1557752392e-10   1.4529604852e-05   1.5709492631e-12   5.3383200000e-01
   3.2000000000e-01   3.2000000000e-01   9.5611885794e+02  -2.2205223803e+06   1.9773770712e-01   2.9105773274e-01   3.9309783071e-04   3.9546585066e-10   3.0271090847e-12   2.0961362727e-03   2.7756722283e-10   8.9479203359e-02   1.9098601233e-07   3.2569186082e-12   1.6286406484e-14   8.8241313565e-06   2.7858275494e-01   9.9845423411e-03   9.7880863591e-02   1.0004803054e-10   1.4385764486e-05   1.3056974705e-12   5.2156000000e-01
   3.3600000000e-01   3.3600000000e-01   9.3284609150e+02  -2.2775932646e+06   1.9308902368e-01   2.9537638656e-01   3.8388862002e-04   3.1484160127e-10   2.1345973095e-12   2.0438472498e-03   1.8199914842e-10   8.7375491941e-02   1.9108986465e-07   2.0499626410e-12   9.2630453041e-15   7.5004681890e-06   2.9555721647e-01   9.7512505895e-03   9.5578392534e-02   8.6779634605e-11   1.4220449812e-05   1.0914306120e-12   5.0928800000e-01
   3.5200000000e-01   3.5200000000e-01   9.1039294024e+02  -2.3346617890e+06   1.8843915293e-01   2.9970499835e-01   3.7466010348e-04   2.5214554534e-10   1.5168905091e-12   1.9924252531e-03   1.1987161520e-10   8.5271291066e-02   1.9047264778e-07   1.2989311699e-12   5.3031593897e-15   6.3939679748e-06   3.1253180523e-01   9.5174830197e-03   9.3275718745e-02   7.5387113877e-11   1.4031692401e-05   9.1481175130e-13   4.9701600000e-01
   3.6800000000e-01   3.6800000000e-01   8.8870017089e+02  -2.3917292293e+06   1.8378842936e-01   3.0405083376e-01   3.6541910274e-04   2.0308231462e-10   1.0855327163e-12   1.9416308135e-03   7.9283277147e-11   8.3166735592e-02   1.8899799531e-07   8.2836962433e-13   3.0554094162e-15   5.4674110075e-06   3.2950646396e-01   9.2833688145e-03   9.0972905850e-02   6.5552868822e-11   1.3819109980e-05   7.6752189915e-13   4.8474400000e-01
   3.8400000000e-01   3.8400000000e-01   8.6771362879e+02  -2.4487961734e+06   1.7913708791e-01   3.0842126555e-01   3.5617018298e-04   1.6444345324e-10   7.8179418612e-13   1.8912951218e-03   5.2641224072e-11   8.1061920625e-02   1.8661111822e-07   5.3147662043e-13   1.7708925106e-15   4.6896707553e-06   3.4648115685e-01   9.0490004256e-03   8.8669996678e-02   5.7018531162e-11   1.3583563356e-05   6.4399426196e-13   4.7247200000e-01
   4.0000000000e-01   4.0000000000e-01   8.4738353894e+02  -2.5058628888e+06   1.7448529618e-01   3.1282385774e-01   3.4691642454e-04   1.3382679608e-10   5.6628798455e-13   1.8412970925e-03   3.5076854314e-11   7.8956914441e-02   1.8333343701e-07   3.4289578514e-13   1.0320822938e-15   4.0350954520e-06   3.6345586131e-01   8.8144448690e-03   8.6367020449e-02   4.9575351287e-11   1.3326761944e-05   5.4018852511e-13   4.6020000000e-01
   4.1600000000e-01   4.1600000000e-01   8.2766398327e+02  -2.5629294971e+06   1.6983317500e-01   3.1726642379e-01   3.3765990622e-04   1.0942549310e-10   4.1233031206e-13   1.7915487810e-03   2.3451028660e-11   7.6851766676e-02   1.7924214959e-07   2.2235911714e-13   6.0457925490e-16   3.4826935660e-06   3.8043056320e-01   8.5797510913e-03   8.4063997328e-02   4.3055139717e-11   1.3050903669e-05   4.5295450366e-13   4.4792800000e-01
   4.3200000000e-01   4.3200000000e-01   8.0851248721e+02  -2.6199960536e+06   1.6518081213e-01   3.2175707210e-01   3.2840202066e-04   8.9872010110e-11   3.0166246702e-13   1.7419857425e-03   1.5728253286e-11   7.4746513737e-02   1.7444430465e-07   1.4486922673e-13   3.5583510441e-16   3.0153181724e-06   3.9740525383e-01   8.3449550060e-03   8.1760941370e-02   3.7322508043e-11   1.2758388636e-05   3.7971097100e-13   4.3565600000e-01
   4.4800000000e-01   4.4800000000e-01   7.8988967754e+02  -2.6770625844e+06   1.6052827166e-01   3.2630424636e-01   3.1914368653e-04   7.4123908207e-11   2.2167099485e-13   1.6925604567e-03   1.0581480334e-11   7.2641182500e-02   1.6905407365e-07   9.4789927543e-14   2.1036314100e-16   2.6189399763e-06   4.1437992815e-01   8.1100830448e-03   7.9457862433e-02   3.2268515064e-11   1.2451613915e-05   3.1828369597e-13   4.2338400000e-01
   4.6400000000e-01   4.6400000000e-01   7.7175898988e+02  -2.7341291018e+06   1.5587560056e-01   3.3091676546e-01   3.0988549441e-04   6.1380566969e-11   1.6356426013e-13   1.6432377324e-03   7.1411930337e-12   7.0535792888e-02   1.6317789256e-07   6.2268939353e-14   1.2488570824e-16   2.2820379249e-06   4.3135458356e-01   7.8751547068e-03   7.7154767466e-02   2.7805523394e-11   1.2132840347e-05   2.6681938843e-13   4.1111200000e-01
   4.8000000000e-01   4.8000000000e-01   7.5408641292e+02  -2.7911956120e+06   1.5122283330e-01   3.3560386534e-01   3.0062780832e-04   5.1022466538e-11   1.2116421275e-13   1.5939914328e-03   4.8351002736e-12   6.8430359720e-02   1.5690793787e-07   4.1056202343e-14   7.4438577360e-17   1.9951058799e-06   4.4832921905e-01   7.6401844067e-03   7.4851661370e-02   2.3862976766e-11   1.1804116302e-05   2.2373392410e-13   3.9884000000e-01
   4.9600000000e-01   4.9600000000e-01   7.3684026164e+02  -2.8482621182e+06   1.4656999529e-01   3.4037524485e-01   2.9137083699e-04   4.2566773261e-11   9.0097345894e-14   1.5448021079e-03   3.2850494779e-12   6.6324894035e-02   1.5032176767e-07   2.7162336163e-14   4.4541074485e-17   1.7502609235e-06   4.6530383471e-01   7.4051828234e-03   7.2548547598e-02   2.0383823552e-11   1.1467242941e-05   1.8767555229e-13   3.8656800000e-01
   5.1200000000e-01   5.1200000000e-01   7.1999097438e+02  -2.9053286220e+06   1.4191710521e-01   3.4524111656e-01   2.8211468399e-04   3.5634666676e-11   6.7247222426e-14   1.4956552642e-03   2.2403107712e-12   6.4219404070e-02   1.4348517338e-07   1.8026784582e-14   2.6751087720e-17   1.5409351535e-06   4.8227843128e-01   7.1701578848e-03   7.0245428576e-02   1.7321386055e-11   1.1123767723e-05   1.5749490613e-13   3.7429600000e-01
   5.2800000000e-01   5.2800000000e-01   7.0351093023e+02  -2.9623951245e+06   1.3726417684e-01   3.5021226365e-01   2.7285938300e-04   2.9927126171e-11   5.0380191153e-14   1.4465400911e-03   1.5341433236e-12   6.2113895973e-02   1.3645576720e-07   1.1997842413e-14   1.6124166887e-17   1.3616334934e-06   4.9925300994e-01   6.9351154895e-03   6.7942305994e-02   1.4636577368e-11   1.0774995663e-05   1.3221871428e-13   3.6202400000e-01
   5.4400000000e-01   5.4400000000e-01   6.8737428411e+02  -3.0194616261e+06   1.3261122032e-01   3.5530010380e-01   2.6360492251e-04   2.5206835871e-11   3.7887019089e-14   1.3974485182e-03   1.0553686914e-12   6.0008374337e-02   1.2928582713e-07   8.0052124295e-15   9.7519627078e-18   1.2077425055e-06   5.1622757209e-01   6.7000600357e-03   6.5639181023e-02   1.2295469758e-11   1.0422010669e-05   1.1102620183e-13   3.4975200000e-01
   5.6000000000e-01   5.6000000000e-01   6.7155681769e+02  -3.0765281273e+06   1.2795824313e-01   3.6051676100e-01   2.5435126305e-04   2.1284543659e-11   2.8602946512e-14   1.3483745170e-03   7.2968010101e-13   5.7902842595e-02   1.2202388541e-07   5.3524256392e-15   5.9168137852e-18   1.0753781257e-06   5.3320211921e-01   6.4649948095e-03   6.3336054465e-02   1.0267291239e-11   1.0065701567e-05   9.3227908893e-14   3.3748000000e-01
   5.7600000000e-01   5.7600000000e-01   6.5603580450e+02  -3.1335946281e+06   1.2330525079e-01   3.6587514622e-01   2.4509834901e-04   1.8008692394e-11   2.1681353598e-14   1.2993135810e-03   5.0730487292e-13   5.5797303310e-02   1.1471521363e-07   3.5844709977e-15   3.6002933354e-18   9.6126299170e-07   5.5017665283e-01   6.2299222703e-03   6.1032926865e-02   8.5229467948e-12   9.7067892871e-06   7.8246854721e-14   3.2520800000e-01
   5.9200000000e-01   5.9200000000e-01   6.4078988795e+02  -3.1906611286e+06   1.1865224737e-01   3.7138904811e-01   2.3584611669e-04   1.5257482300e-11   1.6504436504e-14   1.2502623398e-03   3.5483354551e-13   5.3691758399e-02   1.0740167981e-07   2.4029474019e-15   2.1962354850e-18   8.6262637213e-07   5.6715117439e-01   5.9948442614e-03   5.8729798589e-02   7.0341224287e-12   9.3458530178e-06   6.5601991352e-14   3.1293600000e-01
   6.0800000000e-01   6.0800000000e-01   6.2579897138e+02  -3.2477276291e+06   1.1399923584e-01   3.7707323501e-01   2.2659449956e-04   1.2932764448e-11   1.2619661823e-14   1.2012182714e-03   2.4979343425e-13   5.1586209296e-02   1.0012150133e-07   1.6114279175e-15   1.3424724467e-18   7.7712155149e-07   5.8412568527e-01   5.7597621661e-03   5.6426669879e-02   5.7729519221e-12   8.9833541234e-06   5.4893861693e-14   3.0066400000e-01
   6.2400000000e-01   6.2400000000e-01   6.1104411914e+02  -3.3047941294e+06   1.0934621842e-01   3.8294356965e-01   2.1734343166e-04   1.0955335920e-11   9.6943232338e-15   1.1521794870e-03   1.7703628243e-13   4.9480657073e-02   9.2909302812e-08   1.0801335929e-15   8.2179376051e-19   7.0275693236e-07   6.0110018675e-01   5.5246770229e-03   5.4123540894e-02   4.7121420226e-12   8.6196572533e-06   4.5792347733e-14   2.8839200000e-01
   6.4000000000e-01   6.4000000000e-01   5.9650746807e+02  -3.3618606297e+06   1.0469319673e-01   3.8901713828e-01   2.0809284961e-04   9.2613282211e-12   7.4829051983e-15   1.1031445712e-03   1.2632857418e-13   4.7375102533e-02   8.5796706341e-08   7.2300560710e-16   5.0343218120e-19   6.3783815221e-07   6.1807468000e-01   5.2895896116e-03   5.1820411736e-02   3.8253950700e-12   8.2550485068e-06   3.8026368803e-14   2.7612000000e-01
   6.5600000000e-01   6.5600000000e-01   5.8217214885e+02  -3.4189271299e+06   1.0004017196e-01   3.9531239614e-01   1.9884269371e-04   7.7994642688e-12   5.8035714964e-15   1.0541124612e-03   9.0741109040e-14   4.5269546274e-02   7.8813493536e-08   4.8277052176e-16   3.0836544343e-19   5.8091926710e-07   6.3504916609e-01   5.0545005177e-03   4.9517282472e-02   3.0879557029e-12   7.8897507629e-06   3.1375356864e-14   2.6384800000e-01
   6.7200000000e-01   6.7200000000e-01   5.6802221675e+02  -3.4759936301e+06   9.5387144978e-02   4.0184933145e-01   1.8959290840e-04   6.5290116509e-12   4.5211998811e-15   1.0050823571e-03   6.5570833664e-14   4.3163988747e-02   7.1989208925e-08   3.2117757857e-16   1.8866434874e-19   5.3076160517e-07   6.5202364597e-01   4.8194101805e-03   4.7214153142e-02   2.4771359839e-12   7.5239364268e-06   2.5662276574e-14   2.5157600000e-01
   6.8800000000e-01   6.8800000000e-01   5.5404259143e+02  -3.5330601303e+06   9.0734116430e-02   4.0864965063e-01   1.8034344233e-04   5.4182813398e-12   3.5351431400e-15   9.5605365339e-04   4.7617727878e-14   4.1058430287e-02   6.5354923073e-08   2.1259415838e-16   1.1515487232e-19   4.8629930325e-07   6.6899812052e-01   4.5843189288e-03   4.4911023772e-02   1.9727221470e-12   7.1577379037e-06   2.0747852694e-14   2.3930400000e-01
   7.0400000000e-01   7.0400000000e-01   5.4021900574e+02  -3.5901266305e+06   8.6081086779e-02   4.1573698771e-01   1.7109424826e-04   4.4435097371e-12   2.7704167216e-15   9.0702588873e-04   3.4698857014e-14   3.8952871144e-02   5.8944743452e-08   1.3978894662e-16   7.0019100759e-20   4.4661084618e-07   6.8597259051e-01   4.3492270085e-03   4.2607894379e-02   1.5572145689e-12   6.7912561250e-06   1.6525508609e-14   2.2703200000e-01
   7.2000000000e-01   7.2000000000e-01   5.2653796324e+02  -3.6471931306e+06   8.1428056362e-02   4.2313714131e-01   1.6184528290e-04   3.5879207816e-12   2.1713616123e-15   8.5799870810e-04   2.5320991649e-14   3.6847311505e-02   5.2796571106e-08   9.1145067635e-17   4.2340814575e-20   4.1089613789e-07   7.0294705667e-01   4.1141346028e-03   4.0304764971e-02   1.2158859503e-12   6.4245674350e-06   1.2916339931e-14   2.1476000000e-01
   7.3600000000e-01   7.3600000000e-01   5.1298670470e+02  -3.7042596307e+06   7.6775025419e-02   4.3087834336e-01   1.5259650672e-04   2.8407145787e-12   1.6970565367e-15   8.0897183591e-04   1.8459307164e-14   3.4741751510e-02   4.6951601310e-08   5.8811133055e-17   2.5413366693e-20   3.7845872095e-07   7.1992151960e-01   3.8790418477e-03   3.8001635555e-02   9.3665849531e-13   6.0577291137e-06   9.8633556835e-15   2.0248800000e-01
   7.5200000000e-01   7.5200000000e-01   4.9955318353e+02  -3.7613261308e+06   7.2121994121e-02   4.3899156417e-01   1.4334788397e-04   2.1957207588e-12   1.3179007326e-15   7.5994505734e-04   1.3407127459e-14   3.2636191260e-02   4.1452224105e-08   3.7469742702e-17   1.5106356097e-20   3.4869269027e-07   7.3689597989e-01   3.6439488437e-03   3.5698506133e-02   7.0980841993e-13   5.6907837771e-06   7.3244122822e-15   1.9021600000e-01
   7.6800000000e-01   7.6800000000e-01   4.8622605053e+02  -3.8183926309e+06   6.7468962587e-02   4.4751085917e-01   1.3409938273e-04   1.6495621052e-12   1.0129095959e-15   7.1091820651e-04   9.6734407822e-15   3.0530630831e-02   3.6338339821e-08   2.3514138117e-17   8.8709902926e-21   3.2107360072e-07   7.5387043803e-01   3.4088556644e-03   3.3395376709e-02   5.2752146911e-13   5.3237628526e-06   5.2639295905e-15   1.7794400000e-01
   7.8400000000e-01   7.8400000000e-01   4.7299464831e+02  -3.8754591310e+06   6.2815930899e-02   4.5647376376e-01   1.2485097511e-04   1.1994376628e-12   7.6741141527e-16   6.6189115936e-04   6.9128860183e-15   2.8425070278e-02   3.1642619699e-08   1.4495886088e-17   5.1323087802e-21   2.9515230710e-07   7.7084489446e-01   3.1737623633e-03   3.1092247283e-02   3.8335705321e-13   4.9566893003e-06   3.6445512035e-15   1.6567200000e-01
   8.0000000000e-01   8.0000000000e-01   4.5984901579e+02  -3.9325256311e+06   5.8162899113e-02   4.6592174324e-01   1.1560263741e-04   8.4097443872e-13   5.7102072388e-16   6.1286382947e-04   4.8782190361e-15   2.6319509641e-02   2.7385733033e-08   8.7533652485e-18   2.9166735006e-21   2.7055035880e-07   7.8781934954e-01   2.9386689788e-03   2.8789117856e-02   2.7172135067e-13   4.5895797190e-06   2.4208510461e-15   1.5340000000e-01
   8.1600000000e-01   8.1600000000e-01   4.4677990340e+02  -3.9895921312e+06   5.3509867263e-02   4.7590070661e-01   1.0635435018e-04   5.6679064806e-13   4.1594286924e-16   5.6383616484e-04   3.3886032040e-15   2.4213948947e-02   2.3572766171e-08   5.1612759665e-18   1.6228193917e-21   2.4695551595e-07   8.0479380360e-01   2.7035755383e-03   2.6485988428e-02   1.8746823605e-13   4.2224459608e-06   1.5371546254e-15   1.4112800000e-01
   8.3200000000e-01   8.3200000000e-01   4.3377879944e+02  -4.0466586313e+06   4.8856835374e-02   4.8646159369e-01   9.7106098080e-05   3.6624915751e-13   2.9574417894e-16   5.1480814415e-04   2.3089839146e-15   2.2108388216e-02   2.0191794733e-08   2.9612090609e-18   8.8069462207e-22   2.2411629256e-07   8.2176825688e-01   2.4684820608e-03   2.4182859000e-02   1.2571007562e-13   3.8552963587e-06   9.3014455571e-16   1.2885600000e-01
   8.4800000000e-01   8.4800000000e-01   4.2083796828e+02  -4.1037251314e+06   4.4203803461e-02   4.9766104722e-01   8.7857869520e-05   2.2639225505e-13   2.0465796349e-16   4.6577977195e-04   1.5369146523e-15   2.0002827461e-02   1.7214911934e-08   1.6463862332e-18   4.6404734310e-22   2.0183508574e-07   8.3874270958e-01   2.2333885595e-03   2.1879729572e-02   8.1836281612e-14   3.4881366585e-06   5.3486510470e-16   1.1658400000e-01
   8.6400000000e-01   8.6400000000e-01   4.0795050078e+02  -4.1607916314e+06   3.9550771533e-02   5.0956218329e-01   7.8609656122e-05   1.3355406714e-13   1.3735063107e-16   4.1675107269e-04   9.9405094989e-16   1.7897266691e-02   1.4601282444e-08   8.8254684552e-19   2.3598244699e-22   1.7996014814e-07   8.5571716186e-01   1.9982950432e-03   1.9576600143e-02   5.1656829165e-14   3.1209707258e-06   2.9142206680e-16   1.0431200000e-01
   8.8000000000e-01   8.8000000000e-01   3.9511037733e+02  -4.2178581315e+06   3.4897739597e-02   5.2223547572e-01   6.9361452105e-05   7.4968165511e-14   8.8961880859e-17   3.6772208454e-04   6.2037524055e-16   1.5791705912e-02   1.2301329507e-08   4.5308109591e-19   1.1485762889e-22   1.5837711565e-07   8.7269161384e-01   1.7632015176e-03   1.7273470715e-02   3.1560305723e-14   2.7538010850e-06   1.4990936846e-16   9.2040000000e-02
   8.9600000000e-01   8.9600000000e-01   3.8231254344e+02  -4.2749246316e+06   3.0244707655e-02   5.3575977325e-01   6.0113253653e-05   3.9873887621e-14   5.5224569028e-17   3.1869285348e-04   3.7000216534e-16   1.3686145128e-02   1.0261115396e-08   2.2069433457e-19   5.2858586130e-23   1.3700090102e-07   8.8966606560e-01   1.5281079867e-03   1.4970341286e-02   1.8606721403e-14   2.3866293265e-06   7.2452964222e-17   7.9768000000e-02
   9.1200000000e-01   9.1200000000e-01   3.6955299764e+02  -4.3319911316e+06   2.5591675710e-02   5.5022347156e-01   5.0865058365e-05   1.9968639448e-14   3.2539912288e-17   2.6966342837e-04   2.0798656074e-16   1.1580584342e-02   8.4262401268e-09   1.0061757805e-19   2.2577315452e-23   1.1576858536e-07   9.0664051721e-01   1.2930144526e-03   1.2667211857e-02   1.0530091198e-14   2.0194564115e-06   3.2674041270e-17   6.7496000000e-02
   9.2800000000e-01   9.2800000000e-01   3.5682889056e+02  -4.3890576317e+06   2.0938643764e-02   5.6572586696e-01   4.1616864798e-05   9.3249262277e-15   1.7969207108e-17   2.2063385706e-04   1.0786488694e-16   9.4750235533e-03   6.7449532212e-09   4.2061618667e-20   8.6863468595e-24   9.4633651263e-08   9.2361496872e-01   1.0579209169e-03   1.0364082429e-02   5.6683760211e-15   1.6522828940e-06   1.3610588217e-17   5.5224000000e-02
   9.4400000000e-01   9.4400000000e-01   3.4413863339e+02  -4.4461241317e+06   1.6285611817e-02   5.8237872439e-01   3.2368672125e-05   3.9987171788e-15   9.1610327578e-18   1.7160418359e-04   4.9776278678e-17   7.3694627641e-03   5.1704847205e-09   1.5615500031e-20   2.8575823978e-24   7.3561638277e-08   9.4058942016e-01   8.2282738027e-04   8.0609530002e-03   2.8549569332e-15   1.2851090767e-06   5.1582602639e-18   4.2952000000e-02
   9.6000000000e-01   9.6000000000e-01   3.3148201291e+02  -4.5031906318e+06   1.1632579869e-02   6.0030809978e-01   2.3120479897e-05   1.5355844819e-15   4.2516928983e-18   1.2257444605e-04   1.9035959163e-17   5.2639019745e-03   3.6627895032e-09   4.9051996969e-21   7.2501186256e-25   5.2527122601e-08   9.5756387156e-01   5.8773384322e-04   5.7578235716e-03   1.3025001974e-15   9.1793511593e-07   1.7387328880e-18   3.0680000000e-02
   9.7600000000e-01   9.7600000000e-01   3.1886030876e+02  -4.5602571318e+06   6.9795479216e-03   6.1965646727e-01   1.3872287879e-05   5.0675847703e-16   1.7600165581e-18   7.3544675018e-05   5.0415738085e-18   3.1583411848e-03   2.1899703127e-09   1.2403856278e-21   1.0950074166e-25   3.1511829050e-08   9.7453832294e-01   3.5264030598e-04   3.4546941429e-03   4.9864044101e-16   5.5076108865e-07   5.0634062474e-19   1.8408000000e-02
   9.9200000000e-01   9.9200000000e-01   3.0627640744e+02  -4.6173236319e+06   2.3265159739e-03   6.4058521527e-01   4.6240959514e-06   1.2121610390e-16   4.8476622083e-19   2.4514892007e-05   4.0824008789e-19   1.0527803949e-03   7.2963334835e-10   2.5480829263e-22   3.1332814259e-27   1.0503650510e-08   9.9151277431e-01   1.1754676867e-04   1.1515647143e-03   1.1750714888e-16   1.8358703232e-07   1.1301188638e-19   6.1360000000e-03
   1.0000000000e+00   1.0000000000e+00   3.0000000000e+02  -4.6458568819e+06   0.0000000000e+00   6.5169855213e-01   0.0000000000e+00   0.0000000000e+00   0.0000000000e+00   0.0000000000e+00   0.0000000000e+00   0.0000000000e+00   0.0000000000e+00   0.0000000000e+00   0.0000000000e+00   0.0000000000e+00   1.0000000000e+00   0.0000000000e+00   0.0000000000e+00   0.0000000000e+00   0.0000000000e+00   0.0000000000e+00   0.0000000000e+00