# L (m)  = 1
# P (Pa) = 101325
#             001_x           002_mixf              003_T              004_h             005_pv        006_density             007_H2              008_H              009_O             010_O2             011_OH            012_H2O            013_HO2            014_CH2         015_CH2(S)            016_CH3            017_CH4             018_CO            019_CO2            020_HCO           021_CH2O          022_CH2OH             023_N2
                  0   0.0000000000e+00   3.0000000000e+02   1.9075768848e+03   0.0000000000e+00   1.1719839921e+00   0.0000000000e+00   0.0000000000e+00   0.0000000000e+00   2.3300000000e-01   0.0000000000e+00   0.0000000000e+00   0.0000000000e+00   0.0000000000e+00   0.0000000000e+00   0.0000000000e+00   0.0000000000e+00   0.0000000000e+00   0.0000000000e+00   0.0000000000e+00   0.0000000000e+00   0.0000000000e+00   7.6700000000e-01
   2.0000000000e-03   2.0000000000e-03   3.5232925477e+02  -1.2390372588e+04   6.6350788441e-03   9.9528041745e-01   3.6817128402e-05   1.7443069371e-10   2.3173219542e-09   2.2743900786e-01   9.9677987808e-08   3.1924417360e-03   6.9526236192e-06   1.1941677059e-10   5.9459970955e-12   2.0508248305e-05   4.0831294798e-04   1.5147685603e-03   1.8910514194e-03   1.3446431778e-10   2.4037048444e-05   4.3968798059e-14   7.6546600000e-01
   6.0000000000e-03   6.0000000000e-03   4.5444084284e+02  -4.0986267697e+04   1.9875369538e-02   7.6759059744e-01   1.1045986297e-04   1.2588212634e-09   7.1262231781e-09   2.1634044976e-01   2.9680640062e-07   9.5622551006e-03   2.0687021624e-05   6.6474443326e-10   4.7620504910e-11   6.1706783786e-05   1.2315310962e-03   4.5380460433e-03   5.6646085308e-03   1.0236557784e-09   7.1948871315e-05   8.7123841411e-13   7.6239800000e-01
   1.0000000000e-02   1.0000000000e-02   5.5246699946e+02  -6.9582135362e+04   3.3026360431e-02   6.2810083267e-01   1.8412482491e-04   4.3608688565e-09   1.3850528672e-08   2.0531186770e-01   5.0116031671e-07   1.5887018091e-02   3.3956363094e-05   1.5705401136e-09   1.2521648741e-10   1.0348127657e-04   2.0744356508e-03   7.5425765216e-03   9.4126409928e-03   3.0428311077e-09   1.1937446016e-04   5.1389579147e-12   7.5933000000e-01
   1.4000000000e-02   1.4000000000e-02   6.4573133430e+02  -9.8177889320e+04   4.6029645197e-02   5.3460228254e-01   2.5781646798e-04   1.1360692034e-08   2.6014362986e-08   1.9439895646e-01   7.3200468014e-07   2.2137288781e-02   4.6499692818e-05   2.9476467660e-09   2.4446038285e-10   1.4622720528e-04   2.9499101473e-03   1.0516025079e-02   1.3118514870e-02   6.8430052960e-09   1.6598186611e-04   1.8470481710e-11   7.5626200000e-01
   1.8000000000e-02   1.8000000000e-02   7.3378136111e+02  -1.2677327940e+05   5.8828542505e-02   4.6804058843e-01   3.3152486984e-04   2.5197965982e-08   5.0328768483e-08   1.8364602362e-01   1.0143429477e-06   2.8284524614e-02   5.8079223914e-05   5.0661704845e-09   4.2265835751e-10   1.9032092607e-04   3.8705074787e-03   1.3446325967e-02   1.6766167054e-02   1.3754053868e-08   2.1141708390e-04   5.1042135323e-11   7.5319400000e-01
   2.2000000000e-02   2.2000000000e-02   8.1638394789e+02  -1.5536750061e+05   7.1368743059e-02   4.1854875186e-01   4.0522234369e-04   4.9960874984e-08   9.8594023451e-08   1.7309548970e-01   1.3773406016e-06   3.4301415923e-02   6.8475405345e-05   8.3881332947e-09   6.9073976959e-10   2.3611842313e-04   4.8483194421e-03   1.6321788593e-02   2.0340316198e-02   2.6118648397e-08   2.5529275673e-04   1.2053810896e-10   7.5012600000e-01
   2.6000000000e-02   2.6000000000e-02   8.9348185636e+02  -1.8395737505e+05   8.3598897406e-02   3.8051344894e-01   4.7886214568e-04   9.0475327756e-08   1.8810771103e-07   1.6278743414e-01   1.8525042435e-06   4.0162187641e-02   7.7483279698e-05   1.3632280957e-08   1.0958983381e-09   2.8396655692e-04   5.8948424703e-03   1.9131195007e-02   2.3826652613e-02   4.7501772439e-08   2.9718257288e-04   2.5726655963e-10   7.4705800000e-01
   3.0000000000e-02   3.0000000000e-02   9.6514022300e+02  -2.1253245923e+05   9.5471132964e-02   3.5051574101e-01   5.5237913313e-04   1.5139449940e-07   3.3829229700e-07   1.5275920316e-01   2.4682911106e-06   4.5842862251e-02   8.4910625695e-05   2.1816359396e-08   1.7007972664e-09   3.3421844805e-04   7.0208513615e-03   2.1863890079e-02   2.7212001501e-02   8.2507979677e-08   3.3661892976e-04   5.0834907735e-10   7.4399000000e-01
   3.4000000000e-02   3.4000000000e-02   1.0314987414e+03  -2.4106965828e+05   1.0694149481e-01   3.2636253438e-01   6.2569157473e-04   2.3597008732e-07   5.6298461816e-07   1.4304508314e-01   3.2401224557e-06   5.1321479954e-02   9.0581648051e-05   3.4212131594e-08   2.5745859412e-09   3.8723940874e-04   8.2362965209e-03   2.4509867146e-02   3.0484456131e-02   1.3563331255e-07   3.7309204640e-04   9.3581011455e-10   7.4092200000e-01
   3.8000000000e-02   3.8000000000e-02   1.0926981509e+03  -2.6952308463e+05   1.1797031868e-01   3.0659884744e-01   6.9870275613e-04   3.4480542279e-07   8.6113856411e-07   1.3367602001e-01   4.1589789617e-06   5.6578280578e-02   9.4350976634e-05   5.2219700485e-08   3.7801658590e-09   4.4338585961e-04   9.5502386879e-03   2.7059853516e-02   3.3633481831e-02   2.0935394796e-07   4.0605389088e-04   1.6187853698e-09   7.3785400000e-01
   4.2000000000e-02   4.2000000000e-02   1.1488571026e+03  -2.9780139703e+05   1.2852256164e-01   2.9022766782e-01   7.7130082782e-04   4.7503003986e-07   1.2114199974e-06   1.2467934696e-01   5.1846138900e-06   6.1595863233e-02   9.6128830913e-05   7.7189159385e-08   5.3643174696e-09   5.0294467379e-04   1.0970824839e-02   2.9505401482e-02   3.6649996101e-02   3.0239733854e-07   4.3493439026e-04   2.6509955118e-09   7.3478600000e-01
   4.6000000000e-02   4.6000000000e-02   1.2001771479e+03  -3.2571965816e+05   1.3856812434e-01   2.7652064327e-01   8.4335590005e-04   6.2033088598e-07   1.5754906621e-06   1.1607848398e-01   6.2494129509e-06   6.6359346444e-02   9.5911148377e-05   1.1013188745e-07   7.3436823899e-09   5.6603681149e-04   1.2505291956e-02   3.1838990211e-02   3.9526431787e-02   4.0914485937e-07   4.5917580075e-04   4.1040844900e-09   7.3171800000e-01
   5.0000000000e-02   5.0000000000e-02   1.2470268376e+03  -3.5288888207e+05   1.4808218437e-01   2.6491143797e-01   9.1471492663e-04   7.7197662453e-07   1.9093413458e-06   1.0789260539e-01   7.2744301057e-06   7.0856543929e-02   9.3801285892e-05   1.5142105879e-07   9.6901169616e-09   6.3251019605e-04   1.4159970518e-02   3.4054138684e-02   4.2256786830e-02   5.2079819544e-07   4.7828458044e-04   6.0061742396e-09   7.2865000000e-01
   5.4000000000e-02   5.4000000000e-02   1.2901837808e+03  -3.7836654994e+05   1.5704552241e-01   2.5489743474e-01   9.8519660536e-04   9.2054451491e-07   2.1771548418e-06   1.0013631799e-01   8.1925394448e-06   7.5078147524e-02   9.0010505403e-05   2.0078524130e-07   1.2341158749e-08   7.0185850930e-04   1.5940259507e-02   3.6145521347e-02   4.4836656929e-02   6.2767746809e-07   4.9189168788e-04   8.3564348527e-09   7.2558200000e-01
   5.8000000000e-02   5.8000000000e-02   1.3315077532e+03  -3.9966396271e+05   1.6544477984e-01   2.4589636000e-01   1.0545893873e-03   1.0574826141e-06   2.3603029693e-06   9.2819426950e-02   8.9669244086e-06   7.9017879542e-02   8.4838042562e-05   2.5753546546e-07   1.5237972469e-08   7.7319172680e-04   1.7850567018e-02   3.8109071199e-02   4.7263239716e-02   7.2094214625e-07   4.9980686000e-04   1.1132585198e-08   7.2251400000e-01
   6.2000000000e-02   6.2000000000e-02   1.3715391322e+03  -4.1607161049e+05   1.7327257034e-01   2.3768715485e-01   1.1226548180e-03   1.1754823298e-06   2.4500115227e-06   8.5946877362e-02   9.5733877445e-06   8.2672569652e-02   7.8650219941e-05   3.2029529857e-07   1.8298052157e-08   8.4525335588e-04   1.9894243096e-02   3.9942051234e-02   4.9535294639e-02   7.9376951237e-07   5.0206013202e-04   1.4245798998e-08   7.1944600000e-01
   6.6000000000e-02   6.6000000000e-02   1.4078675200e+03  -4.3119430337e+05   1.8052746828e-01   2.3057410758e-01   1.1891344212e-03   1.2692645443e-06   2.4420891946e-06   7.9518818781e-02   9.9757787465e-06   8.6042166806e-02   7.1848806697e-05   3.8638174688e-07   2.1335442968e-08   9.1650680511e-04   2.2073478997e-02   4.1643094121e-02   5.1653072937e-02   8.4316563394e-07   4.9892281799e-04   1.7492331041e-08   7.1637800000e-01
   7.0000000000e-02   7.0000000000e-02   1.4399227360e+03  -4.4618669392e+05   1.8721391871e-01   2.2450834236e-01   1.2537602423e-03   1.3371478009e-06   2.3502435393e-06   7.3530709566e-02   1.0167049272e-05   8.9129693497e-02   6.4808290018e-05   4.5268909154e-07   2.4173959506e-08   9.8532612250e-04   2.4389129815e-02   4.3212223252e-02   5.3618241715e-02   8.6927924962e-07   4.9088625990e-04   2.0657250655e-08   7.1331000000e-01
   7.4000000000e-02   7.4000000000e-02   1.4678600826e+03  -4.6120901315e+05   1.9334192168e-01   2.1934491883e-01   1.3162698509e-03   1.3804514260e-06   2.1984094788e-06   6.7973649089e-02   1.0168619882e-05   9.1941069672e-02   5.7840670255e-05   5.1637060601e-07   2.6683521792e-08   1.0501850178e-03   2.6840601298e-02   4.4650820185e-02   5.5433761970e-02   8.7451596587e-07   4.7861363624e-04   2.3560995301e-08   7.1024200000e-01
   7.8000000000e-02   7.8000000000e-02   1.4919421866e+03  -4.7628172339e+05   1.9892648766e-01   2.1495221923e-01   1.3764210378e-03   1.4021314070e-06   2.0111316466e-06   6.2834893750e-02   1.0014388076e-05   9.4484802428e-02   5.1182355508e-05   5.7502222874e-07   2.8776403684e-08   1.1097942618e-03   2.9425848036e-02   4.5961536436e-02   5.7103727755e-02   8.6242130039e-07   4.6287399796e-04   2.6072065498e-08   7.0717400000e-01
   8.2000000000e-02   8.2000000000e-02   1.5124456361e+03  -4.9141153298e+05   2.0398693094e-01   2.1122070573e-01   1.4340032681e-03   1.4056461086e-06   1.8086127671e-06   5.8098476268e-02   9.7392368503e-06   9.6771582283e-02   4.4994425540e-05   6.2668749256e-07   3.0398753906e-08   1.1631741216e-03   3.2141475419e-02   4.7148162074e-02   5.8633183315e-02   8.3676012729e-07   4.4447337607e-04   2.8106743411e-08   7.0410600000e-01
   8.6000000000e-02   8.6000000000e-02   1.5296026618e+03  -5.0667452074e+05   2.0854607788e-01   2.0806535897e-01   1.4888449840e-03   1.3943123835e-06   1.6053287940e-06   5.3745864168e-02   9.3731517083e-06   9.8813835393e-02   3.9371274605e-05   6.6981682303e-07   3.1520844494e-08   1.2096707884e-03   3.4982915663e-02   4.8215465043e-02   6.0027932455e-02   8.0103859249e-07   4.2419544072e-04   2.9621302941e-08   7.0103800000e-01
   9.0000000000e-02   9.0000000000e-02   1.5435544751e+03  -5.2228806753e+05   2.1262945553e-01   2.0542687605e-01   1.5408171070e-03   1.3710661402e-06   1.4105952325e-06   4.9756609592e-02   8.9396987432e-06   1.0062527261e-01   3.4353050351e-05   7.0326285674e-07   3.2130303939e-08   1.2489364448e-03   3.7944642215e-02   4.9169014165e-02   6.1294351650e-02   7.5834132084e-07   4.0275747264e-04   3.0604006225e-08   6.9797000000e-01
   9.4000000000e-02   9.4000000000e-02   1.5544825838e+03  -5.3840272641e+05   2.1626450689e-01   2.0325040553e-01   1.5898335810e-03   1.3384463600e-06   1.2299442684e-06   4.6108959468e-02   8.4587245087e-06   1.0222046173e-01   2.9938430905e-05   7.2640196677e-07   3.2239133960e-08   1.2808905522e-03   4.1020394354e-02   5.0014996641e-02   6.2439214934e-02   7.1126205892e-07   3.8078221469e-04   3.1073021591e-08   6.9490200000e-01
   9.8000000000e-02   9.8000000000e-02   1.5626661198e+03  -5.5499933705e+05   2.1947985873e-01   2.0147666658e-01   1.6358496401e-03   1.2986403056e-06   1.0662509342e-06   4.2780412905e-02   7.9481952137e-06   1.0361443795e-01   2.6097205813e-05   7.3920692407e-07   3.1886982298e-08   1.3056717049e-03   4.4203397371e-02   5.0760036850e-02   6.3469534286e-02   6.6191457237e-07   3.5878491852e-04   3.1072005853e-08   6.9183400000e-01
   1.0200000000e-01   1.0200000000e-01   1.5684133605e+03  -5.7198750933e+05   2.2230466090e-01   2.0004970471e-01   1.6788583982e-03   1.2535198540e-06   9.2049650995e-07   3.9748215999e-02   7.4236988883e-06   1.0482236134e-01   2.2781782460e-05   7.4216556093e-07   3.1132674002e-08   1.3235866965e-03   4.7486568146e-02   5.1411022933e-02   6.4392418231e-02   6.1198612219e-07   3.3717281513e-04   3.0660823397e-08   6.8876600000e-01
   1.0600000000e-01   1.0600000000e-01   1.5720163924e+03  -5.8927459256e+05   2.2476801213e-01   1.9892107691e-01   1.7188863827e-03   1.2046691468e-06   7.9239447788e-07   3.6989785015e-02   6.8979450268e-06   1.0585922681e-01   1.9936274737e-05   7.3614281099e-07   3.0044677359e-08   1.3350626435e-03   5.0862697347e-02   5.1974948015e-02   6.5214950916e-02   5.6278107602e-07   3.1625270880e-04   2.9906733211e-08   6.8569800000e-01
   1.1000000000e-01   1.1000000000e-01   1.5737384629e+03  -6.0678558801e+05   2.2689847991e-01   1.9804994236e-01   1.7559885434e-03   1.1534128193e-06   6.8089131709e-07   3.4483054908e-02   6.3808299632e-06   1.0673962816e-01   1.7502885413e-05   7.2224953573e-07   2.8694179073e-08   1.3406056246e-03   5.4324603408e-02   5.2458770994e-02   6.5944092207e-02   5.1526415433e-07   2.9624304732e-04   2.8878100552e-08   6.8263000000e-01
   1.1400000000e-01   1.1400000000e-01   1.5738137821e+03  -6.2446394758e+05   2.2872371494e-01   1.9740191894e-01   1.7902431333e-03   1.1008453637e-06   5.8452880895e-07   3.2206755197e-02   5.8797805652e-06   1.0747757439e-01   1.5425968197e-05   7.0173097038e-07   2.7150350174e-08   1.3407669322e-03   5.7865257328e-02   5.2869299485e-02   6.6586597933e-02   4.7010873412e-07   2.7728784706e-04   2.7640299789e-08   6.7956200000e-01
   1.1800000000e-01   1.1800000000e-01   1.5724503035e+03  -6.4226785216e+05   2.3027015520e-01   1.9694788321e-01   1.8217467453e-03   1.0478595192e-06   5.0168621992e-07   3.0140618324e-02   5.4001506264e-06   1.0808635418e-01   1.3654333403e-05   6.7587469399e-07   2.5477134186e-08   1.3361166020e-03   6.1477879776e-02   5.3213095621e-02   6.7148958660e-02   4.2774705576e-07   2.5947071474e-04   2.6253153667e-08   6.7649400000e-01
   1.2200000000e-01   1.2200000000e-01   1.5698326947e+03  -6.6016638402e+05   2.3156281157e-01   1.9666298659e-01   1.8506096934e-03   9.9517256677e-07   4.3073257294e-07   2.8265527366e-02   4.9455888254e-06   1.0857844287e-01   1.2142325876e-05   6.4593780987e-07   2.3731202410e-08   1.3272232902e-03   6.5156013210e-02   5.3496404025e-02   6.7637354982e-02   3.8841848441e-07   2.4282788566e-04   2.4769463354e-08   6.7342600000e-01
   1.2600000000e-01   1.2600000000e-01   1.5661249070e+03  -6.7813654929e+05   2.3262512546e-01   1.9652589468e-01   1.8769518546e-03   9.4335033482e-07   3.7011638984e-07   2.6563610801e-02   4.5183609660e-06   1.0896544609e-01   1.0850102552e-05   6.1309312583e-07   2.1960858382e-08   1.3146394363e-03   6.8893572171e-02   5.3725100299e-02   6.8057627213e-02   3.5221336162e-07   2.2735970357e-04   2.3234344693e-08   6.7035800000e-01
   1.3000000000e-01   1.3000000000e-01   1.5614723569e+03  -6.9616111283e+05   2.3347888793e-01   1.9651819970e-01   1.9008990331e-03   8.9282902855e-07   3.1841374626e-07   2.5018292330e-02   4.1196290980e-06   1.0925807382e-01   9.7434270426e-06   5.7839332129e-07   2.0205713331e-08   1.2988907212e-03   7.2684875007e-02   5.3904657747e-02   6.8415257324e-02   3.1911112992e-07   2.1304032079e-04   2.1685162991e-08   6.6729000000e-01
   1.3400000000e-01   1.3400000000e-01   1.5560038094e+03  -7.1422706201e+05   2.3414421009e-01   1.9662396055e-01   1.9225798686e-03   8.4393498913e-07   2.7434935729e-07   2.3614303575e-02   3.7496913480e-06   1.0946613933e-01   8.7932028318e-06   5.4275093425e-07   1.8496943903e-08   1.2804689607e-03   7.6524660162e-02   5.4040129777e-02   6.8715361107e-02   2.8901229310e-07   1.9982562530e-04   2.0151892103e-08   6.6422200000e-01
   1.3800000000e-01   1.3800000000e-01   1.5498330513e+03  -7.3232451107e+05   2.3463953476e-01   1.9682933527e-01   1.9421232778e-03   7.9690245045e-07   2.3680082058e-07   2.2337667037e-02   3.4081862071e-06   1.0959857754e-01   7.9748909950e-06   5.0693129182e-07   1.6857953823e-08   1.2598277182e-03   8.0408089955e-02   5.4136145309e-02   6.8962688636e-02   2.6176433259e-07   1.8765953473e-04   1.8657750690e-08   6.6115400000e-01
   1.4200000000e-01   1.4200000000e-01   1.5430604080e+03  -7.5044591052e+05   2.3498168048e-01   1.9712228156e-01   1.9596563995e-03   7.5188934309e-07   2.0479284360e-07   2.1175656040e-02   3.0942642651e-06   1.0966347817e-01   7.2679028617e-06   4.7155525001e-07   1.5305279706e-08   1.2373800413e-03   8.4330744468e-02   5.4196914605e-02   6.9161631298e-02   2.3718207486e-07   1.7647886302e-04   1.7219995034e-08   6.5808600000e-01
   1.4600000000e-01   1.4600000000e-01   1.5357741339e+03  -7.6858546811e+05   2.3518590954e-01   1.9749230843e-01   1.9753030001e-03   7.0899120688e-07   1.7748597976e-07   2.0116737636e-02   2.8067302772e-06   1.0966812954e-01   6.6550195445e-06   4.3710875061e-07   1.3849610304e-08   1.2134978337e-03   8.8288607900e-02   5.4226243141e-02   6.9316233863e-02   2.1506320626e-07   1.6621698638e-04   1.5850774904e-08   6.5501800000e-01
   1.5000000000e-01   1.5000000000e-01   1.5280516933e+03  -7.8673871896e+05   2.3526601333e-01   1.9793026720e-01   1.9891822860e-03   6.6825329799e-07   1.5416280743e-07   1.9150503637e-02   2.5441585782e-06   1.0961906944e-01   6.1218648384e-06   4.0395659352e-07   1.2496820611e-08   1.1885124597e-03   9.2278049399e-02   5.4227551368e-02   6.9430210233e-02   1.9519970850e-07   1.5680652933e-04   1.4557984580e-08   6.5195000000e-01
   1.5400000000e-01   1.5400000000e-01   1.5199609381e+03  -8.0490220316e+05   2.3523440861e-01   1.9842817386e-01   2.0014080689e-03   6.2968100206e-07   1.3421339534e-07   1.8267594105e-02   2.3049850012e-06   1.0952214029e-01   5.6564420705e-06   3.7235832701e-07   1.1248952660e-08   1.1627162508e-03   9.6295800100e-02   5.4203898534e-02   6.9506961722e-02   1.7738597736e-07   1.4818127069e-04   1.3346063431e-08   6.4888200000e-01
   1.5800000000e-01   1.5800000000e-01   1.5115611869e+03  -8.2307322298e+05   2.3510224027e-01   1.9897905667e-01   2.0120882286e-03   5.9324868647e-07   1.1712116105e-07   1.7459616906e-02   2.0875785099e-06   1.0938254612e-01   5.2487360700e-06   3.4248467945e-07   1.0105101016e-08   1.1363646449e-03   1.0033892782e-01   5.4158009007e-02   6.9549596917e-02   1.6142432344e-07   1.4027744202e-04   1.2216718683e-08   6.4581400000e-01
   1.6200000000e-01   1.6200000000e-01   1.5029042078e+03  -8.4124966036e+05   2.3487948618e-01   1.9957682475e-01   2.0213244204e-03   5.5890713819e-07   1.0244973833e-07   1.6719066159e-02   1.8902956654e-06   1.0920490960e-01   4.8903763113e-06   3.1443343188e-07   9.0621815478e-09   1.1096787384e-03   1.0440481054e-01   5.4092299838e-02   6.9560952317e-02   1.4712846291e-07   1.3303456240e-04   1.1169556895e-08   6.4274600000e-01
   1.6600000000e-01   1.6600000000e-01   1.4940351090e+03  -8.5942984078e+05   2.3457506132e-01   2.0021615440e-01   2.0292119786e-03   5.2658974063e-07   8.9831150972e-08   1.6039241823e-02   1.7115208610e-06   1.0899332767e-01   4.5743548593e-06   2.8824403117e-07   8.1155771817e-09   1.0828480776e-03   1.0849110967e-01   5.4008908553e-02   6.9543613125e-02   1.3432550618e-07   1.2639592638e-04   1.0202620737e-08   6.3967800000e-01
   1.7000000000e-01   1.7000000000e-01   1.4849931390e+03  -8.7761243282e+05   2.3419691882e-01   2.0089239042e-01   2.0358399726e-03   4.9621754257e-07   7.8955389292e-08   1.5414172074e-02   1.5496949776e-06   1.0875142471e-01   4.2947919449e-06   2.6391055865e-07   7.2596645502e-09   1.0560335524e-03   1.1259574372e-01   5.3909720427e-02   6.9499933708e-02   1.2285685636e-07   1.2030883779e-04   9.3128343992e-09   6.3661000000e-01
   1.7400000000e-01   1.7400000000e-01   1.4758124038e+03  -8.9579637484e+05   2.3375214610e-01   2.0160146039e-01   2.0412913779e-03   4.6770336782e-07   6.9561364973e-08   1.4838539658e-02   1.4033348029e-06   1.0848240272e-01   4.0467421023e-06   2.4139290508e-07   6.4882317551e-09   1.0293702860e-03   1.1671686300e-01   5.3796394644e-02   6.9432057352e-02   1.1257834195e-07   1.1472466188e-04   8.4963652620e-09   6.3354200000e-01
   1.7800000000e-01   1.7800000000e-01   1.4665225049e+03  -9.1398082175e+05   2.3324705514e-01   2.0233980012e-01   2.0456433295e-03   4.4095510891e-07   6.1429153070e-08   1.4307613007e-02   1.2710452286e-06   1.0818908777e-01   3.8260343734e-06   2.2062618030e-07   5.7948008807e-09   1.0029704441e-03   1.2085282566e-01   5.3670388984e-02   6.9341935055e-02   1.0335983733e-07   1.0959875134e-04   7.7489123402e-09   6.3047400000e-01
   1.8200000000e-01   1.8200000000e-01   1.4571491058e+03  -9.3216510628e+05   2.3268726609e-01   2.0310428870e-01   2.0489674305e-03   4.1587836096e-07   5.4373402851e-08   1.3817182573e-02   1.1515259721e-06   1.0787397274e-01   3.6291408411e-06   2.0152856616e-07   5.1728708720e-09   9.7692590638e-04   1.2500217537e-01   5.3532982756e-02   6.9231343173e-02   9.5084578139e-08   1.0489028808e-04   7.0659361126e-09   6.2740600000e-01
   1.8600000000e-01   1.8600000000e-01   1.4477144313e+03  -9.5034871009e+05   2.3207778394e-01   2.0389219201e-01   2.0513300943e-03   3.9237868496e-07   4.8237826278e-08   1.3363502600e-02   1.0435745821e-06   1.0753925616e-01   3.4530685388e-06   1.8400821794e-07   4.6160999549e-09   9.5131076083e-04   1.2916362066e-01   5.3385297853e-02   6.9101899827e-02   8.7648401443e-08   1.0056207200e-04   6.4428590271e-09   6.2433800000e-01
   1.9000000000e-01   1.9000000000e-01   1.4382377087e+03  -9.6853124125e+05   2.3142306806e-01   2.0470111340e-01   2.0527929006e-03   3.7036466525e-07   4.2890922372e-08   1.2943238335e-02   9.4608957389e-07   1.0718687726e-01   3.2952703961e-06   1.6797129931e-07   4.1184632086e-09   9.2618357504e-04   1.3333601621e-01   5.3228317881e-02   6.8955080019e-02   8.0959428823e-08   9.6580279457e-05   5.8753279065e-09   6.2127000000e-01
   1.9400000000e-01   1.9400000000e-01   1.4287355544e+03  -9.8671241585e+05   2.3072709494e-01   2.0552895078e-01   2.0534129383e-03   3.4975832218e-07   3.8224773913e-08   1.2553418547e-02   8.5809811969e-07   1.0681854721e-01   3.1535708610e-06   1.5333919852e-07   3.6745049874e-09   9.0158930320e-04   1.3751834603e-01   5.3062905352e-02   6.8792229443e-02   7.4940151158e-08   9.2914206414e-05   5.3598698809e-09   6.1820200000e-01
   1.9800000000e-01   1.9800000000e-01   1.4192223116e+03  -1.0048920414e+06   2.2999341372e-01   2.0637385942e-01   2.0532430488e-03   3.3055200726e-07   3.4170684663e-08   1.2191393162e-02   7.7904317006e-07   1.0643577664e-01   3.0260991150e-06   1.4010501883e-07   3.2803349639e-09   8.7755998089e-04   1.4170970945e-01   5.2889817000e-02   6.8614577031e-02   6.9540480606e-08   8.9536001698e-05   4.8959904811e-09   6.1513400000e-01
   2.0800000000e-01   2.0800000000e-01   1.3957074423e+03  -1.0503368303e+06   2.2807285832e-01   2.0851229119e-01   2.0509642004e-03   2.8702471293e-07   2.5834734693e-08   1.1349900011e-02   6.1114647058e-07   1.0544607669e-01   2.7388711301e-06   1.1111812979e-07   2.4602473765e-09   8.1893092708e-04   1.5220872581e-01   5.2439567533e-02   6.8136249896e-02   5.7692385092e-08   8.1746903574e-05   3.8822885052e-09   6.0746400000e-01
   2.2400000000e-01   2.2400000000e-01   1.3580819989e+03  -1.1230224649e+06   2.2456062554e-01   2.1214372754e-01   2.0373026856e-03   2.3103370272e-07   1.7084582166e-08   1.0325992318e-02   4.1827508231e-07   1.0369995005e-01   2.4277875044e-06   7.7411153192e-08   1.5658722391e-09   7.3520768802e-04   1.6911035107e-01   5.1630227600e-02   6.7193145202e-02   4.4372330221e-08   7.2603143454e-05   2.7109758263e-09   5.9519200000e-01
   2.4000000000e-01   2.4000000000e-01   1.3212676869e+03  -1.1956871462e+06   2.2073038087e-01   2.1590802517e-01   2.0158578121e-03   1.8751494423e-07   1.1604242645e-08   9.5344618671e-03   2.8853746943e-07   1.0183948851e-01   2.2129424193e-06   5.4227995415e-08   1.0030045932e-09   6.6119732413e-04   1.8608537634e-01   5.0755506564e-02   6.6119527982e-02   3.5098452921e-08   6.5790767719e-05   1.9073805947e-09   5.8292000000e-01
   2.5600000000e-01   2.5600000000e-01   1.2854683946e+03  -1.2683380927e+06   2.1666641500e-01   2.1976883907e-01   1.9883816277e-03   1.5342532436e-07   8.0712524510e-09   8.9129987890e-03   2.0058755726e-07   9.9896812029e-02   2.0620433261e-06   3.8256334126e-08   6.4732307379e-10   5.9603257515e-04   2.0311342603e-01   4.9831189804e-02   6.4950031538e-02   2.8470850778e-08   6.0634752819e-05   1.3541446413e-09   5.7064800000e-01
   2.7200000000e-01   2.7200000000e-01   1.2507853267e+03  -1.3409810478e+06   2.1242940309e-01   2.2370228902e-01   1.9562701141e-03   1.2647856061e-07   5.7298573001e-09   8.4169670231e-03   1.4044452497e-07   9.7894173746e-02   1.9539977290e-06   2.7183674849e-08   4.2096487632e-10   5.3867969224e-04   2.2018000641e-01   4.8868581751e-02   6.3710377474e-02   2.3605030925e-08   5.6664962578e-05   9.7091084424e-10   5.5837600000e-01
   2.8800000000e-01   2.8800000000e-01   1.2172574740e+03  -1.4136197063e+06   2.0806418788e-01   2.2769258132e-01   1.9206430585e-03   1.0498508399e-07   4.1389579101e-09   8.0135434326e-03   9.8971438001e-08   9.5847522164e-02   1.8744487900e-06   1.9450055747e-08   2.7576606687e-10   4.8812577628e-04   2.3727447184e-01   4.7876239617e-02   6.2419783040e-02   1.9937909876e-08   5.3548158163e-05   7.0400764347e-10   5.4610400000e-01
   3.0400000000e-01   3.0400000000e-01   1.1848849972e+03  -1.4862561789e+06   2.0360442644e-01   2.3172953860e-01   1.8823960104e-03   8.7692527022e-08   3.0336945898e-09   7.6782139027e-03   7.0150037102e-08   9.3768559923e-02   1.8133311052e-06   1.4007023019e-08   1.8188367485e-10   4.4345697105e-04   2.5438885185e-01   4.6860878683e-02   6.1092591828e-02   1.7104268811e-08   5.1044814851e-05   5.1732595531e-10   5.3383200000e-01
   3.2000000000e-01   3.2000000000e-01   1.1536434194e+03  -1.5588915830e+06   1.9907552153e-01   2.3580713112e-01   1.8422376950e-03   7.3666307435e-08   2.2506700162e-09   7.3925620680e-03   4.9979172534e-08   9.1665986646e-02   1.7634689348e-06   1.0147589610e-08   1.2071705136e-10   4.0388134392e-04   2.7151713898e-01   4.5827857183e-02   5.9739440003e-02   1.4862672368e-08   4.8981199379e-05   3.8626649092e-10   5.2156000000e-01
   3.3600000000e-01   3.3600000000e-01   1.1234927070e+03  -1.6315264796e+06   1.9449660444e-01   2.3992253574e-01   1.8007201801e-03   6.2202960988e-08   1.6864530370e-09   7.1427765740e-03   3.5772835454e-08   8.9546295594e-02   1.7197257185e-06   7.3918831066e-09   8.0581222781e-11   3.6872584424e-04   2.8865482216e-01   4.4781457601e-02   5.8368131061e-02   1.3050475252e-08   4.7230780299e-05   2.9386157634e-10   5.0928800000e-01
   3.5200000000e-01   3.5200000000e-01   1.0943833483e+03  -1.7041611402e+06   1.8988197216e-01   2.4407548183e-01   1.7582651903e-03   5.2767924024e-08   1.2739492075e-09   6.9185744986e-03   2.5710677037e-08   8.7414319402e-02   1.6784531936e-06   5.4115448078e-09   5.4072329791e-11   3.3742262812e-04   3.0579855383e-01   4.3725074238e-02   5.6984313333e-02   1.1556016185e-08   4.5701423598e-05   2.2830277658e-10   4.9701600000e-01
   3.6800000000e-01   3.6800000000e-01   1.0662605469e+03  -1.7767956925e+06   1.8524218630e-01   2.4826776438e-01   1.7151877955e-03   4.4950968557e-08   9.6861735488e-10   6.7123839154e-03   1.8547889808e-08   8.5273627021e-02   1.6371102791e-06   3.9799618655e-09   3.6458531699e-11   3.0949241855e-04   3.2294589501e-01   4.2661359011e-02   5.5592012471e-02   1.0301136195e-08   4.4326284331e-05   1.8134222552e-10   4.8474400000e-01
   3.8400000000e-01   3.8400000000e-01   1.0390671505e+03  -1.8494301951e+06   1.8058494036e-01   2.5250286588e-01   1.6717176750e-03   3.8434201976e-08   7.4024397747e-10   6.5187038107e-03   1.3426148668e-08   8.3126825246e-02   1.5939847579e-06   2.9394195447e-09   2.4690650863e-11   2.8452852021e-04   3.4009511122e-01   4.1592347363e-02   5.4194050080e-02   9.2300174099e-09   4.3057161409e-05   1.4722835616e-10   4.7247200000e-01
   4.0000000000e-01   4.0000000000e-01   1.0127456856e+03  -1.9220646748e+06   1.7591575228e-01   2.5678565868e-01   1.6280177968e-03   3.2968965554e-08   5.6792498749e-10   6.3335970226e-03   9.7491409913e-09   8.0975793342e-02   1.5479831016e-06   2.1792789273e-09   1.6788666709e-11   2.6218297810e-04   3.5724500626e-01   4.0519571521e-02   5.2792369619e-02   8.3019659786e-09   4.1859571339e-05   1.2197246718e-10   4.6020000000e-01
   4.1600000000e-01   4.1600000000e-01   9.8723538256e+02  -1.9946991439e+06   1.7123851537e-01   2.6112332550e-01   1.5842003474e-03   2.8358968511e-08   4.3693223511e-10   6.1542896223e-03   7.0995734059e-09   7.8821866932e-02   1.4984699958e-06   1.6213281933e-09   1.1457381617e-11   2.4215527272e-04   3.7439478708e-01   3.9444162038e-02   5.1388286048e-02   7.4867224896e-09   4.0709071060e-05   1.0282881666e-10   4.4792800000e-01
   4.3200000000e-01   4.3200000000e-01   9.6246073050e+02  -2.0673336077e+06   1.6655593121e-01   2.6552883769e-01   1.5403398829e-03   2.4447665781e-08   3.3671262417e-10   5.9788581414e-03   5.1833569553e-09   7.6665981417e-02   1.4451454129e-06   1.2098693738e-09   7.8436377511e-12   2.2418344581e-04   3.9154395551e-01   3.8366936634e-02   4.9982673275e-02   6.7613758498e-09   3.9588513740e-05   8.7921116841e-11   4.3565600000e-01
   4.4800000000e-01   4.4800000000e-01   9.3837548491e+02  -2.1399680690e+06   1.6186984358e-01   2.7000933396e-01   1.4964838364e-03   2.1109880787e-08   2.5963925815e-10   5.8059895902e-03   3.7935954547e-09   7.4508782434e-02   1.3879503987e-06   9.0520132994e-10   5.3847267134e-12   2.0803731161e-04   4.0869222330e-01   3.7288475448e-02   4.8576101859e-02   6.1081120489e-09   3.8486011387e-05   7.5975328712e-11   4.2338400000e-01
   4.6400000000e-01   4.6400000000e-01   9.1493887177e+02  -2.2126025290e+06   1.5718149051e-01   2.7457172041e-01   1.4526606255e-03   1.8244962661e-08   2.0011723201e-10   5.6348010745e-03   2.7830743589e-09   7.2350709436e-02   1.3270088688e-06   6.7875647759e-10   3.7057598045e-12   1.9351301803e-04   4.2583944746e-01   3.6209182578e-02   4.7168937869e-02   5.5131018177e-09   3.7393438786e-05   6.6128784696e-11   4.1111200000e-01
   4.8000000000e-01   4.8000000000e-01   8.9211117135e+02  -2.2852369882e+06   1.5249169046e-01   2.7922384889e-01   1.4088857263e-03   1.5771540637e-08   1.5399662296e-10   5.4647071128e-03   2.0465020043e-09   7.0192057720e-02   1.2625875332e-06   5.0985377986e-10   2.5555984410e-12   1.8042885393e-04   4.4298558213e-01   3.5129334767e-02   4.5761412252e-02   4.9656485233e-09   3.6305341642e-05   5.7797944536e-11   3.9884000000e-01
   4.9600000000e-01   4.9600000000e-01   8.6985392596e+02  -2.3578714470e+06   1.4780097666e-01   2.8397451746e-01   1.3651660864e-03   1.3623623147e-08   1.1817243099e-10   5.2953241831e-03   1.5083226237e-09   6.8033023504e-02   1.1950689124e-06   3.8345318868e-10   1.7652998333e-12   1.6862198087e-04   4.6013064381e-01   3.4049118684e-02   4.4353668389e-02   4.4576079641e-09   3.5218146719e-05   5.0587644679e-11   3.8656800000e-01
   5.1200000000e-01   5.1200000000e-01   8.4813006202e+02  -2.4305059056e+06   1.4310969186e-01   2.8883349276e-01   1.3215032346e-03   1.1747661898e-08   9.0304208361e-11   5.1264035512e-03   1.1141610653e-09   6.5873736011e-02   1.1249338248e-06   2.8857104017e-10   1.2207663344e-12   1.5794581709e-04   4.7727468697e-01   3.2968658636e-02   4.2945793983e-02   3.9829982151e-09   3.4129595162e-05   4.4229754247e-11   3.7429600000e-01
   5.2800000000e-01   5.2800000000e-01   8.2690394710e+02  -2.5031403641e+06   1.3841805378e-01   2.9381155415e-01   1.2778954067e-03   1.0100331237e-08   6.8616329151e-11   4.9577850066e-03   8.2478378081e-10   6.3714279827e-02   1.0527495804e-06   2.1715383838e-10   8.4464908522e-13   1.4826788847e-04   4.9441778745e-01   3.1888036581e-02   4.1537841962e-02   3.5377142397e-09   3.3038338648e-05   3.8542346323e-11   3.6202400000e-01
   5.4400000000e-01   5.4400000000e-01   8.0614139890e+02  -2.5757748224e+06   1.3372619927e-01   2.9892055933e-01   1.2343389549e-03   8.6468360788e-09   5.1753621224e-11   4.7893656501e-03   6.1181633283e-10   6.1554710191e-02   9.7916032785e-07   1.6327348791e-10   5.8431965777e-13   1.3946803178e-04   5.1156003161e-01   3.0807306212e-02   4.0129843912e-02   3.1192837548e-09   3.1943653045e-05   3.3402843803e-11   3.4975200000e-01
   5.6000000000e-01   5.6000000000e-01   7.8580966015e+02  -2.6484092808e+06   1.2903421365e-01   3.0417353180e-01   1.1908292543e-03   7.3595976606e-09   3.8675632258e-11   4.6210792432e-03   4.5469423795e-10   5.9395063244e-02   9.0487645505e-07   1.2254950512e-10   4.0384143249e-13   1.3143688917e-04   5.2870150938e-01   2.9726502637e-02   3.8721818513e-02   2.7266192417e-09   3.0845236163e-05   2.8730411408e-11   3.3748000000e-01
   5.7600000000e-01   5.7600000000e-01   7.6587734992e+02  -2.7210437390e+06   1.2434214969e-01   3.0958477100e-01   1.1473612686e-03   6.2171849849e-09   2.8578279742e-11   4.4528827939e-03   3.3848403126e-10   5.7235362788e-02   8.3066056637e-07   9.1732403734e-11   2.7858963553e-13   1.2407466816e-04   5.4584231006e-01   2.8645648876e-02   3.7313776758e-02   2.3597388657e-09   2.9743065353e-05   2.4474215007e-11   3.2520800000e-01
   5.9200000000e-01   5.9200000000e-01   7.4631439923e+02  -2.7936781973e+06   1.1965003983e-01   3.1516998669e-01   1.1039298938e-03   5.2033707231e-09   2.0835246118e-11   4.2847479846e-03   2.5232092381e-10   5.5075624681e-02   7.5730835708e-07   6.8402084096e-11   1.9163271413e-13   1.1729016151e-04   5.6298251983e-01   2.7564760148e-02   3.5905725105e-02   2.0194470692e-09   2.8637297558e-05   2.0605151299e-11   3.1293600000e-01
   6.0800000000e-01   6.0800000000e-01   7.2709197670e+02  -2.8663126556e+06   1.1495790384e-01   3.2094646033e-01   1.0605301636e-03   4.3062049218e-09   1.4953927057e-11   4.1166557752e-03   1.8828502646e-10   5.2915859656e-02   6.8562367641e-07   5.0748645727e-11   1.3128959191e-13   1.1100002647e-04   5.8012222026e-01   2.6483846651e-02   3.4497667364e-02   1.7069826685e-09   2.7528199419e-05   1.7109387412e-11   3.0066400000e-01
   6.2400000000e-01   6.2400000000e-01   7.0818240851e+02  -2.9389471138e+06   1.1026575363e-01   3.2693323662e-01   1.0171573736e-03   3.5170300995e-09   1.0542417670e-11   3.9485930461e-03   1.4059074494e-10   5.0756075114e-02   6.1638823572e-07   3.7412531572e-11   8.9474912681e-14   1.0512831381e-04   5.9726148738e-01   2.5402915336e-02   3.3089605805e-02   1.4236566289e-09   2.6416098603e-05   1.3982661824e-11   2.8839200000e-01
   6.4000000000e-01   6.4000000000e-01   6.8955909593e+02  -3.0115815720e+06   1.0557359625e-01   3.3315134987e-01   9.7380715780e-04   2.8294141349e-09   7.2851324757e-12   3.7805505282e-03   1.0500080757e-10   4.8596276259e-02   5.5032771608e-07   2.7367579393e-11   6.0574285459e-14   9.9606218178e-05   6.1440039118e-01   2.4321971034e-02   3.1681541797e-02   1.1705116891e-09   2.5301350076e-05   1.1224864712e-11   2.7612000000e-01
   6.5600000000e-01   6.5600000000e-01   6.7119643288e+02  -3.0842160303e+06   1.0088143573e-01   3.3962409057e-01   9.3047554016e-04   2.2380475100e-09   4.9253070507e-12   3.6125215304e-03   7.8402247439e-11   4.6436466824e-02   4.8807728288e-07   1.9835258080e-11   4.0677295750e-14   9.4371994859e-05   6.3153899506e-01   2.3241017175e-02   3.0273476187e-02   9.4804020837e-10   2.4184312850e-05   8.8349408001e-12   2.6384800000e-01
   6.7200000000e-01   6.7200000000e-01   6.5306972599e+02  -3.1568504885e+06   9.6189274239e-02   3.4637731912e-01   8.8715896863e-04   1.7377180106e-09   3.2529159913e-12   3.4445011549e-03   5.8499737105e-11   4.4276649528e-02   4.3015041218e-07   1.4221685776e-11   2.7052853552e-14   8.9370964711e-05   6.4867735558e-01   2.2160056233e-02   2.8865409509e-02   7.5599357944e-10   2.3065334071e-05   6.8065604810e-12   2.5157600000e-01
   6.8800000000e-01   6.8800000000e-01   6.3515511899e+02  -3.2294849467e+06   9.1497112848e-02   3.5343983496e-01   8.4385433575e-04   1.3225090208e-09   2.0966019673e-12   3.2764858031e-03   4.3594212931e-11   4.2116826379e-02   3.7691512058e-07   1.0071365283e-11   1.7789208420e-14   8.4555515002e-05   6.6581552220e-01   2.1079090027e-02   2.7457342107e-02   5.9330532683e-10   2.1944738302e-05   5.1251685886e-12   2.3930400000e-01
   7.0400000000e-01   7.0400000000e-01   6.1742952354e+02  -3.3021194049e+06   8.6804951967e-02   3.6084381143e-01   8.0055898463e-04   9.8534521905e-10   1.3182266262e-12   3.1084728533e-03   3.2423397944e-11   3.9956998874e-02   3.2858094227e-07   7.0332161317e-12   1.1546156588e-14   7.9885008503e-05   6.8295353728e-01   1.9998119901e-02   2.6049274208e-02   4.5813169371e-10   2.0822820587e-05   3.7668791555e-12   2.2703200000e-01
   7.2000000000e-01   7.2000000000e-01   5.9987055843e+02  -3.3747538631e+06   8.2112791660e-02   3.6862530886e-01   7.5727069930e-04   7.1793479929e-10   8.0878835835e-13   2.9404604377e-03   2.4046927735e-11   3.7797168133e-02   2.8519838566e-07   4.8356406853e-12   7.3838537033e-15   7.5325536311e-05   7.0009143623e-01   1.8917146862e-02   2.4641205966e-02   3.4799239517e-10   1.9699842378e-05   2.6992970358e-12   2.1476000000e-01
   7.3600000000e-01   7.3600000000e-01   5.8245649902e+02  -3.4473883214e+06   7.7420631829e-02   3.7682488139e-01   7.1398767955e-04   5.1106050096e-10   4.8476701550e-13   2.7724472778e-03   1.7763257090e-11   3.5637334999e-02   2.4667053099e-07   3.2681879970e-12   4.6440301950e-15   7.0849486910e-05   7.1722924791e-01   1.7836171662e-02   2.3233137487e-02   2.5997684198e-10   1.8576029755e-05   1.8838888499e-12   2.0248800000e-01
   7.5200000000e-01   7.5200000000e-01   5.6516623922e+02  -3.5200227796e+06   7.2728472318e-02   3.8548829673e-01   6.7070850225e-04   3.5509388895e-10   2.8438860577e-13   2.6044325532e-03   1.3048978577e-11   3.3477500104e-02   2.1277448707e-07   2.1679853055e-12   2.8671237475e-15   6.6434944078e-05   7.3436699527e-01   1.6755194869e-02   2.1825068843e-02   1.9097323908e-10   1.7451573514e-05   1.2791980808e-12   1.9021600000e-01
   7.6800000000e-01   7.6800000000e-01   5.4797926826e+02  -3.5926572378e+06   6.8036312983e-02   3.9466739256e-01   6.2743207316e-04   2.4057721014e-10   1.6371780913e-13   2.4364157949e-03   9.5139103387e-12   3.1317663921e-02   1.8318913407e-07   1.4095688059e-12   1.7341007350e-15   6.2064958620e-05   7.5150469605e-01   1.5674216904e-02   2.0417000085e-02   1.3788138173e-10   1.6326630767e-05   8.4412125249e-13   1.7794400000e-01
   7.8400000000e-01   7.8400000000e-01   5.3087566529e+02  -3.6652916960e+06   6.3344153707e-02   4.0442109890e-01   5.8415757394e-04   1.5873762646e-10   9.2763471907e-14   2.2683967959e-03   6.8674081354e-12   2.9157826802e-02   1.5752519138e-07   8.9710902407e-13   1.0253280399e-15   5.7726756536e-05   7.6864236362e-01   1.4593238084e-02   1.9008931247e-02   9.7781959522e-11   1.5201327687e-05   5.4062130201e-13   1.6567200000e-01
   8.0000000000e-01   8.0000000000e-01   5.1383611562e+02  -3.7379261542e+06   5.8651994415e-02   4.1481666305e-01   5.4088440899e-04   1.0185072235e-10   5.1879746741e-14   2.1003755369e-03   4.8928709732e-12   2.6997989009e-02   1.3535409248e-07   5.5831645179e-13   5.9130463008e-16   5.3410947841e-05   7.8578000781e-01   1.3512258642e-02   1.7600862355e-02   6.8050349808e-11   1.4075763049e-05   3.3554134896e-13   1.5340000000e-01
   8.1600000000e-01   8.1600000000e-01   4.9684195317e+02  -3.8105606124e+06   5.3959835067e-02   4.2593112229e-01   4.9761215609e-04   6.3427948182e-11   2.8698829239e-14   1.9323521267e-03   3.4284170279e-12   2.4838150733e-02   1.1623312591e-07   3.3954161067e-13   3.3172388502e-16   4.9110789547e-05   8.0291763566e-01   1.2431278753e-02   1.6192793425e-02   4.6416140405e-11   1.2950012188e-05   2.0146885841e-13   1.4112800000e-01
   8.3200000000e-01   8.3200000000e-01   4.7987523517e+02  -3.8831950707e+06   4.9267675651e-02   4.3785308099e-01   4.5434052312e-04   3.8246793175e-11   1.5713580605e-14   1.7643267549e-03   2.3523271533e-12   2.2678312115e-02   9.9725452165e-08   2.0175622384e-13   1.8045763011e-16   4.4821539049e-05   8.2005525213e-01   1.1350298542e-02   1.4784724470e-02   3.0978112798e-11   1.1824131054e-05   1.1680152439e-13   1.2885600000e-01
   8.4800000000e-01   8.4800000000e-01   4.6291885636e+02  -3.9558295289e+06   4.4575516168e-02   4.5068486258e-01   4.1106931222e-04   2.2265702315e-11   8.5073399788e-15   1.5962996564e-03   1.5722193185e-12   2.0518473255e-02   8.5414645990e-08   1.1722391661e-13   9.4802042075e-17   4.0539916012e-05   8.3719286064e-01   1.0269318103e-02   1.3376655497e-02   2.0187798875e-11   1.0698160112e-05   6.5258278809e-14   1.1658400000e-01
   8.6400000000e-01   8.6400000000e-01   4.4595671129e+02  -4.0284639871e+06   3.9883356631e-02   4.6454512496e-01   3.6779839153e-04   1.2470532571e-11   4.5432094910e-15   1.4282710853e-03   1.0171387029e-12   1.8358634225e-02   7.2914183005e-08   6.6746817376e-14   4.7824055403e-17   3.6263675413e-05   8.5433046354e-01   9.1883375012e-03   1.1968586513e-02   1.2814274048e-11   9.5721278718e-06   3.5082569611e-14   1.0431200000e-01
   8.8000000000e-01   8.8000000000e-01   4.2897391494e+02  -4.1010984453e+06   3.5191197057e-02   4.7957205104e-01   3.2452767387e-04   6.6925867644e-12   2.3861921016e-15   1.2602412972e-03   6.3189730786e-13   1.6198795076e-02   6.1872756461e-08   3.7417549717e-14   2.2978523419e-17   3.1991283529e-05   8.7146806242e-01   8.1073567850e-03   1.0560517522e-02   7.9003281394e-12   8.4460539407e-06   1.8138326191e-14   9.2040000000e-02
   8.9600000000e-01   8.9600000000e-01   4.1195709260e+02  -4.1737329035e+06   3.0499037459e-02   4.9592725549e-01   2.8125710133e-04   3.4268499392e-12   1.2302920994e-15   1.0922105364e-03   3.7311221188e-13   1.4038955844e-02   5.1976516072e-08   2.0824341654e-14   1.0389094803e-17   2.7721682303e-05   8.8860565839e-01   7.0263759883e-03   9.1524485250e-03   4.7170324912e-12   7.3199515421e-06   9.0357859371e-15   7.9768000000e-02
   9.1200000000e-01   9.1200000000e-01   3.9489475061e+02  -4.2463673617e+06   2.5806877849e-02   5.1380058777e-01   2.3798663464e-04   1.6676913529e-12   6.2361202400e-16   9.2417902918e-04   2.0648911856e-13   1.1879116554e-02   4.2949343415e-08   1.1660011375e-14   4.3387973870e-18   2.3454125018e-05   9.0574325221e-01   5.9453951352e-03   7.7443795248e-03   2.7208830100e-12   6.1938294964e-06   4.3658812221e-15   6.7496000000e-02
   9.2800000000e-01   9.2800000000e-01   3.7777773880e+02  -4.3190018199e+06   2.1114718235e-02   5.3341606264e-01   1.9471624615e-04   7.7026610354e-13   3.1321722988e-16   7.5614697803e-04   1.0498274373e-13   9.7192772234e-03   3.4552192112e-08   6.6818318735e-15   1.6256221791e-18   1.9188066387e-05   9.2288084447e-01   4.8644142427e-03   6.3363105224e-03   1.5154829398e-12   5.0676937101e-06   2.0771572756e-15   5.5224000000e-02
   9.4400000000e-01   9.4400000000e-01   3.6059981231e+02  -4.3916362782e+06   1.6422558622e-02   5.5503921830e-01   1.5144591533e-04   3.3966345072e-13   1.5843755916e-16   5.8811455892e-04   4.7539358563e-14   7.5594378646e-03   2.6582384288e-08   3.9652170202e-15   5.2053986732e-19   1.4923091948e-05   9.4001843560e-01   3.7834333231e-03   4.9282415185e-03   8.1812081859e-13   3.9415482405e-06   9.9918299804e-16   4.2952000000e-02
   9.6000000000e-01   9.6000000000e-01   3.4335829504e+02  -4.4642707364e+06   1.1730399012e-02   5.7898629743e-01   1.0817562604e-04   1.4606023303e-13   8.1879055695e-17   4.2008191824e-04   1.8190101331e-14   5.3995984867e-03   1.8873603653e-08   2.3938141864e-15   1.3035481662e-19   1.0658874362e-05   9.5715602593e-01   2.7024523851e-03   3.5201725138e-03   4.3057075089e-13   2.8153960191e-06   4.9876554519e-16   3.0680000000e-02
   9.7600000000e-01   9.7600000000e-01   3.2605483615e+02  -4.5369051946e+06   7.0382394053e-03   6.0563578047e-01   6.4905364807e-05   6.2118985165e-14   4.1203914915e-17   2.5204916955e-04   5.3119362504e-15   3.2397590966e-03   1.1297175909e-08   1.3328078285e-15   2.1027209828e-20   6.3951470456e-06   9.7429361574e-01   1.6214714354e-03   2.1121035085e-03   2.1360582763e-13   1.6892393200e-06   2.4751485053e-16   1.8408000000e-02
   9.9200000000e-01   9.9200000000e-01   3.0869623564e+02  -4.6095396528e+06   2.3460798015e-03   6.3544299540e-01   2.1635119828e-05   1.8905498684e-14   1.3235493994e-17   8.4016389258e-05   8.6277696866e-16   1.0799196996e-03   3.7650756913e-09   4.3852660129e-16   1.0456057409e-21   2.1316883210e-06   9.9143120528e-01   5.4049047916e-04   7.0403450285e-04   6.7978017938e-14   5.6308005280e-07   7.9413218414e-17   6.1360000000e-03
   1.0000000000e+00   1.0000000000e+00   3.0000000000e+02  -4.6458568819e+06   0.0000000000e+00   6.5169855213e-01   0.0000000000e+00   0.0000000000e+00   0.0000000000e+00   0.0000000000e+00   0.0000000000e+00   0.0000000000e+00   0.0000000000e+00   0.0000000000e+00   0.0000000000e+00   0.0000000000e+00   1.0000000000e+00   0.0000000000e+00   0.0000000000e+00   0.0000000000e+00   0.0000000000e+00   0.0000000000e+00   0.0000000000e+00