# L (m)  = 1
# P (Pa) = 101325
#             001_x           002_mixf              003_T              004_h             005_pv        006_density             007_H2              008_H              009_O             010_O2             011_OH            012_H2O            013_HO2            014_CH2         015_CH2(S)            016_CH3            017_CH4             018_CO            019_CO2            020_HCO           021_CH2O          022_CH2OH             023_N2
                  0   0.0000000000e+00   3.0000000000e+02   1.9075768848e+03   0.0000000000e+00   1.1719839921e+00   0.0000000000e+00   0.0000000000e+00   0.0000000000e+00   2.3300000000e-01   0.0000000000e+00   0.0000000000e+00   0.0000000000e+00   0.0000000000e+00   0.0000000000e+00   0.0000000000e+00   0.0000000000e+00   0.0000000000e+00   0.0000000000e+00   0.0000000000e+00   0.0000000000e+00   0.0000000000e+00   7.6700000000e-01
   2.0000000000e-03   2.0000000000e-03   3.0030859651e+02  -3.2400054808e+04   2.8187108184e-03   1.1684603126e+00   1.8333256449e-05   3.1681163228e-16  -4.6775831592e-18   2.3036453403e-01   9.2168633235e-12   1.2999399662e-03   1.5729193238e-07   1.6273301027e-15   6.8901383283e-17   2.4340669337e-06   1.3455727573e-03   4.9696059729e-04   1.0034769985e-03   1.3029940477e-15   2.5910306526e-06   1.2792416510e-19   7.6546600000e-01
   6.0000000000e-03   6.0000000000e-03   3.0089456223e+02  -1.0101529901e+05   8.4532360035e-03   1.1615830069e+00   5.4983057888e-05   2.2402761036e-15   7.3113767853e-18   2.2509583833e-01   2.6802719150e-11   3.8984774307e-03   4.7165970626e-07   1.2413761352e-14   5.8062169437e-16   7.2959452388e-06   4.0373885073e-03   1.4903954726e-03   3.0093800423e-03   1.0018329627e-14   7.7695305814e-06   1.1134285399e-18   7.6239800000e-01
   1.0000000000e-02   1.0000000000e-02   3.0139714944e+02  -1.6963040600e+05   1.4079079203e-02   1.1550892741e+00   9.1582761583e-05   5.6168803670e-15   8.1568748652e-17   2.1983384512e-01   4.2462727259e-11   6.4929909234e-03   7.8594310743e-07   3.2705931652e-14   1.4852166832e-15   1.2139336901e-05   6.7312129940e-03   2.4823725557e-03   5.0121329623e-03   2.6543966873e-14   1.2937357314e-05   3.0492842695e-18   7.5933000000e-01
   1.4000000000e-02   1.4000000000e-02   3.0176778377e+02  -2.3824494445e+05   1.9690476966e-02   1.1491571497e+00   1.2809909102e-04   1.0067440684e-14   2.5774314179e-16   2.1458300284e-01   5.5869156688e-11   9.0808092235e-03   1.1010095098e-06   6.1003271077e-14   2.6517569025e-15   1.6952412897e-05   9.4283792830e-03   3.4719238684e-03   7.0096447831e-03   4.9757415770e-14   1.8087431449e-05   5.8327863571e-18   7.5626200000e-01
   1.8000000000e-02   1.8000000000e-02   3.0196014878e+02  -3.0685766353e+05   2.5281702545e-02   1.1439525936e+00   1.6449895222e-04   1.6037669177e-14   5.5844312854e-16   2.0934773078e-01   6.7346232867e-11   1.1659278201e-02   1.4184421839e-06   9.6142087718e-14   3.9845293364e-15   2.1723780176e-05   1.2130211654e-02   4.4580872430e-03   8.9998381490e-03   7.8733502548e-14   2.3212727272e-05   9.3803886953e-18   7.5319400000e-01
   2.2000000000e-02   2.2000000000e-02   3.0193210561e+02  -3.7546453814e+05   3.0847080364e-02   1.1396243655e+00   2.0074950582e-04   3.0497348293e-14   9.4086586258e-16   2.0413240794e-01   7.7800726259e-11   1.4225767553e-02   1.7405253696e-06   1.3837521720e-13   5.4551274559e-15   2.6442517449e-05   1.4838022279e-02   5.4399086144e-03   1.0980654690e-02   1.1360067503e-13   2.8306293775e-05   1.3936053161e-17   7.5012600000e-01
   2.6000000000e-02   2.6000000000e-02   3.0165433376e+02  -4.4404967907e+05   3.6381000263e-02   1.1362739707e+00   2.3681823834e-04   1.0355939802e-13   1.3101183346e-15   1.9894136196e-01   8.8732291048e-11   1.6777677438e-02   2.0702394709e-06   1.9054169776e-13   7.1324982690e-15   3.1098215604e-05   1.7553107953e-02   6.4164442812e-03   1.2950060306e-02   1.5656705657e-13   3.3361275320e-05   2.2005965743e-17   7.4705800000e-01
   3.0000000000e-02   3.0000000000e-02   3.0113323117e+02  -5.1256086862e+05   4.1877931480e-02   1.1338719763e+00   2.7267303225e-04   5.1381667454e-13   2.1644616672e-15   1.9377885833e-01   1.0241738803e-10   1.9312444981e-02   2.4112653296e-06   2.5988045471e-13   9.2350569837e-15   3.5681023974e-05   2.0276746870e-02   7.3867631242e-03   1.4906050343e-02   2.1399581189e-13   3.8370931853e-05   5.0159524504e-17   7.4399000000e-01
   3.4000000000e-02   3.4000000000e-02   3.0043536810e+02  -5.8088263255e+05   4.7332436283e-02   1.1321668207e+00   3.0828223467e-04   2.4485146881e-12   7.5099905719e-15   1.8864908978e-01   1.2249408143e-10   2.1827550622e-02   2.7679789338e-06   3.6156132340e-13   1.2254521987e-14   4.0181699248e-05   2.3010195477e-02   8.3499487765e-03   1.6846654650e-02   3.0184898421e-13   4.3328658533e-05   1.8313386709e-16   7.4092200000e-01
   3.8000000000e-02   3.8000000000e-02   2.9973342297e+02  -6.4878553296e+05   5.2739183222e-02   1.1305089194e+00   3.4361472453e-04   9.4055958896e-12   3.1394254486e-14   1.8355616612e-01   1.5524554593e-10   2.4320524283e-02   3.1454208153e-06   5.2557523716e-13   1.7199046370e-14   4.4591653399e-05   2.5754685416e-02   9.3051017341e-03   1.8769942481e-02   4.5790104224e-13   4.8228004682e-05   7.2775274561e-16   7.3785400000e-01
   4.2000000000e-02   4.2000000000e-02   2.9940891767e+02  -7.1581286359e+05   5.8092959936e-02   1.1274602419e+00   3.7863997777e-04   2.6721723694e-11   1.0001958277e-13   1.7850410419e-01   2.1113797975e-10   2.6788951327e-02   3.5493757415e-06   8.0641091354e-13   2.5797748959e-14   4.8903023141e-05   2.8511420544e-02   1.0251341401e-02   2.0674027230e-02   7.5354507538e-13   5.3062691982e-05   2.3280505274e-15   7.3478600000e-01
   4.6000000000e-02   4.6000000000e-02   3.0026936802e+02  -7.8103993791e+05   6.3388685452e-02   1.1200078048e+00   4.1332813060e-04   5.1916069218e-11   2.2603888151e-13   1.7349681784e-01   3.0481173982e-10   2.9230478283e-02   3.9869209376e-06   1.2876973495e-12   4.0147030192e-14   5.3108813150e-05   3.1281573983e-02   1.1187808056e-02   2.2557070983e-02   1.2677016754e-12   5.7826631934e-05   5.2397068454e-15   7.3171800000e-01
   5.0000000000e-02   5.0000000000e-02   3.0404346605e+02  -8.4252182611e+05   6.8621421950e-02   1.1019756845e+00   4.4765004034e-04   6.2682487562e-11   3.7824527888e-13   1.6853810826e-01   4.5570992965e-10   3.1642818312e-02   4.4669861628e-06   2.0773599436e-12   6.2294977452e-14   5.7203009160e-05   3.4066285329e-02   1.2113664744e-02   2.4417288853e-02   2.0288802653e-12   6.2513942449e-05   7.5922030527e-15   7.2865000000e-01
   5.4000000000e-02   5.4000000000e-02   3.1494199850e+02  -8.9554593413e+05   7.3786385916e-02   1.0598938837e+00   4.8157734408e-04   4.1945091849e-11   5.9729528318e-13   1.6363165694e-01   7.0215549171e-10   3.4023756399e-02   4.9987199742e-06   3.3004924408e-12   9.7218293534e-14   6.1180257305e-05   3.6866658453e-02   1.3028099067e-02   2.6252953106e-02   3.1511660116e-12   6.7118962414e-05   6.6725446015e-15   7.2558200000e-01
   5.8000000000e-02   5.8000000000e-02   3.4400034788e+02  -9.2766877507e+05   7.8878958664e-02   9.6678342518e-01   5.1508251474e-04   1.5814423792e-11   1.2699206342e-12   1.5878102044e-01   1.1271149048e-09   3.6371154236e-02   5.5884536898e-06   5.0005722698e-12   1.5886690959e-13   6.5035110740e-05   3.9683759923e-02   1.3930324889e-02   2.8062397025e-02   5.2572090784e-12   7.1636258951e-05   4.4220648746e-15   7.2251400000e-01
   6.2000000000e-02   6.2000000000e-02   3.9363926536e+02  -9.3534278117e+05   8.3894696136e-02   8.4177256106e-01   5.4813891524e-04   7.7018708783e-12   3.3273955398e-12   1.5398962341e-01   1.8598727411e-09   3.8682954765e-02   6.2391074879e-06   7.3351946519e-12   2.6939630243e-13   6.8761145545e-05   4.2518617730e-02   1.4819583934e-02   2.9844018522e-02   9.6516614863e-12   7.6060578920e-05   5.6308544878e-15   7.1944600000e-01
   6.6000000000e-02   6.6000000000e-02   4.4698791212e+02  -9.3659201173e+05   8.8829337870e-02   7.3860565306e-01   5.8072085724e-04   1.6067284211e-11   8.7998214787e-12   1.4926075132e-01   3.0280352678e-09   4.0957186276e-02   6.9508458913e-06   1.0894505916e-11   4.5112819440e-13   7.2351184473e-05   4.5372219169e-02   1.5695147275e-02   3.1596283462e-02   1.8193720501e-11   8.0386525320e-05   1.4610729057e-14   7.1637800000e-01
   7.0000000000e-02   7.0000000000e-02   4.9874092280e+02  -9.3718973126e+05   9.3678815049e-02   6.5956695291e-01   6.1280368044e-04   5.3475878945e-11   2.2512262659e-11   1.4459754314e-01   4.6744623671e-09   4.3191965979e-02   7.7226624609e-06   1.5891553115e-11   7.1542376213e-13   7.5799304341e-05   4.8245507170e-02   1.6556316694e-02   3.3317728695e-02   3.3287247849e-11   8.4607870002e-05   4.0914248087e-14   7.1331000000e-01
   7.4000000000e-02   7.4000000000e-02   5.4817700456e+02  -9.3793709494e+05   9.8439257714e-02   5.9792806633e-01   6.4436386775e-04   1.5771089283e-10   5.5594312286e-11   1.4000298677e-01   6.7187809399e-09   4.5385503086e-02   8.5519835088e-06   2.2170747366e-11   1.0556349609e-12   7.9102001516e-05   5.1139377778e-02   1.7402425927e-02   3.5006964834e-02   5.7796047337e-11   8.8716736050e-05   1.0499953620e-13   7.1024200000e-01
   7.8000000000e-02   7.8000000000e-02   5.9523505052e+02  -9.3893641411e+05   1.0310700125e-01   5.4869069432e-01   6.7537919956e-04   3.9538524481e-10   1.3206247061e-10   1.3547991565e-01   9.0117528572e-09   4.7536101496e-02   9.4334491120e-06   2.9451047028e-11   1.4539218361e-12   8.2259306025e-05   5.4054677735e-02   1.8232841797e-02   3.6662678753e-02   9.5380870606e-11   9.2702948822e-05   2.4335255488e-13   7.0717400000e-01
   8.2000000000e-02   8.2000000000e-02   6.3994112122e+02  -9.4022123039e+05   1.0767859220e-01   5.0854920466e-01   7.0582893292e-04   8.5777540582e-10   2.9801108463e-10   1.3103100567e-01   1.1419871503e-08   4.9642162222e-02   1.0357653969e-05   3.7552268100e-11   1.8941430760e-12   8.5276044924e-05   5.6992201909e-02   1.9046965208e-02   3.8283635836e-02   1.5112424190e-10   9.6553754573e-05   5.1028543798e-13   7.0410600000e-01
   8.6000000000e-02   8.6000000000e-02   6.8207292743e+02  -9.4217193762e+05   1.1215079349e-01   4.7545534331e-01   7.3569397736e-04   1.6400527885e-09   6.2700989316e-10   1.2665877194e-01   1.3865912464e-08   5.1702185634e-02   1.1310405142e-05   4.6495948405e-11   2.3687973575e-12   8.8163019242e-05   5.9952690778e-02   1.9844231977e-02   3.9868681905e-02   2.3154827520e-10   1.0025394993e-04   9.7004230362e-13   7.0103800000e-01
   9.0000000000e-02   9.0000000000e-02   7.2091076482e+02  -9.4587544012e+05   1.1652058888e-01   4.4826752992e-01   7.6495701667e-04   2.8045113791e-09   1.2089181247e-09   1.2236556483e-01   1.6319013707e-08   5.3714773499e-02   1.2272995794e-05   5.6465410832e-11   2.8771778420e-12   9.0937545746e-05   6.2936828566e-02   2.0624113531e-02   4.1416744833e-02   3.4308052272e-10   1.0378644890e-04   1.6768929596e-12   6.9797000000e-01
   9.4000000000e-02   9.4000000000e-02   7.5605359081e+02  -9.5208450311e+05   1.2078518670e-01   4.2594664980e-01   7.9360249721e-04   4.3572746395e-09   2.1183161630e-09   1.1815356512e-01   1.8787678516e-08   5.5678630871e-02   1.3223619939e-05   6.7734309852e-11   3.4239922451e-12   9.3622596116e-05   6.5945242777e-02   2.1386117515e-02   4.2926835815e-02   4.9095383620e-10   1.0713336336e-04   2.6602253947e-12   6.9490200000e-01
   9.8000000000e-02   9.8000000000e-02   7.8775164596e+02  -9.6070332496e+05   1.2494202278e-01   4.0739738894e-01   8.2161648040e-04   6.2536307271e-09   3.3811202542e-09   1.1402477912e-01   2.1302311308e-08   5.7592567658e-02   1.4139368870e-05   8.0608938270e-11   4.0175467267e-12   9.6244565776e-05   6.8978505290e-02   2.2129788337e-02   4.4398050302e-02   6.7930559994e-10   1.1027717515e-04   3.9240790331e-12   6.9183400000e-01
   1.0200000000e-01   1.0200000000e-01   8.1648926874e+02  -9.7127995502e+05   1.2898876239e-01   3.9171270020e-01   8.4898643967e-04   8.4138941029e-09   4.9594045874e-09   1.0998103467e-01   2.3880557964e-08   5.9455499704e-02   1.4998211112e-05   9.5353483683e-11   4.6645016985e-12   9.8830489362e-05   7.2037134401e-02   2.2854707636e-02   4.5829568615e-02   9.1081702375e-10   1.1320156426e-04   5.4515256257e-12   6.8876600000e-01
   1.0600000000e-01   1.0600000000e-01   8.4272265481e+02  -9.8335113979e+05   1.3292330141e-01   3.7822902037e-01   8.7570105600e-04   1.0740444902e-08   6.7593492180e-09   1.0602397827e-01   2.6508185256e-08   6.1266449446e-02   1.5780636481e-05   1.1213603982e-10   5.3661983240e-12   1.0140534256e-04   7.5121597102e-02   2.3560494653e-02   4.7220656250e-02   1.1861745745e-09   1.1589192466e-04   7.2104066195e-12   6.8569800000e-01
   1.1000000000e-01   1.1000000000e-01   8.6681529004e+02  -9.9654188573e+05   1.3674376677e-01   3.6647567066e-01   9.0175003886e-04   1.3133760431e-08   8.6551108243e-09   1.0215507323e-01   2.9141297821e-08   6.3024546311e-02   1.6470804780e-05   1.3101985658e-10   6.1182764102e-12   1.0398983881e-04   7.8232311087e-02   2.4246806510e-02   4.8570663908e-02   1.5038853541e-09   1.1833569513e-04   9.1601771436e-12   6.8263000000e-01
   1.1400000000e-01   1.1400000000e-01   8.8904419063e+02  -1.0105694555e+06   1.4044851655e-01   3.5611589730e-01   9.2712398853e-04   1.5505322799e-08   1.0517017829e-08   9.8375598801e-02   3.1719591159e-08   6.4729026940e-02   1.7057151126e-05   1.5198695889e-10   6.9123334863e-12   1.0659897126e-04   8.1369646181e-02   2.4913338377e-02   4.9879027245e-02   1.8605046308e-09   1.2052257411e-04   1.1258703483e-11   6.7956200000e-01
   1.1800000000e-01   1.1800000000e-01   9.0962006035e+02  -1.0252247425e+06   1.4403613942e-01   3.4690332784e-01   9.5181430654e-04   1.7785596985e-08   1.2234333405e-08   9.4686650300e-02   3.4180978777e-08   6.6379235219e-02   1.7532493608e-05   1.7497286121e-10   7.7381233552e-12   1.0924137663e-04   8.4533925111e-02   2.5559823522e-02   5.1145266378e-02   2.2511131438e-09   1.2244464564e-04   1.3467535990e-11   6.7649400000e-01
   1.2200000000e-01   1.2200000000e-01   9.2870548093e+02  -1.0403531708e+06   1.4750545360e-01   3.3865308507e-01   9.7581315178e-04   1.9926706131e-08   1.3727820857e-08   9.1089140069e-02   3.6472310471e-08   6.7974622092e-02   1.7893754224e-05   1.9989674876e-10   8.5853548525e-12   1.1191943495e-04   8.7725423691e-02   2.6186033229e-02   5.2368985129e-02   2.6698522352e-09   1.2409642893e-04   1.5754807381e-11   6.7342600000e-01
   1.2600000000e-01   1.2600000000e-01   9.4642851459e+02  -1.0558397661e+06   1.5085550510e-01   3.3122301754e-01   9.9911343253e-04   2.1900871155e-08   1.4952283576e-08   8.7583799292e-02   3.8554655433e-08   6.9514745060e-02   1.8141430867e-05   2.2667960655e-10   9.4447275713e-12   1.1462991267e-04   9.0944370634e-02   2.6791776581e-02   5.3549870022e-02   3.1103819276e-09   1.2547486286e-04   1.8095796375e-11   6.7035800000e-01
   1.3000000000e-01   1.3000000000e-01   9.6289233126e+02  -1.0715983526e+06   1.5408556529e-01   3.2450139688e-01   1.0217088222e-03   2.3696391547e-08   1.5892176740e-08   8.4171180534e-02   4.0403977713e-08   7.0999267319e-02   1.8278950256e-05   2.5524952748e-10   1.0308244918e-11   1.1736492476e-04   9.4190947218e-02   2.7376900105e-02   5.4687689044e-02   3.5662075673e-09   1.2657923773e-04   2.0471826205e-11   6.6729000000e-01
   1.3400000000e-01   1.3400000000e-01   9.7818196038e+02  -1.0875638673e+06   1.5719512774e-01   3.1839868496e-01   1.0435937869e-03   2.5312871289e-08   1.6554027965e-08   8.0851660926e-02   4.2008995057e-08   7.2427956493e-02   1.8312002441e-05   2.8553749509e-10   1.1169044719e-11   1.2011301734e-04   9.7465287001e-02   2.7941287288e-02   5.5782290172e-02   4.0308849140e-09   1.2741108679e-04   2.2868370644e-11   6.6422200000e-01
   1.3800000000e-01   1.3800000000e-01   9.9236905088e+02  -1.1036868814e+06   1.6018390421e-01   3.1284189413e-01   1.0647636157e-03   2.6756866074e-08   1.6958569616e-08   7.7625445925e-02   4.3367954458e-08   7.3800682952e-02   1.8247921810e-05   3.1746827443e-10   1.2021018012e-11   1.2286022820e-04   1.0076747574e-01   2.8484857964e-02   5.6833599674e-02   4.4981444593e-09   1.2797404843e-04   2.5273107819e-11   6.6115400000e-01
   1.4200000000e-01   1.4200000000e-01   1.0055157404e+03  -1.1199296474e+06   1.6305181997e-01   3.0777048656e-01   1.0852144486e-03   2.8038521264e-08   1.7134198524e-08   7.4492573585e-02   4.4485559558e-08   7.5117417720e-02   1.8095147832e-05   3.5095087602e-10   1.2858442084e-11   1.2559104089e-04   1.0409755154e-01   2.9007567592e-02   5.7841620208e-02   4.9619833307e-09   1.2827370783e-04   2.7674388225e-11   6.5808600000e-01
   1.4600000000e-01   1.4600000000e-01   1.0176790330e+03  -1.1362632040e+06   1.6579900844e-01   3.0313298398e-01   1.1049432989e-03   2.9169277834e-08   1.7112263732e-08   7.1452919297e-02   4.5370662691e-08   7.6378230009e-02   1.7862776117e-05   3.8587206432e-10   1.3675791679e-11   1.2828919476e-04   1.0745550537e-01   2.9509406423e-02   5.8806428706e-02   5.4167600561e-09   1.2831742393e-04   3.0060311833e-11   6.5501800000e-01
   1.5000000000e-01   1.5000000000e-01   1.0289076950e+03  -1.1526652270e+06   1.6842580510e-01   2.9888639967e-01   1.1239480696e-03   3.0160391254e-08   1.6923871373e-08   6.8506200958e-02   4.6033911423e-08   7.7583284390e-02   1.7560197703e-05   4.2208543744e-10   1.4467328420e-11   1.3093834339e-04   1.1084128181e-01   2.9990398574e-02   5.9728174070e-02   5.8572002091e-09   1.2811414558e-04   3.2418129645e-11   6.5195000000e-01
   1.5400000000e-01   1.5400000000e-01   1.0392453386e+03  -1.1691184167e+06   1.7093274092e-01   2.9499408860e-01   1.1422275633e-03   3.1022294454e-08   1.6598225333e-08   6.5651984524e-02   4.6486849563e-08   7.8732837645e-02   1.7196814563e-05   4.5940945533e-10   1.5227123368e-11   1.3352257360e-04   1.1425478005e-01   3.0450601014e-02   6.0607074693e-02   6.2784887035e-09   1.2767422294e-04   3.4734289418e-11   6.4888200000e-01
   1.5800000000e-01   1.5800000000e-01   1.0487321826e+03  -1.1856092845e+06   1.7332053510e-01   2.9142433840e-01   1.1597814875e-03   3.1764375510e-08   1.6161843137e-08   6.2889689929e-02   4.6741465131e-08   7.9827235339e-02   1.6781820045e-05   4.9762839576e-10   1.5949162434e-11   1.3602680346e-04   1.1769585523e-01   3.0890102477e-02   6.1443415801e-02   6.6763522597e-09   1.2700921580e-04   3.6994775040e-11   6.4581400000e-01
   1.6200000000e-01   1.6200000000e-01   1.0574057566e+03  -1.2021272400e+06   1.7559008753e-01   2.8814948275e-01   1.1766104550e-03   3.2394974890e-08   1.5638275443e-08   6.0218597330e-02   4.6809921693e-08   8.0866908127e-02   1.6324033143e-05   5.3649483856e-10   1.6627471442e-11   1.3843707661e-04   1.2116431985e-01   3.1309022299e-02   6.2237546646e-02   7.0471184685e-09   1.2613170098e-04   3.9185565019e-11   6.4274600000e-01
   1.6600000000e-01   1.6600000000e-01   1.0653014187e+03  -1.2186639108e+06   1.7774247058e-01   2.8514521200e-01   1.1927159802e-03   3.2921499595e-08   1.5048121753e-08   5.7637853645e-02   4.6704440314e-08   8.1852367841e-02   1.5831776861e-05   5.7573383431e-10   1.7256268717e-11   1.4074076941e-04   1.2465994546e-01   3.1707509199e-02   6.2989877555e-02   7.3877562577e-09   1.2505508141e-04   4.1293128947e-11   6.3967800000e-01
   1.7000000000e-01   1.7000000000e-01   1.0724527325e+03  -1.2352126397e+06   1.7977892071e-01   2.8239003078e-01   1.2081004726e-03   3.3350583140e-08   1.4409200190e-08   5.5146479349e-02   4.6437257623e-08   8.2784203382e-02   1.5312792737e-05   6.1504835936e-10   1.7830125548e-11   1.4292672545e-04   1.2818246445e-01   3.2085740003e-02   6.3700876854e-02   7.6958958747e-09   1.2379339937e-04   4.3304893521e-11   6.3661000000e-01
   1.7400000000e-01   1.7400000000e-01   1.0788917408e+03  -1.2517681185e+06   1.8170082967e-01   2.7986482635e-01   1.2227672263e-03   3.3688249408e-08   1.3736784656e-08   5.2743375492e-02   4.6020610007e-08   8.3663076449e-02   1.4774185106e-05   6.5412563006e-10   1.8344118805e-11   1.4498533018e-04   1.3173157203e-01   3.2443918319e-02   6.4371067678e-02   7.9698281354e-09   1.2236115604e-04   4.5209633383e-11   6.3354200000e-01
   1.7800000000e-01   1.7800000000e-01   1.0846491620e+03  -1.2683261217e+06   1.8350973541e-01   2.7755252102e-01   1.2367204071e-03   3.3940058884e-08   1.3043861062e-08   5.0427330892e-02   4.5466717219e-08   8.4489717136e-02   1.4222389860e-05   6.9264389363e-10   1.8793965042e-11   1.4690853638e-04   1.3530692821e-01   3.2782273174e-02   6.5001024697e-02   8.2084844995e-09   1.2077313981e-04   4.6997763514e-11   6.3047400000e-01
   1.8200000000e-01   1.8200000000e-01   1.0897545332e+03  -1.2848833130e+06   1.8520731284e-01   2.7543778884e-01   1.2499650362e-03   3.4111228859e-08   1.2341378378e-08   4.8197029471e-02   4.4787754371e-08   8.5264919429e-02   1.3663163326e-05   7.3027937528e-10   1.9176129660e-11   1.4868984979e-04   1.3890815997e-01   3.3101057613e-02   6.5591370757e-02   8.4114008192e-09   1.1904426498e-04   4.8661526795e-11   6.2740600000e-01
   1.8600000000e-01   1.8600000000e-01   1.0942363154e+03  -1.3014371007e+06   1.8679536434e-01   2.7350682188e-01   1.2625069706e-03   3.4206727715e-08   1.1638485809e-08   4.6051057691e-02   4.3995812193e-08   8.5989536626e-02   1.3101587539e-05   7.6671319920e-10   1.9487908745e-11   1.5032428296e-04   1.4253486342e-01   3.3400547269e-02   6.6142773477e-02   8.5786685590e-09   1.1718942264e-04   5.0195085330e-11   6.2433800000e-01
   1.9000000000e-01   1.9000000000e-01   1.0981219736e+03  -1.3179855252e+06   1.8827581031e-01   2.7174713514e-01   1.2743528816e-03   3.4231354149e-08   1.0942768683e-08   4.3987912041e-02   4.3102864626e-08   8.6664476718e-02   1.2542088605e-05   8.0163901583e-10   1.9727490452e-11   1.5180828414e-04   1.4618660607e-01   3.3681038911e-02   6.6655941797e-02   8.7108793341e-09   1.1522334476e-04   5.1594561526e-11   6.2127000000e-01
   1.9400000000e-01   1.9400000000e-01   1.1014380408e+03  -1.3345271669e+06   1.8965067947e-01   2.7014740187e-01   1.2855102289e-03   3.4189851129e-08   1.0260609366e-08   4.2006006561e-02   4.2120895322e-08   8.7290697751e-02   1.1988465215e-05   8.3478079597e-10   1.9894069368e-11   1.5313964655e-04   1.4986292908e-01   3.3942848974e-02   6.7131622521e-02   8.8090766949e-09   1.1316048246e-04   5.2858397533e-11   6.1820200000e-01
   1.9800000000e-01   1.9800000000e-01   1.1042101718e+03  -1.3510610635e+06   1.9092209934e-01   2.6869731312e-01   1.2959872321e-03   3.4087300744e-08   9.5987251277e-09   4.0103680332e-02   4.1063721844e-08   8.7869203192e-02   1.1443924441e-05   8.6601617744e-10   1.9988748289e-11   1.5431739655e-04   1.5356334954e-01   3.4186312080e-02   6.7570596841e-02   8.8746787046e-09   1.1101489872e-04   5.3992174397e-11   6.1513400000e-01
   2.0800000000e-01   2.0800000000e-01   1.1097756190e+03  -1.3923744326e+06   1.9384756742e-01   2.6545677010e-01   1.3205012441e-03   3.3696648299e-08   8.0421451615e-09   3.5542491849e-02   3.8328392581e-08   8.9198788450e-02   1.0111917968e-05   9.4226685355e-10   2.0076483246e-11   1.5687794455e-04   1.6287338274e-01   3.4749980744e-02   6.8578296978e-02   8.9554440765e-09   1.0547808713e-04   5.6682544894e-11   6.0746400000e-01
   2.2400000000e-01   2.2400000000e-01   1.1113989301e+03  -1.4583456772e+06   1.9700046130e-01   2.6214657957e-01   1.3493676310e-03   3.2296657743e-08   5.9089759929e-09   2.9418656194e-02   3.3146536335e-08   9.0622614785e-02   8.2497683734e-06   1.0131199627e-09   1.9089652138e-11   1.5857507863e-04   1.7812593848e-01   3.5378580770e-02   6.9649898113e-02   8.6800980861e-09   9.6038061173e-05   5.8662895305e-11   5.9519200000e-01
   2.4000000000e-01   2.4000000000e-01   1.1069920284e+03  -1.5242121580e+06   1.9878690544e-01   2.6036207306e-01   1.3686499352e-03   3.0388523557e-08   4.2483221652e-09   2.4343645568e-02   2.7850542171e-08   9.1418532367e-02   6.6986311663e-06   1.0344741651e-09   1.7293689303e-11   1.5813477172e-04   1.9369787094e-01   3.5760315202e-02   7.0239407937e-02   8.1360563553e-09   8.6672916317e-05   5.8982844245e-11   5.8292000000e-01
   2.5600000000e-01   2.5600000000e-01   1.0977496586e+03  -1.5900099654e+06   1.9937405966e-01   2.5979995740e-01   1.3792311153e-03   2.8180436515e-08   3.0114055076e-09   2.0188128994e-02   2.2835052390e-08   9.1664500025e-02   5.4461425314e-06   1.0096455902e-09   1.5016551524e-11   1.5590610482e-04   2.0955055221e-01   3.5923103040e-02   7.0407225476e-02   7.4529522581e-09   7.7844332159e-05   5.8059221739e-11   5.7064800000e-01
   2.7200000000e-01   2.7200000000e-01   1.0847115270e+03  -1.6557678150e+06   1.9892746502e-01   2.6022556004e-01   1.3820591862e-03   2.5834973207e-08   2.1182284638e-09   1.6824328554e-02   1.8339665702e-08   9.1437412610e-02   4.4552207012e-06   9.4747042336e-10   1.2568031375e-11   1.5225513240e-04   2.2564560661e-01   3.5895108255e-02   7.0212884966e-02   6.7286157211e-09   6.9835423956e-05   5.6265258587e-11   5.5837600000e-01
   2.8800000000e-01   2.8800000000e-01   1.0687692710e+03  -1.7215041817e+06   1.9760519149e-01   2.6145308661e-01   1.3781034510e-03   2.3471577694e-08   1.4869611679e-09   1.4130474786e-02   1.4476295407e-08   9.0810424923e-02   3.6816232208e-06   8.5937938751e-10   1.0190185539e-11   1.4752539614e-04   2.4194629726e-01   3.5703684505e-02   6.9712978610e-02   6.0269824479e-09   6.2783064683e-05   5.3897269494e-11   5.4610400000e-01
   3.0400000000e-01   3.0400000000e-01   1.0506743662e+03  -1.7872296187e+06   1.9555355536e-01   2.6333319986e-01   1.3683162248e-03   2.1172780146e-08   1.0468826993e-09   1.1994047451e-02   1.1263900928e-08   8.9851024633e-02   3.0827826056e-06   7.5688192818e-10   8.0407453923e-12   1.4201984881e-04   2.5841853982e-01   3.5374560321e-02   6.8959654182e-02   5.3835297498e-09   5.6715058076e-05   5.1171895379e-11   5.3383200000e-01
   3.2000000000e-01   3.2000000000e-01   1.0310485044e+03  -1.8529497151e+06   1.9290432951e-01   2.6574483799e-01   1.3536020089e-03   1.8991749710e-08   7.4223903392e-10   1.0313867868e-02   8.6621376494e-09   8.8619803812e-02   2.6214092895e-06   6.4991160458e-10   6.1998661344e-12   1.3599557782e-04   2.7503156660e-01   3.4931266603e-02   6.7999657083e-02   4.8130174088e-09   5.1585127353e-05   4.8237901166e-11   5.2156000000e-01
   3.3600000000e-01   3.3600000000e-01   1.0103961662e+03  -1.9186672729e+06   1.8977328064e-01   2.6858959468e-01   1.3347948541e-03   1.6959507792e-08   5.3157638878e-10   9.0011745680e-03   6.5988769441e-09   8.7169842556e-02   2.2663835476e-06   5.4602910565e-10   4.6883491980e-12   1.2966505770e-04   2.9175828206e-01   3.4394789501e-02   6.6873853728e-02   4.3167761657e-09   4.7302289787e-05   4.5192953270e-11   5.0928800000e-01
   3.5200000000e-01   3.5200000000e-01   9.8911556433e+02  -1.9843836508e+06   1.8625981314e-01   2.7178850454e-01   1.3126437336e-03   1.5091044394e-08   3.8528451640e-10   7.9798542799e-03   4.9899372860e-09   8.5546597052e-02   1.9924402658e-06   4.5028012675e-10   3.4882031526e-12   1.2320018108e-04   3.0857536158e-01   3.3783419198e-02   6.5617153157e-02   3.8884865366e-09   4.3753530508e-05   4.2100684990e-11   4.9701600000e-01
   3.6800000000e-01   3.6800000000e-01   9.6750344646e+02  -2.0500994866e+06   1.8244747460e-01   2.7528187392e-01   1.2878051189e-03   1.3390097853e-08   2.8279578266e-10   7.1860177825e-03   3.7516332757e-09   8.3788176140e-02   1.7794237388e-06   3.6546411643e-10   2.5604122911e-12   1.1673716967e-04   3.2546314965e-01   3.3112758128e-02   6.4258735216e-02   3.5182925520e-09   4.0820024806e-05   3.9005227121e-11   4.8474400000e-01
   3.8400000000e-01   3.8400000000e-01   9.4579800696e+02  -2.1158150743e+06   1.7840507872e-01   2.7901904415e-01   1.2608415908e-03   1.1852945562e-08   2.1011509029e-10   6.5671088960e-03   2.8086847391e-09   8.1925892663e-02   1.6114628335e-06   2.9266911097e-10   1.8587275622e-12   1.1038155520e-04   3.4240541315e-01   3.2395849943e-02   6.2822494526e-02   3.1953905825e-09   3.8387813659e-05   3.5940759959e-11   4.7247200000e-01
   4.0000000000e-01   4.0000000000e-01   9.2417901985e+02  -2.1815305477e+06   1.7418822063e-01   2.8295958770e-01   1.2322251354e-03   1.0471206427e-08   1.5782781539e-10   6.0807192306e-03   2.0966131187e-09   7.9984986181e-02   1.4762232014e-06   2.3175451821e-10   1.3373728282e-12   1.0421270282e-04   3.5938900124e-01   3.1643391852e-02   6.1327617460e-02   2.9096271764e-09   3.6354073936e-05   3.2936966893e-11   4.6020000000e-01
   4.1600000000e-01   4.1600000000e-01   9.0277608860e+02  -2.2472459675e+06   1.6984099211e-01   2.8707256153e-01   1.2023437964e-03   9.2337896316e-09   1.1963454820e-10   5.6932560172e-03   1.5622853286e-09   7.7985429294e-02   1.3642567789e-06   1.8181062214e-10   9.5545752275e-13   9.8287919648e-05   3.7640345580e-01   3.0863996955e-02   5.9789222062e-02   2.6523074681e-09   3.4630120197e-05   3.0020504821e-11   4.4792800000e-01
   4.3200000000e-01   4.3200000000e-01   8.8167857820e+02  -2.3129613615e+06   1.6539774293e-01   2.9133517910e-01   1.1715104491e-03   8.1282657914e-09   9.1318147159e-11   5.3785802381e-03   1.1631868983e-09   7.5942748098e-02   1.2684485110e-06   1.4152863329e-10   6.7880917634e-13   9.2646148483e-05   3.9344060813e-01   3.0064478595e-02   5.8219005783e-02   2.4164962866e-09   3.3142144700e-05   2.7214251921e-11   4.3565600000e-01
   4.4800000000e-01   4.4800000000e-01   8.6094428154e+02  -2.3786767425e+06   1.6088477465e-01   2.9573161450e-01   1.1399726385e-03   7.1418144897e-09   7.0037989809e-11   5.1167012175e-03   8.6604277755e-10   7.3868805989e-02   1.1835510799e-06   1.0946472498e-10   4.8016266301e-13   8.7311241894e-05   4.1049418841e-01   2.9250134928e-02   5.6625861093e-02   2.1970166537e-09   3.1830518800e-05   2.4536099638e-11   4.2338400000e-01
   4.6400000000e-01   4.6400000000e-01   8.4060678044e+02  -2.4443921169e+06   1.5632189106e-01   3.0025192877e-01   1.1079226334e-03   6.2618657022e-09   5.3859136645e-11   4.8925848652e-03   6.4524181172e-10   7.1772517345e-02   1.1057965470e-06   8.4209268540e-11   3.3848579205e-13   8.2294820805e-05   4.2755946611e-01   2.8425017985e-02   5.5016433098e-02   1.9902820897e-09   3.0648285220e-05   2.1998336677e-11   4.1111200000e-01
   4.8000000000e-01   4.8000000000e-01   8.2068153579e+02  -2.5101074877e+06   1.5172376177e-01   3.0489112047e-01   1.0755070712e-03   5.4765241242e-09   4.1443376478e-11   4.6951078798e-03   4.8132074743e-10   6.9660472459e-02   1.0325748864e-06   6.4481815484e-11   2.3795759673e-13   7.7598731094e-05   4.4463293187e-01   2.7592177080e-02   5.3395605161e-02   1.7940505762e-09   2.9559292324e-05   1.9607912685e-11   3.9884000000e-01
   4.9600000000e-01   4.9600000000e-01   8.0117079973e+02  -2.5758228564e+06   1.4710108151e-01   3.0964830605e-01   1.0428357742e-03   4.7748427697e-09   3.1848524804e-11   4.5161704069e-03   3.5963010490e-10   6.7537466789e-02   9.6217064765e-07   4.9173614250e-11   1.6690071103e-13   7.3217123047e-05   4.6171202568e-01   2.6753871100e-02   5.1766907847e-02   1.6071531069e-09   2.8536271045e-05   1.7367393821e-11   3.8656800000e-01
   5.1200000000e-01   5.1200000000e-01   7.8206748115e+02  -2.6415382240e+06   1.4246152687e-01   3.1452603240e-01   1.0099894977e-03   4.1469938795e-09   2.4398529098e-11   4.3499651001e-03   2.6922290317e-10   6.5406936220e-02   8.9354979171e-07   3.7356469924e-11   1.1681869705e-13   6.9138189025e-05   4.7879491133e-01   2.5911747909e-02   5.0132853247e-02   1.4292268267e-09   2.7559036956e-05   1.5276269382e-11   3.7429600000e-01
   5.2800000000e-01   5.2800000000e-01   7.6335811487e+02  -2.7072535909e+06   1.3781052502e-01   3.1952971991e-01   9.7702651639e-04   3.5843696739e-09   1.8599168878e-11   4.1923908632e-03   2.0196247229e-10   6.3271305666e-02   8.2618915818e-07   2.8272260318e-11   8.1595749136e-14   6.5345602910e-05   4.9588029431e-01   2.5066991778e-02   4.8495201059e-02   1.2604691074e-09   2.6612913031e-05   1.3332307419e-11   3.6202400000e-01
   5.4400000000e-01   5.4400000000e-01   7.4502508816e+02  -2.7729689574e+06   1.3315185633e-01   3.2466722963e-01   9.4398805818e-04   3.0796316956e-09   1.4082831816e-11   4.0405939950e-03   1.5182436752e-10   6.1132261555e-02   7.5994128448e-07   2.1312999325e-11   5.6864751614e-14   6.1819709946e-05   5.1296727824e-01   2.4220441494e-02   4.6855165223e-02   1.1014214761e-09   2.5687408804e-05   1.1532752904e-11   3.4975200000e-01
   5.6000000000e-01   5.6000000000e-01   7.2704826985e+02  -2.8386843237e+06   1.2848811625e-01   3.2994854464e-01   9.1090267194e-04   2.6267149898e-09   1.0571764833e-11   3.8926171255e-03   1.1436009378e-10   5.8990960058e-02   6.9492759463e-07   1.5997709643e-11   3.9525428742e-14   5.8538517360e-05   5.3005525430e-01   2.3372682795e-02   4.5213570721e-02   9.5278814276e-10   2.4775153745e-05   9.8752411963e-12   3.3748000000e-01
   5.7600000000e-01   5.7600000000e-01   7.0940617216e+02  -2.9043996897e+06   1.2382106171e-01   3.3538555401e-01   8.7778965357e-04   2.2207828041e-09   7.8531050552e-12   3.7471362972e-03   8.6290507130e-11   5.6848182878e-02   6.3145345018e-07   1.1949710169e-11   2.7385913021e-14   5.5478534447e-05   5.4714381779e-01   2.2524119134e-02   4.3570970044e-02   8.1529077804e-10   2.3871061151e-05   8.3583457231e-12   3.2520800000e-01
   5.9200000000e-01   5.9200000000e-01   6.9207675604e+02  -2.9701150557e+06   1.1915186582e-01   3.4099192701e-01   8.4466167517e-04   1.8581208087e-09   5.7615179227e-12   3.6032680025e-03   6.5200399943e-11   5.4704451470e-02   5.6993930404e-07   8.8761410062e-12   1.8900841703e-14   5.2615505436e-05   5.6423270641e-01   2.1675024751e-02   4.1927727926e-02   6.8955819543e-10   2.2971688921e-05   6.9817068784e-12   3.1293600000e-01
   6.0800000000e-01   6.0800000000e-01   6.7503797153e+02  -3.0358304216e+06   1.1448130150e-01   3.4678306617e-01   8.1152676197e-04   1.5359599315e-09   4.1668725530e-12   3.4604302639e-03   4.9310615950e-11   5.2560109216e-02   5.1086329078e-07   6.5504441097e-12   1.2982470270e-14   4.9925068895e-05   5.8132175537e-01   2.0825583713e-02   4.0284081808e-02   5.7604697050e-10   2.2074761184e-05   5.7457238061e-12   3.0066400000e-01
   6.2400000000e-01   6.2400000000e-01   6.5826810570e+02  -3.1015457874e+06   1.0980987147e-01   3.5277612925e-01   7.7838975135e-04   1.2522262033e-09   2.9653848520e-12   3.3182444489e-03   3.7308882841e-11   5.0415379459e-02   4.5471202702e-07   4.7978881617e-12   8.8657519394e-15   4.7383363994e-05   5.9841086541e-01   1.9975918089e-02   3.8640184171e-02   4.7498777337e-10   2.1178816807e-05   4.6508505373e-12   2.8839200000e-01
   6.4000000000e-01   6.4000000000e-01   6.4174599481e+02  -3.1672611532e+06   1.0513789872e-01   3.5899011233e-01   7.4525335089e-04   1.0052341476e-09   2.0732613070e-12   3.1764670895e-03   2.8224826749e-11   4.8270405788e-02   4.0193806507e-07   3.4839051688e-12   6.0126503435e-15   4.4967587723e-05   6.1549998028e-01   1.9126107930e-02   3.6996131656e-02   3.8635297977e-10   2.0282955169e-05   3.6966231037e-12   2.7612000000e-01
   6.5600000000e-01   6.5600000000e-01   6.2545114309e+02  -3.2329765190e+06   1.0046558836e-01   3.6544598847e-01   7.1211889234e-04   7.9336201856e-10   1.4222120120e-12   3.0349433345e-03   2.1338129337e-11   4.6125279526e-02   3.5292406820e-07   2.5048706395e-12   4.0446353602e-15   4.2656491141e-05   6.3258907110e-01   1.8276205202e-02   3.5351984742e-02   3.0984353620e-10   1.9386654728e-05   2.8806305046e-12   2.6384800000e-01
   6.7200000000e-01   6.7200000000e-01   6.0936377993e+02  -3.2986918848e+06   9.5793069214e-02   3.7216689906e-01   6.7898685902e-04   6.1476304199e-10   9.5636327086e-13   2.8935756820e-03   1.6111483331e-11   4.3980058197e-02   3.0795497674e-07   1.7809259991e-12   2.6952438008e-15   4.0430790743e-05   6.4967812583e-01   1.7426243338e-02   3.3707780821e-02   2.4489549979e-10   1.8489645042e-05   2.1976884420e-12   2.5157600000e-01
   6.8800000000e-01   6.8800000000e-01   5.9346487820e+02  -3.3644072505e+06   9.1120421421e-02   3.7917839697e-01   6.4585724628e-04   4.6716709112e-10   6.3016644536e-13   2.7523033000e-03   1.2141995184e-11   4.1834777735e-02   2.6719986772e-07   1.2504596992e-12   1.7768246463e-15   3.8273467042e-05   6.6676714212e-01   1.6576243690e-02   3.2063542750e-02   1.9070731114e-10   1.7591817438e-05   1.6394446386e-12   2.3930400000e-01
   7.0400000000e-01   7.0400000000e-01   5.7773615031e+02  -3.4301226163e+06   8.6447694415e-02   3.8650874337e-01   6.1272980036e-04   3.4780830291e-10   4.0693849333e-13   2.6110885468e-03   9.1261436691e-12   3.9689460436e-02   2.3070474120e-07   8.6590336114e-13   1.1572528782e-15   3.6169928145e-05   6.8385612274e-01   1.5726219821e-02   3.0419284357e-02   1.4628687330e-10   1.6693163355e-05   1.1945340627e-12   2.2703200000e-01
   7.2000000000e-01   7.2000000000e-01   5.6216003332e+02  -3.4958379820e+06   8.1774918495e-02   3.9418926213e-01   5.7960416972e-04   2.5348196758e-10   2.5772755976e-13   2.4699083035e-03   6.8345159246e-12   3.7544120077e-02   1.9839627764e-07   5.9054701046e-13   7.4361437887e-16   3.4108030153e-05   7.0094507267e-01   1.4876180320e-02   2.8775013929e-02   1.1051376585e-10   1.5793732334e-05   8.4924886322e-13   2.1476000000e-01
   7.3600000000e-01   7.3600000000e-01   5.4671967148e+02  -3.5615533477e+06   7.7102112161e-02   4.0225475813e-01   5.4647999444e-04   1.8070154126e-10   1.6028791529e-13   2.3287484696e-03   5.0934510400e-12   3.5398765151e-02   1.7009514273e-07   3.9612681917e-13   4.7074781682e-16   3.2077964218e-05   7.1803399744e-01   1.4026130624e-02   2.7130736391e-02   8.2208434632e-11   1.4893603943e-05   5.8855234444e-13   2.0248800000e-01
   7.5200000000e-01   7.5200000000e-01   5.3139890191e+02  -3.6272687135e+06   7.2429286705e-02   4.1074400840e-01   5.1335695323e-04   1.2590646480e-10   9.8055867280e-14   2.1876005042e-03   3.7714947975e-12   3.3253400908e-02   1.4553618590e-07   2.6098693058e-13   2.9316505462e-16   3.0072036439e-05   7.3512290216e-01   1.3176074191e-02   2.5486454653e-02   6.0198813341e-11   1.3992869524e-05   3.9719932791e-13   1.9021600000e-01
   7.6800000000e-01   7.6800000000e-01   5.1618224765e+02  -3.6929840792e+06   6.7756449047e-02   4.1970033738e-01   4.8023478255e-04   8.5669205960e-11   5.9112205657e-14   2.0464592745e-03   2.7692133083e-12   3.1108030605e-02   1.2439225177e-07   1.6866189120e-13   1.7932466098e-16   2.8084377103e-05   7.5221179116e-01   1.2326013231e-02   2.3842170428e-02   4.3376154317e-11   1.3091620848e-05   2.6074067896e-13   1.7794400000e-01
   7.8400000000e-01   7.8400000000e-01   5.0105492161e+02  -3.7586994449e+06   6.3083603462e-02   4.2917229060e-01   4.4711327899e-04   5.6862542087e-11   3.5174780363e-14   1.9053217260e-03   2.0114097398e-12   2.8962656286e-02   1.0629840118e-07   1.0676601464e-13   1.0755195479e-16   2.6110618231e-05   7.6930066786e-01   1.1475949175e-02   2.2197884721e-02   3.0735109733e-11   1.2189943546e-05   1.6626442462e-13   1.6567200000e-01
   8.0000000000e-01   8.0000000000e-01   4.8600284434e+02  -3.8244148106e+06   5.8410752630e-02   4.3921442458e-01   4.1399229248e-04   3.6767450144e-11   2.0682242507e-14   1.7641860673e-03   1.4411318520e-12   2.6817279250e-02   9.0873974626e-08   6.6109096727e-14   6.3120093736e-17   2.4147573838e-05   7.8638953488e-01   1.0625882965e-02   2.0553598123e-02   2.1396876625e-11   1.1287913799e-05   1.0281938514e-13   1.5340000000e-01
   8.1600000000e-01   8.1600000000e-01   4.7101267855e+02  -3.8901301763e+06   5.3737898265e-02   4.4988823422e-01   3.8087171570e-04   2.3120011940e-11   1.2017408891e-14   1.6230512706e-03   1.0150693552e-12   2.4671900337e-02   7.7740851018e-08   3.9983526174e-14   3.6157809422e-17   2.2192948495e-05   8.0347839414e-01   9.7758152280e-03   1.8909310984e-02   1.4617254124e-11   1.0385597159e-05   6.1545044109e-14   1.4112800000e-01
   8.3200000000e-01   8.3200000000e-01   4.5607188331e+02  -3.9558455420e+06   4.9065041481e-02   4.6126324384e-01   3.4775147298e-04   1.4107786230e-11   6.8925778999e-15   1.4819167681e-03   7.0005708147e-13   2.2526520102e-02   6.6537190469e-08   2.3586194623e-14   2.0151533117e-17   2.0245089478e-05   8.2056724705e-01   8.9257463942e-03   1.7265023512e-02   9.7831687246e-12   9.4830486877e-06   3.5576888370e-14   1.2885600000e-01
   8.4800000000e-01   8.4800000000e-01   4.4116879103e+02  -4.0215609078e+06   4.4392183025e-02   4.7341829344e-01   3.1463151045e-04   8.3312801049e-12   3.8932971745e-15   1.3407822668e-03   4.7046172178e-13   2.0381138922e-02   5.6926715874e-08   1.3550684513e-14   1.0878397467e-17   1.8302788532e-05   8.3765609466e-01   8.0756767619e-03   1.5620735831e-02   6.4016524609e-12   8.5803138635e-06   1.9810154604e-14   1.1658400000e-01
   8.6400000000e-01   8.6400000000e-01   4.2629271056e+02  -4.0872762735e+06   3.9719323405e-02   4.8644305859e-01   2.8151178815e-04   4.7460625866e-12   2.1591579072e-15   1.1996476361e-03   3.0626572808e-13   1.8235757056e-02   4.8604107830e-08   7.5724196156e-15   5.6530374723e-18   1.6365132151e-05   8.5474493778e-01   7.2256065430e-03   1.3976448018e-02   4.0848134792e-12   7.6774298313e-06   1.0596717492e-14   1.0431200000e-01
   8.8000000000e-01   8.8000000000e-01   4.1143405962e+02  -4.1529916392e+06   3.5046462973e-02   5.0043985047e-01   2.4839227434e-04   2.5980606140e-12   1.1719556215e-15   1.0585128391e-03   1.9168866740e-13   1.6090374687e-02   4.1297365890e-08   4.1132986917e-15   2.8028899318e-18   1.4431394724e-05   8.7183377706e-01   6.3755358907e-03   1.2332160121e-02   2.5334841737e-12   6.7744267619e-06   5.4312713780e-15   9.2040000000e-02
   8.9600000000e-01   8.9600000000e-01   3.9658452977e+02  -4.2187070049e+06   3.0373601975e-02   5.1552575335e-01   2.1527294170e-04   1.3606598948e-12   6.2124186754e-16   9.1737789099e-04   1.1421080668e-13   1.3944991948e-02   3.4768077695e-08   2.1741264055e-15   1.3089101785e-18   1.2500966708e-05   8.8892261307e-01   5.5254649172e-03   1.0687872169e-02   1.5213228533e-12   5.8713291534e-06   2.6626993329e-15   7.9768000000e-02
   9.1200000000e-01   9.1200000000e-01   3.8173728632e+02  -4.2844223706e+06   2.5700740587e-02   5.3183516971e-01   1.8215376501e-04   6.7863191457e-13   3.2178921140e-16   7.7624283289e-04   6.3887462861e-14   1.1799608934e-02   2.8810499498e-08   1.1239356104e-15   5.6461296481e-19   1.0573309422e-05   9.0601144630e-01   4.6753937060e-03   9.0435841813e-03   8.8037617966e-13   4.9681569934e-06   1.2493519261e-15   6.7496000000e-02
   9.2800000000e-01   9.2800000000e-01   3.6688720469e+02  -4.3501377363e+06   2.1027878930e-02   5.4952286020e-01   1.4903471986e-04   3.2114957674e-13   1.6384532295e-16   6.3510771589e-04   3.2865015365e-14   9.6542257193e-03   2.3250242764e-08   5.7577010168e-16   2.1821985471e-19   8.6479287359e-06   9.2310027725e-01   3.8253223202e-03   7.3992961705e-03   4.8853966181e-13   4.0649267506e-06   5.6447151692e-16   5.5224000000e-02
   9.4400000000e-01   9.4400000000e-01   3.5203114252e+02  -4.4158531020e+06   1.6355017093e-02   5.6876758810e-01   1.1591578213e-04   1.4429299780e-13   8.3175801161e-17   4.9397258993e-04   1.5029565186e-14   7.5088423584e-03   1.7943221103e-08   2.9911898098e-16   7.1778783926e-20   6.7243611450e-06   9.4018910636e-01   2.9752508077e-03   5.7550081446e-03   2.5893669162e-13   3.1616521973e-06   2.4994898250e-16   4.2952000000e-02
   9.6000000000e-01   9.6000000000e-01   3.3716824421e+02  -4.4815684677e+06   1.1682155138e-02   5.8977650743e-01   8.2796927804e-05   6.2294542973e-14   4.2750004903e-17   3.5283749562e-04   5.7366044749e-15   5.3634588946e-03   1.2775361851e-08   1.6025149061e-16   1.8213108833e-20   4.8021672509e-06   9.5727793408e-01   2.1251792062e-03   4.1107201090e-03   1.3085761120e-13   2.2583450832e-06   1.1203994229e-16   3.0680000000e-02
   9.7600000000e-01   9.7600000000e-01   3.2230027001e+02  -4.5472838334e+06   7.0092931090e-03   6.1279047473e-01   4.9678132939e-05   2.6101949983e-14   2.1360077317e-17   2.1170245733e-04   1.5843439224e-15   3.2180753626e-03   7.6634347688e-09   8.3322277333e-17   2.8266941594e-21   2.8809291216e-06   9.7436676083e-01   1.2751075460e-03   2.4664320675e-03   6.1581489175e-14   1.3550156932e-06   5.0816304218e-17   1.8408000000e-02
   9.9200000000e-01   9.9200000000e-01   3.0743193665e+02  -4.6129991990e+06   2.3364310405e-03   6.3809052148e-01   1.6559373693e-05   7.8565939602e-15   6.8500216249e-18   7.0567476351e-05   1.9387284670e-16   1.0726917917e-03   2.5571903574e-09   2.7039771254e-17   1.0874782492e-22   9.6024934266e-07   9.9145558700e-01   4.2503585227e-04   8.2214402282e-04   1.9158951573e-14   4.5167331952e-07   1.5903580574e-17   6.1360000000e-03
   1.0000000000e+00   1.0000000000e+00   3.0000000000e+02  -4.6458568819e+06   0.0000000000e+00   6.5169855213e-01   0.0000000000e+00   0.0000000000e+00   0.0000000000e+00   0.0000000000e+00   0.0000000000e+00   0.0000000000e+00   0.0000000000e+00   0.0000000000e+00   0.0000000000e+00   0.0000000000e+00   1.0000000000e+00   0.0000000000e+00   0.0000000000e+00   0.0000000000e+00   0.0000000000e+00   0.0000000000e+00   0.0000000000e+00