# time = 0.025
# Grid points = 162
# Pressure (Pa) = 101325
#             1_pos             2_posf             3_rho             4_dvisc             5_uvel             6_vvel             7_wvel             8_temp             9_mixf            10_chi            11_hr            12_y_H2            13_y_H            14_y_O            15_y_O2            16_y_OH            17_y_H2O            18_y_HO2            19_y_CH2            20_y_CH2(S)            21_y_CH3            22_y_CH4            23_y_CO            24_y_CO2            25_y_HCO            26_y_CH2O            27_y_CH2OH            28_y_N2            29_enth
  -7.2518245670e-01  -7.5000000000e-01   1.1719839921e+00   1.8630700790e-05  -4.7087914573e-20  1.6448711994e-103 -7.9768328011e-104   3.0000000000e+02  -2.1502453731e-05   7.0364716615e-36  -6.1636532763e-69   3.6401771537e-70   9.0161053824e-88   1.3601467397e-64   2.3300000000e-01   1.1793019126e-64   1.8038922984e-60   6.6412006045e-56  6.7422865701e-118  3.3649631387e-125   1.6273550640e-93   2.0332916456e-91   5.0211435841e-81   6.6353211852e-62  7.4095988197e-111   4.1061973794e-83  9.1059478437e-152   7.6700000000e-01   1.9075768848e+03
  -6.7545543194e-01  -7.0036491341e-01   1.1719839921e+00   1.8630700790e-05  -4.9220521954e-20   2.0541557954e-98  -1.2628847371e-98   3.0000000000e+02  -2.1502453731e-05   1.5787041945e-35  -6.1636532691e-69   8.8665098569e-66   4.0050134861e-86   5.3091936822e-63   2.3300000000e-01   5.2266607105e-63   7.0298911681e-56   2.9500655388e-54  9.1940735418e-119 -3.2015533841e-116   1.5986298259e-88   2.0814012291e-86   5.2698692908e-76   3.4029365022e-57  3.8274324105e-106   2.1210586281e-78  2.0890342567e-145   7.6700000000e-01   1.9075768848e+03
  -6.2563646901e-01  -6.5054595047e-01   1.1719839921e+00   1.8630700790e-05  -6.2810884053e-20   2.5225888491e-93  -1.8254433427e-93   3.0000000000e+02  -2.1502453731e-05   1.9473679941e-37  -6.1636532760e-69   2.1227809448e-61   8.8218890302e-85   1.0141007322e-61   2.3300000000e-01   1.0767043738e-61   2.9828834800e-51   6.4981439787e-53  1.5539168625e-111 -1.1333336252e-110   1.5045543660e-83   2.0220984234e-81   5.3565540246e-71   2.0520343488e-52  2.3275981940e-101   1.2898914328e-73  2.7976782970e-139   7.6700000000e-01   1.9075768848e+03
  -5.7581750607e-01  -6.0072698754e-01   1.1719839921e+00   1.8630700790e-05   1.4797008528e-18   2.9647825752e-88  -2.3940696680e-88   3.0000000000e+02  -2.1502453731e-05   9.5449140123e-36  -6.1615456617e-69   4.9002573843e-57   8.5242544693e-87   2.1912313902e-63   2.3300000000e-01   1.9508770010e-62   1.1496177525e-46   6.2789044424e-55 -1.6970646217e-100  7.7591171409e-110   1.3256873666e-78   1.8266249303e-76   5.1393253487e-66   1.1344143093e-47   1.2978830927e-96   7.1925095313e-69  1.5073750916e-136   7.6700000000e-01   1.9075768848e+03
  -5.2599854314e-01  -5.5090802461e-01   1.1719839921e+00   1.8630700790e-05   4.9800090759e-17   3.2595243897e-83  -2.8283862261e-83   3.0000000000e+02  -2.1502453731e-05   3.1165918807e-36   1.6454726345e-67   1.0668362211e-52   8.2501176439e-88   3.2637697011e-59   2.3300000000e-01   7.9544139171e-58   3.8925312186e-42   6.0765474238e-56   2.7608577049e-98  4.8642242284e-112   1.0737739779e-73   1.5100444435e-71   4.5611240033e-61   5.5076051824e-43   6.3557040764e-92   3.5221570024e-64  1.5776884814e-132   7.6700000000e-01   1.9075768848e+03
  -4.7617958021e-01  -5.0108906167e-01   1.1719839921e+00   1.8630700790e-05   6.5936531224e-20   3.2739389795e-78  -2.9781157027e-78   3.0000000000e+02  -2.1502453731e-05   7.0117293881e-36   1.2481029235e-62   2.1362419772e-48   1.5657097475e-86   1.5044185195e-54   2.3300000000e-01   3.2975527288e-53   1.1380949536e-37   1.0666675322e-54  -4.3682524712e-99 -3.9436606837e-102   7.8505881579e-69   1.1239863397e-66   3.6710918291e-56   2.3078743214e-38   2.6862539581e-87   1.4886487225e-59  2.2786809778e-123   7.6700000000e-01   1.9075768848e+03
  -4.2636061727e-01  -4.5127009874e-01   1.1719839921e+00   1.8630700790e-05   1.5459402779e-18   2.9322162423e-73  -2.7541580081e-73   3.0000000000e+02  -2.1502453731e-05   0.0000000000e+00   8.0770479007e-58   3.8322141755e-44   2.7342863596e-83   6.2975583712e-50   2.3300000000e-01   1.2810019498e-48   2.8093786965e-33   4.6000368100e-52  1.7508101315e-102  9.2374863629e-104   5.0804740591e-64   7.3977604026e-62   2.6250938241e-51   8.1593850331e-34   9.5790715409e-83   5.3084604000e-55  5.0327240875e-114   7.6700000000e-01   1.9075768848e+03
  -3.7654165434e-01  -4.0145113581e-01   1.1719839921e+00   1.8630700790e-05   4.3795016155e-17   2.2807983003e-68  -2.1932086983e-68   3.0000000000e+02  -2.1502453731e-05   7.7894719764e-37   4.5219813699e-53   5.9879229971e-40   7.0361872966e-79   2.3162320748e-45   2.3300000000e-01   4.4934493039e-44   5.6779701771e-29   2.7539030918e-47   8.2223036722e-91  -1.9025150460e-89   2.8443324001e-59   4.2123130928e-57   1.6291597914e-46   2.3595816901e-29   2.7940133070e-78   1.5483660761e-50  8.8137903020e-105   7.6700000000e-01   1.9075768848e+03
  -3.2672269141e-01  -3.5163217287e-01   1.1719839921e+00   1.8630700790e-05   2.0289787565e-17   1.4931398070e-63  -1.4634602288e-63   3.0000000000e+02  -2.1502453731e-05   7.0117293881e-36   2.1273895303e-48   7.8877005999e-36   2.5021253918e-74   7.2141814185e-41   2.3300000000e-01   1.3603548022e-39   8.9859858217e-25   1.3932159249e-42   1.4124843001e-81  -4.8196861775e-79   1.3381308929e-54   2.0169600372e-52   8.5219345517e-42   5.3353293208e-25   6.3720114221e-74   3.5311951070e-46   1.1408324127e-95   7.6700000000e-01   1.9075768848e+03
  -2.7690372847e-01  -3.0181320994e-01   1.1719839921e+00   1.8630700790e-05   4.6873044054e-19   7.8890860226e-59  -7.8660440948e-59   3.0000000000e+02  -2.1502453731e-05   1.9473679941e-37   8.0764406813e-44   8.3950345521e-32   2.1404886722e-67   1.8177674550e-36   2.3300000000e-01   3.3682716857e-35   1.0362358046e-20   5.6991748074e-38  -1.6157465356e-72   8.2077150098e-82   5.0800920933e-50   7.8023047251e-48   3.6077266288e-37   8.7683630271e-21   1.0562034882e-69   5.8531339993e-42   9.9472740007e-87   7.6700000000e-01   1.9075768848e+03
  -2.2708476554e-01  -2.5199424701e-01   1.1719839921e+00   1.8630700790e-05   1.3423584725e-15   3.1511572842e-54  -3.1939430496e-54   3.0000000000e+02  -2.1502453731e-05   6.6909014718e-29   2.3192343528e-39   6.7660595119e-28   2.0710490982e-59   3.4639865100e-32   2.3300000000e-01   6.3396570291e-31   7.5735841303e-17   1.7646958186e-33  -5.4876266156e-68  -2.2968650507e-68   1.4587782617e-45   2.2855508681e-43   1.1581048673e-32   9.0828872404e-17   1.1512969718e-65   6.1145795494e-38   5.0868047605e-78   7.6700000000e-01   1.9075768848e+03
  -1.7726580261e-01  -2.0217528407e-01   1.1719839921e+00   1.8630700790e-05   4.9795257442e-12   8.3211063246e-50  -8.5672046863e-50   3.0000000001e+02  -2.1502453609e-05   2.0095351664e-23   4.6589365094e-35   3.6247975736e-24   1.2541870088e-51   4.3680367188e-28   2.3300000000e-01   7.9138359611e-27   2.4328069327e-13   3.6153750393e-29   1.3491379027e-65   6.8205294041e-67   2.7706071043e-41   4.4303156960e-39   2.4614869450e-28   4.0380470679e-13   2.6576363218e-59   2.7403529269e-34   1.1644583921e-69   7.6700000000e-01   1.9075768835e+03
  -1.2744683968e-01  -1.5235632114e-01   1.1719839806e+00   1.8630700925e-05   2.7060311546e-09   9.2765032889e-46  -9.6945685037e-46   3.0000000293e+02  -2.1502386960e-05   8.5712981986e-19   4.9958401540e-29   8.4768561557e-21   2.2373278524e-44   2.3439792449e-24   2.3299999972e-01   4.2048708782e-23   1.2982318641e-10   3.1356587030e-25   5.6337791416e-58   2.9135833195e-59   2.2291591405e-37   3.6396847357e-35   2.2169275856e-24   2.2298157392e-10   7.7847503174e-53   1.5143709345e-31   4.9392958006e-62   7.6699999993e-01   1.9075761062e+03
  -9.0084520475e-02  -1.0253735821e-01   1.1719824381e+00   1.8630719143e-05   3.6822884186e-07   2.1931507537e-43  -2.3018314166e-43   3.0000039671e+02  -2.1493375479e-05   4.6799103013e-16   2.3762078660e-24   1.8401116122e-18   1.0692162010e-39   5.1961949016e-22   2.3299996167e-01   9.0866977104e-21   1.7581696297e-08   7.3818027642e-23   2.8820755012e-53   1.4886224854e-54   5.2703000546e-35   8.8620153318e-33   5.5705439547e-22   3.0455207035e-08   2.2981819153e-48   2.0687506461e-29   2.5241443577e-57   7.6699999029e-01   1.9074692823e+03
  -7.1405263738e-02  -7.7631682742e-02   1.1719673115e+00   1.8630897800e-05   3.9498343052e-06   2.2459543225e-40  -2.3474487985e-40   3.0000425840e+02  -2.1405019645e-05   5.3523899150e-14   2.7347154820e-19   3.6067609096e-16   1.2043292073e-34   2.0118369654e-19   2.3299958864e-01   3.0517728701e-18   1.8873683522e-07   5.7268444731e-20   7.1016644097e-48   3.6544950371e-49   3.8521650087e-32   7.4248458549e-30   5.7472966617e-19   3.2679480810e-07   8.2929233612e-45   2.2212986373e-28   6.2008565637e-52   7.6699989583e-01   1.9064228173e+03
  -5.8952423774e-02  -6.5178844734e-02   1.1718509157e+00   1.8632272620e-05   3.1400294629e-05   2.4806547559e-37  -2.4681431723e-37   3.0003397540e+02  -2.0726495946e-05   8.7631835485e-12   4.6473881468e-14   7.6486460809e-14   1.9549809228e-29   8.9998176630e-17   2.3299672395e-01   1.2737883498e-15   1.5064824931e-06   4.6227932346e-17   2.1773496790e-42   1.1325881758e-43   2.8608063188e-29   5.9618963500e-27   5.4171674424e-16   2.5961119764e-06   3.1659838056e-41   1.9536738239e-27   1.9192977491e-46   7.6699917345e-01   1.8984606605e+03
  -4.8181296128e-02  -5.2726002815e-02   1.1704097655e+00   1.8649311550e-05   3.6974190842e-04   1.3163688631e-34  -1.1863226754e-34   3.0040237924e+02  -1.2345556171e-05   2.7131393870e-09   2.9400015843e-09   8.8198944557e-12   1.3899231146e-24   1.9159738137e-14   2.3296134021e-01   2.5243506427e-13   1.7852391386e-05   1.7365387103e-14   2.5745325201e-37   1.2539649274e-38   9.8120102658e-27   2.2329911706e-24   2.4147086537e-13   3.0481910017e-05   8.6012068636e-37   1.2846702106e-25   2.3025250868e-41   7.6699032548e-01   1.8018448618e+03
  -4.1364091491e-02  -4.3636589442e-02   1.1563105443e+00   1.8817682608e-05   3.7308774478e-03   2.4185635599e-32  -1.7973711534e-32   3.0405498234e+02   7.0879508755e-05   8.8523469557e-08   1.0951544789e-05   4.5177399355e-10   4.3423622899e-21   1.4781288817e-12   2.3260997261e-01   1.8080868590e-11   1.7977387140e-04   2.2250101360e-12   1.2097052845e-33   6.3588945538e-35   1.1377431459e-24   2.8909896443e-22   3.8361401838e-11   3.0774743796e-04   1.5074426630e-32   1.9971261897e-23   1.1668961322e-37   7.6690250557e-01   8.4008112709e+02
  -3.6818625667e-02  -3.9091593540e-02   1.1087579977e+00   1.9408985877e-05   1.5676566185e-02   1.2523129827e-30  -5.6539254900e-31   3.1705680375e+02   3.6706254482e-04   1.5343488161e-06   5.0476966513e-03   8.0574595100e-09   2.1460566178e-18   3.4898894428e-11   2.3135956717e-01   3.9387661099e-10   7.5597732212e-04   8.2585146381e-11   8.1382585209e-31   4.4939355357e-32   3.7546459392e-23   1.1066329723e-20   1.9435208218e-09   1.2916820102e-03   2.6365659972e-28   9.9586608642e-22   1.0494322143e-34   7.6659276299e-01  -2.5350644615e+03
  -3.3554296002e-02  -3.4545657794e-02   9.9169163890e-01   2.1041808330e-05   4.9103638516e-02   2.8560747029e-29  -1.7961204306e-30   3.5434743102e+02   1.2054668388e-03   3.1815909189e-05   6.5392124826e-01   9.7838258387e-08   3.8676784192e-16   4.9082188947e-10   2.2782061222e-01   5.1238316449e-09   2.4166817003e-03   1.6227069003e-09   4.2173860239e-28  -3.1544816408e-26   6.5895057911e-22   2.2428745481e-19   5.0763998420e-08   4.0101288137e-03   1.3073363543e-24   2.4394373931e-20   7.3281357739e-32   7.6575242143e-01  -1.1223915995e+04
  -3.2074286569e-02  -3.2562934211e-02   8.3869847721e-01   2.3674140169e-05   1.0474873035e-01   3.7454759178e-28   6.9848071758e-28   4.1864994749e+02   2.6075517349e-03   1.4865654452e-04   2.2840339984e+01   3.7627222055e-07   2.0906449804e-14   3.9411463657e-09   2.2190383197e-01   3.0631130412e-08   5.3519696615e-03   2.0774140206e-08   2.2789057414e-26  -1.8420265168e-24   7.1745797295e-21   2.8941149000e-18   1.0240897342e-06   8.3803723812e-03   1.5005559029e-21   5.3036417122e-19   1.0038926760e-29   7.6436237028e-01  -2.3656347161e+04
  -3.1263756122e-02  -3.1585638927e-02   7.3302864203e-01   2.5958094920e-05   1.5348760938e-01  -2.8651514044e-27   1.0878270307e-26   4.7853137196e+02   3.9063748885e-03   4.1327891807e-04   1.1445323216e+02   5.9929654687e-07   1.8647409319e-13   1.2762767739e-08   2.1642368363e-01   7.2456238719e-08   8.3241236196e-03   6.1985076467e-08   4.3868459653e-26  -3.1351251390e-25   1.8259086255e-20   6.7814636602e-18   3.9862128494e-06   1.2182073392e-02   5.2482065384e-20   2.0063748604e-18   5.8151009591e-29   7.6306538665e-01  -3.5136402448e+04
  -3.0702617209e-02  -3.0941873316e-02   6.5044935036e-01   2.8124130919e-05   1.9985895905e-01  -2.4276429399e-26   4.7299975182e-26   5.3866794977e+02   5.2175751021e-03   9.5392218321e-04   3.9017353864e+02   7.7362613325e-07   1.0982867437e-12   3.0869906159e-08   2.1089183344e-01   1.5483713171e-07   1.1474496290e-02   1.2889252300e-07  -2.2441672340e-23   1.3124227336e-26   3.2643123854e-20   9.6916513452e-18   8.6759944986e-06   1.5829937385e-02   6.6479501248e-19   4.1771403990e-18  -8.5328819131e-28   7.6179396867e-01  -4.6348464998e+04
  -3.0270083142e-02  -3.0463361101e-02   5.8327680022e-01   3.0224941397e-05   2.4541238883e-01  -7.4482280659e-26   1.3486007070e-25   5.9995684239e+02   6.5787361227e-03   1.9088724775e-03   1.1143302833e+03   9.1151100516e-07   5.1611794733e-12   6.5252936807e-08   2.0514934950e-01   3.1358477879e-07   1.4778290497e-02   2.2917910304e-07   4.4519837540e-25  -6.5531827615e-24   5.0096351286e-20   1.1060383210e-17   1.4527192644e-05   1.9512816396e-02   5.1191459300e-18   7.0050494444e-18   1.5851379516e-27   7.6054349688e-01  -5.7538523250e+04
  -2.9911505319e-02  -3.0076805182e-02   5.2751509412e-01   3.2277748026e-05   2.9123100777e-01  -1.5883398019e-25   2.9071381904e-25   6.6253062236e+02   8.0078005276e-03   3.3369346209e-03   2.8559468879e+03   1.0245752187e-06   2.0754760127e-11   1.2830655584e-07   1.9912026663e-01   6.0814887036e-07   1.8188125721e-02   3.7402412484e-07   3.2728014526e-24  -2.7479815689e-22   6.9671310723e-20   1.1114565871e-17   2.1090624526e-05   2.3364684056e-02   2.9118344629e-17   1.1081242262e-17   1.0976695739e-26   7.5930369790e-01  -6.8944023915e+04
  -2.9605654739e-02  -2.9746205457e-02   4.8208572687e-01   3.4219860034e-05   3.3573153860e-01  -2.6550665967e-25   5.0608050098e-25   7.2406553524e+02   9.4523110332e-03   5.1246704496e-03   6.7216150346e+03   1.1192951652e-06   7.2701818312e-11   2.4027376516e-07   1.9302572247e-01   1.1338890002e-06   2.1561815639e-02   5.6895656765e-07   2.5941560338e-24  -4.2648300424e-23   8.8075882272e-20   1.0286416490e-17   2.7812633427e-05   2.7273240631e-02   1.3099165279e-16   1.7515017232e-17   2.0387678475e-26   7.5810834614e-01  -8.0100237039e+04
  -2.9336099746e-02  -2.9465104021e-02   4.4495114994e-01   3.6035112388e-05   3.7785417476e-01  -3.7965061490e-25   7.6202365962e-25   7.8355734774e+02   1.0887798509e-02   7.2460538844e-03   1.4747368992e+04   1.2025267002e-06   2.2593928082e-10   4.3520731230e-07   1.8696883132e-01   2.0457003549e-06   2.4855479852e-02   8.1622044567e-07  -7.7297921113e-22   5.0290548395e-25   1.0357005610e-19   9.0052784591e-18   3.4449373735e-05   3.1165007802e-02   4.9169918903e-16   2.8193502204e-17  -2.6757134402e-25   7.5697173178e-01  -9.0910444932e+04
  -2.9086374291e-02  -2.9207095471e-02   4.1311049488e-01   3.7794128310e-05   4.1911100860e-01  -4.9198462730e-25   1.0541825540e-24   8.4295738495e+02   1.2357861202e-02   9.8500507792e-03   3.1197173396e+04   1.2821274310e-06   6.5591168309e-10   7.8678445943e-07   1.8076546066e-01   3.6681881842e-06   2.8163708285e-02   1.1233859937e-06  -1.4715397284e-21   9.8159820213e-25   1.1449325873e-19   7.5105729899e-18   4.1184230323e-05   3.5174973114e-02   1.6641423491e-15   4.6957892412e-17  -5.6980041418e-25   7.5584781257e-01  -1.0164447316e+05
  -2.8851463611e-02  -2.8965653111e-02   3.8542947120e-01   3.9508611312e-05   4.5980502781e-01  -5.9155091685e-25   1.3724549528e-24   9.0245566635e+02   1.3868045904e-02   1.2996439395e-02   6.3296997144e+04   1.3643777642e-06   1.7781646458e-09   1.4218777301e-06   1.7439193076e-01   6.5398133759e-06   3.1491207509e-02   1.4799396428e-06   1.9624754340e-23  -3.6183908301e-22   1.1924272255e-19   6.0000354007e-18   4.8118449830e-05   3.9335409199e-02   5.1334840583e-15   7.9489406394e-17   5.8914369851e-25   7.5472252629e-01  -1.1241471250e+05
  -2.8628460484e-02  -2.8737274111e-02   3.6115745192e-01   4.1182498581e-05   4.9997916863e-01  -6.7140482508e-25   1.7067770246e-24   9.6202281614e+02   1.5418038500e-02   1.6723516108e-02   1.2215208821e+05   1.4583841951e-06   4.4854101609e-09   2.5519677034e-06   1.6784915217e-01   1.1534948877e-05   3.4833893979e-02   1.8618024789e-06   3.4432079739e-23  -6.9249714882e-22   1.1736096297e-19   4.6162288787e-18   5.5445085316e-05   4.3654760704e-02   1.4483210555e-14   1.3338304536e-16   1.8674349316e-24   7.5358933647e-01  -1.2328771456e+05
  -2.8417314413e-02  -2.8519646857e-02   3.3991607324e-01   4.2802750249e-05   5.3920570811e-01  -7.2436195600e-25   2.0453500963e-24   1.0210307893e+03   1.6990617333e-02   2.1005457191e-02   2.2244729709e+05   1.5777715037e-06   1.0477267763e-08   4.4864767244e-06   1.6120923808e-01   1.9898734742e-05   3.8154903549e-02   2.2402110160e-06   5.2360287036e-23   4.7130622817e-24   1.1025151173e-19   3.4692147467e-18   6.3438975181e-05   4.8088287138e-02   3.7368638380e-14   2.1753487161e-16   5.7789091342e-24   7.5245591858e-01  -1.3420854147e+05
  -2.8216128964e-02  -2.8314981970e-02   3.2122426502e-01   4.4369288592e-05   5.7739808471e-01  -7.4526420304e-25   2.3744477620e-24   1.0793135740e+03   1.8582136014e-02   2.5829882244e-02   3.8199737380e+05   1.7446289223e-06   2.2731997056e-08   7.6473613545e-06   1.5448690695e-01   3.3279439821e-05   4.1449440437e-02   2.5986047481e-06  -1.1001723568e-20   7.9180369547e-24   1.0317873956e-19   2.6257498274e-18   7.2642629780e-05   5.2625213976e-02   8.8943650370e-14   3.4480179177e-16   1.7131354688e-23   7.5132050324e-01  -1.4532619866e+05
  -2.8020901061e-02  -2.8117275959e-02   3.0445468230e-01   4.5905062449e-05   6.1503999576e-01  -7.0892620151e-25   2.6934871903e-24   1.1375979313e+03   2.0212553444e-02   3.1277994814e-02   6.2725444163e+05   1.9975696905e-06   4.6739848506e-08   1.2683906107e-05   1.4759703173e-01   5.4126898910e-05   4.4758786435e-02   2.9406532659e-06   1.5432246994e-22  -4.2340542394e-21   1.0295925490e-19   2.1524060752e-18   8.4093357810e-05   5.7322887037e-02   2.0071994585e-13   5.4405648897e-16   4.9390319018e-23   7.5016540567e-01  -1.5680946309e+05
  -2.7830279756e-02  -2.7924526163e-02   2.8931641647e-01   4.7413355617e-05   6.5217744036e-01  -6.5342690710e-25   3.0014506683e-24   1.1959199094e+03   2.1885009775e-02   3.7377118881e-02   9.9058121875e+05   2.3955441453e-06   9.1774941560e-08   2.0439576836e-05   1.4052551007e-01   8.5433510201e-05   4.8086890225e-02   3.2714790934e-06   2.6612977579e-22   2.2796970104e-23   1.2477737371e-19   2.1903475961e-18   9.9311575654e-05   6.2191133166e-02   4.3589499521e-13   8.7679065121e-16   1.4190955948e-22   7.4898552307e-01  -1.6873175925e+05
  -2.7643494754e-02  -2.7736033350e-02   2.7560802246e-01   4.8893219964e-05   6.8878356979e-01  -5.4282347742e-25   3.2991893858e-24   1.2541633314e+03   2.3599515754e-02   4.4142011839e-02   1.5099400874e+06   3.0268896232e-06   1.7286577386e-07   3.1960475748e-05   1.3327176862e-01   1.3067726443e-04   5.1430025663e-02   3.5945925487e-06   7.0020063790e-22   5.8806789018e-23   2.0950008237e-19   3.1104250865e-18   1.2063675377e-04   6.7229730192e-02   9.2184003309e-13   1.4776035406e-15   4.1619635864e-22   7.4777840668e-01  -1.8116705964e+05
  -2.7459767691e-02  -2.7550956159e-02   2.6315566052e-01   5.0344012994e-05   7.2486544899e-01  -3.9030661355e-25   3.5834162808e-24   1.3122275382e+03   2.5357510563e-02   5.1585071321e-02   2.2283250040e+06   4.0211186205e-06   3.1360880097e-07   4.8493565041e-05   1.2582992418e-01   1.9376635066e-04   5.4785851430e-02   3.9099625081e-06   2.4473155741e-21   2.0146075373e-22   4.8040320040e-19   6.1143955146e-18   1.5168083606e-04   7.2441031898e-02   1.9185498505e-12   2.6440034172e-15   1.2674247796e-21   7.4654100705e-01  -1.9421344482e+05
  -2.7278887655e-02  -2.7368579223e-02   2.5184604122e-01   5.1760540644e-05   7.6034390135e-01  -2.2665987654e-25   3.8391689931e-24   1.3698293233e+03   2.7155877789e-02   5.9667795444e-02   3.1882203542e+06   5.5579295706e-06   5.4897080887e-07   7.1359378082e-05   1.1821475136e-01   2.7857973678e-04   5.8141974374e-02   4.2125059075e-06   1.0677371085e-20   8.6129485269e-22   1.4133980008e-18   1.5574183373e-17   1.9779244003e-04   7.7811489459e-02   3.9504803767e-12   5.0289002351e-15   4.0484061452e-21   7.4527373384e-01  -2.0794937726e+05
  -2.7099875815e-02  -2.7189196088e-02   2.4154207283e-01   5.3142521532e-05   7.9529974510e-01  -1.1605750125e-25   4.0481792812e-24   1.4268836733e+03   2.8999301155e-02   6.8362104674e-02   4.4288954611e+06   7.8863848825e-06   9.2972924611e-07   1.0191156760e-04   1.1041024909e-01   3.8901426686e-04   6.1499685461e-02   4.4928824912e-06   5.6379431755e-20   4.4560973418e-21   5.1642854986e-18   4.9573407614e-17   2.6697871441e-04   8.3347307599e-02   8.0706260232e-12   1.0072683030e-14   1.3799438260e-20   7.4397154429e-01  -2.2255701230e+05
  -2.6920920938e-02  -2.7010555543e-02   2.3208697284e-01   5.4495470701e-05   8.2999649109e-01   2.2857625072e-25   4.2268855468e-24   1.4835556993e+03   3.0902707796e-02   7.7665542586e-02   5.9925119313e+06   1.1370468562e-05   1.5317190000e-06   1.4163097750e-04   1.0236052623e-01   5.2941054795e-04   6.4875763271e-02   4.7417541031e-06   3.6377945522e-19   2.8161669439e-20   2.3567584162e-17   1.9731204470e-16   3.7176724582e-04   8.9081384156e-02   1.6424022882e-11   2.1034950175e-14   5.3192006012e-20   7.4262187362e-01  -2.3831610669e+05
  -2.6740732148e-02  -2.6831286333e-02   2.2338808544e-01   5.5818724139e-05   8.6459739843e-01   5.5564712955e-25   4.3836129094e-24   1.5397669464e+03   3.2876809761e-02   8.7498964127e-02   7.9059934284e+06   1.6512169841e-05   2.4615626128e-06   1.9166957098e-04   9.4033020394e-02   7.0325185489e-04   6.8275644193e-02   4.9456823667e-06   2.8553513952e-18   2.1956761621e-19   1.3586356057e-16   9.8882125351e-16   5.3074013970e-04   9.5027224589e-02   3.3259643536e-11   4.5257560315e-14   2.6043111511e-19   7.4121452981e-01  -2.5552841030e+05
  -2.6557929334e-02  -2.6650177963e-02   2.1537558574e-01   5.7109571126e-05   8.9928059274e-01   9.3327079712e-25   4.5165427992e-24   1.5953577047e+03   3.4933786405e-02   9.7727939934e-02   1.0174236029e+07   2.4010917172e-05   3.8672850034e-06   2.5257861882e-04   8.5397264835e-02   9.1270466894e-04   7.1703477831e-02   5.0887102624e-06   5.1423992259e-17  -2.6623302711e-15   1.0765989672e-15   6.2963977358e-15   7.7153629737e-04   1.0119207491e-01   6.6885393903e-11   1.0019121754e-13   2.1799631177e-18   7.3973739584e-01  -2.7456879236e+05
  -2.6370678622e-02  -2.6465680706e-02   2.0798785854e-01   5.8364828238e-05   9.3430199343e-01   1.1594095074e-24   4.6210554473e-24   1.6501532355e+03   3.7091153470e-02   1.0816236514e-01   1.2771993030e+07   3.4867092932e-05   5.9543985184e-06   3.2394506137e-04   7.6412964835e-02   1.1580338364e-03   7.5167357017e-02   5.1525696744e-06   3.5339932153e-16   2.5666571588e-17   9.1016692017e-15   5.1352469324e-14   1.1357949972e-03   1.0758262675e-01   1.3348131831e-10   2.3482174578e-13   2.0942175496e-17   7.3817330330e-01  -2.9593291388e+05
  -2.6176416271e-02  -2.6275676538e-02   2.0116968218e-01   5.9580694881e-05   9.7003437800e-01   1.3970346558e-24   4.6963658419e-24   1.7039613123e+03   3.9374892905e-02   1.1854404081e-01   1.5629163318e+07   5.0567456861e-05   9.0102189349e-06   4.0378244718e-04   6.7024441351e-02   1.4365261607e-03   7.8681622164e-02   5.1152813307e-06   5.6949989881e-15   4.0351848746e-16   1.1132518258e-13   5.4661593386e-13   1.6876936487e-03   1.1420401774e-01   2.6479673508e-10   7.2740403196e-13   3.3080776280e-16   7.3649722326e-01  -3.2029346480e+05
  -2.5971386519e-02  -2.6077156003e-02   1.9487195260e-01   6.0752131536e-05   1.0070317632e+00   1.7038782180e-24   4.7420172771e-24   1.7565522309e+03   4.1824695548e-02   1.2852712458e-01   1.8602124756e+07   7.3450577804e-05   1.3441936923e-05   4.8743340797e-04   5.7153095884e-02   1.7404295265e-03   8.2270005745e-02   4.9479469254e-06   1.2171004795e-13   8.3790962753e-15   1.8276214825e-12   7.7256068968e-12   2.5302780481e-03   1.2105535145e-01   5.2473635108e-10   5.2055690490e-12   7.0607629902e-15   7.3467156494e-01  -3.4859245320e+05
  -2.5749779360e-02  -2.5865617036e-02   1.8905312295e-01   6.1871303506e-05   1.0461481779e+00   2.0547728580e-24   4.7552680747e-24   1.8076041337e+03   4.4503596157e-02   1.3763174438e-01   2.1409469888e+07   1.0750233908e-04   1.9831550288e-05   5.6528367693e-04   4.6687958133e-02   2.0522500081e-03   8.5970427488e-02   4.6086614974e-06   3.5900754247e-12   2.3845919240e-13   4.1793090812e-11   1.4918589530e-10   3.8404313692e-03   1.2811396197e-01   1.0512829491e-09   9.4201425914e-11   2.0543477638e-13   7.3263774347e-01  -3.8218794505e+05
  -2.5500440577e-02  -2.5633941685e-02   1.8365095283e-01   6.2930382049e-05   1.0890367785e+00   2.4190381859e-24   4.7244976542e-24   1.8568731433e+03   4.7535668519e-02   1.4515235970e-01   2.3488163237e+07   1.6066071929e-04   2.9026064938e-05   6.1741704025e-04   3.5412307135e-02   2.3335552649e-03   8.9866465328e-02   4.0262496883e-06   1.5428151612e-10   9.7939877958e-12   1.4079116961e-09   4.1226324463e-09   5.9671184086e-03   1.3532347595e-01   2.2995556238e-09   2.8519588609e-09   8.5014578578e-12   7.3028593698e-01  -4.2329170135e+05
  -2.5196672294e-02  -2.5366939469e-02   1.7852590343e-01   6.3924383210e-05   1.1396585675e+00   2.7911630822e-24   4.5980530010e-24   1.9044900400e+03   5.1221454751e-02   1.4949125347e-01   2.3855275053e+07   2.5381487150e-04   4.2080057156e-05   5.9501332356e-04   2.2839917220e-02   2.4786614764e-03   9.4167648720e-02   3.0571949964e-06   1.0234760520e-08   6.1662252371e-10   7.6321652006e-08   1.7941432615e-07   9.8010412897e-03   1.4245236331e-01   1.2023458038e-08   1.2628813845e-07   5.2715601373e-10   7.2736599711e-01  -4.7586459863e+05
  -2.4740152225e-02  -2.5026405119e-02   1.7314943327e-01   6.4861847619e-05   1.2124946716e+00   3.2229345771e-24   4.1564442296e-24   1.9524278893e+03   5.6647559669e-02   1.5820409641e-01   3.2901056701e+07   4.8421119235e-04   5.5724864614e-05   3.2994425935e-04   7.7561850805e-03   1.9910811805e-03   9.9504174525e-02   1.3540048217e-06   1.0442600272e-06   5.7967966213e-08   7.6991643986e-06   1.5662346432e-05   1.9062973423e-02   1.4774378196e-01   3.6841816052e-07   7.6662290172e-06   4.6651878330e-08   7.2303802447e-01  -5.4570914572e+05
  -2.4050331470e-02  -2.4453899332e-02   1.7193209783e-01   6.4340300695e-05   1.3154497280e+00   3.5049809865e-24   4.1344013565e-24   1.9413934632e+03   6.5145218474e-02   2.3079969849e-01   1.7716757588e+07   1.0388958758e-03   7.0895241878e-06   1.8719029638e-06   1.5301543540e-03   1.1157322212e-04   1.0154675123e-01   3.4349344736e-07   7.3485572311e-06   3.3707685513e-07   5.9133019524e-04   2.7661896997e-03   3.8552441881e-02   1.3652810346e-01   4.7613357151e-07   1.2123978287e-04   2.4565029306e-07   7.1719560797e-01  -5.6088941070e+05
  -2.3410176287e-02  -2.3646763608e-02   1.7735349571e-01   6.2273846978e-05   1.4020743811e+00   4.2398589984e-24   3.8640994795e-24   1.8645276998e+03   7.5758105588e-02   3.3082602296e-01  -6.5594886857e+05   1.1945689865e-03   2.2311458952e-06   1.2997348823e-07   7.2249981486e-04   2.5286283365e-05   9.9343187997e-02   1.1773249225e-07   2.8297152560e-06   1.1645186387e-07   8.3634532322e-04   1.2575798282e-02   4.3391546539e-02   1.3272000911e-01   1.4492740212e-07   9.2373592212e-05   9.0723568402e-08   7.0909272340e-01  -6.2247790602e+05
  -2.2949091151e-02  -2.3173588966e-02   1.8156937267e-01   6.0736620115e-05   1.4636865091e+00   4.7133485189e-24   3.5940224262e-24   1.8087579275e+03   8.4534659371e-02   3.9798042377e-01  -1.5699086190e+06   1.2532920847e-03   1.4270836719e-06   4.1670017971e-08   4.6190597822e-04   1.3468964070e-05   9.7587516766e-02   6.8121349004e-08   1.7974614347e-06   6.8456284676e-08   8.8664078798e-04   2.1374041326e-02   4.5262796527e-02   1.3072064292e-01   8.7972030515e-08   7.2974992576e-05   5.6870906595e-08   7.0236317202e-01  -6.7113558141e+05
  -2.2501523138e-02  -2.2724593335e-02   1.8574469843e-01   5.9230145371e-05   1.5234154893e+00   4.9080072118e-24   3.2813880956e-24   1.7555386240e+03   9.4163991134e-02   4.7629968270e-01  -1.0642012592e+06   1.2802415330e-03   9.5591054290e-07   1.6438231095e-08   3.3758155097e-04   7.7047781212e-06   9.5846487359e-02   4.5503017107e-08   1.1206134816e-06   3.9519973297e-08   8.6359718680e-04   3.1370211804e-02   4.6223244309e-02   1.2902128889e-01   5.4457779957e-08   5.6007092783e-05   3.5275910186e-08   6.9499136778e-01  -7.2046511186e+05
  -2.2053566761e-02  -2.2278452940e-02   1.9005232567e-01   5.7693362962e-05   1.5838597958e+00   4.7920238341e-24   2.9332450777e-24   1.7024435284e+03   1.0496744941e-01   5.6157504608e-01  -4.8242515735e+05   1.2877832453e-03   6.2931993689e-07   7.0833101173e-09   2.8181159579e-04   4.3647689307e-06   9.4081937877e-02   3.4098145696e-08   6.4163778828e-07   2.0880548779e-08   7.7861394915e-04   4.2794526368e-02   4.6676855274e-02   1.2732499102e-01   3.1859900773e-08   4.1132716018e-05   2.0240229180e-08   6.8672659807e-01  -7.7301077120e+05
  -2.1604639307e-02  -2.1828680583e-02   1.9457151035e-01   5.6109249602e-05   1.6456495976e+00   4.2448353037e-24   2.5636656106e-24   1.6486855139e+03   1.1702536227e-01   6.5214416620e-01  -7.3422494642e+04   1.2834909379e-03   4.0461807735e-07   3.2929611016e-09   2.6749569473e-04   2.4084799408e-06   9.2284455993e-02   2.8614943369e-08   3.3721077791e-07   1.0071986842e-08   6.5825867639e-04   5.5655876411e-02   4.6827766445e-02   1.2549964195e-01   1.7595264317e-08   2.9143972998e-05   1.0742533757e-08   6.7749064930e-01  -8.2996210666e+05
  -2.1159586454e-02  -2.1380598031e-02   1.9931018449e-01   5.4488442212e-05   1.7086530596e+00   3.4730002480e-24   2.1905073744e-24   1.5944852437e+03   1.3024809509e-01   7.4601859101e-01   1.4275074181e+05   1.2726470143e-03   2.5673467613e-07   1.6628141518e-09   2.7901870403e-04   1.3014187193e-06   9.0461774094e-02   2.6232652595e-08   1.6657808023e-07   4.5401988210e-09   5.3114657982e-04   6.9802346904e-02   4.6786662832e-02   1.2350676748e-01   9.4330421455e-09   2.0343438986e-05   5.4060207157e-09   6.6733752095e-01  -8.9151154796e+05
  -2.0721399130e-02  -2.0938574877e-02   2.0426483785e-01   5.2843227888e-05   1.7730579307e+00   2.6451710944e-24   1.8285589010e-24   1.5401720485e+03   1.4456262173e-01   8.4298547569e-01   2.1747833604e+05   1.2584961544e-03   1.6297690027e-07   9.0717412542e-10   3.0586601414e-04   6.9607276338e-07   8.8617333607e-02   2.5351118585e-08   7.9731694775e-08   1.9711493796e-09   4.1699629625e-04   8.5121591416e-02   4.6607383431e-02   1.2134234707e-01   5.0935045618e-09   1.4338330304e-05   2.6614486190e-09   6.5631467291e-01  -9.5768836916e+05
  -2.0290758011e-02  -2.0504223383e-02   2.0943856053e-01   5.1181150122e-05   1.8394721811e+00   1.8653920603e-24   1.4906663670e-24   1.4859539866e+03   1.5996085820e-01   9.4388466434e-01   2.1303832051e+05   1.2427234997e-03   1.0477429896e-07   5.2681854810e-10   3.4130828956e-04   3.7230498430e-07   8.6748627846e-02   2.5218913597e-08   3.8025938253e-08   8.4728049293e-10   3.2406248299e-04   1.0158924592e-01   4.6312909380e-02   1.1900731098e-01   2.8690217121e-09   1.0442733353e-05   1.3194360727e-09   6.4442282298e-01  -1.0286704500e+06
  -1.9866983495e-02  -2.0077292639e-02   2.1484547201e-01   4.9505168104e-05   1.9087561572e+00   1.1889150263e-24   1.1895063333e-24   1.4319059415e+03   1.7649329359e-01   1.0496538095e+00   1.7653411762e+05   1.2260704747e-03   6.8791161746e-08   3.2078112964e-10   3.8141131049e-04   2.0049224932e-07   8.4848668189e-02   2.5634458512e-08   1.8440687877e-08   3.6774140739e-10   2.5249187852e-04   1.1925512530e-01   4.5911830307e-02   1.1649830897e-01   1.7312566285e-09   8.0049955715e-06   6.7296705885e-10   6.3161777212e-01  -1.1048482804e+06
  -1.9448801412e-02  -1.9656674351e-02   2.2051033173e-01   4.7815349788e-05   1.9818684885e+00   6.4605734123e-25   9.3446197619e-25   1.3780150651e+03   1.9425171830e-01   1.1608631944e+00   1.3481180712e+05   1.2087880417e-03   4.6303429552e-08   2.0234702136e-10   4.2391553776e-04   1.0893736278e-07   8.2907031203e-02   2.6720913962e-08   9.1889439677e-09   1.6271836199e-10   1.9869043182e-04   1.3821857012e-01   4.5405896155e-02   1.1380739677e-01   1.1353795321e-09   6.5315486801e-06   3.5734946183e-10   6.1782298718e-01  -1.1867814151e+06
  -1.9034745174e-02  -1.9240928472e-02   2.2646726002e-01   4.6110294982e-05   2.0597945998e+00   2.1945698820e-25   7.2723237111e-25   1.3242232231e+03   2.1335711362e-01   1.2777511408e+00   9.9215184747e+04   1.1908918041e-03   3.1940243593e-08   1.3090453729e-10   4.6731697942e-04   5.9587972569e-08   8.0910433653e-02   2.8786929129e-08   4.7115384713e-09   7.3427282793e-11   1.5830077704e-04   1.5861172072e-01   4.4792773930e-02   1.1092320295e-01   8.1062768030e-10   5.6866651967e-06   1.9821443338e-10   6.0293954629e-01  -1.2751394146e+06
  -1.8623346962e-02  -1.8828561875e-02   2.3275938516e-01   4.4387959576e-05   2.1435430225e+00  -8.2150883302e-26   5.6330926291e-25   1.2704521067e+03   2.3395407832e-01   1.4003852497e+00   7.2317401142e+04   1.1722877070e-03   2.2510045600e-08   8.6060306229e-11   5.1028943922e-04   3.2638438329e-08   7.8843209084e-02   3.2243984406e-08   2.4740763866e-09   3.3587837197e-11   1.2758235573e-04   1.8059179971e-01   4.4067093178e-02   1.0783129679e-01   6.2502563539e-10   5.2507709141e-06   1.1464053155e-10   5.8685110024e-01  -1.3706672486e+06
  -1.8213192671e-02  -1.8418132050e-02   2.3944036814e-01   4.2645933081e-05   2.2341837338e+00  -2.4726942299e-25   4.3591573249e-25   1.2166109797e+03   2.5621075444e-01   1.5284101639e+00   5.3019168268e+04   1.1528275942e-03   1.6141704158e-08   5.7012961880e-11   5.5140130259e-04   1.7778386784e-08   7.6687640165e-02   3.7541274526e-08   1.3204724851e-09   1.5432596983e-11   1.0376614497e-04   2.0434045408e-01   4.3221004564e-02   1.0451357452e-01   5.1367092515e-10   5.0786815259e-06   6.8971805688e-11   5.6942417952e-01  -1.4741840181e+06
  -1.7802901903e-02  -1.8008253293e-02   2.4657638031e-01   4.0881742588e-05   2.3328900677e+00  -3.0057642403e-25   3.3797620719e-25   1.1626050845e+03   2.8031810743e-01   1.6597889524e+00   3.9338963859e+04   1.1323261891e-03   1.1730159816e-08   3.7768562188e-11   5.8900894382e-04   9.5584517391e-09   7.4424159886e-02   4.5068431926e-08   7.1046466749e-10   7.0508071054e-12   8.4933796574e-05   2.3006298010e-01   4.2244703043e-02   1.0094775092e-01   4.4384511603e-10   5.0689986407e-06   4.3242416478e-11   5.5050900053e-01  -1.5865787498e+06
  -1.7391064087e-02  -1.7597550514e-02   2.5424521327e-01   3.9093894774e-05   2.4408936738e+00  -2.7328920214e-25   2.6379298794e-25   1.1083671583e+03   3.0647876387e-01   1.7885147200e+00   2.9538386821e+04   1.1105496201e-03   8.6084463883e-09   2.4846089277e-11   6.2122665497e-04   5.0342425384e-09   7.2031171900e-02   5.4981675271e-08   3.8236433853e-10   3.1714731312e-12   6.9785861638e-05   2.5797665003e-01   4.1127102907e-02   9.7108967939e-02   3.9865311932e-10   5.1452549915e-06   2.8548574647e-11   5.2994933037e-01  -1.7087337803e+06
  -1.6975826030e-02  -1.7184577659e-02   2.6253677279e-01   3.7282420345e-05   2.5593219747e+00  -2.1661914962e-25   2.0839763082e-25   1.0538739780e+03   3.3490058376e-01   1.9035436866e+00   2.2369238715e+04   1.0871612268e-03   6.3603035304e-09   1.6123587654e-11   6.4593202212e-04   2.5775186757e-09   6.9482023162e-02   6.6969669666e-08   2.0433774477e-10   1.3907698314e-12   5.7430569988e-05   2.8830425535e-01   3.9855581451e-02   9.2972291021e-02   3.6927872902e-10   5.2452839090e-06   2.0209226000e-11   5.0759000340e-01  -1.8414350919e+06
  -1.6554907374e-02  -1.6767074401e-02   2.7154524992e-01   3.5450783564e-05   2.6888097684e+00  -1.6487527972e-25   1.6686600140e-25   9.9920457883e+02   3.6576571837e-01   1.9920513983e+00   1.7012522327e+04   1.0616831576e-03   4.7188350413e-09   1.0254534805e-11   6.6073284567e-04   1.2736334125e-09   6.6743589733e-02   8.0072064293e-08   1.0774104424e-10   5.8932653057e-13   4.7255155787e-05   3.2124151185e-01   3.8416230561e-02   8.8519728846e-02   3.5130975305e-10   5.3156898197e-06   1.5482699126e-11   4.8330386561e-01  -1.9851480596e+06
  -1.6126258245e-02  -1.6342740347e-02   2.8136519378e-01   3.3607026965e-05   2.8293543359e+00  -1.2494656773e-25   1.3490342592e-25   9.4456379570e+02   3.9918174612e-01   2.0498800994e+00   1.2948841933e+04   1.0335454416e-03   3.5084243855e-09   6.3524650757e-12   6.6307127789e-04   6.0368522654e-10   6.3781387539e-02   9.2738224532e-08   5.5779016138e-11   2.3957428198e-13   3.8837616039e-05   3.5690491406e-01   3.6796928257e-02   8.3745323799e-02   3.4292794540e-10   5.3101354562e-06   1.2548439263e-11   4.5703058461e-01  -2.1396702773e+06
  -1.5687575802e-02  -1.5909776142e-02   2.9213657044e-01   3.1756743710e-05   2.9811399506e+00  -9.1981901250e-26   1.0735760361e-25   8.9006027340e+02   4.3526486897e-01   2.0687399598e+00   9.8320303057e+03   1.0021243950e-03   2.6065969784e-09   3.8043807913e-12   6.5057591738e-04   2.7241251934e-10   6.0559172852e-02   1.0323652288e-07   2.8184979320e-11   9.2592438769e-14   3.1849644389e-05   3.9542000773e-01   3.4986526336e-02   7.8636272493e-02   3.4391039093e-10   5.1912223394e-06   1.0279287469e-11   4.2870817291e-01  -2.3049587223e+06
  -1.5240450167e-02  -1.5465375461e-02   3.0393937691e-01   2.9919597318e-05   3.1429164717e+00  -6.2921139938e-26   7.8519815695e-26   8.3620993061e+02   4.7381066625e-01   2.0477167007e+00   7.4357572573e+03   9.6708353697e-04   1.9316679894e-09   2.1930823676e-12   6.2155033159e-04   1.1686355884e-10   5.7068597100e-02   1.0996417412e-07   1.3877849520e-11   3.3926909272e-14   2.6071981920e-05   4.3656989216e-01   3.2992006757e-02   7.3219904844e-02   3.5456748124e-10   4.9342401219e-06   8.2283108441e-12   3.9852984666e-01  -2.4795829056e+06
  -1.4796065751e-02  -1.5015524874e-02   3.1657684355e-01   2.8152175567e-05   3.3090302243e+00  -3.9365762043e-26   5.4270944101e-26   7.8459574253e+02   5.1363347054e-01   1.9834281746e+00   5.6109305155e+03   9.2899755020e-04   1.4306991565e-09   1.2275189268e-12   5.7672858812e-04   4.8587211145e-11   5.3387395526e-02   1.1177473341e-07   6.7434471685e-12   1.2010866758e-14   2.1389296570e-05   4.7908999609e-01   3.0874989066e-02   6.7658191139e-02   3.7338293607e-10   4.5419395424e-06   6.3758522285e-12   3.6745765716e-01  -2.6576200504e+06
  -1.4359147395e-02  -1.4576606629e-02   3.3001869216e-01   2.6478130664e-05   3.4756720270e+00  -2.0008111805e-26   3.7476468269e-26   7.3579115749e+02   5.5388895891e-01   1.8755650170e+00   4.1980379295e+03   8.8823626800e-04   1.0530206888e-09   6.7042650334e-13   5.1895947151e-04   1.9785493373e-11   4.9569229420e-02   1.0835464177e-07   3.2373123093e-12   4.1261560739e-15   1.7587396317e-05   5.2207969532e-01   2.8685580874e-02   6.2060654496e-02   3.9519775165e-10   4.0402662493e-06   4.7621953104e-12   3.3617590665e-01  -2.8352339515e+06
  -1.3922620064e-02  -1.4141688161e-02   3.4455626303e-01   2.4877254402e-05   3.6430284627e+00  -1.6177342144e-27   2.6633910114e-26   6.8913751585e+02   5.9474683879e-01   1.7249975200e+00   3.0540471871e+03   8.4412634519e-04   7.5660563100e-10   3.5513751220e-13   4.5055374120e-04   7.8249523781e-12   4.5576881880e-02   9.9509016326e-08   1.5086095347e-12   1.3447071440e-15   1.4418418884e-05   5.6572133470e-01   2.6419698745e-02   5.6395110551e-02   4.0949290861e-10   3.4532064157e-06   3.3784800810e-12   3.0457432172e-01  -3.0128880741e+06
  -1.3478769128e-02  -1.3703551967e-02   3.6055935015e-01   2.3332000293e-05   3.8112323212e+00   9.5006124843e-27   2.0119969687e-26   6.4407146879e+02   6.3636291327e-01   1.5331712739e+00   2.0945280110e+03   7.9582903546e-04   5.1702685031e-10   1.8196406528e-13   3.7426921124e-04   2.9776984390e-12   4.1374533551e-02   8.5293076824e-08   6.6738832910e-13   4.0379037461e-16   1.1701741082e-05   6.1018301238e-01   2.4072613271e-02   5.0632268523e-02   4.0017843917e-10   2.8099122899e-06   2.2195419126e-12   2.7255287616e-01  -3.1909911847e+06
  -1.3018362575e-02  -1.3253986289e-02   3.7851795750e-01   2.1826301405e-05   3.9803828040e+00  -4.3490850588e-27   1.6400753900e-26   6.0008766631e+02   6.7887818089e-01   1.3049527054e+00   1.2906080100e+03   7.4229072364e-04   3.2342473304e-10   8.9636087729e-14   2.9355116864e-04   1.0691096970e-12   3.6928131880e-02   6.6749987772e-08   2.7141192866e-13   1.0704801460e-16   9.2935900076e-06   6.5561780719e-01   2.1638996568e-02   4.4745630021e-02   3.5304397620e-10   2.1456629370e-06   1.2976177539e-12   2.4002208576e-01  -3.3699279542e+06
  -1.2529277713e-02  -1.2782738861e-02   3.9910433054e-01   2.0344595258e-05   4.1505845706e+00   1.8598581191e-26   3.7479608450e-27   5.5671266816e+02   7.2241671539e-01   1.0498810690e+00   6.6617315182e+02   6.8216867822e-04   1.7576779949e-10   4.1294666654e-14   2.1279101111e-04   3.4501332832e-13   3.2206922397e-02   4.6507102784e-08   9.8184684558e-14   2.4025901519e-17   7.0789445470e-06   7.0216184914e-01   1.9112263799e-02   3.8711742551e-02   2.7000085856e-10   1.5027579884e-06   6.3857312332e-13   2.0690363418e-01  -3.5500842325e+06
  -1.1994092286e-02  -1.2275816565e-02   4.2326122702e-01   1.8871364954e-05   4.3219632838e+00   2.1524097835e-26   2.3435879336e-28   5.1350050607e+02   7.6707070290e-01   7.8312860532e-01   2.6435813764e+02   6.1373173509e-04   7.8542235341e-11   1.6756319221e-14   1.3755697295e-04   9.2592142540e-14   2.7188339716e-02   2.8207438706e-08   2.8293306087e-14   3.9283309863e-18   4.9929451161e-06   7.4991894745e-01   1.6482963205e-02   3.2512650434e-02   1.7439560422e-10   9.3017423615e-07   2.4813980047e-13   1.7313985888e-01  -3.7318286297e+06
  -1.1385392147e-02  -1.1712368007e-02   4.5230511681e-01   1.7392024912e-05   4.4946570596e+00   8.6739218673e-27   2.1639370503e-27   4.7007936256e+02   8.1285618445e-01   5.2579775062e-01   7.2241178065e+01   5.3477719600e-04   2.7169674672e-11   5.5491323634e-15   7.4547562686e-05   1.8194789576e-14   2.1870469592e-02   1.4606307046e-08   5.9220826356e-15   3.9543072793e-19   3.0731852047e-06   7.9891442534e-01   1.3734812389e-02   2.6142849886e-02   9.5313239184e-11   4.7899094820e-07   7.1314252316e-14   1.3872455112e-01  -3.9153722363e+06
  -1.0654308751e-02  -1.1058416286e-02   4.8800030574e-01   1.5895591409e-05   4.6689905747e+00   3.2304454559e-27   1.4266785715e-27   4.2626973325e+02   8.5966988473e-01   3.0425100250e-01   1.1854707542e+01   4.4259920081e-04   6.8666038145e-12   1.3739338909e-15   3.0419090560e-05   2.2511401465e-15   1.6292903434e-02   6.1732473829e-09   8.1411407656e-16   1.8950964036e-20   1.4975473956e-06   8.4905112171e-01   1.0831015588e-02   1.9614828397e-02   4.5612671801e-11   1.8708741634e-07   1.4804433081e-14   1.0373542171e-01  -4.1005521933e+06
  -9.6430387065e-03  -1.0250201216e-02   5.3542109023e-01   1.4293881076e-05   4.8560169652e+00   5.4017583844e-28   3.1671930307e-28   3.7976909435e+02   9.0974848778e-01   1.2796458141e-01   8.2617681203e-01   3.2826684111e-04   1.0628101653e-12   1.9546666698e-16   7.0955464769e-06   1.1737945405e-16   1.0268468026e-02   1.6777067845e-09   8.5934962475e-17   2.1925541877e-22   4.5509372508e-07   9.0275084105e-01   7.5170134261e-03   1.2606012661e-02   2.1428686414e-11   4.4926275630e-08   1.7749971709e-14   6.6521800726e-02  -4.2967885424e+06
  -7.6131143652e-03  -9.0358761974e-03   5.9734536705e-01   1.2642145425e-05   5.0479799084e+00   2.5644848409e-29   1.7811382202e-29   3.3275274267e+02   9.6140100136e-01   2.2206193289e-02   2.3446964654e-02   1.6775807775e-04   8.4594887566e-14   1.0756389512e-17   5.2887128382e-07   1.3122423070e-18   4.1600994695e-03   1.5775592552e-10   6.1985261354e-18   2.1456877227e-25   5.1228036877e-08   9.5829700723e-01   3.6080268342e-03   5.4559611115e-03   2.6315152400e-11   4.5329477399e-09   1.0275750057e-13   2.8310562460e-02  -4.4980558609e+06
  -3.0951776642e-03  -6.1903525330e-03   6.3470227469e-01   1.1805654597e-05   5.1498999485e+00   4.4270067773e-31   3.1971686592e-31   3.0957183129e+02   9.8826216112e-01   6.1589489766e-04   3.6453719112e-04   5.9314582523e-05   6.5875858762e-15   2.3399538455e-19   1.5188605502e-08   5.1966842855e-21   1.1864201273e-03   5.6842506347e-12   2.3979658771e-19   3.1754495463e-28   2.6382177595e-09   9.8728489207e-01   1.2146385950e-03   1.6864875870e-03   1.0949527625e-11   2.7132623545e-10   1.9748605919e-14   8.5682289251e-03  -4.6012416887e+06
   3.0951720714e-03  -2.7953887226e-09   6.3470231004e-01   1.1805653851e-05   5.1499000434e+00  -3.3637501121e-31  -4.7650843280e-31   3.0957181084e+02   9.8826218530e-01   6.1588893128e-04   3.6454997613e-04   5.9314485005e-05   6.5885789448e-15   2.3407529285e-19   1.5188451008e-08   5.1974613451e-21   1.1864175154e-03   5.6842230280e-12   2.3985131291e-19  -5.7412814998e-27   2.6382136987e-09   9.8728491818e-01   1.2146363460e-03   1.6864841551e-03   1.0949706720e-11   2.7132437411e-10   1.9748874644e-14   8.5682112063e-03  -4.6012417810e+06
   7.6131056690e-03   6.1903469383e-03   5.9734557669e-01   1.2642140486e-05   5.0479796039e+00  -2.3061653807e-29  -2.2809517622e-29   3.3275260374e+02   9.6140115462e-01   2.2206078883e-02   2.3446942854e-02   1.6775758806e-04   8.4599058970e-14   1.0757761422e-17   5.2885921855e-07   1.3123236402e-18   4.1600813596e-03   1.5775864812e-10   6.1999842976e-18   2.1457436127e-25   5.1227782938e-08   9.5829717209e-01   3.6080151032e-03   5.4559399359e-03   2.6314620449e-11   4.5328679559e-09   1.0274821660e-13   2.8310449115e-02  -4.4980564572e+06
   9.6430315203e-03   9.0358643998e-03   5.3542131094e-01   1.4293874484e-05   4.8560155478e+00  -5.1649638771e-28  -3.7611285999e-28   3.7976890366e+02   9.0974868920e-01   1.2796379968e-01   8.2616222589e-01   3.2826631033e-04   1.0628015314e-12   1.9546802079e-16   7.0954771180e-06   1.1737999669e-16   1.0268443541e-02   1.6777298188e-09   8.5942498650e-17   2.1925750952e-22   4.5509761653e-07   9.0275105721e-01   7.5169998676e-03   1.2605984849e-02   2.1424570533e-11   4.4925865661e-08   1.7701645775e-14   6.6521651022e-02  -4.2967893405e+06
   1.0654308375e-02   1.0250198641e-02   4.8800027190e-01   1.5895592705e-05   4.6689901480e+00  -3.2317151730e-27  -1.7622193150e-27   4.2626977098e+02   8.5966984360e-01   3.0425030139e-01   1.1854909070e+01   4.4259927107e-04   6.8666329783e-12   1.3739145479e-15   3.0419108145e-05   2.2511542574e-15   1.6292908219e-02   6.1731900276e-09   8.1413874276e-16   1.8952109162e-20   1.4975703376e-06   8.4905107764e-01   1.0831018232e-02   1.9614834298e-02   4.5612459790e-11   1.8708751106e-07   1.4803640684e-14   1.0373545235e-01  -4.1005520322e+06
   1.1385394122e-02   1.1058418108e-02   4.5230502188e-01   1.7392029298e-05   4.4946566729e+00  -1.3976104461e-26  -8.1981065421e-27   4.7007949140e+02   8.1285604851e-01   5.2579723198e-01   7.2238891552e+01   5.3477746706e-04   2.7168351982e-11   5.5492892637e-15   7.4547715876e-05   1.8190126145e-14   2.1870485651e-02   1.4606052692e-08   5.9217819717e-15   3.9532116381e-19   3.0732275461e-06   7.9891427974e-01   1.3734820651e-02   2.6142868759e-02   9.5313993655e-11   4.7899191897e-07   7.1314474525e-14   1.3872465307e-01  -3.9153716922e+06
   1.1994093402e-02   1.1712370136e-02   4.2326120100e-01   1.8871366320e-05   4.3219631527e+00  -5.3286583739e-28   9.9543150210e-27   5.1350054698e+02   7.6707066371e-01   7.8312886684e-01   2.6451831700e+02   6.1373186358e-04   7.8593959598e-11   1.6763320277e-14   1.3755702843e-04   9.2434869769e-14   2.7188344951e-02   2.8206819059e-08   2.8269666523e-14   3.9283522694e-18   4.9930076755e-06   7.4991890532e-01   1.6482965650e-02   3.2512655244e-02   1.7437771994e-10   9.3017439141e-07   2.4820750767e-13   1.7313988827e-01  -3.7318284659e+06
   1.2529276832e-02   1.2275816668e-02   3.9910437642e-01   2.0344592077e-05   4.1505837987e+00  -1.7457602748e-26   1.7571302379e-26   5.5671257624e+02   7.2241681469e-01   1.0498824284e+00   6.6696948332e+02   6.8216855321e-04   1.7599502402e-10   4.1302746362e-14   2.1279083738e-04   3.4567928936e-13   3.2206911992e-02   4.6506586497e-08   9.6526663264e-14   2.3412792578e-17   7.0790315829e-06   7.0216195488e-01   1.9112258128e-02   3.8711728195e-02   2.6995653449e-10   1.5027562170e-06   6.3887126375e-13   2.0690355867e-01  -3.5500846274e+06
   1.3018360912e-02   1.2782736995e-02   3.7851801371e-01   2.1826297028e-05   3.9803823313e+00  -3.1147374040e-27   4.1303779691e-27   6.0008753844e+02   6.7887830755e-01   1.3049536496e+00   1.2906311718e+03   7.4229051674e-04   3.2342799894e-10   8.9636520158e-14   2.9355093361e-04   1.0691151529e-12   3.6928118093e-02   6.6749453035e-08   2.7140328176e-13   1.0704913634e-16   9.2936687572e-06   6.5561794259e-01   2.1638989176e-02   4.4745612856e-02   3.5304650553e-10   2.1456607718e-06   1.2976279645e-12   2.4002198908e-01  -3.3699284798e+06
   1.3478768065e-02   1.3253984830e-02   3.6055937610e-01   2.3331997981e-05   3.8112317428e+00   8.9993227612e-28   1.3918831962e-27   6.4407140116e+02   6.3636297685e-01   1.5331708282e+00   2.0945486441e+03   7.9582891893e-04   5.1702895455e-10   1.8196433277e-13   3.7426910029e-04   2.9777103025e-12   4.1374526621e-02   8.5292607459e-08   6.6739576202e-13   4.0379466812e-16   1.1701811383e-05   6.1018308036e-01   2.4072609519e-02   5.0632260074e-02   4.0017997038e-10   2.8099111662e-06   2.2195505753e-12   2.7255282747e-01  -3.1909914526e+06
   1.3922619477e-02   1.3703551300e-02   3.4455627466e-01   2.4877253207e-05   3.6430279069e+00   8.1576447120e-27   4.9390204552e-27   6.8913748100e+02   5.9474687014e-01   1.7249963988e+00   3.0540674524e+03   8.4412630066e-04   7.5660788775e-10   3.5513825501e-13   4.5055369545e-04   7.8249759380e-12   4.5576878681e-02   9.9508779523e-08   1.5086204669e-12   1.3447165222e-15   1.4418473595e-05   5.6572136817e-01   2.6419696868e-02   5.6395106308e-02   4.0949410636e-10   3.4532058278e-06   3.3784899305e-12   3.0457429761e-01  -3.0128882081e+06
   1.4359146918e-02   1.4141687654e-02   3.3001870383e-01   2.6478129329e-05   3.4756715626e+00   3.2627852330e-26   1.1673958306e-26   7.3579111819e+02   5.5388899112e-01   1.8755641241e+00   4.1980555197e+03   8.8823625354e-04   1.0530227002e-09   6.7042748791e-13   5.1895942978e-04   1.9785525764e-11   4.9569226369e-02   1.0835454548e-07   3.2373260030e-12   4.1261723814e-15   1.7587436259e-05   5.2207972967e-01   2.8685578934e-02   6.2060650118e-02   3.9519856926e-10   4.0402657135e-06   4.7622042847e-12   3.3617588169e-01  -2.8352340964e+06
   1.4796065373e-02   1.4576606183e-02   3.1657685333e-01   2.8152174317e-05   3.3090298032e+00   6.6006092116e-26   1.8972433662e-26   7.8459570555e+02   5.1363349846e-01   1.9834277405e+00   5.6109451899e+03   9.2899756496e-04   1.4307008749e-09   1.2275200640e-12   5.7672855905e-04   4.8587251733e-11   5.3387392914e-02   1.1177470375e-07   6.7434636736e-12   1.2010893319e-14   2.1389325455e-05   4.7909002583e-01   3.0874987297e-02   6.7658187462e-02   3.7338345759e-10   4.5419391536e-06   6.3758599928e-12   3.6745763546e-01  -2.6576201796e+06
   1.5240449965e-02   1.5015524563e-02   3.0393938150e-01   2.9919596668e-05   3.1429160581e+00   1.0657391078e-25   2.3942516079e-26   8.3620991110e+02   4.7381067950e-01   2.0477165444e+00   7.4357695352e+03   9.6708359103e-04   1.9316695444e-09   2.1930838680e-12   6.2155032352e-04   1.1686362628e-10   5.7068595834e-02   1.0996417264e-07   1.3877870649e-11   3.3926957147e-14   2.6072003323e-05   4.3656990621e-01   3.2992005700e-02   7.3219903308e-02   3.5456779435e-10   4.9342399549e-06   8.2283177709e-12   3.9852983640e-01  -2.4795829692e+06
   1.5687575734e-02   1.5465375368e-02   2.9213657088e-01   3.1756743605e-05   2.9811395674e+00   1.5999047491e-25   2.4485869707e-26   8.9006027031e+02   4.3526487109e-01   2.0687399089e+00   9.8320405337e+03   1.0021244883e-03   2.6065984525e-09   3.8043828142e-12   6.5057591339e-04   2.7241264477e-10   6.0559172585e-02   1.0323652979e-07   2.8185006849e-11   9.2592527745e-14   3.1849660233e-05   3.9542000985e-01   3.4986525794e-02   7.8636272595e-02   3.4391057239e-10   5.1912222506e-06   1.0279293624e-11   4.2870817139e-01  -2.3049587315e+06
   1.6126258204e-02   1.5909776100e-02   2.8136519327e-01   3.3607026984e-05   2.8293540216e+00   2.3046587322e-25   1.8448974826e-26   9.4456379645e+02   3.9918174618e-01   2.0498800859e+00   1.2948849848e+04   1.0335455686e-03   3.5084257055e-09   6.3524672797e-12   6.6307126290e-04   6.0368538754e-10   6.3781387434e-02   9.2738233004e-08   5.5779045554e-11   2.3957440897e-13   3.8837626212e-05   3.5690491393e-01   3.6796927803e-02   8.3745324264e-02   3.4292804649e-10   5.3101353277e-06   1.2548444278e-11   4.5703058471e-01  -2.1396702749e+06
   1.6554907338e-02   1.6342740308e-02   2.7154524923e-01   3.5450783603e-05   2.6888095232e+00   3.2911996280e-25  -4.1002660617e-28   9.9920458021e+02   3.6576571822e-01   1.9920513854e+00   1.7012527731e+04   1.0616833177e-03   4.7188361970e-09   1.0254536756e-11   6.6073281002e-04   1.2736335473e-09   6.6743589606e-02   8.0072070616e-08   1.0774106587e-10   5.8932665124e-13   4.7255160338e-05   3.2124151141e-01   3.8416230193e-02   8.8519729397e-02   3.5130979778e-10   5.3156895873e-06   1.5482702621e-11   4.8330386586e-01  -1.9851480553e+06
   1.6975826001e-02   1.6767074367e-02   2.6253677204e-01   3.7282420397e-05   2.5593217880e+00   4.3183975187e-25  -3.0487129013e-26   1.0538739797e+03   3.3490058335e-01   1.9035436636e+00   2.2369241240e+04   1.0871614187e-03   6.3603045297e-09   1.6123588542e-11   6.4593195419e-04   2.5775186494e-09   6.9482022997e-02   6.6969671380e-08   2.0433773857e-10   1.3907697940e-12   5.7430568765e-05   2.8830425454e-01   3.9855581305e-02   9.2972291615e-02   3.6927872578e-10   5.2452834923e-06   2.0209227019e-11   5.0759000380e-01  -1.8414350864e+06
   1.7391064066e-02   1.7184577634e-02   2.5424521255e-01   3.9093894833e-05   2.4408935350e+00   5.2093020615e-25  -6.7430620077e-26   1.1083671600e+03   3.0647876316e-01   1.7885146910e+00   2.9538385730e+04   1.1105498411e-03   8.6084472118e-09   2.4846087297e-11   6.2122654214e-04   5.0342420461e-09   7.2031171680e-02   5.4981671355e-08   3.8236426161e-10   3.1714724985e-12   6.9785854052e-05   2.5797664878e-01   4.1127103146e-02   9.7108968505e-02   3.9865306613e-10   5.1452542988e-06   2.8548571201e-11   5.2994933094e-01  -1.7087337741e+06
   1.7802901895e-02   1.7597550499e-02   2.4657637969e-01   4.0881742652e-05   2.3328899672e+00   5.9585671669e-25  -1.0936215448e-25   1.1626050860e+03   2.8031810628e-01   1.6597889234e+00   3.9338958011e+04   1.1323264352e-03   1.1730160434e-08   3.7768553703e-11   5.8900877455e-04   9.5584501783e-09   7.4424159607e-02   4.5068422391e-08   7.1046443562e-10   7.0508047987e-12   8.4933781798e-05   2.3006297825e-01   4.2244703846e-02   1.0094775137e-01   4.4384500254e-10   5.0689975837e-06   4.3242405072e-11   5.5050900133e-01  -1.5865787432e+06
   1.8213192678e-02   1.8008253291e-02   2.3944036764e-01   4.2645933156e-05   2.2341836637e+00   6.6266865800e-25  -1.6223274052e-25   1.2166109810e+03   2.5621075270e-01   1.5284101383e+00   5.3019156115e+04   1.1528278615e-03   1.6141704574e-08   5.7012940077e-11   5.5140106896e-04   1.7778383085e-08   7.6687639835e-02   3.7541259913e-08   1.3204719388e-09   1.5432590557e-11   1.0376612209e-04   2.0434045146e-01   4.3221006092e-02   1.0451357477e-01   5.1367073260e-10   5.0786800349e-06   6.8971780262e-11   5.6942418068e-01  -1.4741840107e+06
   1.8623346988e-02   1.8418132065e-02   2.3275938476e-01   4.4387959671e-05   2.1435429769e+00   7.3176601718e-25  -2.3998345595e-25   1.2704521080e+03   2.3395407585e-01   1.4003852275e+00   7.2317380793e+04   1.1722879926e-03   2.2510045937e-08   8.6060259044e-11   5.1028913941e-04   3.2638430766e-08   7.8843208723e-02   3.2243965323e-08   2.4740752407e-09   3.3587821521e-11   1.2758232391e-04   1.8059179615e-01   4.4067095552e-02   1.0783129675e-01   6.2502533452e-10   5.2507689492e-06   1.1464048207e-10   5.8685110187e-01  -1.3706672399e+06
   1.9034745221e-02   1.8828561911e-02   2.2646725966e-01   4.6110295107e-05   2.0597945740e+00   7.7845175181e-25  -3.5266469936e-25   1.3242232246e+03   2.1335711034e-01   1.2777511209e+00   9.9215154510e+04   1.1908921064e-03   3.1940244295e-08   1.3090444420e-10   4.6731661939e-04   5.9587958658e-08   8.0910433291e-02   2.8786906018e-08   4.7115362242e-09   7.3427247514e-11   1.5830073561e-04   1.5861171613e-01   4.4792777196e-02   1.1092320254e-01   8.1062722611e-10   5.6866627412e-06   1.9821434328e-10   6.0293954848e-01  -1.2751394042e+06
   1.9448801482e-02   1.9240928531e-02   2.2051033137e-01   4.7815349952e-05   1.9818684789e+00   8.0536401990e-25  -4.9192849970e-25   1.3780150673e+03   1.9425171422e-01   1.1608631766e+00   1.3481176654e+05   1.2087883609e-03   4.6303431887e-08   2.0234684886e-10   4.2391513052e-04   1.0893733962e-07   8.2907030867e-02   2.6720887061e-08   9.1889398352e-09   1.6271828840e-10   1.9869038114e-04   1.3821856453e-01   4.5405900282e-02   1.1380739594e-01   1.1353788569e-09   6.5315457209e-06   3.5734930631e-10   6.1782298995e-01  -1.1867814027e+06
   1.9866983588e-02   1.9656674433e-02   2.1484547159e-01   4.9505168312e-05   1.9087561611e+00   8.2500366008e-25  -6.3089617026e-25   1.4319059445e+03   1.7649328880e-01   1.0496537952e+00   1.7653406523e+05   1.2260708120e-03   6.8791167994e-08   3.2078081659e-10   3.8141086904e-04   2.0049221322e-07   8.4848667893e-02   2.5634427520e-08   1.8440680449e-08   3.6774125923e-10   2.5249181825e-04   1.1925511881e-01   4.5911835221e-02   1.1649830771e-01   1.7312555806e-09   8.0049919093e-06   6.7296679185e-10   6.3161777543e-01  -1.1048482659e+06
   2.0290758124e-02   2.0077292743e-02   2.0943856009e-01   5.1181150364e-05   1.8394721981e+00   8.6027171789e-25  -7.4019309441e-25   1.4859539902e+03   1.5996085289e-01   9.4388465658e-01   2.1303825855e+05   1.2427238514e-03   1.0477431293e-07   5.2681796441e-10   3.4130781516e-04   3.7230493124e-07   8.6748627571e-02   2.5218877092e-08   3.8025925059e-08   8.4728019969e-10   3.2406241194e-04   1.0158923874e-01   4.6312915041e-02   1.1900730927e-01   2.8690199435e-09   1.0442728444e-05   1.3194356190e-09   6.4442282668e-01  -1.0286704343e+06
   2.0721399253e-02   2.0504223504e-02   2.0426483756e-01   5.2843228135e-05   1.7730579630e+00   9.5342204764e-25  -8.1325249321e-25   1.5401720518e+03   1.4456261619e-01   8.4298545809e-01   2.1747826054e+05   1.2584964755e-03   1.6297692302e-07   9.0717298129e-10   3.0586550719e-04   6.9607268658e-07   8.8617333348e-02   2.5351074744e-08   7.9731671288e-08   1.9711487983e-09   4.1699621165e-04   8.5121583961e-02   4.6607389759e-02   1.2134234490e-01   5.0935017018e-09   1.4338324500e-05   2.6614478365e-09   6.5631467675e-01  -9.5768835479e+05
   2.1159586578e-02   2.0938575003e-02   1.9931018412e-01   5.4488442448e-05   1.7086531024e+00   1.1497419874e-24  -8.7458868744e-25   1.5944852467e+03   1.3024808992e-01   7.4601856341e-01   1.4274808379e+05   1.2726473664e-03   2.5673465048e-07   1.6628112179e-09   2.7901822138e-04   1.3014180165e-06   9.0461773897e-02   2.6232610021e-08   1.6657790750e-07   4.5401933112e-09   5.3114649248e-04   6.9802339759e-02   4.6786669304e-02   1.2350676494e-01   9.4330321654e-09   2.0343428436e-05   5.4060156738e-09   6.6733752458e-01  -8.9151153374e+05
   2.1604639421e-02   2.1380598153e-02   1.9457151001e-01   5.6109249829e-05   1.6456496370e+00   1.4762442705e-24  -9.5499416351e-25   1.6486855172e+03   1.1702535771e-01   6.5214412722e-01  -7.3422524769e+04   1.2834912053e-03   4.0461814023e-07   3.2929583512e-09   2.6749532068e-04   2.4084798372e-06   9.2284455970e-02   2.8614901569e-08   3.3721071198e-07   1.0071984892e-08   6.5825857052e-04   5.5655870227e-02   4.6827772259e-02   1.2549963932e-01   1.7595259046e-08   2.9143967739e-05   1.0742531649e-08   6.7749065253e-01  -8.2996209441e+05
   2.2053566857e-02   2.1828680690e-02   1.9005232514e-01   5.7693363169e-05   1.5838598282e+00   1.9257078699e-24  -1.0555762578e-24   1.7024435321e+03   1.0496744594e-01   5.6157500073e-01  -4.8242510641e+05   1.2877834954e-03   6.2932003814e-07   7.0833074049e-09   2.8181136280e-04   4.3647688600e-06   9.4081938063e-02   3.4098115849e-08   6.4163768834e-07   2.0880545615e-08   7.7861384046e-04   4.2794521573e-02   4.6676859918e-02   1.2732498850e-01   3.1859893852e-08   4.1132710179e-05   2.0240226016e-08   6.8672660065e-01  -7.7301075908e+05
   2.2501523208e-02   2.2278453024e-02   1.8574469788e-01   5.9230145537e-05   1.5234155182e+00   2.3277544331e-24  -1.1238367234e-24   1.7555386275e+03   9.4163988757e-02   4.7629964736e-01  -1.0642011447e+06   1.2802417277e-03   9.5591066936e-07   1.6438229338e-08   3.3758142196e-04   7.7047781192e-06   9.5846487735e-02   4.5502997704e-08   1.1206133414e-06   3.9519968535e-08   8.6359708302e-04   3.1370208466e-02   4.6223247808e-02   1.2902128652e-01   5.4457771372e-08   5.6007086495e-05   3.5275905795e-08   6.9499136965e-01  -7.2046510135e+05
   2.2949091199e-02   2.2724593392e-02   1.8156937215e-01   6.0736620243e-05   1.4636865363e+00   2.6078879694e-24  -1.0663171900e-24   1.8087579305e+03   8.4534657875e-02   3.9798039769e-01  -1.5699084081e+06   1.2532922279e-03   1.4270838263e-06   4.1670018778e-08   4.6190590584e-04   1.3468964261e-05   9.7587517290e-02   6.8121335849e-08   1.7974612663e-06   6.8456278540e-08   8.8664069819e-04   2.1374039161e-02   4.5262799070e-02   1.3072064075e-01   8.7972020553e-08   7.2974985832e-05   5.6870901341e-08   7.0236317331e-01  -6.7113557251e+05
   2.3410176315e-02   2.3173589005e-02   1.7735349523e-01   6.2273847072e-05   1.4020744064e+00   2.6559546015e-24  -7.9144530466e-25   1.8645277024e+03   7.5758104780e-02   3.3082600512e-01  -6.5594844908e+05   1.1945690855e-03   2.2311461129e-06   1.2997349804e-07   7.2249976510e-04   2.5286284242e-05   9.9343188639e-02   1.1773248146e-07   2.8297151028e-06   1.1645185798e-07   8.3634525525e-04   1.2575797035e-02   4.3391548269e-02   1.3272000718e-01   1.4492739211e-07   9.2373585160e-05   9.0723563694e-08   7.0909272424e-01  -6.2247789856e+05
   2.4050331492e-02   2.3646763625e-02   1.7193209731e-01   6.4340300799e-05   1.3154497480e+00   2.3214712373e-24  -1.1050905608e-25   1.9413934670e+03   6.5145218038e-02   2.3079968807e-01   1.7716758846e+07   1.0388959222e-03   7.0895252348e-06   1.8719033523e-06   1.5301543296e-03   1.1157323644e-04   1.0154675203e-01   3.4349343935e-07   7.3485572010e-06   3.3707685542e-07   5.9133012416e-04   2.7661891057e-03   3.8552442609e-02   1.3652810194e-01   4.7613357473e-07   1.2123977177e-04   2.4565029289e-07   7.1719560859e-01  -5.6088940401e+05
   2.4740152257e-02   2.4453899360e-02   1.7314943318e-01   6.4861847621e-05   1.2124946845e+00   1.2380802667e-24   7.9616478357e-25   1.9524278889e+03   5.6647559355e-02   1.5820409222e-01   3.2901054444e+07   4.8421118317e-04   5.5724866111e-05   3.2994429148e-04   7.7561858394e-03   1.9910812840e-03   9.9504175082e-02   1.3540049300e-06   1.0442597227e-06   5.7967950085e-08   7.6991620239e-06   1.5662341754e-05   1.9062972737e-02   1.4774378063e-01   3.6841807893e-07   7.6662269233e-06   4.6651865685e-08   7.2303802506e-01  -5.4570913736e+05
   2.5196672330e-02   2.5026405155e-02   1.7852590334e-01   6.3924383213e-05   1.1396585769e+00   8.7761812100e-25   6.7673604273e-25   1.9044900397e+03   5.1221454413e-02   1.4949125268e-01   2.3855274923e+07   2.5381486441e-04   4.2080056293e-05   5.9501333420e-04   2.2839918312e-02   2.4786615037e-03   9.4167649181e-02   3.0571951001e-06   1.0234757037e-08   6.1662231887e-10   7.6321626759e-08   1.7941426902e-07   9.8010408490e-03   1.4245236159e-01   1.2023455402e-08   1.2628809828e-07   5.2715583922e-10   7.2736599769e-01  -4.7586458763e+05
   2.5500440608e-02   2.5366939505e-02   1.8365095268e-01   6.2930382065e-05   1.0890367874e+00   6.2681305327e-25   5.2129239318e-25   1.8568731436e+03   4.7535668241e-02   1.4515235921e-01   2.3488168021e+07   1.6066071377e-04   2.9026063545e-05   6.1741703107e-04   3.5412308112e-02   2.3335552692e-03   8.9866465801e-02   4.0262496925e-06   1.5428144935e-10   9.7939835650e-12   1.4079111122e-09   4.1226307138e-09   5.9671181545e-03   1.3532347428e-01   2.2995553418e-09   2.8519576286e-09   8.5014540609e-12   7.3028593747e-01  -4.2329169115e+05
   2.5749779387e-02   2.5633941712e-02   1.8905312262e-01   6.1871303561e-05   1.0461481872e+00   4.4126864006e-25   3.4724632344e-25   1.8076041358e+03   4.4503595940e-02   1.3763174326e-01   2.1409471216e+07   1.0750233212e-04   1.9831548443e-05   5.6528364777e-04   4.6687958885e-02   2.0522499793e-03   8.5970428015e-02   4.6086613531e-06   3.5900747394e-12   2.3845914579e-13   4.1793083716e-11   1.4918586614e-10   3.8404311250e-03   1.2811396060e-01   1.0512827940e-09   9.4201406284e-11   2.0543472993e-13   7.3263774386e-01  -3.8218793630e+05
   2.5971386546e-02   2.5865617063e-02   1.9487195211e-01   6.0752131622e-05   1.0070317728e+00   2.8691807266e-25   1.8597806615e-25   1.7565522344e+03   4.1824695356e-02   1.2852712325e-01   1.8602120482e+07   7.3450570964e-05   1.3441935315e-05   4.8743336373e-04   5.7153096544e-02   1.7404294714e-03   8.2270006293e-02   4.9479467064e-06   1.2170997986e-13   8.3790915956e-15   1.8276205392e-12   7.7256029038e-12   2.5302777803e-03   1.2105535029e-01   5.2473623976e-10   5.2055667240e-12   7.0607588827e-15   7.3467156527e-01  -3.4859244480e+05
   2.6176416296e-02   2.6077156030e-02   2.0116968132e-01   5.9580695044e-05   9.7003438872e-01   1.5261328650e-25   4.7807588787e-26   1.7039613193e+03   3.9374892745e-02   1.1854403847e-01   1.5629157920e+07   5.0567443337e-05   9.0102155572e-06   4.0378235292e-04   6.7024441857e-02   1.4365260148e-03   7.8681622819e-02   5.1152803815e-06   5.6949902251e-15   4.0351786555e-16   1.1132502181e-13   5.4661515771e-13   1.6876933059e-03   1.1420401693e-01   2.6479658076e-10   7.2740340113e-13   3.3080725231e-16   7.3649722351e-01  -3.2029345747e+05
   2.6370678645e-02   2.6275676562e-02   2.0798785716e-01   5.8364828483e-05   9.3430200568e-01   2.9029794859e-26  -6.4008751667e-26   1.6501532460e+03   3.7091153381e-02   1.0816236557e-01   1.2771984171e+07   3.4867083520e-05   5.9543954554e-06   3.2394494177e-04   7.6412965183e-02   1.1580336409e-03   7.5167357821e-02   5.1525683635e-06   3.5340071497e-16   2.5666672962e-17   9.1017064846e-15   5.1352633523e-14   1.1357947523e-03   1.0758262612e-01   1.3348121969e-10   2.3482175955e-13   2.0942252318e-17   7.3817330336e-01  -2.9593290588e+05
   2.6557929354e-02   2.6465680728e-02   2.1537558835e-01   5.7109570594e-05   8.9928059803e-01  -9.1714826535e-26  -1.4903853563e-25   1.5953576811e+03   3.4933786329e-02   9.7727939821e-02   1.0174443765e+07   2.4010987992e-05   3.8672773713e-06   2.5257912682e-04   8.5397265533e-02   9.1270579323e-04   7.1703477298e-02   5.0886906509e-06   5.1501369680e-17  -2.6725456853e-15   1.0771681164e-15   6.2966748899e-15   7.7153786537e-04   1.0119207151e-01   6.6885231024e-11   1.0019375235e-13   2.1809347456e-18   7.3973739584e-01  -2.7456878292e+05
   2.6740732164e-02   2.6650177980e-02   2.2338808380e-01   5.5818724406e-05   8.6459740989e-01  -2.0020383578e-25  -2.0852868553e-25   1.5397669577e+03   3.2876809710e-02   8.7498966880e-02   7.9059835884e+06   1.6512160118e-05   2.4615599491e-06   1.9166942957e-04   9.4033020629e-02   7.0325160052e-04   6.8275644963e-02   4.9456795305e-06   2.8556523069e-18   2.1959080032e-19   1.3587763783e-16   9.8884418806e-16   5.3073988648e-04   9.5027224315e-02   3.3259592036e-11   4.5257620320e-14   2.6044642929e-19   7.4121452974e-01  -2.5552840484e+05
   2.6920920953e-02   2.6831286348e-02   2.3208697163e-01   5.4495470886e-05   8.2999650012e-01  -2.5546638665e-25  -2.4389082019e-25   1.4835557070e+03   3.0902707733e-02   7.7665545006e-02   5.9925047118e+06   1.1370460216e-05   1.5317172121e-06   1.4163086813e-04   1.0236052644e-01   5.2941035134e-04   6.4875763825e-02   4.7417510782e-06   3.6379856201e-19   2.8163070654e-20   2.3568749068e-17   1.9731555515e-16   3.7176693756e-04   8.9081384012e-02   1.6423990184e-11   2.1034918590e-14   5.3192791153e-20   7.4262187362e-01  -2.3831610358e+05
   2.7099875828e-02   2.7010555557e-02   2.4154207202e-01   5.3142521647e-05   7.9529975197e-01  -2.6233906583e-25  -2.5720413523e-25   1.4268836780e+03   2.8999301093e-02   6.8362106108e-02   4.4288910917e+06   7.8863807262e-06   9.2972833905e-07   1.0191150041e-04   1.1041024931e-01   3.8901414559e-04   6.1499685859e-02   4.4928799601e-06   5.6379882220e-20   4.4561320168e-21   5.1643269758e-18   4.9573572193e-17   2.6697848944e-04   8.3347307403e-02   8.0706113851e-12   1.0072665685e-14   1.3799427906e-20   7.4397154430e-01  -2.2255701006e+05
   2.7278887666e-02   2.7189196100e-02   2.5184604060e-01   5.1760540724e-05   7.6034390666e-01  -2.0179113854e-25  -2.5361689666e-25   1.3698293265e+03   2.7155877739e-02   5.9667796204e-02   3.1882177850e+06   5.5579256392e-06   5.4897032561e-07   7.1359338695e-05   1.1821475153e-01   2.7857966652e-04   5.8141974691e-02   4.2125037501e-06   1.0677372892e-20   8.6129594273e-22   1.4133989697e-18   1.5574188332e-17   1.9779228695e-04   7.7811489268e-02   3.9504738565e-12   5.0288921292e-15   4.0483974282e-21   7.4527373382e-01  -2.0794937568e+05
   2.7459767699e-02   2.7368579232e-02   2.6315565998e-01   5.0344013057e-05   7.2486545312e-01  -1.4262413644e-25  -2.4249228527e-25   1.3122275407e+03   2.5357510534e-02   5.1585071712e-02   2.2283235668e+06   4.0211168484e-06   3.1360859452e-07   4.8493543916e-05   1.2582992427e-01   1.9376631262e-04   5.4785851700e-02   3.9099609377e-06   2.4473348401e-21   2.0146234199e-22   4.8040708342e-19   6.1144455601e-18   1.5168072898e-04   7.2441031746e-02   1.9185472349e-12   2.6439996747e-15   1.2674230827e-21   7.4654100701e-01  -1.9421344367e+05
   2.7643494761e-02   2.7550956166e-02   2.7560802198e-01   4.8893220016e-05   6.8878357289e-01  -1.6558681620e-25  -2.2076322496e-25   1.2541633334e+03   2.3599515736e-02   4.4142012183e-02   1.5099393002e+06   3.0268883075e-06   1.7286567795e-07   3.1960464468e-05   1.3327176866e-01   1.3067724477e-04   5.1430025893e-02   3.5945913066e-06   7.0021168683e-22   5.8807717614e-23   2.0950342217e-19   3.1104751148e-18   1.2063667803e-04   6.7229730074e-02   9.2183894301e-13   1.4776016789e-15   4.1619602464e-22   7.4777840664e-01  -1.8116705886e+05
   2.7830279761e-02   2.7736033355e-02   2.8931641603e-01   4.7413355660e-05   6.5217744262e-01  -1.6498757819e-25  -1.9592673956e-25   1.1959199110e+03   2.1885009768e-02   3.7377119168e-02   9.9058083601e+05   2.3955432917e-06   9.1774904016e-08   2.0439571504e-05   1.4052551008e-01   8.5433501605e-05   4.8086890422e-02   3.2714782120e-06   2.6613588283e-22   2.2797502181e-23   1.2478030158e-19   2.1903995868e-18   9.9311525262e-05   6.2191133082e-02   4.3589459548e-13   8.7678975885e-16   1.4190955641e-22   7.4898552302e-01  -1.6873175882e+05
   2.8020901064e-02   2.7924526167e-02   3.0445468190e-01   4.5905062484e-05   6.1503999734e-01  -1.5780051595e-25  -1.6624322036e-25   1.1375979327e+03   2.0212553445e-02   3.1277995059e-02   6.2725426221e+05   1.9975690781e-06   4.6739834185e-08   1.2683903674e-05   1.4759703171e-01   5.4126895386e-05   4.4758786600e-02   2.9406526523e-06   1.5432740441e-22  -4.2341918410e-21   1.0296255530e-19   2.1524756072e-18   8.4093328292e-05   5.7322886987e-02   2.0071981377e-13   5.4405607804e-16   4.9390387235e-23   7.5016540562e-01  -1.5680946299e+05
   2.8216128966e-02   2.8117275962e-02   3.2122426466e-01   4.4369288622e-05   5.7739808573e-01  -1.5636526929e-25  -1.3608587058e-25   1.0793135752e+03   1.8582136021e-02   2.5829882444e-02   3.8199728735e+05   1.7446284919e-06   2.2731991690e-08   7.6473601727e-06   1.5448690690e-01   3.3279438217e-05   4.1449440572e-02   2.5986043095e-06  -1.1002118510e-20   7.9183158661e-24   1.0318237019e-19   2.6258417164e-18   7.2642615258e-05   5.2625213958e-02   8.8943611544e-14   3.4480160144e-16   1.7131410660e-23   7.5132050319e-01  -1.4532619880e+05
   2.8417314414e-02   2.8314981971e-02   3.3991607287e-01   4.2802750277e-05   5.3920570866e-01  -1.4766974068e-25  -1.0740160974e-25   1.0210307903e+03   1.6990617346e-02   2.1005457360e-02   2.2244725271e+05   1.5777711889e-06   1.0477265662e-08   4.4864760747e-06   1.6120923802e-01   1.9898733911e-05   3.8154903660e-02   2.2402106735e-06   5.2361945259e-23   4.7132115449e-24   1.1025500857e-19   3.4693219629e-18   6.3438969444e-05   4.8088287153e-02   3.7368627492e-14   2.1753477978e-16   5.7789390151e-24   7.5245591852e-01  -1.3420854177e+05
   2.8628460484e-02   2.8519646857e-02   3.6115745157e-01   4.1182498605e-05   4.9997916872e-01  -1.3667299743e-25  -8.2838094228e-26   9.6202281704e+02   1.5418038516e-02   1.6723516241e-02   1.2215206670e+05   1.4583839535e-06   4.4854093798e-09   2.5519673454e-06   1.6784915210e-01   1.1534948479e-05   3.4833894065e-02   1.8618022204e-06   3.4432923873e-23  -6.9251423280e-22   1.1736384373e-19   4.6163357493e-18   5.5445083705e-05   4.3654760743e-02   1.4483207610e-14   1.3338300442e-16   1.8674475415e-24   7.5358933642e-01  -1.2328771494e+05
   2.8851463610e-02   2.8737274110e-02   3.8542947091e-01   3.9508611331e-05   4.5980502737e-01  -1.1982040382e-25  -6.1751667868e-26   9.0245566702e+02   1.3868045919e-02   1.2996439487e-02   6.3296988612e+04   1.3643775833e-06   1.7781644020e-09   1.4218775600e-06   1.7439193070e-01   6.5398132251e-06   3.1491207567e-02   1.4799394866e-06   1.9625077129e-23  -3.6184503259e-22   1.1924468866e-19   6.0001238905e-18   4.8118449630e-05   3.9335409248e-02   5.1334833317e-15   7.9489387330e-17   5.8914782741e-25   7.5472252625e-01  -1.1241471290e+05
   2.9086374290e-02   2.8965653110e-02   4.1311049466e-01   3.7794128323e-05   4.1911100765e-01  -1.0199597440e-25  -4.4310336092e-26   8.4295738540e+02   1.2357861215e-02   9.8500508369e-03   3.1197170905e+04   1.2821273146e-06   6.5591162537e-10   7.8678439675e-07   1.8076546061e-01   3.6681881414e-06   2.8163708318e-02   1.1233859293e-06  -1.4715538383e-21   9.8160763178e-25   1.1449435930e-19   7.5106332085e-18   4.1184230381e-05   3.5174973167e-02   1.6641422052e-15   4.6957868695e-17  -5.6980930926e-25   7.5584781254e-01  -1.0164447354e+05
   2.9336099745e-02   2.9207095470e-02   4.4495114979e-01   3.6035112396e-05   3.7785417331e-01  -8.4770047978e-26  -2.8158344656e-26   7.8355734802e+02   1.0887798520e-02   7.2460539177e-03   1.4747368534e+04   1.2025266444e-06   2.2593927165e-10   4.3520729721e-07   1.8696883127e-01   2.0457003448e-06   2.4855479866e-02   8.1622043326e-07  -7.7298292857e-22   5.0290792755e-25   1.0357055964e-19   9.0053137381e-18   3.4449373741e-05   3.1165007852e-02   4.9169916906e-16   2.8193451192e-17  -2.6757309986e-25   7.5697173176e-01  -9.0910445246e+04
   2.9605654738e-02   2.9465104020e-02   4.8208572679e-01   3.4219860038e-05   3.3573153660e-01  -6.3900341747e-26  -1.5642189254e-26   7.2406553537e+02   9.4523110418e-03   5.1246704664e-03   6.7216150239e+03   1.1192951522e-06   7.2701817723e-11   2.4027376502e-07   1.9302572244e-01   1.1338889974e-06   2.1561815637e-02   5.6895657184e-07   2.5941613413e-24  -4.2648385052e-23   8.8076062872e-20   1.0286439121e-17   2.7812633392e-05   2.7273240674e-02   1.3099165157e-16   1.7514919877e-17   2.0387696526e-26   7.5810834613e-01  -8.0100237260e+04
   2.9911505318e-02   2.9746205455e-02   5.2751509411e-01   3.2277748027e-05   2.9123100497e-01  -4.1629769145e-26  -6.2032804196e-27   6.6253062239e+02   8.0078005335e-03   3.3369346273e-03   2.8559469147e+03   1.0245752259e-06   2.0754760289e-11   1.2830655802e-07   1.9912026660e-01   6.0814886909e-07   1.8188125710e-02   3.7402412942e-07   3.2728011949e-24  -2.7479812844e-22   6.9671307273e-20   1.1114588053e-17   2.1090624518e-05   2.3364684089e-02   2.9118344844e-17   1.1081083016e-17   1.0976681433e-26   7.5930369790e-01  -6.8944024030e+04
   3.0270083141e-02   3.0076805181e-02   5.8327680023e-01   3.0224941397e-05   2.4541238450e-01  -2.2309994460e-26  -6.6991620518e-28   5.9995684239e+02   6.5787361266e-03   1.9088724793e-03   1.1143302927e+03   9.1151101406e-07   5.1611795277e-12   6.5252938308e-08   2.0514934949e-01   3.1358477739e-07   1.4778290484e-02   2.2917910528e-07   4.4519648548e-25  -6.5531545016e-24   5.0096138965e-20   1.1060411340e-17   1.4527192702e-05   1.9512816418e-02   5.1191460026e-18   7.0048302524e-18   1.5851291320e-27   7.6054349688e-01  -5.7538523280e+04
   3.0702617208e-02   3.0463361100e-02   6.5044935036e-01   2.8124130919e-05   1.9985895143e-01  -1.0791207718e-26   1.0768168354e-27   5.3866794978e+02   5.2175751045e-03   9.5392218374e-04   3.9017353920e+02   7.7362613676e-07   1.0982867452e-12   3.0869907124e-08   2.1089183343e-01   1.5483712884e-07   1.1474496280e-02   1.2889252524e-07  -2.2441288074e-23   1.3124003657e-26   3.2642568197e-20   9.6916839088e-18   8.6759946049e-06   1.5829937399e-02   6.6479502090e-19   4.1769040029e-18  -8.5327537311e-28   7.6179396867e-01  -4.6348464981e+04
   3.1263756122e-02   3.0941873316e-02   7.3302864203e-01   2.5958094920e-05   1.5348759341e-01  -3.7651660773e-27   1.1222352010e-27   4.7853137197e+02   3.9063748896e-03   4.1327891838e-04   1.1445323074e+02   5.9929654692e-07   1.8647408861e-13   1.2762768575e-08   2.1642368362e-01   7.2456233895e-08   8.3241236138e-03   6.1985080003e-08   4.3866166924e-26  -3.1348948336e-25   1.8258137581e-20   6.7814927732e-18   3.9862129488e-06   1.2182073398e-02   5.2482065221e-20   2.0061997702e-18   5.8147964249e-29   7.6306538665e-01  -3.5136402422e+04
   3.2074286569e-02   3.1585638927e-02   8.3869847729e-01   2.3674140168e-05   1.0474868927e-01  -7.0935035745e-28   3.4273919021e-28   4.1864994745e+02   2.6075517343e-03   1.4865654458e-04   2.2840340442e+01   3.7627222126e-07   2.0906449537e-14   3.9411472881e-09   2.2190383197e-01   3.0631124938e-08   5.3519696579e-03   2.0774144616e-08   2.2786108748e-26  -1.8417876889e-24   7.1736550379e-21   2.8941305360e-18   1.0240897801e-06   8.3803723797e-03   1.5005559328e-21   5.3030640726e-19   1.0037630772e-29   7.6436237028e-01  -2.3656347140e+04
   3.3554296003e-02   3.2562934212e-02   9.9169163891e-01   2.1041808330e-05   4.9103522498e-02  -2.4606704705e-29   1.5251006311e-29   3.5434743101e+02   1.2054668388e-03   3.1815909161e-05   6.5392132203e-01   9.7838260515e-08   3.8676789363e-16   4.9082211861e-10   2.2782061222e-01   5.1238302574e-09   2.4166817001e-03   1.6227074651e-09   4.2166503616e-28  -3.1539311923e-26   6.5883586430e-22   2.2428888041e-19   5.0764001868e-08   4.0101288135e-03   1.3073365404e-24   2.4391754741e-20   7.3268578970e-32   7.6575242143e-01  -1.1223915993e+04
   3.6818625667e-02   3.4545657794e-02   1.1087579977e+00   1.9408985877e-05   1.5676148530e-02  -9.0250691366e-31   7.2358871449e-31   3.1705680375e+02   3.6706254487e-04   1.5343488161e-06   5.0477502885e-03   8.0574598509e-09   2.1460935630e-18   3.4899453470e-11   2.3135956717e-01   3.9387741085e-10   7.5597732222e-04   8.2584413170e-11   8.1347555332e-31   4.4931889944e-32   3.7540067075e-23   1.1066406994e-20   1.9435209983e-09   1.2916820104e-03   2.6366055201e-28   9.9576918356e-22   1.0491763558e-34   7.6659276299e-01  -2.5350644619e+03
   4.1364091491e-02   3.9091593540e-02   1.1563105443e+00   1.8817682608e-05   3.7309077299e-03  -1.7129551208e-32   1.8791527363e-32   3.0405498234e+02   7.0879508783e-05   8.8523469584e-08   1.0951611718e-05   4.5177402297e-10   4.3424184645e-21   1.4781468229e-12   2.3260997261e-01   1.8080890304e-11   1.7977387145e-04   2.2249501054e-12   1.2095322646e-33   6.3579851226e-35   1.1375787926e-24   2.8910116993e-22   3.8361406242e-11   3.0774743805e-04   1.5074114649e-32   1.9969666524e-23   1.1667292628e-37   7.6690250557e-01   8.4008112669e+02
   4.8181296128e-02   4.3636589442e-02   1.1704097655e+00   1.8649311550e-05   3.6975648446e-04  -9.8308203897e-35   1.2951477731e-34   3.0040237924e+02  -1.2345556169e-05   2.7131393889e-09   1.9970535993e-09   8.8198951970e-12   8.0869535365e-25   1.9159873533e-14   2.3296134021e-01   2.5243516961e-13   1.7852391391e-05   1.7364161019e-14   1.4856936220e-37   7.6940797284e-39   9.8109927089e-27   2.2330091579e-24   2.4147089603e-13   3.0481910025e-05   4.9271764431e-37   1.2845689331e-25   1.3148270147e-41   7.6699032548e-01   1.8018448617e+03
   5.8952423775e-02   5.2726002815e-02   1.1718509157e+00   1.8632272620e-05   3.1400601048e-05  -1.9292958417e-37   2.8758169424e-37   3.0003397540e+02  -2.0726495945e-05   8.7631835518e-12   4.7373582695e-14   7.6486468487e-14   2.0101163551e-29   8.9998685836e-17   2.3299672395e-01   1.2737886014e-15   1.5064824940e-06   4.6227801026e-17   2.1923622836e-42   1.1326052563e-43   2.8606100880e-29   5.9619461548e-27   5.4171681716e-16   2.5961119779e-06   3.1675522548e-41   1.9535058771e-27   1.9217340820e-46   7.6699917345e-01   1.8984606605e+03
   7.1405263739e-02   6.5178844735e-02   1.1719673115e+00   1.8630897800e-05   3.9498187767e-06  -1.7710681569e-40   2.9256563686e-40   3.0000425840e+02  -2.1405019645e-05   5.3523899205e-14   2.7338201859e-19   3.6067613255e-16   1.2037759208e-34   2.0118462784e-19   2.3299958864e-01   3.0517730703e-18   1.8873683534e-07   5.7272016202e-20   7.1011617191e-48   3.6543497942e-49   3.8520116725e-32   7.4249095731e-30   5.7472974615e-19   3.2679480830e-07   8.2927949774e-45   2.2212641663e-28   6.2006030755e-52   7.6699989583e-01   1.9064228172e+03
   9.0084520475e-02   7.7631682742e-02   1.1719824381e+00   1.8630719143e-05   3.6822708028e-07  -1.6576242833e-43   3.2844876457e-43   3.0000039671e+02  -2.1493375479e-05   4.6799103078e-16   2.3762210280e-24   1.8401118669e-18   1.0692206571e-39   5.1962113651e-22   2.3299996167e-01   9.0866970270e-21   1.7581696307e-08   7.3828433719e-23   2.8820726994e-53   1.4886209432e-54   5.2702945592e-35   8.8620941337e-33   5.5705447333e-22   3.0455207053e-08   2.2981693254e-48   2.0687394619e-29   2.5241415133e-57   7.6699999029e-01   1.9074692823e+03
   1.2744683968e-01   1.0253735821e-01   1.1719839806e+00   1.8630700925e-05   2.7060168869e-09  -6.9195515722e-46   1.4216334852e-45   3.0000000293e+02  -2.1502386960e-05   8.5712981916e-19   4.9958600174e-29   8.4768573659e-21   2.2373323227e-44   2.3439861330e-24   2.3299999972e-01   4.2048704875e-23   1.2982318648e-10   3.1361433137e-25   5.6338153402e-58   2.9136015360e-59   2.2291732688e-37   3.6397173338e-35   2.2169278943e-24   2.2298157404e-10   7.7847185664e-53   1.5143648940e-31   4.9393266460e-62   7.6699999993e-01   1.9075761062e+03
   1.7726580261e-01   1.5235632114e-01   1.1719839921e+00   1.8630700790e-05   4.9795035092e-12  -6.0871882215e-50   1.2846392267e-49   3.0000000001e+02  -2.1502453609e-05   2.0095355620e-23   4.6589779341e-35   3.6247981014e-24   1.2541888356e-51   4.3680489615e-28   2.3300000000e-01   7.9138351672e-27   2.4328069339e-13   3.6159453892e-29  -2.0531363313e-66   6.8070895618e-67   2.7706328034e-41   4.4303554330e-39   2.4614872836e-28   4.0380470698e-13   2.6576347442e-59   2.7403518576e-34   1.1644690498e-69   7.6700000000e-01   1.9075768835e+03
   2.2708476554e-01   2.0217528407e-01   1.1719839921e+00   1.8630700790e-05   1.3563382478e-15  -2.2599012656e-54   4.8952102404e-54   3.0000000000e+02  -2.1502453731e-05   6.6894573135e-29   2.3192620178e-39   6.7660605145e-28   2.0710513511e-59   3.4639957973e-32   2.3300000000e-01   6.3396563589e-31   7.5735841337e-17   1.7649782849e-33  -2.3180328044e-69   4.1280524758e-75   1.4587956630e-45   2.2855713900e-43   1.1581050245e-32   9.0828872445e-17   1.1512297214e-65   6.1145786513e-38   5.0868643324e-78   7.6700000000e-01   1.9075768848e+03
   2.7690372847e-01   2.5199424701e-01   1.1719839921e+00   1.8630700790e-05   9.6235207370e-19  -5.5451176893e-59   1.2319306387e-58   3.0000000000e+02  -2.1502453731e-05   7.7894719764e-37   8.0765565559e-44   8.3950358156e-32   2.1404918165e-67   1.8177721271e-36   2.3300000000e-01   3.3682713181e-35   1.0362358050e-20   5.7000958301e-38   1.6977849844e-82   5.3705468764e-84   5.0801649786e-50   7.8023748334e-48   3.6077271112e-37   8.7683630310e-21   1.0561954193e-69   5.8531334937e-42   9.9474132858e-87   7.6700000000e-01   1.9075768848e+03
   3.2672269141e-01   3.0181320994e-01   1.1719839921e+00   1.8630700790e-05   7.9058498202e-21  -1.0287517289e-63   2.3407458761e-63   3.0000000000e+02  -2.1502453731e-05   1.9473679941e-37   2.1274245108e-48   7.8877018025e-36   2.5024313039e-74   7.2141992374e-41   2.3300000000e-01   1.3603546525e-39   8.9859858256e-25   1.3934419775e-42  -3.5714671851e-79   1.6329612927e-88   1.3381528957e-54   2.0169781663e-52   8.5219356738e-42   5.3353293231e-25   6.3720111354e-74   3.5311948948e-46   1.1408506240e-95   7.6700000000e-01   1.9075768848e+03
   3.7654165434e-01   3.5163217287e-01   1.1719839921e+00   1.8630700790e-05  -1.1916104648e-20  -1.5394070999e-68   3.5841395265e-68   3.0000000000e+02  -2.1502453731e-05   7.0117293881e-36   4.5220637551e-53   5.9879239192e-40   7.0367929662e-79   2.3162375746e-45   2.3300000000e-01   4.4934488186e-44   5.6779701794e-29   2.7543487430e-47  -5.6966249102e-84  -1.6333301409e-87   2.8443842205e-59   4.2123509445e-57   1.6291600024e-46   2.3595816910e-29   2.7940132583e-78   1.5483660056e-50  8.8139454814e-105   7.6700000000e-01   1.9075768848e+03
   4.2636061727e-01   4.0145113581e-01   1.1719839921e+00   1.8630700790e-05  -8.6040093735e-21  -1.9340350571e-73   4.6103287763e-73   3.0000000000e+02  -2.1502453731e-05   3.1165918807e-36   8.0772071175e-58   3.8322147697e-44   4.3783168056e-83   6.2975726957e-50   2.3300000000e-01   1.2810018191e-48   2.8093786976e-33   4.6237342931e-52  -2.9867600872e-90   1.3738348662e-99   5.0805742065e-64   7.3978268089e-62   2.6250941581e-51   8.1593850363e-34   9.5790711959e-83   5.3084602079e-55  9.9468862271e-114   7.6700000000e-01   1.9075768848e+03
   4.7617958021e-01   4.5127009874e-01   1.1719839921e+00   1.8630700790e-05  -8.3947072932e-20  -2.0988478728e-78   5.1372283326e-78   3.0000000000e+02  -2.1502453731e-05   1.2466367523e-35   1.2481290867e-62   2.1362423095e-48   3.4792086355e-87   1.5044217667e-54   2.3300000000e-01   3.2975524267e-53   1.1380949541e-37   1.6965313757e-55  -2.6886969924e-92  -1.8443854340e-98   7.8507527249e-69   1.1239964064e-66   3.6710922862e-56   2.3078743223e-38   2.6862496882e-87   1.4886486784e-59  2.2615455822e-123   7.6700000000e-01   1.9075768848e+03
   5.2599854314e-01   5.0108906167e-01   1.1719839921e+00   1.8630700790e-05  -8.7637990230e-20  -2.0107925949e-83   5.0850805271e-83   3.0000000000e+02  -2.1502453731e-05   3.1165918807e-36   1.6455101901e-67   1.0668363867e-52   3.9593497956e-89   3.2637649301e-59   2.3300000000e-01   7.9544126482e-58   3.8925312200e-42   2.9121034784e-57  -1.3258391034e-98 -5.3150467608e-102   1.0737976004e-73   1.5100579108e-71   4.5611245551e-61   5.5076051844e-43   6.3557015120e-92   3.5221569148e-64 -1.8279196373e-130   7.6700000000e-01   1.9075768848e+03
   5.7581750607e-01   5.5090802461e-01   1.1719839921e+00   1.8630700790e-05  -4.7222925675e-20  -1.7314582768e-88   4.5734292500e-88   3.0000000000e+02  -2.1502453731e-05   1.9493761074e-37  -6.1615456220e-69   4.9002581390e-57   2.2160736929e-91   6.6286569731e-64   2.3300000000e-01   1.8418337904e-62   1.1496177529e-46   1.6323233153e-59 -1.8766501978e-100 -4.4546962421e-103   1.3257176463e-78   1.8266411014e-76   5.1393259459e-66   1.1344143097e-47   1.2978819527e-96   7.1925093793e-69  4.1929811092e-141   7.6700000000e-01   1.9075768848e+03
   6.2563646901e-01   6.0072698754e-01   1.1719839921e+00   1.8630700790e-05   2.0306155404e-17  -1.3615876104e-93   3.8193226887e-93   3.0000000000e+02  -2.1502453731e-05   7.7894719764e-37  -6.1636532528e-69   2.1227812666e-61   9.2842302974e-93   1.4221093689e-68   2.3300000000e-01   3.1085864198e-67   2.9828834810e-51   6.8386650670e-61 -8.6202307979e-109 -1.1922082758e-110   1.5045897060e-83   2.0221161054e-81   5.3565546111e-71   2.0520343495e-52  2.3275981016e-101   1.2898914094e-73  2.9443144525e-147   7.6700000000e-01   1.9075768848e+03
   6.7545543194e-01   6.5054595047e-01   1.1719839921e+00   1.8630700790e-05   7.6783184690e-19  -9.9314566395e-99   3.0257247137e-98   3.0000000000e+02  -2.1502453731e-05   7.8038935679e-37  -6.1636532757e-69   8.8665111695e-66   7.9523867888e-90   1.4770098353e-66   2.3300000000e-01   9.8876420183e-66   7.0298911700e-56   5.8572518500e-58 -7.4145834151e-111  3.3900777715e-120   1.5986680838e-88   2.0814190708e-86   5.2698698188e-76   3.4029365031e-57  3.8274327138e-106   2.1210585952e-78  4.1467240663e-149   7.6700000000e-01   1.9075768848e+03
   7.2518245670e-01   7.0036491341e-01   1.1719839921e+00   1.8630700790e-05   9.5441163527e-21 -6.8596337782e-104  2.3336452049e-103   3.0000000000e+02  -2.1502453731e-05   7.8183018461e-37  -6.1636532783e-69   3.6401776767e-70   9.4894472978e-86   1.0590559689e-62   2.3300000000e-01   1.1274115910e-62   1.8038922985e-60   6.9898628580e-54  8.4794916924e-119 -1.2098138046e-120   1.6273943547e-93   2.0333085410e-91   5.0211440251e-81   6.6353211853e-62  7.4095984059e-111   4.1061973326e-83  9.5799670661e-150   7.6700000000e-01   1.9075768848e+03