1.935483870967741049e-01 9.858152144148087104e-02 2.030000000000000138e-01 4.493104926981344782e+00 1.522246236726851225e+09
1.935483870967741049e-01 9.858152144148087104e-02 4.000000000000003553e-03 4.255045914536161433e+00 9.074636382921469116e+10
1.935483870967741049e-01 9.858152144148087104e-02 5.990000000000004002e-03 4.280045914536161789e+00 7.863743479997135925e+10
1.935483870967741049e-01 9.858152144148087104e-02 7.980000000000004451e-03 4.305045914536162144e+00 7.537883284252947998e+10
1.935483870967741049e-01 9.858152144148087104e-02 9.970000000000004900e-03 4.330045914536162499e+00 7.217101138777536011e+10
1.935483870967741049e-01 9.858152144148087104e-02 1.196000000000000535e-02 4.355045914536162854e+00 6.938297514711317444e+10
1.935483870967741049e-01 9.858152144148087104e-02 6.713539771600957051e-02 6.855045914536162854e+00 1.900198906384982109e+09
1.935483870967741049e-01 9.858152144148087104e-02 1.131924066774129545e-01 4.355045914536162854e+00 1.935994088385498151e+07
1.935483870967741049e-01 9.858152144148087104e-02 1.069843345327905204e-01 4.139623252134844833e+00 1.021860073648619582e+05
1.935483870967741049e-01 9.858152144148087104e-02 1.029452410268969637e-01 4.058878039210705779e+00 6.077028245920241716e+03
1.935483870967741049e-01 9.858152144148087104e-02 1.010223931704555961e-01 4.020438568052986383e+00 3.121272060697793336e+02
1.935483870967741049e-01 9.858152144148087104e-02 1.002253338858008630e-01 4.004504629616090661e+00 9.214912851901681634e+00
1.935483870967741049e-01 9.858152144148087104e-02 1.000166785711019413e-01 4.000333419234067378e+00 4.327965171232615177e-02
1.935483870967741049e-01 9.858152144148087104e-02 1.000001056936333232e-01 4.000002112914490482e+00 1.716615441277808603e-06
