# L (m)  = 0.0048
# P (Pa) = 101325
#             001_x           002_mixf              003_T              004_h        005_density             006_H2              007_H              008_O             009_O2             010_OH            011_H2O            012_HO2            013_CH2         014_CH2(S)            015_CH3            016_CH4             017_CO            018_CO2            019_HCO           020_CH2O          021_CH2OH             022_N2
                  0   0.0000000000e+00   3.0000000000e+02   1.9075768848e+03   1.1719839921e+00   0.0000000000e+00   0.0000000000e+00   0.0000000000e+00   2.3300000000e-01   0.0000000000e+00   0.0000000000e+00   0.0000000000e+00   0.0000000000e+00   0.0000000000e+00   0.0000000000e+00   0.0000000000e+00   0.0000000000e+00   0.0000000000e+00   0.0000000000e+00   0.0000000000e+00   0.0000000000e+00   7.6700000000e-01
   9.6000000000e-06   3.7448134603e-03   4.3852736795e+02  -3.5147440461e+04   7.9961180991e-01   2.0591136096e-05   8.3975236981e-07   1.5821427693e-05   2.1840397493e-01   5.2416773902e-05   6.7697537618e-03   1.3180288598e-04   8.2902811870e-12   5.8765975431e-13   4.1618703965e-09   1.6206983836e-06   2.0557461092e-03   9.0176868332e-03   2.1272464834e-10   1.0786262059e-07   1.2702111935e-13   7.6353012480e-01
   2.8800000000e-05   8.4069363169e-03   6.1100312398e+02  -6.3100976112e+04   5.7212417623e-01   4.7528878502e-05   3.7811835288e-06   5.3415477596e-05   2.0038419113e-01   1.4567860715e-04   1.4485192287e-02   1.3304534987e-04   5.8180498817e-11   5.0418534424e-12   1.4209865706e-08   3.6637709006e-06   4.6835014010e-03   2.0102871726e-02   1.9360204515e-09   2.4941788829e-07   2.3069876498e-12   7.5995636753e-01
   4.8000000000e-05   1.2387457362e-02   7.4471737184e+02  -9.0871525330e+04   4.6817986420e-01   7.0737402082e-05   8.0963471048e-06   1.1482286801e-04   1.8502590789e-01   2.2937413109e-04   2.0869893375e-02   1.0462607804e-04   1.9548427630e-10   1.7784970858e-11   3.3443877620e-08   5.4278912147e-06   6.9625994516e-03   2.9550805837e-02   6.1621164480e-09   4.1940196122e-07   9.7714958122e-12   7.5705774471e-01
   6.7200000000e-05   1.5951294402e-02   8.5625440721e+02  -1.1695912608e+05   4.0624459335e-01   9.1633064810e-05   1.3334724929e-05   2.0517784270e-04   1.7127183549e-01   3.0370972956e-04   2.6473531752e-02   8.1340427178e-05   4.8256245432e-10   4.4137845198e-11   6.4419947712e-08   7.0507520272e-06   9.0404879930e-03   3.7984275852e-02   1.4169544749e-08   6.5450049535e-07   2.6298489665e-11   7.5452638767e-01
   8.6400000000e-05   1.9232375121e-02   9.5285267544e+02  -1.4172984387e+05   3.6426553681e-01   1.1111990171e-04   1.9138319066e-05   3.2427470597e-04   1.5860172981e-01   3.7888746719e-04   3.1554671628e-02   6.4852462979e-05   1.0354198621e-09   9.3740035993e-11   1.1123492748e-07   8.6390367262e-06   1.0996833921e-02   4.5702476127e-02   2.8115015900e-08   9.8559512306e-07   5.8171517089e-11   7.5223674894e-01
   1.0560000000e-04   2.2305559534e-02   1.0384544735e+03  -1.6567572617e+05   3.3354261555e-01   1.2987868364e-04   2.5270980764e-05   4.6594565936e-04   1.4673481487e-01   4.6386404822e-04   3.6250573087e-02   5.3073023998e-05   2.0861249207e-09   1.8585840390e-10   1.8106464174e-07   1.0312303492e-05   1.2881311267e-02   5.2864286092e-02   5.1395370938e-08   1.4480659257e-06   1.1749199132e-10   7.5011848283e-01
   1.2480000000e-04   2.5216122787e-02   1.1155008121e+03  -1.8909336991e+05   3.0987850792e-01   1.4851107022e-04   3.1586747627e-05   6.1962737601e-04   1.3551498748e-01   5.6354238319e-04   4.0641417868e-02   4.4380299150e-05   4.0802305811e-09   3.5677672225e-10   2.8565241847e-07   1.2235576516e-05   1.4730074190e-02   5.9558870844e-02   8.9039669283e-08   2.0934002766e-06   2.2832764796e-10   7.4813279461e-01
   1.4400000000e-04   2.7993033990e-02   1.1856338784e+03  -2.1199285245e+05   2.9097323568e-01   1.6760440696e-04   3.7982699535e-05   7.7292250227e-04   1.2485391363e-01   6.7907800031e-04   4.4776752091e-02   3.7768995340e-05   7.8721085903e-09   6.7407764193e-10   4.4491805919e-07   1.4651069659e-05   1.6572779344e-02   6.5834381412e-02   1.4856514455e-07   3.0060464420e-06   4.3905073565e-10   7.4624805037e-01
   1.6320000000e-04   3.0655744675e-02   1.2500225044e+03  -2.3429988324e+05   2.7544999498e-01   1.8776137068e-04   4.4362021748e-05   9.1390271991e-04   1.1470416638e-01   8.0872255057e-04   4.8689242990e-02   3.2619688776e-05   1.5136549433e-08   1.2659637443e-09   6.9416468577e-07   1.7918942349e-05   1.8436139024e-02   7.1713424106e-02   2.4187230022e-07   4.3298517581e-06   8.4783296415e-10   7.4444696094e-01
   1.8240000000e-04   3.3217938667e-02   1.3095314398e+03  -2.5588431197e+05   2.6242923719e-01   2.0960254004e-04   5.0612206176e-05   1.0325465168e-03   1.0504068238e-01   9.4844317056e-04   5.2401016408e-02   2.8543223251e-05   2.9228517800e-08   2.3803546425e-09   1.0972023038e-06   2.2578841383e-05   2.0345081256e-02   7.7200405736e-02   3.8866013668e-07   6.3094963757e-06   1.6553999406e-09   7.4271214968e-01
   2.0160000000e-04   3.5689683047e-02   1.3648173784e+03  -2.7657287032e+05   2.5132048139e-01   2.3376223893e-04   5.6598557302e-05   1.1213431462e-03   9.5853522404e-02   1.0923432110e-03   5.5928260923e-02   2.5297448685e-05   5.6962682467e-08   4.5019405844e-09   1.7704067139e-06   2.9450654430e-05   2.2323320493e-02   8.2288139391e-02   6.2182623838e-07   9.3564669887e-06   3.2728333855e-09   7.4103665450e-01
   2.2080000000e-04   3.8078693423e-02   1.4163854114e+03  -2.9616314313e+05   2.4171196396e-01   2.6087181340e-04   6.2165471943e-05   1.1752627750e-03   8.7141201916e-02   1.2329641223e-03   5.9282388982e-02   2.2740584887e-05   1.1226584112e-07   8.5807958589e-09   2.9277652539e-06   3.9797076530e-05   2.4392516552e-02   8.6960761806e-02   9.9534142761e-07   1.4153801531e-05   6.5369642908e-09   7.3941061298e-01
   2.4000000000e-04   4.0391111215e-02   1.4646211951e+03  -3.1443848889e+05   2.3330854616e-01   2.9154442610e-04   6.7143933085e-05   1.1914755979e-03   7.8909939279e-02   1.3616201552e-03   6.2471706815e-02   2.0804434310e-05   2.2356919570e-07   1.6471607058e-08   4.9664359970e-06   5.5580517353e-05   2.6571352101e-02   9.1198511461e-02   1.5946788955e-06   2.1816283701e-05   1.3127084422e-08   7.3783219882e-01
   2.5920000000e-04   4.2632048374e-02   1.5098061397e+03  -3.3118343532e+05   2.2589527578e-01   3.2634294858e-04   7.1358412538e-05   1.1690400214e-03   7.1171082327e-02   1.4687665029e-03   6.5500504060e-02   1.9474841505e-05   4.4825893131e-07   3.1748448364e-08   8.6283631045e-06   7.9850236589e-05   2.8873069954e-02   9.4979634617e-02   2.5475395162e-06   3.4108754146e-05   2.6328799465e-08   7.3629457174e-01
   2.7840000000e-04   4.4806076913e-02   1.5521192435e+03  -3.4619907284e+05   2.1931546221e-01   3.6573885248e-04   7.4634934204e-05   1.1088500704e-03   6.3941855708e-02   1.5445748338e-03   6.8369604210e-02   1.8771748974e-05   8.9892072167e-07   6.1108952446e-08   1.5297016409e-05   1.1729852318e-04   3.1302870960e-02   9.8285201957e-02   4.0266055588e-06   5.3674127040e-05   5.2305596348e-08   7.3479709816e-01
   2.9760000000e-04   4.6917793961e-02   1.5916281876e+03  -3.5931795833e+05   2.1345730869e-01   4.1003380962e-04   7.6804970099e-05   1.0138887553e-03   5.7243284314e-02   1.5797983358e-03   7.1074671807e-02   1.8717801671e-05   1.7842898265e-06   1.1643528698e-07   2.7504704130e-05   1.7499417807e-04   3.3853492030e-02   1.0110124587e-01   6.2250421013e-06   8.4094176225e-05   1.0183879173e-07   7.3333272681e-01
   3.1680000000e-04   4.8972518824e-02   1.6282743577e+03  -3.7041800611e+05   2.0824543605e-01   4.5925918867e-04   7.7709824895e-05   8.8983145755e-04   5.1099585465e-02   1.5672022618e-03   7.3606770494e-02   1.9291120996e-05   3.4546563854e-06   2.1681653043e-07   4.9686218994e-05   2.6323918607e-04   3.6501229406e-02   1.0342433245e-01   9.2769459735e-06   1.2941504224e-04   1.9173050893e-07   7.3189981945e-01
   3.3600000000e-04   5.0977044206e-02   1.6618625957e+03  -3.7943601029e+05   2.0363439902e-01   5.1304151824e-04   7.7204172764e-05   7.4562245219e-04   4.5534048465e-02   1.5034778757e-03   7.5951279538e-02   2.0370414066e-05   6.4070443737e-06   3.8798727358e-07   8.9007949806e-05   3.9634753153e-04   3.9201832437e-02   1.0526399142e-01   1.3111864554e-05   1.9267589666e-04   3.4349543223e-07   7.3049033328e-01
   3.5520000000e-04   5.2940160883e-02   1.6920750586e+03  -3.8638433867e+05   1.9960144797e-01   5.7049840483e-04   7.5172588582e-05   5.9342606710e-04   4.0565237078e-02   1.3912800133e-03   7.8090382943e-02   2.1707600765e-05   1.1163387678e-05   6.5462000916e-07   1.5565254159e-04   5.9299010404e-04   4.1890977140e-02   1.0664768986e-01   1.7305891496e-05   2.7343918480e-04   5.7574244994e-07   7.2910236028e-01
   3.7440000000e-04   5.4872544625e-02   1.7185306425e+03  -3.9137602460e+05   1.9613648263e-01   6.3020117580e-04   7.1565444507e-05   4.4709536028e-04   3.6200495764e-02   1.2402058195e-03   8.0004906881e-02   2.2968737288e-05   1.7957581886e-05   1.0228338633e-06   2.6147504020e-04   8.7562844811e-04   4.4489764250e-02   1.0762021863e-01   2.1084970393e-05   3.6556968023e-04   8.8925047640e-07   7.2772843209e-01
   3.9360000000e-04   5.6785768046e-02   1.7408927390e+03  -3.9465592018e+05   1.9322949707e-01   6.9029611558e-04   6.6458071465e-05   3.1908323630e-04   3.2431473275e-02   1.0656155319e-03   8.1680170987e-02   2.3845073088e-05   2.6343593318e-05   1.4605484457e-06   4.1630054943e-04   1.2687731554e-03   4.6918151424e-02   1.0824286343e-01   2.3600635144e-05   4.5760451307e-04   1.2525267143e-06   7.2636722220e-01
   4.1280000000e-04   5.8690736806e-02   1.7589893041e+03  -3.9661743944e+05   1.9085915791e-01   7.4874984444e-04   6.0098397501e-05   2.1706753506e-04   2.9230768494e-02   8.8505870289e-04   8.3109354414e-02   2.4163726539e-05   3.5059533842e-05   1.8944511114e-06   6.2289446027e-04   1.7962372606e-03   4.9109640784e-02   1.0858512004e-01   2.4343354704e-05   5.3675509678e-04   1.6027569787e-06   7.2501067167e-01
   4.3200000000e-04   6.0596306290e-02   1.7728849358e+03  -3.9777579662e+05   1.8898730005e-01   8.0367812842e-04   5.2902708713e-05   1.4244802243e-04   2.6553555939e-02   7.1395004613e-04   8.4297584475e-02   2.3918975834e-05   4.2410966985e-05   2.2352825241e-06   8.7361084248e-04   2.4781627644e-03   5.1023392988e-02   1.0871777837e-01   2.3361226793e-05   5.9412062629e-04   1.8686371744e-06   7.2365553623e-01
   4.5120000000e-04   6.2508686811e-02   1.7828706389e+03  -3.9869168077e+05   1.8756096800e-01   8.5359911918e-04   4.5379832868e-05   9.1593676125e-05   2.4341577835e-02   5.6260579373e-04   8.5260284758e-02   2.3216739583e-05   4.6984644913e-05   2.4169190705e-06   1.1512191837e-03   3.3285632273e-03   5.2646457088e-02   1.0870326098e-01   2.1128883084e-05   6.2717488998e-04   2.0010477284e-06   7.2229201441e-01
   4.7040000000e-04   6.4431641506e-02   1.7893916130e+03  -3.9987630605e+05   1.8651911799e-01   8.9758446046e-04   3.8023989847e-05   5.8629845483e-05   2.2529901261e-02   4.3571051799e-04   8.6021728684e-02   2.2195668688e-05   4.8191100270e-05   2.4211201742e-06   1.4335218230e-03   4.3539573823e-03   5.3990138660e-02   1.0859266833e-01   1.8249402606e-05   6.3849581675e-04   1.9900866931e-06   7.2091710950e-01
   4.8960000000e-04   6.6367072625e-02   1.7929605391e+03  -4.0171945254e+05   1.8579969568e-01   9.3525345071e-04   3.1225962256e-05   3.7845205172e-05   2.1052666846e-02   3.3353557956e-04   8.6609759764e-02   2.0976227293e-05   4.6327727892e-05   2.2749316258e-06   1.6989902245e-03   5.5530166977e-03   5.5081122453e-02   1.0842278087e-01   1.5229667770e-05   6.3289502572e-04   1.8606837451e-06   7.1952371616e-01
   5.0880000000e-04   6.8315627200e-02   1.7940895651e+03  -4.0446088237e+05   1.8534464934e-01   9.6670492133e-04   2.5233730197e-05   2.4839119182e-05   1.9848294258e-02   2.5372456937e-04   8.7053664811e-02   1.9647102168e-05   4.2264550636e-05   2.0303004340e-06   1.9310056406e-03   6.9173124736e-03   5.5954341009e-02   1.0821925512e-01   1.2402199015e-05   6.1526463398e-04   1.6556724372e-06   7.1811287888e-01
   5.2800000000e-04   7.0277171757e-02   1.7932489362e+03  -4.0819997890e+05   1.8510261847e-01   9.9237586750e-04   2.0155587166e-05   1.6643314831e-05   1.8862140834e-02   1.9277475244e-04   8.7380198289e-02   1.8270505678e-05   3.7030729665e-05   1.7418984438e-06   2.1197041226e-03   8.4326988649e-03   5.6645866103e-02   1.0799743330e-01   9.9391723057e-06   5.8967390278e-04   1.4186262201e-06   7.1668140997e-01
   5.4720000000e-04   7.2251131003e-02   1.7908468974e+03  -4.1292714416e+05   1.8502995328e-01   1.0129238052e-03   1.5989640699e-05   1.1399520875e-05   1.8048211303e-02   1.4699390219e-04   8.7613577259e-02   1.6891969643e-05   3.1511087040e-05   1.4529704689e-06   2.2618491335e-03   1.0081373834e-02   5.7189846069e-02   1.0776692214e-01   7.8975731479e-06   5.5927116631e-04   1.1833826350e-06   7.1523322568e-01
   5.6640000000e-04   7.4236724400e-02   1.7872235680e+03  -4.1856155413e+05   1.8509071503e-01   1.0290926085e-03   1.2660510417e-05   7.9823937868e-06   1.7368934199e-02   1.1299565557e-04   8.7773450777e-02   1.5546407764e-05   2.6309878681e-05   1.1904951591e-06   2.3594034248e-03   1.1843822885e-02   5.7615504916e-02   1.0753213882e-01   6.2633853911e-06   5.2641888369e-04   9.7074652720e-07   7.1376678814e-01
   5.8560000000e-04   7.6233127531e-02   1.7826533389e+03  -4.2498539008e+05   1.8525608332e-01   1.0416385186e-03   1.0053908052e-05   5.7142530194e-06   1.6794754605e-02   8.7910284449e-05   8.7876379119e-02   1.4261075894e-05   2.1748856970e-05   9.6682811990e-07   2.4177081659e-03   1.3700812448e-02   5.7947427161e-02   1.0729584833e-01   4.9861376190e-06   4.9285862500e-04   7.9003145202e-07   7.1228666352e-01
   6.0480000000e-04   7.8239574467e-02   1.7773520652e+03  -4.3206995979e+05   1.8550344324e-01   1.0512525299e-03   8.0428399190e-06   4.1821946968e-06   1.6302697979e-02   6.9427222486e-05   8.7934730056e-02   1.3055878780e-05   1.7933106371e-05   7.8404178916e-07   2.4436856390e-03   1.5634570623e-02   5.8204800917e-02   1.0705851607e-01   4.0022251043e-06   4.5982070614e-04   6.4254186238e-07   7.1079132786e-01
   6.2400000000e-04   8.0255413379e-02   1.7714864080e+03  -4.3969280211e+05   1.8581534677e-01   1.0585445021e-03   6.5053402979e-06   3.1298744536e-06   1.5875394771e-02   5.5758539120e-05   8.7958675605e-02   1.1943724938e-05   1.4833713057e-05   6.3844086935e-07   2.4445225083e-03   1.7629814164e-02   5.8403029428e-02   1.0682081300e-01   3.2490896023e-06   4.2812888409e-04   5.2512061116e-07   7.0928501677e-01
   6.4320000000e-04   8.2280127192e-02   1.7651834812e+03  -4.4774696121e+05   1.8617848854e-01   1.0640137581e-03   5.3340206054e-06   2.3948553110e-06   1.5499607012e-02   4.5562162315e-05   8.7955277430e-02   1.0930785391e-05   1.2356280325e-05   5.2395076210e-07   2.4267624796e-03   1.9673812417e-02   5.8553544927e-02   1.0658221215e-01   2.6721887443e-06   3.9827954361e-04   4.3279464910e-07   7.0776575383e-01
   6.6240000000e-04   8.4313331074e-02   1.7585396652e+03  -4.5614446585e+05   1.8658278528e-01   1.0680694523e-03   4.4400450893e-06   1.8724237357e-06   1.5165471264e-02   3.7856612542e-05   8.7930488096e-02   1.0017741246e-05   1.0387258277e-05   4.3421099161e-07   2.3959161229e-03   2.1756604987e-02   5.8665548879e-02   1.0634299079e-01   2.2274392202e-06   3.7052980121e-04   3.6040791190e-07   7.0623730963e-01
   6.8160000000e-04   8.6354756802e-02   1.7516280378e+03  -4.6481610734e+05   1.8702060250e-01   1.0710236432e-03   3.7530850833e-06   1.4941092691e-06   1.4865405184e-02   3.1937545945e-05   8.7888116486e-02   9.2009654321e-06   8.8189886262e-06   3.6358504300e-07   2.3563067739e-03   2.3870396850e-02   5.8745678106e-02   1.0610252660e-01   1.8808826949e-06   3.4496143886e-04   3.0340689571e-07   7.0469730111e-01
   7.0080000000e-04   8.8404231864e-02   1.7445042916e+03  -4.7370923397e+05   1.8748613706e-01   1.0731237314e-03   3.2193862599e-06   1.2146972956e-06   1.4593728709e-02   2.7307128752e-05   8.7831671675e-02   8.4741204463e-06   7.5605849772e-06   3.0750899669e-07   2.3111912636e-03   2.6009516193e-02   5.8799512418e-02   1.0586112927e-01   1.6072250264e-06   3.2154548965e-04   2.5810961461e-07   7.0314915932e-01
   7.2000000000e-04   9.0461658172e-02   1.7372112604e+03  -4.8278477984e+05   1.8797494248e-01   1.0745492082e-03   2.7988357744e-06   1.0040638632e-06   1.4345935065e-02   2.3615986341e-05   8.7763155057e-02   7.8292397802e-06   6.5399661587e-06   2.6246670124e-07   2.2628924576e-03   2.8169623375e-02   5.8830978289e-02   1.0561825259e-01   1.3879673402e-06   3.0018051915e-04   2.2168097123e-07   7.0159024010e-01
   7.3920000000e-04   9.2526993267e-02   1.7297822829e+03  -4.9201426708e+05   1.8848357401e-01   1.0754431901e-03   2.4620783168e-06   8.4200194202e-07   1.4118594453e-02   2.0619864234e-05   8.7684755111e-02   7.2578408409e-06   5.7021522241e-06   2.2583043345e-07   2.2130358719e-03   3.0347767329e-02   5.8843636962e-02   1.0537428425e-01   1.2097310889e-06   2.8073002949e-04   1.9200318307e-07   7.0002376990e-01
   7.5840000000e-04   9.4600234932e-02   1.7222436583e+03  -5.0137716517e+05   1.8900932814e-01   1.0759054028e-03   2.1878380734e-06   7.1483005738e-07   1.3908859904e-02   1.8147084012e-05   8.7597509793e-02   6.7514535262e-06   5.0059207707e-06   1.9565910790e-07   2.1626941548e-03   3.2541621554e-02   5.8839901355e-02   1.0512874482e-01   1.0628347508e-06   2.6303857982e-04   1.6751263907e-07   6.9844695619e-01
   7.7760000000e-04   9.6681409437e-02   1.7146164223e+03  -5.1085874319e+05   1.8955005360e-01   1.0760193025e-03   1.9608111079e-06   6.1320124787e-07   1.3714531545e-02   1.6076162260e-05   8.7502905339e-02   6.3021617596e-06   4.4206565295e-06   1.7052556287e-07   2.1125775193e-03   3.4749742916e-02   5.8822190961e-02   1.0488207194e-01   9.4025154754e-07   2.4695033550e-04   1.4706073216e-07   6.9686290976e-01
   7.9680000000e-04   9.8770562819e-02   1.7069176270e+03  -5.2044841966e+05   1.9010401481e-01   1.0758405257e-03   1.7699578001e-06   5.3063951305e-07   1.3533690872e-02   1.4319721701e-05   8.7401462110e-02   5.9027026712e-06   3.9235073977e-06   1.4937220595e-07   2.0631144464e-03   3.6970857103e-02   5.8792043716e-02   1.0463382256e-01   8.3681496759e-07   2.3231249991e-04   1.2979718832e-07   6.9526875661e-01
   8.1600000000e-04   1.0086775474e-01   1.6991612677e+03  -5.3013854104e+05   1.9066979311e-01   1.0754202343e-03   1.6072981582e-06   4.6259767528e-07   1.3364844788e-02   1.2814059156e-05   8.7294282071e-02   5.5466631056e-06   3.4973362724e-06   1.3140932956e-07   2.0145747449e-03   3.9204302184e-02   5.8751201823e-02   1.0438445808e-01   7.4868767041e-07   2.1898403740e-04   1.1508808861e-07   6.9366754118e-01
   8.3520000000e-04   1.0297305417e-01   1.6913589592e+03  -5.3992350604e+05   1.9124621489e-01   1.0747903797e-03   1.4669836243e-06   4.0582009692e-07   1.3206626155e-02   1.1511649672e-05   8.7181594397e-02   5.2283750782e-06   3.1290802720e-06   1.1603703697e-07   1.9670950251e-03   4.1449323257e-02   5.8700668974e-02   1.0413355154e-01   6.7296419649e-07   2.0683356106e-04   1.0245259451e-07   6.9205634420e-01
   8.5440000000e-04   1.0508653645e-01   1.6835204359e+03  -5.4979914794e+05   1.9183229886e-01   1.0739847168e-03   1.3446921334e-06   3.5793801684e-07   1.3057974793e-02   1.0376516645e-05   8.7064278123e-02   4.9429657776e-06   2.8086894376e-06   1.0279457440e-07   1.9207554018e-03   4.3705659585e-02   5.8641762101e-02   1.0388157322e-01   6.0742022705e-07   1.9574375007e-04   9.1522111976e-08   6.9043816996e-01
   8.7360000000e-04   1.0720828131e-01   1.6756539253e+03  -5.5976230756e+05   1.9242721669e-01   1.0730222434e-03   1.2371590311e-06   3.1718883039e-07   1.2917872737e-02   9.3807414942e-06   8.6942387344e-02   4.6861930158e-06   2.5282722322e-06   9.1321004391e-08   1.8755732289e-03   4.5972808194e-02   5.8575140092e-02   1.0362810174e-01   5.5031703442e-07   1.8560740564e-04   8.2008322923e-08   6.8881007265e-01
   8.9280000000e-04   1.0933837155e-01   1.6677664333e+03  -5.6981053766e+05   1.9303026347e-01   1.0719269836e-03   1.1418947079e-06   2.8224094140e-07   1.2785541695e-02   8.5024218956e-06   8.6816662567e-02   4.4544528429e-06   2.2815832171e-06   8.1330998816e-08   1.8315546596e-03   4.8250724346e-02   5.8501838644e-02   1.0337360900e-01   5.0028463225e-07   1.7633018836e-04   7.3683749267e-08   6.8717503017e-01
   9.1200000000e-04   1.1147689214e-01   1.6598639631e+03  -5.7994190138e+05   1.9364083494e-01   1.0707104785e-03   1.0569501828e-06   2.5206576694e-07   1.2660197703e-02   7.7239638304e-06   8.6687045312e-02   4.2446175434e-06   2.0635762469e-06   7.2594679035e-08   1.7886735977e-03   5.0539028415e-02   5.8422283436e-02   1.0311767434e-01   4.5622145075e-07   1.6782639981e-04   6.6365314284e-08   6.8553008063e-01
   9.3120000000e-04   1.1362392963e-01   1.6519516882e+03  -5.9015483189e+05   1.9425840990e-01   1.0693909677e-03   9.8079050301e-07   2.2585981948e-07   1.2541255555e-02   7.0311605513e-06   8.6554184430e-02   4.0540414566e-06   1.8701585525e-06   6.4925871410e-08   1.7469109447e-03   5.2837803322e-02   5.8337316235e-02   1.0286076812e-01   4.1723879507e-07   1.6002111611e-04   5.9905000688e-08   6.8387818340e-01
   9.5040000000e-04   1.1577957177e-01   1.6440340882e+03  -6.0044803668e+05   1.9488253634e-01   1.0679754017e-03   9.1217271758e-07   2.0298258751e-07   1.2428095321e-02   6.4122844588e-06   8.6417944741e-02   3.8804204329e-06   1.6979437164e-06   5.8171132711e-08   1.7062278157e-03   5.5146730718e-02   5.8247199038e-02   1.0260246828e-01   3.8260552642e-07   1.5284623498e-04   5.4180865976e-08   6.8221636618e-01
   9.6960000000e-04   1.1794390719e-01   1.6361150588e+03  -6.1082042888e+05   1.9551282033e-01   1.0664783410e-03   8.5009071157e-07   1.8292027266e-07   1.2320269375e-02   5.8576579014e-06   8.6278911314e-02   3.7218069299e-06   1.5441312963e-06   5.2203826252e-08   1.6665988299e-03   5.7465978165e-02   5.8152635451e-02   1.0234324228e-01   3.5172091593e-07   1.4624240122e-04   4.9092410535e-08   6.8054757443e-01
   9.8880000000e-04   1.2011702526e-01   1.6281980008e+03  -6.2127107999e+05   1.9614891708e-01   1.0649037204e-03   7.9370643236e-07   1.6525307840e-07   1.2217276846e-02   5.3591232580e-06   8.6136894371e-02   3.5764923281e-06   1.4063597939e-06   4.6917700221e-08   1.6279837366e-03   5.9795257321e-02   5.8053769272e-02   1.0208266585e-01   3.2408160359e-07   1.4015545101e-04   4.4555287880e-08   6.7886882919e-01
   1.0080000000e-03   1.2229901596e-01   1.6202858930e+03  -6.3179918447e+05   1.9679052369e-01   1.0632636152e-03   7.4232708496e-07   1.4963744244e-07   1.2118771161e-02   4.9098389149e-06   8.5992432849e-02   3.4430316326e-06   1.2826467039e-06   4.2223777437e-08   1.5903575859e-03   6.2134798300e-02   5.7951203127e-02   1.0182120308e-01   2.9926814610e-07   1.3453825902e-04   4.0498940406e-08   6.7718306487e-01
   1.0272000000e-03   1.2448996976e-01   1.6123813522e+03  -6.4240403501e+05   1.9743737314e-01   1.0615598694e-03   6.9536246830e-07   1.3578728317e-07   1.2024340233e-02   4.5039429217e-06   8.5845296753e-02   3.3201448459e-06   1.1712946048e-06   3.8046339454e-08   1.5536824886e-03   6.4484325791e-02   5.7844993499e-02   1.0155842724e-01   2.7692378355e-07   1.2934756916e-04   3.6863261536e-08   6.7548729816e-01
   1.0464000000e-03   1.2668997758e-01   1.6044866833e+03  -6.5308500297e+05   1.9808922934e-01   1.0598027990e-03   6.5231704765e-07   1.2346490318e-07   1.1933713514e-02   4.1364577773e-06   8.5695990670e-02   3.2067487985e-06   1.0708614916e-06   3.4321246549e-08   1.5179358729e-03   6.6844120277e-02   5.7735667685e-02   1.0129479894e-01   2.5674792513e-07   1.2454579828e-04   3.3597375420e-08   6.7378445437e-01
   1.0656000000e-03   1.2889913078e-01   1.5966039213e+03  -6.6384152486e+05   1.9874588298e-01   1.0579927392e-03   6.1276098422e-07   1.1246939253e-07   1.1846546581e-02   3.8030620783e-06   8.5544254216e-02   3.1018731887e-06   9.8009716775e-07   3.0993285462e-08   1.4830830382e-03   6.9213909456e-02   5.7623216480e-02   1.0102988901e-01   2.3848164226e-07   1.2009820236e-04   3.0657406124e-08   6.7207154751e-01
   1.0848000000e-03   1.3111752109e-01   1.5887348662e+03  -6.7467309062e+05   1.9940714810e-01   1.0561387159e-03   5.7632923106e-07   1.0263185215e-07   1.1762627196e-02   3.5000504441e-06   8.5390565795e-02   3.0046969751e-06   8.9792937336e-07   2.8015251758e-08   1.4491040074e-03   7.1594016937e-02   5.7508110026e-02   1.0076415467e-01   2.2190482351e-07   1.1597464138e-04   2.8005860436e-08   6.7035149510e-01
   1.1040000000e-03   1.3334524060e-01   1.5808811131e+03  -6.8557923602e+05   2.0007285911e-01   1.0542399424e-03   5.4270036910e-07   9.3807766352e-08   1.1681663423e-02   3.2241702902e-06   8.5234641574e-02   2.9144754347e-06   8.2341864665e-07   2.5346120945e-08   1.4159670988e-03   7.3984166957e-02   5.7390288944e-02   1.0049716440e-01   2.0682575695e-07   1.1214702528e-04   2.5610066800e-08   6.6862130951e-01
   1.1232000000e-03   1.3558238178e-01   1.5730440774e+03  -6.9655953510e+05   2.0074286836e-01   1.0523044744e-03   5.1159908177e-07   8.5874499172e-08   1.1603488477e-02   2.9726105757e-06   8.5076939635e-02   2.8305791501e-06   7.5575291480e-07   2.2950552450e-08   1.3836546020e-03   7.6384721678e-02   5.7270179398e-02   1.0022937220e-01   1.9308028344e-07   1.0859103704e-04   2.3441886556e-08   6.6688390150e-01
   1.1424000000e-03   1.3782903746e-01   1.5652250161e+03  -7.0761359590e+05   2.0141704402e-01   1.0503306725e-03   4.8277982370e-07   7.8726026533e-08   1.1527851754e-02   2.7428804446e-06   8.4917157731e-02   2.7524293448e-06   6.9421426634e-07   2.0797584495e-08   1.3521374163e-03   7.8795397399e-02   5.7147683191e-02   9.9960344349e-02   1.8052400367e-07   1.0528380902e-04   2.1476580665e-08   6.6513628265e-01
   1.1616000000e-03   1.4008530083e-01   1.5574250467e+03  -7.1874105524e+05   2.0209526825e-01   1.0483258490e-03   4.5603090197e-07   7.2271678912e-08   1.1454622378e-02   2.5328131271e-06   8.4755737935e-02   2.6795381169e-06   6.3817810951e-07   1.8860376841e-08   1.3213996661e-03   8.1216591785e-02   5.7023192228e-02   9.9690531780e-02   1.6903253178e-07   1.0220560078e-04   1.9692702582e-08   6.6338135756e-01
   1.1808000000e-03   1.4235126545e-01   1.5496451626e+03  -7.2994157635e+05   2.0277743569e-01   1.0462877050e-03   4.3116135674e-07   6.6432358458e-08   1.1383582708e-02   2.3404729077e-06   8.4592363312e-02   2.6114500610e-06   5.8708798543e-07   1.7115253294e-08   1.2914143894e-03   8.3648009890e-02   5.6896577950e-02   9.9419498777e-02   1.5849546506e-07   9.9337664904e-05   1.8071250772e-08   6.6161613761e-01
   1.2000000000e-03   1.4462702527e-01   1.5418862474e+03  -7.4121484525e+05   2.0346345212e-01   1.0442229755e-03   4.0800574623e-07   6.1139982931e-08   1.1314630574e-02   2.1641667771e-06   8.4427463166e-02   2.5477828805e-06   5.4045715378e-07   1.5541581198e-08   1.2621671612e-03   8.6090082804e-02   5.6768205301e-02   9.9147693382e-02   1.4881723682e-07   9.6663877778e-05   1.6595661852e-08   6.5984352181e-01
   1.2192000000e-03   1.4691267464e-01   1.5341490862e+03  -7.5256056935e+05   2.0415323332e-01   1.0421288454e-03   3.8641328951e-07   5.6334681666e-08   1.1247574917e-02   2.0023713826e-06   8.4260708706e-02   2.4881738594e-06   4.9784904422e-07   1.4121052965e-08   1.2336327922e-03   8.8542501788e-02   5.6637921750e-02   9.8874678025e-02   1.3991231584e-07   9.4168761549e-05   1.5251161300e-08   6.5806052170e-01
   1.2384000000e-03   1.4920830829e-01   1.5264343764e+03  -7.6397847478e+05   2.0484670406e-01   1.0400115955e-03   3.6625287813e-07   5.1964638079e-08   1.1182336746e-02   1.8537483005e-06   8.4092518925e-02   2.4323203180e-06   4.5888006115e-07   1.2837643675e-08   1.2057980094e-03   9.1005729909e-02   5.6506070823e-02   9.8600898045e-02   1.3170637141e-07   9.1839067941e-05   1.4024810465e-08   6.5627003108e-01
   1.2576000000e-03   1.5151402142e-01   1.5187427364e+03  -7.7546830579e+05   2.0554379727e-01   1.0378680031e-03   3.4740389015e-07   4.7983955938e-08   1.1118746651e-02   1.7170855709e-06   8.3922555363e-02   2.3799298934e-06   4.2320411908e-07   1.1677061943e-08   1.1786391184e-03   9.3479442601e-02   5.6372480910e-02   9.8325914186e-02   1.2413235978e-07   8.9661929547e-05   1.2904999161e-08   6.5446906206e-01
   1.2768000000e-03   1.5382990963e-01   1.5110747133e+03  -7.8702982268e+05   2.0624445325e-01   1.0357039891e-03   3.2976117497e-07   4.4352727164e-08   1.1056744518e-02   1.5913142750e-06   8.3751228589e-02   2.3307605199e-06   3.9051597983e-07   1.0626751426e-08   1.1521437823e-03   9.5964133889e-02   5.6237478371e-02   9.8050169225e-02   1.1713183420e-07   8.7626397981e-05   1.1881519843e-08   6.5266050330e-01
   1.2960000000e-03   1.5615606902e-01   1.5034307904e+03  -7.9866280159e+05   2.0694861906e-01   1.0335160059e-03   3.1322715584e-07   4.1035373113e-08   1.0996178724e-02   1.4754610183e-06   8.3578192171e-02   2.2845737529e-06   3.6053882876e-07   9.6754646541e-09   1.1262895989e-03   9.8459461709e-02   5.6100876303e-02   9.7773222370e-02   1.1065169063e-07   8.5721702977e-05   1.0945164552e-08   6.5084136773e-01
   1.3152000000e-03   1.5849259618e-01   1.4958113926e+03  -8.1036703291e+05   2.0765624794e-01   1.0313096870e-03   2.9771666985e-07   3.8000838241e-08   1.0937004662e-02   1.3686645257e-06   8.3403849771e-02   2.2411741005e-06   3.3302776295e-07   8.8132884276e-09   1.1010650152e-03   1.0096595040e-01   5.5962987223e-02   9.7495514011e-02   1.0464552715e-07   8.3938747178e-05   1.0087810971e-08   6.4901453925e-01
   1.3344000000e-03   1.6083958816e-01   1.4882168922e+03  -8.2214232143e+05   2.0836729878e-01   1.0290812239e-03   2.8315013105e-07   3.5221282154e-08   1.0879085430e-02   1.2701365742e-06   8.3227848303e-02   2.2003648040e-06   3.0775971374e-07   8.0313093063e-09   1.0764487695e-03   1.0348323899e-01   5.5823611879e-02   9.7216601959e-02   9.9070897572e-08   8.2268455515e-05   9.3020986692e-09   6.4717703169e-01
   1.3536000000e-03   1.6319714261e-01   1.4806476135e+03  -8.3398848514e+05   2.0908173572e-01   1.0268360188e-03   2.6945824943e-07   3.2672351174e-08   1.0822389248e-02   1.1791779989e-06   8.3050585686e-02   2.1619864213e-06   2.8453697219e-07   7.3216523724e-09   1.0524299706e-03   1.0601188172e-01   5.5683051521e-02   9.6936924330e-02   9.3890683212e-08   8.0703229467e-05   8.5815208322e-09   6.4533172409e-01
   1.3728000000e-03   1.6556535768e-01   1.4731038369e+03  -8.4590535582e+05   2.0979952775e-01   1.0245700509e-03   2.5657627125e-07   3.0332163924e-08   1.0766791499e-02   1.0951466640e-06   8.2871703264e-02   2.1258745638e-06   2.6317930823e-07   6.6772211411e-09   1.0289883451e-03   1.0855149757e-01   5.5541096886e-02   9.6656037694e-02   8.9070809337e-08   7.9235372457e-05   7.9201725568e-09   6.4347563149e-01
   1.3920000000e-03   1.6794433215e-01   1.4655858027e+03  -8.5789277857e+05   2.1052064840e-01   1.0222885311e-03   2.4444901227e-07   2.8181714660e-08   1.0712271087e-02   1.0174745791e-06   8.2691594146e-02   2.0918975333e-06   2.4352872418e-07   6.0917609833e-09   1.0061134741e-03   1.1110267060e-01   5.5398040000e-02   9.6374378040e-02   8.4581824787e-08   7.7858506429e-05   7.3128866447e-09   6.4161162817e-01
   1.4112000000e-03   1.7033416539e-01   1.4580937142e+03  -8.6995061388e+05   2.1124507545e-01   1.0199872553e-03   2.3302706260e-07   2.6204429372e-08   1.0658713724e-02   9.4565396814e-07   8.2509894912e-02   2.0599151349e-06   2.2544796242e-07   5.5597284221e-09   9.8378570420e-04   1.1366499896e-01   5.5253663401e-02   9.6091500799e-02   8.0397754299e-08   7.6566060470e-05   6.7552060224e-09   6.3973673030e-01
   1.4304000000e-03   1.7273495739e-01   1.4506277405e+03  -8.8207874014e+05   2.1197279076e-01   1.0176712541e-03   2.2227431963e-07   2.4388310093e-08   1.0606107317e-02   8.7933757817e-07   8.2326994458e-02   2.0298137063e-06   2.0884156684e-07   5.0766967445e-09   9.6199427647e-04   1.1623909726e-01   5.5108251488e-02   9.5807839990e-02   7.6499852653e-08   7.5352649087e-05   6.2441039925e-09   6.3785380753e-01
   1.4624000000e-03   1.7675460080e-01   1.4382280880e+03  -9.0248723517e+05   2.1319604297e-01   1.0137769199e-03   2.0543384106e-07   2.1633134534e-08   1.0519837359e-02   7.7863740236e-07   8.2019467630e-02   1.9825588467e-06   1.8360718020e-07   4.3590785701e-09   9.2653330398e-04   1.2054806267e-01   5.4863790273e-02   9.5333083732e-02   7.0458679415e-08   7.3452603509e-05   5.4691627404e-09   6.3469739950e-01
   1.5072000000e-03   1.8244322654e-01   1.4210121329e+03  -9.3133108465e+05   2.1491956480e-01   1.0082462266e-03   1.8460939378e-07   1.8376397705e-08   1.0403377996e-02   6.5831512481e-07   8.1582042974e-02   1.9251867329e-06   1.5389851313e-07   3.5323874675e-09   8.7963106345e-04   1.2664538864e-01   5.4515906981e-02   9.4663280256e-02   6.3149753821e-08   7.1148969382e-05   4.5599989129e-09   6.3022931446e-01
   1.5520000000e-03   1.8819429543e-01   1.4039407453e+03  -9.6055482997e+05   2.1666076815e-01   1.0026240823e-03   1.6624576736e-07   1.5653698384e-08   1.0290542339e-02   5.5721428243e-07   8.1136797329e-02   1.8754411599e-06   1.2916821319e-07   2.8656917496e-09   8.3528511297e-04   1.3280755143e-01   5.4162036296e-02   9.3987297984e-02   5.6837094167e-08   6.9148805923e-05   3.8061750203e-09   6.2570454961e-01
   1.5968000000e-03   1.9400914181e-01   1.3870139624e+03  -9.9015776920e+05   2.1841969247e-01   9.9692227940e-04   1.5001645016e-07   1.3370963819e-08   1.0180944201e-02   4.7215393777e-07   8.0684632967e-02   1.8324185510e-06   1.0856451623e-07   2.3274151987e-09   7.9335205459e-04   1.3903737121e-01   5.3802954131e-02   9.3306034460e-02   5.1362541675e-08   6.7408970748e-05   3.1806681620e-09   6.2112911168e-01
   1.6416000000e-03   1.9988912624e-01   1.3702312980e+03  -1.0201395150e+06   2.2019645496e-01   9.9112997536e-04   1.3562909761e-07   1.1449741219e-08   1.0074041318e-02   4.0044935648e-07   8.0224655998e-02   1.7953029854e-06   9.1363523047e-08   1.8920633298e-09   7.5368160561e-04   1.4533482094e-01   5.3438208514e-02   9.2618329513e-02   4.6591208089e-08   6.5891474007e-05   2.6606266691e-09   6.1649537887e-01
   1.6864000000e-03   2.0583563817e-01   1.3535918210e+03  -1.0505000014e+06   2.2199124517e-01   9.8525741042e-04   1.2283873236e-07   9.8270361611e-09   9.9695711143e-03   3.3990436502e-07   7.9757707992e-02   1.7634156502e-06   7.6976469432e-08   1.5394265470e-09   7.1615015068e-04   1.5170295784e-01   5.3068481359e-02   9.1925049628e-02   4.2413473205e-08   6.4565271536e-05   2.2275612912e-09   6.1180928234e-01
   1.7312000000e-03   2.1185009785e-01   1.3370942215e+03  -1.0812394956e+06   2.2380432083e-01   9.7929243849e-04   1.1143567866e-07   8.4517679770e-09   9.8670977089e-03   2.8870166780e-07   7.9282840369e-02   1.7361147888e-06   6.4921018880e-08   1.2533802773e-09   6.8062605469e-04   1.5814168136e-01   5.2693243182e-02   9.1225012170e-02   3.8738363571e-08   6.3402396455e-05   1.8663970782e-09   6.0706315893e-01
   1.7760000000e-03   2.1793395919e-01   1.3207368667e+03  -1.1123585887e+06   2.2563600455e-01   9.7324425230e-04   1.0124477538e-07   7.2826931614e-09   9.7664469748e-03   2.4534537919e-07   7.8800847464e-02   1.7128591084e-06   5.4803804369e-08   1.0210816176e-09   6.4700159827e-04   1.6465429401e-01   5.2313108557e-02   9.0519059037e-02   3.5491644545e-08   6.2380087145e-05   1.5648811949e-09   6.0226285833e-01
   1.8208000000e-03   2.2408871182e-01   1.3045178478e+03  -1.1438582033e+06   2.2748668139e-01   9.6709984475e-04   9.2114613900e-08   6.2859989769e-09   9.6672598524e-03   2.0858816439e-07   7.8310737029e-02   1.6931182776e-06   4.6300338059e-08   8.3222206599e-10   6.1516142546e-04   1.7124061615e-01   5.1927491828e-02   8.9805990983e-02   3.2610936849e-08   6.1477333114e-05   1.3129379762e-09   5.9740067225e-01
   1.8656000000e-03   2.3031588404e-01   1.2884350203e+03  -1.1757395814e+06   2.2935679709e-01   9.6086771232e-04   8.3917817244e-08   5.4341113719e-09   9.5694258828e-03   1.7739656285e-07   7.7813264779e-02   1.6764410438e-06   3.9144331557e-08   6.7854694924e-10   5.8501174081e-04   1.7790420719e-01   5.1536957138e-02   8.9086630090e-02   3.0044963851e-08   6.0677192971e-05   1.1023125746e-09   5.9248236251e-01
   1.9104000000e-03   2.3661704499e-01   1.2724860395e+03  -1.2080042900e+06   2.3124685681e-01   9.5453426155e-04   7.6543038021e-08   4.7041823239e-09   9.4726414986e-03   1.5090322563e-07   7.7307401839e-02   1.6623715731e-06   3.3114735518e-08   5.5339672943e-10   5.5645139991e-04   1.8464480569e-01   5.1140876636e-02   8.8359764561e-02   2.7750098915e-08   5.9963600316e-05   9.2616284590e-10   5.8750017244e-01
   1.9552000000e-03   2.4299380793e-01   1.2566683894e+03  -1.2406542070e+06   2.3315742433e-01   9.4810750345e-04   6.9896010679e-08   4.0774147525e-09   9.3768416177e-03   1.2838562378e-07   7.6793870769e-02   1.6505204440e-06   2.8029177692e-08   4.5141507712e-10   5.2939863087e-04   1.9146624308e-01   5.0739775418e-02   8.7626199412e-02   2.5690265091e-08   5.9323797112e-05   7.7884332773e-10   5.8245976961e-01
   2.0000000000e-03   2.4944783237e-01   1.2409794099e+03  -1.2736915248e+06   2.3508912178e-01   9.4157342340e-04   6.3893472255e-08   3.5380859846e-09   9.2817620999e-03   1.0923409399e-07   7.6271610735e-02   1.6404844062e-06   2.3735449860e-08   3.6826263033e-10   5.0376453644e-04   1.9836817544e-01   5.0332993306e-02   8.6884712265e-02   2.3834392374e-08   5.8745305118e-05   6.5564220363e-10   5.7735334608e-01
   2.0448000000e-03   2.5598082767e-01   1.2254163183e+03  -1.3071187359e+06   2.3704262956e-01   9.3493966842e-04   5.8464560681e-08   3.0731618776e-09   9.1873692578e-03   9.2938495248e-08   7.5741314611e-02   1.6319193893e-06   2.0107406289e-08   3.0043662493e-10   4.7947760473e-04   2.0535472401e-01   4.9921024564e-02   8.6136091652e-02   2.2156665228e-08   5.8218434108e-05   5.5264810688e-10   5.7218646842e-01
   2.0896000000e-03   2.6259455537e-01   1.2099762289e+03  -1.3409386365e+06   2.3901868695e-01   9.2819189884e-04   5.3546083050e-08   2.6716492729e-09   9.0934260283e-03   7.9066461717e-08   7.5201892828e-02   1.6244621718e-06   1.7039279875e-08   2.4508971354e-10   4.5645941439e-04   2.1242546305e-01   4.9503184164e-02   8.5379104666e-02   2.0634579318e-08   5.7733359654e-05   4.6657772030e-10   5.6695127472e-01
   2.1344000000e-03   2.6929083295e-01   1.1946561689e+03  -1.3751543134e+06   2.4101809291e-01   9.2133746351e-04   4.9084022722e-08   2.3243743266e-09   8.9999193822e-03   6.7254880208e-08   7.4654010818e-02   1.6178049656e-06   1.4443078149e-08   1.9991685513e-10   4.3464716245e-04   2.1958482387e-01   4.9079941742e-02   8.4614522063e-02   1.9249368009e-08   5.7282683945e-05   3.9469237240e-10   5.6165322273e-01
   2.1792000000e-03   2.7607153655e-01   1.1794530919e+03  -1.4097691501e+06   2.4304170750e-01   9.1436174949e-04   4.5029781604e-08   2.0235429232e-09   8.9066299637e-03   5.7194879683e-08   7.4096552518e-02   1.6116180259e-06   1.2244734967e-08   1.6303925097e-10   4.1397137606e-04   2.2683230069e-01   4.8650593171e-02   8.3841098911e-02   1.7984469001e-08   5.6858581960e-05   3.3468324866e-10   5.5628439310e-01
   2.2240000000e-03   2.8293860496e-01   1.1643638882e+03  -1.4447868169e+06   2.4509045368e-01   9.0727183744e-04   4.1341670207e-08   1.7626134830e-09   8.8135574293e-03   4.8626289115e-08   7.3530157302e-02   1.6056255519e-06   1.0382433257e-08   1.3293248539e-10   3.9437665431e-04   2.3417265767e-01   4.8215588055e-02   8.3059585600e-02   1.6826035012e-08   5.6455402129e-05   2.8461834867e-10   5.5085012545e-01
   2.2688000000e-03   2.8989404268e-01   1.1493853937e+03  -1.4802112807e+06   2.4716531979e-01   9.0005286456e-04   3.7981873462e-08   1.5359923947e-09   8.7204933997e-03   4.1327154917e-08   7.2953684146e-02   1.5995285983e-06   8.8039679720e-09   1.0835142229e-10   3.7580120105e-04   2.4160531209e-01   4.7774207391e-02   8.2268722809e-02   1.5761690322e-08   5.6066855721e-05   2.4286477581e-10   5.4534243825e-01
   2.3136000000e-03   2.9693992437e-01   1.1345143950e+03  -1.5160468009e+06   2.4926736240e-01   8.9271164749e-04   3.4917859478e-08   1.3389616254e-09   8.6274447131e-03   3.5110074160e-08   7.2367746875e-02   1.5930820680e-06   7.4656510791e-09   8.8284033769e-11   3.5819595024e-04   2.4913538643e-01   4.7326883677e-02   8.1469237206e-02   1.4781071861e-08   5.5688648976e-05   2.0805439588e-10   5.3976654086e-01
   2.3584000000e-03   3.0407839827e-01   1.1197476344e+03  -1.5522979432e+06   2.5139770999e-01   8.8523307799e-04   3.2119895908e-08   1.1674639647e-09   8.5342095913e-03   2.9814803270e-08   7.1771180329e-02   1.5860175138e-06   6.3304857999e-09   7.1902392148e-11   3.4150574753e-04   2.5676222569e-01   4.6872885687e-02   8.0659852411e-02   1.3874797472e-08   5.5315698599e-05   1.7903021274e-10   5.3411438311e-01
   2.4032000000e-03   3.1131169127e-01   1.1050818108e+03  -1.5889695811e+06   2.5355756711e-01   8.7762369602e-04   2.9562347509e-08   1.0180625393e-09   8.4407987098e-03   2.5305790893e-08   7.1164572474e-02   1.5781209767e-06   5.3674425611e-09   5.8532713286e-11   3.2568700683e-04   2.6449133958e-01   4.6412630111e-02   7.9841267889e-02   1.3035006798e-08   5.4944788881e-05   1.5482365375e-10   5.2839102964e-01
   2.4480000000e-03   3.1864211278e-01   1.0905135813e+03  -1.6260669150e+06   2.5574821934e-01   8.6986813838e-04   2.7221620036e-08   8.8778709873e-10   8.3470144792e-03   2.1466925159e-08   7.0546733984e-02   1.5691554438e-06   4.5501838326e-09   4.7623156661e-11   3.1069037989e-04   2.7232200730e-01   4.5945374540e-02   7.9012187613e-02   1.2254488961e-08   5.4571801417e-05   1.3461674488e-10   5.2258835282e-01
   2.4928000000e-03   3.2607206057e-01   1.0760395589e+03  -1.6635954778e+06   2.5797103886e-01   8.6197264176e-04   2.5077336070e-08   7.7411207736e-10   8.2528697585e-03   1.8199846744e-08   6.9918225598e-02   1.5589392527e-06   3.8565796390e-09   3.8724228241e-11   2.9647707468e-04   2.8026015821e-01   4.5471519518e-02   7.8173280395e-02   1.1527206231e-08   5.4194391644e-05   1.1772673562e-10   5.1671125469e-01
   2.5376000000e-03   3.3360402524e-01   1.0616563114e+03  -1.7015611594e+06   2.6022749097e-01   8.5392156943e-04   2.3110616962e-08   6.7484519138e-10   8.1581701845e-03   1.5420192272e-08   6.9277832923e-02   1.5472681488e-06   3.2678104314e-09   3.1467507748e-11   2.8300286607e-04   2.8830501485e-01   4.4990311120e-02   7.7323228330e-02   1.0847545378e-08   5.3809225065e-05   1.0357879417e-10   5.1075151988e-01
   2.5824000000e-03   3.4124059694e-01   1.0473603570e+03  -1.7399702158e+06   2.6251914112e-01   8.4572081791e-04   2.1305136955e-08   5.8811619502e-10   8.0629302654e-03   1.3056423085e-08   6.8626086977e-02   1.5339939526e-06   2.7680392940e-09   2.5552740357e-11   2.7023319230e-04   2.9646296282e-01   4.4502132030e-02   7.6462666246e-02   1.0210815049e-08   5.3414668069e-05   9.1695402728e-11   5.0471386694e-01
   2.6272000000e-03   3.4898447066e-01   1.0331481607e+03  -1.7788292969e+06   2.6484766321e-01   8.3735445049e-04   1.9645676736e-08   5.1229531827e-10   7.9669587388e-03   1.1047125310e-08   6.7961746337e-02   1.5189463392e-06   2.3437770269e-09   2.0733723301e-11   2.5812837326e-04   3.0473317976e-01   4.4006215333e-02   7.5590252294e-02   9.6125959843e-09   5.3008026361e-05   8.1676226030e-11   4.9858998019e-01
   2.6720000000e-03   3.5683845398e-01   1.0190161290e+03  -1.8181454596e+06   2.6721484832e-01   8.2882797786e-04   1.8119061471e-08   4.4598808818e-10   7.8702717453e-03   9.3401851033e-09   6.7285308604e-02   1.5020114623e-06   1.9836581102e-09   1.6809755820e-11   2.4665759152e-04   3.1312254903e-01   4.3502923114e-02   7.4706583923e-02   9.0492077900e-09   5.2588245570e-05   7.3190752571e-11   4.9238437077e-01
   2.7168000000e-03   3.6480547337e-01   1.0049606040e+03  -1.8579261980e+06   2.6962261497e-01   8.2012513140e-04   1.6712935104e-08   3.8797512000e-10   7.7726812681e-03   7.8908407648e-09   6.6595502355e-02   1.4830537537e-06   1.6779892325e-09   1.3616245938e-11   2.3578519842e-04   3.2163021854e-01   4.2991473288e-02   7.3810293271e-02   8.5171404771e-09   5.2153150495e-05   6.5963208552e-11   4.8608860833e-01
   2.7616000000e-03   3.7288858321e-01   9.9097784763e+02  -1.8981743573e+06   2.7207302260e-01   8.1125098231e-04   1.5416587704e-08   3.3721020084e-10   7.6742050578e-03   6.6610935263e-09   6.5892786856e-02   1.4619941991e-06   1.4185946005e-09   1.1019021099e-11   2.2548367797e-04   3.3026361640e-01   4.2472203933e-02   7.2901936613e-02   8.0134886740e-09   5.1702151474e-05   5.9767516516e-11   4.7970696936e-01
   2.8064000000e-03   3.8109097381e-01   9.7706388557e+02  -1.9388828949e+06   2.7456832626e-01   8.0218889207e-04   1.4219903639e-08   2.9277537293e-10   7.5746583011e-03   5.6182900436e-09   6.5175856619e-02   1.4387326214e-06   1.1984920827e-09   8.9080456077e-12   2.1572093390e-04   3.3902188052e-01   4.1944315178e-02   7.1980117558e-02   7.5354505221e-09   5.1233485438e-05   5.4415847098e-11   4.7323089168e-01
   2.8512000000e-03   3.8941598267e-01   9.6321459213e+02  -1.9800628596e+06   2.7711096861e-01   7.9294342984e-04   1.3114106414e-08   2.5388121978e-10   7.4740599586e-03   4.7347098826e-09   6.4445126350e-02   1.4132253205e-06   1.0117882341e-09   7.1936488540e-12   2.0647232588e-04   3.4791303934e-01   4.1408117248e-02   7.1045346532e-02   7.0807310216e-09   5.0746924310e-05   4.9755378536e-11   4.6666438518e-01
   2.8960000000e-03   3.9786710360e-01   9.4942581520e+02  -2.0217272851e+06   2.7970355876e-01   7.8349754162e-04   1.2090882308e-08   2.1983385763e-10   7.3722279166e-03   3.9865500909e-09   6.3699251270e-02   1.3854084397e-06   8.5344833040e-10   5.8023439859e-12   1.9770884096e-04   3.5693624706e-01   4.0862789602e-02   7.0096195200e-02   6.6471033131e-09   5.0241020606e-05   4.5659654994e-11   4.5999873469e-01
   2.9408000000e-03   4.0644799899e-01   9.3569335217e+02  -2.0638895449e+06   2.8234889183e-01   7.7385522181e-04   1.1143026276e-08   1.9003556551e-10   7.2691814117e-03   3.3536114078e-09   6.2938594056e-02   1.3552746072e-06   7.1922044951e-10   4.6742765981e-12   1.8940829150e-04   3.6610019412e-01   4.0308610494e-02   6.9133122337e-02   6.2327792315e-09   4.9715814326e-05   4.2026618383e-11   4.5323764669e-01
   2.9856000000e-03   4.1516251036e-01   9.2201293257e+02  -2.1065633918e+06   2.8504996897e-01   7.6399895248e-04   1.0263682110e-08   1.6395980282e-10   7.1647400539e-03   2.8185538997e-09   6.2161764792e-02   1.3227979751e-06   6.0546972974e-10   3.7604211358e-12   1.8154428959e-04   3.7540408142e-01   3.9744735960e-02   6.8154663659e-02   5.8360220356e-09   4.9170087381e-05   3.8771997702e-11   4.4637223102e-01
   3.0304000000e-03   4.2401467296e-01   9.0838020037e+02  -2.1497629879e+06   2.8781001932e-01   7.5393207235e-04   9.4469084964e-09   1.4115210785e-10   7.0589219210e-03   2.3666678833e-09   6.1369065621e-02   1.2880093733e-06   5.0912470947e-10   3.0208714833e-12   1.7409668304e-04   3.8485733118e-01   3.9171408024e-02   6.7161219348e-02   5.4554846043e-09   4.8604064618e-05   3.5828334127e-11   4.3940584989e-01
   3.0752000000e-03   4.3300872866e-01   8.9479069581e+02  -2.1935029551e+06   2.9063252497e-01   7.4363654057e-04   8.6870322614e-09   1.2121144404e-10   6.9515469140e-03   1.9853343094e-09   6.0559054473e-02   1.2509236292e-06   4.2755850711e-10   2.4229680395e-12   1.6704125532e-04   3.9445922858e-01   3.8587756276e-02   6.6151283786e-02   5.0898683889e-09   4.8016681844e-05   3.3139950910e-11   4.3232941061e-01
   3.1200000000e-03   4.4214914342e-01   8.8123983624e+02  -2.2377984175e+06   2.9352124852e-01   7.3311494391e-04   7.9791467843e-09   1.0379111974e-10   6.8426300977e-03   1.6638559016e-09   5.9731962951e-02   1.2116126805e-06   3.5855065544e-10   1.9401499612e-12   1.6035947201e-04   4.0422000859e-01   3.7993981725e-02   6.5125189855e-02   4.7382289523e-09   4.7408276236e-05   3.0662708466e-11   4.2514588245e-01
   3.1648000000e-03   4.5144062301e-01   8.6772289613e+02  -2.2826650648e+06   2.9648026470e-01   7.2234864749e-04   7.3185647015e-09   8.8584865748e-11   6.7319899393e-03   1.3930654548e-09   5.8886288569e-02   1.1701357527e-06   3.0020181019e-10   1.5507034734e-12   1.5402883716e-04   4.1413908916e-01   3.7389184088e-02   6.4081383760e-02   4.3996752164e-09   4.6777873232e-05   2.8360175825e-11   4.1784593666e-01
   3.2096000000e-03   4.6088813414e-01   8.5423498538e+02  -2.3281192096e+06   2.9951399555e-01   7.1133936983e-04   6.7012569901e-09   7.5327594818e-11   6.6196363735e-03   1.1652002971e-09   5.8022180545e-02   1.1266097527e-06   2.5090631649e-10   1.2369897330e-12   1.4803201570e-04   4.2422761322e-01   3.6773517749e-02   6.3020120340e-02   4.0736406960e-09   4.6125860622e-05   2.6203892852e-11   4.1043209128e-01
   3.2544000000e-03   4.7049692393e-01   8.4077102620e+02  -2.3741778667e+06   3.0262725106e-01   7.0006779216e-04   6.1233938994e-09   6.3785010961e-11   6.5053845526e-03   9.7361771557e-10   5.7138065950e-02   1.0811427921e-06   2.0929093207e-10   9.8460849087e-13   1.4234778395e-04   4.3448519335e-01   3.6146048292e-02   6.1939788853e-02   3.7596170867e-09   4.5451299933e-05   2.4170455722e-11   4.0289473903e-01
   3.2992000000e-03   4.8027254562e-01   8.2732572771e+02  -2.4208588283e+06   3.0582527481e-01   6.8853462265e-04   5.5817317587e-09   5.3754114423e-11   6.3892370317e-03   8.1270099424e-10   5.6233997419e-02   1.0339010591e-06   1.7419489065e-10   7.8187799170e-13   1.3695958788e-04   4.4492399385e-01   3.5506876669e-02   6.0840552949e-02   3.4573889873e-09   4.4754577786e-05   2.2242107495e-11   3.9523587639e-01
   3.3440000000e-03   4.9022088289e-01   8.1389355816e+02  -2.4681807621e+06   3.0911379694e-01   6.7671974339e-04   5.0732323394e-09   4.5055437701e-11   6.2710037117e-03   6.7765257789e-10   5.5308319178e-02   9.8504604403e-07   1.4462586451e-10   6.1927663796e-13   1.3184703243e-04   4.5554390153e-01   3.4855028848e-02   5.9720733862e-02   3.1667962489e-09   4.4034747633e-05   2.0404518963e-11   3.8744556369e-01
   3.3888000000e-03   5.0034818160e-01   8.0046871407e+02  -2.5161633091e+06   3.1249909428e-01   6.6462267578e-04   4.5954018788e-09   3.7533251509e-11   6.1506774348e-03   5.6442338481e-10   5.4360969894e-02   9.3479695894e-07   1.1974531338e-10   4.8909245528e-13   1.2699393146e-04   4.6635823838e-01   3.4190543841e-02   5.8580387869e-02   2.8879303517e-09   4.3292151194e-05   1.8647560835e-11   3.7952518986e-01
   3.4336000000e-03   5.1066108042e-01   7.8704508605e+02  -2.5648272062e+06   3.1598806052e-01   6.5222235409e-04   4.1459780113e-09   3.1049737766e-11   6.0280608756e-03   4.6956245977e-10   5.3390195319e-02   8.8337183725e-07   9.8836845518e-11   3.8505092650e-13   1.2238028946e-04   4.7736726879e-01   3.3512400839e-02   5.7417754180e-02   2.6209211400e-09   4.2525796866e-05   1.6963603622e-11   3.7146441398e-01
   3.4784000000e-03   5.2116665056e-01   7.7361622034e+02  -2.6141944115e+06   3.1958828661e-01   6.3951689215e-04   3.7232204405e-09   2.5484886051e-11   5.9031347078e-03   3.9016358733e-10   5.2395798490e-02   8.3104442902e-07   8.1295328626e-11   3.0207876427e-13   1.1798989683e-04   4.8858563865e-01   3.2820566176e-02   5.6232761689e-02   2.3660945885e-09   4.1735943272e-05   1.5348337419e-11   3.6326391133e-01
   3.5232000000e-03   5.3187243493e-01   7.6017527566e+02  -2.6642882588e+06   3.2330815522e-01   6.2648408353e-04   3.3256501946e-09   2.0732087276e-11   5.7756922803e-03   3.2375601942e-10   5.1375906579e-02   7.7808909078e-07   6.6604178609e-11   2.3605640081e-13   1.1380276896e-04   5.0001412474e-01   3.2113962835e-02   5.5023549691e-02   2.1237815336e-09   4.0921521182e-05   1.3799428446e-11   3.5491285086e-01
   3.5680000000e-03   5.4278649836e-01   7.4671497426e+02  -2.7151336195e+06   3.2715695007e-01   6.1312035683e-04   2.9522838595e-09   1.6697756303e-11   5.6456993877e-03   2.6826402702e-10   5.0330159590e-02   7.2483094231e-07   5.4327175380e-11   1.8365891722e-13   1.0980234023e-04   5.1166890239e-01   3.1392470826e-02   5.3789894688e-02   1.8944389722e-09   4.0082670455e-05   1.2317246228e-11   3.4641106176e-01
   3.6128000000e-03   5.5391747845e-01   7.3322754484e+02  -2.7667571024e+06   3.3114498601e-01   5.9940211408e-04   2.6024036117e-09   1.3297997555e-11   5.5129376537e-03   2.2192750552e-10   4.9256539839e-02   6.7159417808e-07   4.4092183557e-11   1.4219193079e-13   1.0596833827e-04   5.2355143845e-01   3.0654944486e-02   5.2529812908e-02   1.6784805573e-09   3.9218212891e-05   1.0903710654e-11   3.3774710680e-01
   3.6576000000e-03   5.6527465019e-01   7.1970466095e+02  -2.8191872602e+06   3.3528375958e-01   5.8532374780e-04   2.2757204719e-09   1.0458068376e-11   5.3773548015e-03   1.8327127504e-10   4.8154489075e-02   6.1874423777e-07   3.5584937836e-11   1.0948464797e-13   1.0228362920e-04   5.3567969607e-01   2.9901160053e-02   5.1242896740e-02   1.4763660961e-09   3.8328133020e-05   9.5627824407e-12   3.2891980170e-01
   3.7024000000e-03   5.7686799276e-01   7.0613736787e+02  -2.8724548419e+06   3.3958612975e-01   5.7085994107e-04   1.9721513438e-09   8.1099433177e-12   5.2387177661e-03   1.5104747919e-10   4.7021809937e-02   5.6663903957e-07   2.8537402706e-11   8.3781476371e-14   9.8727515604e-05   5.4805606870e-01   2.9129886735e-02   4.9927008938e-02   1.2884554282e-09   3.7411109890e-05   8.2993490812e-12   3.1991694979e-01
   3.7472000000e-03   5.8870827419e-01   6.9251599846e+02  -2.9265930726e+06   3.4406653175e-01   5.5600260218e-04   1.6918995517e-09   6.1918250176e-12   5.0969522009e-03   1.2421233187e-10   4.5857699873e-02   5.1566225699e-07   2.2723016599e-11   6.3670294929e-14   9.5282278471e-05   5.6070063729e-01   2.8340774422e-02   4.8581516767e-02   1.1150730663e-09   3.6466931116e-05   7.1193788885e-12   3.1073613793e-01
   3.7920000000e-03   6.0080714070e-01   6.7883007567e+02  -2.9816379846e+06   3.4874123479e-01   5.4072426437e-04   1.4352261238e-09   4.6465737268e-12   4.9518064656e-03   1.0188453751e-10   4.4659735034e-02   4.6617731765e-07   1.7948408788e-11   4.8011239107e-14   9.1926890719e-05   5.7361704143e-01   2.7532485172e-02   4.7204088913e-02   9.5638867946e-10   3.5494092357e-05   6.0287773025e-12   3.0136420484e-01
   3.8368000000e-03   6.1317722965e-01   6.6506819919e+02  -3.0376287920e+06   3.5362865084e-01   5.2501377230e-04   1.2024557983e-09   3.4215000157e-12   4.8031789144e-03   8.3327891376e-11   4.3426807442e-02   4.1855189705e-07   1.4049761195e-11   3.5888791002e-14   8.8643281563e-05   5.8682791093e-01   2.6704512962e-02   4.5793813582e-02   8.1246622170e-10   3.4492132710e-05   5.0332367365e-12   2.9179722701e-01
   3.8816000000e-03   6.2583229150e-01   6.5121791292e+02  -3.0946083357e+06   3.5874971096e-01   5.0884093045e-04   9.9375703198e-10   2.4676367707e-12   4.6507940064e-03   6.7921614637e-11   4.2156202578e-02   3.7311554239e-07   1.0886975929e-11   2.6565310490e-14   8.5410447244e-05   6.0033856809e-01   2.5855382742e-02   4.4348109963e-02   6.8317576109e-10   3.3459311184e-05   4.1371564575e-12   2.8202079815e-01
   3.9264000000e-03   6.3878734371e-01   6.3726554935e+02  -3.1526235954e+06   3.6412832269e-01   4.9219075455e-04   8.0911319650e-10   1.7399164277e-12   4.4945157367e-03   5.5147636013e-11   4.0846424258e-02   3.3017715787e-07   8.3409314178e-12   1.9449233115e-14   8.2210430443e-05   6.1417476813e-01   2.4984393109e-02   4.2865714719e-02   5.6823797774e-10   3.2394850282e-05   3.3434006532e-12   2.7202910870e-01
   3.9712000000e-03   6.5205884102e-01   6.2319604582e+02  -3.2117263007e+06   3.6979193448e-01   4.7502952450e-04   6.4815395609e-10   1.1970988929e-12   4.3340371780e-03   4.4569792044e-11   3.9494377573e-02   2.8998846288e-07   6.3094600104e-12   1.4065011630e-14   7.9022789462e-05   6.2834412360e-01   2.4089890399e-02   4.1343720281e-02   4.6717172416e-10   3.1296699111e-05   2.6525227340e-12   2.6180611676e-01
   4.0160000000e-03   6.6566489050e-01   6.0899272651e+02  -3.2719736490e+06   3.7577223270e-01   4.5733738794e-04   5.1015013401e-10   8.0217489964e-13   4.1691781871e-03   3.5824738036e-11   3.8098063348e-02   2.5275781578e-07   4.7053444265e-12   1.0032168992e-14   7.5830246541e-05   6.4287630642e-01   2.3170923882e-02   3.9780411889e-02   3.7934284040e-10   3.0163670431e-05   2.0627331225e-12   2.5134361292e-01
   4.0608000000e-03   6.7962549543e-01   5.9463704228e+02  -3.3334291662e+06   3.8210601490e-01   4.3907597976e-04   3.9394032168e-10   5.2254965287e-13   3.9995897362e-03   2.8607541066e-11   3.6653878203e-02   2.1862241320e-07   3.4536349844e-12   7.0460264864e-15   7.2613460271e-05   6.5778208864e-01   2.2225602591e-02   3.8172445257e-02   3.0394709026e-10   2.8993300328e-05   1.5696517673e-12   2.4062336525e-01
   4.1056000000e-03   6.9396286464e-01   5.8010825831e+02  -3.3961637388e+06   3.8883628746e-01   4.2021911943e-04   2.9798972081e-10   3.3032452459e-13   3.8250336125e-03   2.2665134213e-11   3.5159155869e-02   1.8766212419e-07   2.4902502873e-12   4.8639887136e-15   6.9356267450e-05   6.7309616997e-01   2.1252650368e-02   3.6517512142e-02   2.4006533301e-10   2.7783860983e-05   1.1666648526e-12   2.2963403876e-01
   4.1504000000e-03   7.0870177247e-01   5.6538307697e+02  -3.4602568638e+06   3.9601366549e-01   4.0072217103e-04   2.2041929809e-10   2.0230439063e-13   3.6451029825e-03   1.7786238167e-11   3.3609596325e-02   1.5988243448e-07   1.7602553594e-12   3.2932380322e-15   6.6040708672e-05   6.8883375743e-01   2.0249853561e-02   3.4811670453e-02   1.8667322955e-10   2.6532327203e-05   8.4520951855e-13   2.1835440227e-01
   4.1952000000e-03   7.2387001915e-01   5.5043517935e+02  -3.5257981747e+06   4.0369816885e-01   3.8055051386e-04   1.5912127982e-10   1.1988389798e-13   3.4594812174e-03   1.3796372974e-11   3.2001624471e-02   1.3523048130e-07   1.2169124853e-12   2.1817328481e-15   6.2651782178e-05   7.0503620001e-01   1.9215500029e-02   3.3051810338e-02   1.4269643675e-10   2.5236242463e-05   5.9543166204e-13   2.0676894045e-01
   4.2400000000e-03   7.3949898139e-01   5.3523466492e+02  -3.5928893151e+06   4.1196156099e-01   3.5965080319e-04   1.1185034358e-10   6.8680094430e-14   3.2676799634e-03   1.0550564062e-11   3.0329957481e-02   1.1358834408e-07   8.2058904495e-13   1.4102836016e-15   5.9172698546e-05   7.2172506618e-01   1.8146924897e-02   3.1233147626e-02   1.0703231434e-10   2.3891800539e-05   4.0675186239e-13   1.9485220127e-01
   4.2848000000e-03   7.5562432549e-01   5.1974736196e+02  -3.6616462707e+06   4.2089042149e-01   3.3797680941e-04   7.6349860221e-11   3.8030577708e-14   3.0692733986e-03   7.9292753054e-12   2.8589741241e-02   9.4790947524e-08   5.3808473915e-13   8.8653963181e-16   5.5589076438e-05   7.3895081243e-01   1.7041813105e-02   2.9351453782e-02   7.8595247135e-11   2.2495534956e-05   2.6854724795e-13   1.8258289576e-01
   4.3296000000e-03   7.7228688616e-01   5.0393397499e+02  -3.7322022754e+06   4.3059024664e-01   3.1546269096e-04   5.0445105619e-11   2.0366608493e-14   2.8636545406e-03   5.8329760402e-12   2.6774257433e-02   7.8626737664e-08   3.4188491370e-13   5.3975086112e-16   5.1884433324e-05   7.5674439348e-01   1.5896847479e-02   2.7400717379e-02   5.6336492702e-11   2.1042518087e-05   1.7067011373e-13   1.6992943646e-01
   4.3744000000e-03   7.8953382514e-01   4.8774902559e+02  -3.8047115012e+06   4.4119098590e-01   2.9204564847e-04   3.2133735666e-11   1.0563737311e-14   2.6502397518e-03   4.1787771826e-12   2.4876779524e-02   6.4855089652e-08   2.0960320353e-13   3.1662287733e-16   4.8043755117e-05   7.7516927391e-01   1.4708846306e-02   2.5375085396e-02   3.9273258664e-11   1.9527830029e-05   1.0390543415e-13   1.5686224285e-01
   4.4192000000e-03   8.0742010767e-01   4.7113953337e+02  -3.8793537366e+06   4.5285464658e-01   2.6764119079e-04   1.9640067563e-11   5.3173475092e-15   2.4282426188e-03   2.8964376612e-12   2.2888402297e-02   5.3210103701e-08   1.2337152503e-13   1.7772579719e-16   4.4049235469e-05   7.9427076393e-01   1.3473510420e-02   2.3266681804e-02   2.6499625452e-11   1.7944862981e-05   6.0242553813e-14   1.4334044885e-01
   4.4640000000e-03   8.2601049647e-01   4.5404337443e+02  -3.9563404362e+06   4.6578589120e-01   2.4216177332e-04   1.1451569409e-11   2.6025288137e-15   2.1968406691e-03   1.9257511256e-12   2.0799522426e-02   4.3414591031e-08   6.9293973595e-14   9.4558184559e-17   3.9883112631e-05   8.1413188369e-01   1.2186351857e-02   2.1067176667e-02   1.7199731493e-11   1.6286497590e-05   3.3030054368e-14   1.2932198539e-01
   4.5088000000e-03   8.4538219090e-01   4.3638725167e+02  -4.0359225171e+06   4.8024708499e-01   2.1549369609e-04   6.3269252655e-12   1.2396769538e-15   1.9549625336e-03   1.2138396979e-12   1.8597725610e-02   3.5183023395e-08   3.6867058652e-14   4.7035187350e-17   3.5523611658e-05   8.3482091956e-01   1.0841517077e-02   1.8765710751e-02   1.0649889628e-11   1.4543463855e-05   1.6986912436e-14   1.1475124735e-01
   4.5536000000e-03   8.6562850615e-01   4.1808422842e+02  -4.1184005824e+06   4.9658002498e-01   1.8751031309e-04   3.2883009590e-12   5.7435285493e-16   1.7014026739e-03   7.1343433139e-13   1.6268715610e-02   2.8229877723e-08   1.8423675535e-14   2.1425283930e-17   3.0946819274e-05   8.5645218163e-01   9.4324294884e-03   1.6349940411e-02   6.2209242260e-12   1.2705090915e-05   8.1234852858e-15   9.9566210830e-02
   4.5984000000e-03   8.8686395926e-01   3.9903084871e+02  -4.2041381842e+06   5.1523793747e-01   1.5804934480e-04   1.5977218382e-12   2.5861212280e-16   1.4346083462e-03   3.8143250426e-13   1.3794073159e-02   2.2269116957e-08   8.5800005723e-15   8.6473389243e-18   2.6122597064e-05   8.7913295841e-01   7.9506163924e-03   1.3803914028e-02   3.3752013567e-12   1.0757582511e-05   3.5856747932e-15   8.3686378273e-02
   4.6432000000e-03   9.0923164842e-01   3.7910407532e+02  -4.2935791306e+06   5.3683339736e-01   1.2691780474e-04   7.2544354373e-13   1.1361722967e-16   1.1527125114e-03   1.7826306436e-13   1.1151251343e-02   1.7016232635e-08   3.7222262486e-15   2.9236047334e-18   2.1014943106e-05   9.0303139973e-01   6.3859041016e-03   1.1108264275e-02   1.6638829456e-12   8.6840467058e-06   1.4595439763e-15   6.7015394866e-02
   4.6880000000e-03   9.3291402778e-01   3.5815881675e+02  -4.3872693421e+06   5.6221122012e-01   9.3866731357e-05   3.1246379378e-13   4.9490187987e-17   8.5328613863e-04   6.7792847041e-14   8.3107308950e-03   1.2184497937e-08   1.5419976648e-15   7.4449498315e-19   1.5577207558e-05   9.2833016569e-01   4.7250641509e-03   8.2376336247e-03   7.2235849019e-13   6.4623150063e-06   5.5679013147e-16   4.9427554464e-02
   4.7328000000e-03   9.5814905540e-01   3.3602813992e+02  -4.4858826717e+06   5.9256019547e-01   5.8579366053e-05   1.3053016180e-13   2.1496511760e-17   5.3320133380e-04   1.7984676059e-14   5.2339871038e-03   7.4850092248e-09   6.3964990407e-16   1.1189405805e-19   9.7492371871e-06   9.5528858401e-01   2.9510858947e-03   5.1590466952e-03   2.6492894152e-13   4.0633984997e-06   2.0519267191e-16   3.0761357878e-02
   4.7776000000e-03   9.8525542366e-01   3.1253139132e+02  -4.5902474486e+06   6.2958263977e-01   2.0636786737e-05   4.0658138879e-14   6.8161123646e-18   1.8826590783e-04   2.0462343516e-15   1.8688598098e-03   2.6329087408e-09   2.0226110664e-16   4.0639647750e-21   3.4501877586e-06   9.8424808516e-01   1.0412030258e-03   1.8278547797e-03   6.9627912418e-14   1.4478881485e-06   5.9266418911e-17   1.0800653676e-02
   4.8000000000e-03   1.0000000000e+00   3.0000000000e+02  -4.6458568819e+06   6.5169855213e-01   0.0000000000e+00   0.0000000000e+00   0.0000000000e+00   0.0000000000e+00   0.0000000000e+00   0.0000000000e+00   0.0000000000e+00   0.0000000000e+00   0.0000000000e+00   0.0000000000e+00   1.0000000000e+00   0.0000000000e+00   0.0000000000e+00   0.0000000000e+00   0.0000000000e+00   0.0000000000e+00   0.0000000000e+00