# L (m)  = 0.16
# P (Pa) = 101325
#             001_x           002_mixf              003_T              004_h        005_density             006_H2              007_H              008_O             009_O2             010_OH            011_H2O            012_HO2            013_CH2         014_CH2(S)            015_CH3            016_CH4             017_CO            018_CO2            019_HCO           020_CH2O          021_CH2OH             022_N2
                  0   0.0000000000e+00   3.0000000000e+02   1.9075768848e+03   1.1719839921e+00   0.0000000000e+00   0.0000000000e+00   0.0000000000e+00   2.3300000000e-01   0.0000000000e+00   0.0000000000e+00   0.0000000000e+00   0.0000000000e+00   0.0000000000e+00   0.0000000000e+00   0.0000000000e+00   0.0000000000e+00   0.0000000000e+00   0.0000000000e+00   0.0000000000e+00   0.0000000000e+00   7.6700000000e-01
   3.2000000000e-04   3.9453602237e-03   4.7062480263e+02  -4.4030116215e+04   7.4599403893e-01   1.6302280816e-08   8.3443846033e-13   1.5473425518e-08   2.1634299762e-01   4.3283730019e-07   7.5704553313e-03   4.1520377887e-08  -2.1939772559e-28   1.1410312028e-31   3.6093335412e-27   7.6939689007e-24   9.4171543590e-07   1.3373422729e-02   5.5471282206e-20   9.7973357652e-21   1.2039442350e-32   7.6271170781e-01
   9.6000000000e-04   8.5198766096e-03   6.7332379203e+02  -7.0752843358e+04   5.2072799054e-01   3.6339086649e-08   1.4148122205e-11   8.1537356535e-08   1.9702956162e-01   1.2123520047e-06   1.5589615113e-02   1.1604112232e-07   1.1258563786e-28  -8.6357799942e-32  -4.9459169684e-26  -8.3449859862e-24   2.0757424628e-06   2.8691866851e-02   1.8793403674e-18   3.3481892524e-20   1.1073412970e-30   7.5868540331e-01
   1.6000000000e-03   1.2403120307e-02   8.3239857995e+02  -9.5479290077e+04   4.2077833445e-01   5.4096407996e-08   9.4550003586e-11   2.3998019843e-07   1.8063420043e-01   2.6855866094e-06   2.2241817061e-02   2.1812718636e-07   1.0999400978e-29   2.7920663885e-31   4.0996266210e-26   2.6154783883e-24   3.0920660438e-06   4.1692398816e-02   1.7186896298e-17   1.0123440691e-19   2.3398075498e-29   7.5542532490e-01
   2.2400000000e-03   1.5860198022e-02   9.6760218894e+02  -1.1641060695e+05   3.6166590922e-01   7.2235760161e-08   3.8719283305e-10   5.7120650459e-07   1.6603709291e-01   5.9935167208e-06   2.8091360029e-02   2.9803820773e-07  -3.3525018090e-27  -8.5891636472e-30   4.8382243288e-27   1.2296284742e-24   4.1184391060e-06   5.3283934596e-02   8.7307709258e-17   2.4682830292e-19   2.2249482888e-28   7.5257652778e-01
   2.8800000000e-03   1.9025419625e-02   1.0870646395e+03  -1.3490158069e+05   3.2167223319e-01   9.5943467770e-08   1.1397981832e-09   1.1828196760e-06   1.5267039508e-01   1.3034638937e-05   3.3404934581e-02   3.2612848222e-07   6.9748935733e-30   6.4623817076e-31   2.0004220296e-26   4.4371160770e-25   5.3458137654e-06   6.3918084938e-02   3.0833152979e-16   5.1695778449e-19   1.2606351073e-27   7.4998662992e-01
   3.5200000000e-03   2.1974774477e-02   1.1950637068e+03  -1.5191914885e+05   2.9239749235e-01   1.3627210810e-07   2.8034513756e-09   2.2273267824e-06   1.4021229469e-01   2.6100135436e-05   3.8327217864e-02   3.3340484470e-07   3.1357233991e-29   1.4177264165e-30   7.6463318195e-27   1.1512692202e-25   7.1558734496e-06   7.3847408210e-02   9.1854565728e-16   1.3293299999e-18   7.1665870121e-27   7.4757709273e-01
   4.1600000000e-03   2.4755916465e-02   1.2941732359e+03  -1.6787343918e+05   2.6983033059e-01   2.1368863741e-07   6.3102781654e-09   3.9445051847e-06   1.2846077044e-01   4.7742295206e-05   4.2945791930e-02   3.4678291768e-07   2.0450579675e-28   2.1144201043e-30   3.7841263886e-27   2.1264199066e-26   1.0299093197e-05   8.3228398409e-02   2.6279266996e-15   4.4355193527e-18   4.7844541481e-26   7.4530251741e-01
   4.8000000000e-03   2.7401041666e-02   1.3860686022e+03  -1.8304694583e+05   2.5178714361e-01   3.6284210397e-07   1.3583200603e-08   6.6985964831e-06   1.1727914033e-01   8.1019005500e-05   4.7317479787e-02   3.7651903762e-07   2.0219375484e-28   2.4946019402e-30   2.3845243193e-27   4.2494421998e-27   1.6182517203e-05   9.2164662609e-02   7.6959731734e-15   1.6490488039e-17   3.3797879047e-25   7.4313403361e-01
   5.4400000000e-03   2.9933103743e-02   1.4718870040e+03  -1.9764962502e+05   2.3696842237e-01   6.4215148012e-07   2.8521577922e-08   1.1028551677e-05   1.0657018179e-01   1.2969436318e-04   5.1480574722e-02   4.2768825100e-07  -1.2529435216e-29  -2.5955366118e-30   5.5465523312e-27   6.0327471052e-27   2.7391632331e-05   1.0072708196e-01   2.3399429463e-14   6.2633816838e-17   2.3655693142e-24   7.4105297940e-01
   6.0800000000e-03   3.2369072815e-02   1.5524053646e+03  -2.1184849331e+05   2.2455008494e-01   1.1513199332e-06   5.8840947851e-08   1.7692970618e-05   9.6262901858e-02   1.9820452290e-04   5.5460953339e-02   5.0413526701e-07   2.0470156551e-27   6.4896785722e-29   4.4172267075e-26   3.5971467982e-26   4.8615691646e-05   1.0896318250e-01   7.2953200536e-14   2.3453015211e-16   1.5949269435e-23   7.3904670430e-01
   6.7200000000e-03   3.4721712577e-02   1.6281308936e+03  -2.2578573570e+05   2.1398528072e-01   2.0580248994e-06   1.1926751122e-07   2.7675817107e-05   8.6306413030e-02   2.9129497979e-04   5.9275395834e-02   6.0765559616e-07   3.1478601220e-26   1.0542144818e-27   4.5822404140e-25   2.7465100170e-25   8.8163854901e-05   1.1690078383e-01   2.2858753768e-13   8.4953256540e-16   1.0165323792e-22   7.3710751842e-01
   7.3600000000e-03   3.7000528556e-02   1.6993451222e+03  -2.3958931469e+05   2.0489981586e-01   3.6338611634e-06   2.3655051830e-07   4.2103942689e-05   7.6667890669e-02   4.1324247006e-04   6.2933320769e-02   7.3616962478e-07   4.0203021869e-25   1.4458780046e-26   4.3629027342e-24   2.1001626278e-24   1.6021652771e-04   1.2454751493e-01   7.0591559784e-13   2.9401790329e-15   6.0295679611e-22   7.3523107366e-01
   8.0000000000e-03   3.9212214572e-02   1.7661223589e+03  -2.5337794158e+05   1.9703316301e-01   6.2979624134e-06   4.5630510903e-07   6.2022249263e-05   6.7333669716e-02   5.6664741214e-04   6.6437843327e-02   8.8240966117e-07   4.3040511091e-24   1.6679515147e-25   3.7078087022e-23   1.5155520294e-23   2.8779757469e-04   1.3188772024e-01   2.1125538668e-12   9.6354776664e-15   3.2861830205e-21   7.3341669340e-01
   8.6400000000e-03   4.1360804018e-02   1.8283361829e+03  -2.6726128507e+05   1.9020315953e-01   1.0664164720e-05   8.5065251132e-07   8.8002824945e-05   5.8311988046e-02   7.5093857107e-04   6.9786319102e-02   1.0336165204e-06   3.8845159178e-23   1.6177995829e-24   2.7762072365e-22   1.0015954873e-22   5.0615796347e-04   1.3887748442e-01   6.0427820501e-12   2.9702362369e-14   1.6302639127e-20   7.3166653031e-01
   9.2800000000e-03   4.3447694353e-02   1.8856651700e+03  -2.8133580735e+05   1.8428354508e-01   1.7585955248e-05   1.5240825885e-06   1.1963582037e-04   4.9636345056e-02   9.6089548071e-04   7.2970839939e-02   1.1723951035e-06   2.9675174755e-22   1.3207757389e-23   1.8223526592e-21   5.9778208528e-22   8.6590026038e-04   1.4543988108e-01   1.6351198379e-11   8.5743057684e-14   7.3203124042e-20   7.2998625042e-01
   9.9200000000e-03   4.5471696050e-02   1.9376078674e+03  -2.9567631307e+05   1.7918862792e-01   2.8194265160e-05   2.6133989646e-06   1.5503910869e-04   4.1367611151e-02   1.1855789926e-03   7.5978555906e-02   1.2787789006e-06   1.9266692839e-21   9.0991995733e-23   1.0487879830e-20   3.2085454645e-21   1.4348803635e-03   1.5146203175e-01   4.1567380275e-11   2.3128191313e-13   2.9692839791e-19   7.2838418597e-01
   1.0560000000e-02   4.7429231533e-02   1.9835152167e+03  -3.1032304501e+05   1.7486198425e-01   4.3926339838e-05   4.2766663235e-06   1.9059291894e-04   3.3593561177e-02   1.4080618143e-03   7.8792125151e-02   1.3333949036e-06   1.0684844687e-20   5.3122741846e-22   5.3119480976e-20   1.5523419383e-20   2.2978389092e-03   1.5679669922e-01   9.8892920712e-11   5.8286805265e-13   1.0892615597e-18   7.2687161472e-01
   1.1200000000e-02   4.9314773189e-02   2.0226461252e+03  -3.2526373341e+05   1.7126746164e-01   6.6546927146e-05   6.6660612443e-06   2.2111436173e-04   2.6424353307e-02   1.6062654444e-03   8.1389993826e-02   1.3213112234e-06   5.0940956877e-20   2.6437785975e-21   2.3837874459e-19   6.8181107094e-20   3.5528834393e-03   1.6126968402e-01   2.1981632479e-10   1.3746015289e-12   3.6259119817e-18   7.2546114087e-01
   1.1840000000e-02   5.1121575922e-02   2.0542499544e+03  -3.4040898357e+05   1.6838135920e-01   9.8162779698e-05   9.8803562816e-06   2.4062128256e-04   1.9983359851e-02   1.7550921239e-03   8.3746812702e-02   1.2358729360e-06   2.1046261265e-19   1.1301207221e-20   9.5700404368e-19   2.7541097208e-19   5.3043438979e-03   1.6469461015e-01   4.5623886478e-10   3.0420689478e-12   1.0998355533e-17   7.2416591085e-01
   1.2480000000e-02   5.2842742254e-02   2.0776784916e+03  -3.5555848081e+05   1.6618480246e-01   1.4122418825e-04   1.3894798131e-05   2.4369975950e-04   1.4392964839e-02   1.8298965719e-03   8.5833873247e-02   1.0816779895e-06   7.6607006441e-19   4.2201729620e-20   3.5248845461e-18   1.1083253421e-18   7.6520397266e-03   1.6689441852e-01   8.8361952878e-10   6.3390727381e-12   3.0507278343e-17   7.2299687561e-01
   1.3120000000e-02   5.4472638291e-02   2.0925260235e+03  -3.7035890144e+05   1.6465545966e-01   1.9849197724e-04   1.8472613295e-05   2.2730050626e-04   9.7557972613e-03   1.8112193939e-03   8.7620260026e-02   8.7581803544e-07   3.3606178028e-18   1.9209836669e-19   1.8953551631e-17   1.3352027319e-17   1.0677587319e-02   1.6772889409e-01   1.5935525059e-09   1.2481232598e-11   7.7515747489e-17   7.2196112966e-01
   1.3760000000e-02   5.6008605927e-02   2.0987828825e+03  -3.8427270771e+05   1.6375846923e-01   2.7291738453e-04   2.3081515197e-05   1.9252636447e-04   6.1323758552e-03   1.6905132525e-03   8.9074853515e-02   6.4644245117e-07   1.3412689421e-16   7.9011443510e-18   1.0311546946e-15   1.1902216764e-15   1.4428613253e-02   1.6712567149e-01   2.6633575721e-09   2.3290373818e-11   1.8462039805e-16   7.2105876810e-01
   1.4400000000e-02   5.7452751286e-02   2.0969623762e+03  -3.9662342921e+05   1.6343824461e-01   3.6731863503e-04   2.6882816130e-05   1.4559914849e-04   3.5169899048e-03   1.4761641101e-03   9.0169958254e-02   4.2760816329e-07   1.4042178889e-14   8.0655937203e-16   1.1655886051e-13   1.2897325468e-13   1.8901025773e-02   1.6511477128e-01   4.0918641686e-09   4.1364722569e-11   8.9608722114e-16   7.2028088856e-01
   1.5040000000e-02   5.8813329243e-02   2.0881353637e+03  -4.0683069226e+05   1.6361512802e-01   4.8365564863e-04   2.8916147146e-05   9.6740899290e-05   1.8156051854e-03   1.1974275336e-03   9.0887350810e-02   2.4975785224e-07   1.1226030522e-12   6.2570206174e-14   1.0659032229e-11   1.1638541255e-11   2.4019349162e-02   1.6186545415e-01   5.7184057977e-09   7.7389815557e-11   4.0320543174e-14   7.1960521478e-01
   1.5680000000e-02   6.0104756543e-02   2.0738101332e+03  -4.1482614227e+05   1.6419098975e-01   6.2192256578e-04   2.8531703106e-05   5.6016644144e-05   8.4064560383e-04   8.9996248214e-04   9.1228708818e-02   1.2818546775e-07   5.7509155692e-11   3.1061952811e-12   6.7527057072e-10   7.8070445788e-10   2.9626096123e-02   1.5770439625e-01   7.2089868516e-09   5.0770162322e-10   1.9459183632e-12   7.1899361257e-01
   1.6320000000e-02   6.1344892887e-02   2.0556539826e+03  -4.2123646287e+05   1.6506313120e-01   7.7961392998e-04   2.5747133732e-05   2.8264131860e-05   3.5146689645e-04   6.2773300508e-04   9.1224709092e-02   5.8178893007e-08   1.6564047806e-09   8.6687377632e-11   2.6015017702e-08   3.4723354837e-08   3.5510788350e-02   1.5305550591e-01   8.2964143983e-09   1.1867747021e-08   5.4018187570e-11   7.1839600059e-01
   1.6960000000e-02   6.2550535433e-02   2.0351549694e+03  -4.2697422735e+05   1.6614063435e-01   9.5276814447e-04   2.1077618126e-05   1.2255099329e-05   1.3316194519e-04   4.0419046510e-04   9.0928647812e-02   2.3417178788e-08   2.3493239340e-08   1.1920091106e-09   5.3695243253e-07   9.1536609630e-07   4.1477288167e-02   1.4830304399e-01   1.0014182023e-08   1.8334881877e-07   7.4384696793e-10   7.1776590240e-01
   1.7600000000e-02   6.3737788730e-02   2.0132953206e+03  -4.3288467473e+05   1.6736570501e-01   1.1364543009e-03   1.5253952119e-05   4.3222523030e-06   4.5788871245e-05   2.3423139732e-04   9.0396970015e-02   8.3047500420e-09   1.4074757054e-07   6.9278915970e-09   5.2202147486e-06   1.2880012325e-05   4.7357985718e-02   1.4372057665e-01   1.6082108012e-08   1.3550601811e-06   4.3526649314e-09   7.1706875508e-01
   1.8240000000e-02   6.4932645708e-02   1.9901678123e+03  -4.4034266540e+05   1.6875244089e-01   1.3213395678e-03   9.7420076007e-06   1.2315486449e-06   1.5351255819e-05   1.2209804507e-04   8.9679296734e-02   2.7232138041e-09   3.2288161012e-07   1.5423842263e-08   2.1680372202e-05   8.8112242602e-05   5.2907146177e-02   1.3955732415e-01   2.2759156029e-08   4.4023848633e-06   9.8044228247e-09   7.1627193208e-01
   1.8880000000e-02   6.6164483190e-02   1.9656010501e+03  -4.5074805049e+05   1.7033558455e-01   1.4966672973e-03   6.2492096077e-06   3.6882140891e-07   5.6444199009e-06   6.5256095413e-05   8.8830438383e-02   9.5287779045e-10   3.7763762901e-07   1.7505801111e-08   4.4933011111e-05   3.0327556672e-04   5.7899200761e-02   1.3598674894e-01   2.2412340116e-08   7.5579797440e-06   1.1307257150e-08   7.1535319966e-01
   1.9520000000e-02   6.7445578204e-02   1.9404317704e+03  -4.6344523839e+05   1.7204886796e-01   1.6599180552e-03   4.6097244407e-06   1.5177135520e-07   2.3235981050e-06   4.0837849147e-05   8.7915498935e-02   3.9492364421e-10   3.7861843214e-07   1.7031667987e-08   6.8359891448e-05   6.7366772470e-04   6.2352899554e-02   1.3294544483e-01   2.0985641320e-08   9.9893070309e-06   1.1209751916e-08   7.1432590064e-01
   2.0160000000e-02   6.8781094859e-02   1.9157218724e+03  -4.7709479960e+05   1.7379662990e-01   1.8118779391e-03   3.8585944394e-06   8.2971149568e-08   1.0519582733e-06   2.9447351496e-05   8.6983095726e-02   1.9277941588e-10   3.9312927220e-07   1.7167316811e-08   9.3658253333e-05   1.1898266514e-03   6.6338143851e-02   1.3032733759e-01   2.1042967806e-08   1.2168476980e-05   1.1529900981e-08   7.1320897757e-01
   2.0800000000e-02   7.0175789850e-02   1.8921019651e+03  -4.9090601558e+05   1.7551711994e-01   1.9525054338e-03   3.4124043049e-06   5.2061264233e-08   5.1830594575e-07   2.2747967456e-05   8.6061624816e-02   1.0512556432e-10   4.0927963900e-07   1.7362554673e-08   1.2030656331e-04   1.8529921490e-03   6.9884328395e-02   1.2807246811e-01   2.1475243568e-08   1.4061061834e-05   1.1906561749e-08   7.1201455269e-01
   2.1440000000e-02   7.1632930029e-02   1.8698246671e+03  -5.0455859846e+05   1.7718012315e-01   2.0812956936e-03   3.0605020347e-06   3.4484366115e-08   2.7577792779e-07   1.8052808865e-05   8.5167715525e-02   6.1555354770e-11   4.1328624929e-07   1.7048853117e-08   1.4618932808e-04   2.6676002059e-03   7.3005711417e-02   1.2614317360e-01   2.1460077982e-08   1.5489681387e-05   1.1939927321e-08   7.1075090722e-01
   2.2080000000e-02   7.3153309948e-02   1.8489390571e+03  -5.1794376490e+05   1.7877284495e-01   2.1980163486e-03   2.7484059100e-06   2.3453756209e-08   1.5698140804e-07   1.4515120668e-05   8.4311257564e-02   3.7904773120e-11   4.0322249062e-07   1.6192738343e-08   1.6976553428e-04   3.6335985562e-03   7.5721684253e-02   1.2450557153e-01   2.0856674989e-08   1.6410400827e-05   1.1580941005e-08   7.0942583001e-01
   2.2720000000e-02   7.4735513409e-02   1.8293995810e+03  -5.3103193356e+05   1.8029111818e-01   2.3028872067e-03   2.4660361988e-06   1.6266491564e-08   9.4635085276e-08   1.1784489188e-05   8.3497544130e-02   2.4275450779e-11   3.8264665657e-07   1.4976194261e-08   1.9031371026e-04   4.7456822230e-03   7.8060046874e-02   1.2312538749e-01   1.9809975635e-08   1.6880251866e-05   1.0936125747e-08   7.0804643839e-01
   2.3360000000e-02   7.6376625067e-02   1.8111183308e+03  -5.4382447941e+05   1.8173527149e-01   2.3964855839e-03   2.2119160235e-06   1.1484930194e-08   5.9852830303e-08   9.6539241301e-06   8.2728706838e-02   1.6057802989e-11   3.5582332115e-07   1.3587938365e-08   2.0763182581e-04   5.9949951743e-03   8.0054029075e-02   1.2196917270e-01   1.8503624283e-08   1.6989468069e-05   1.0128335721e-08   7.0661968410e-01
   2.4000000000e-02   7.8072894021e-02   1.7939900316e+03  -5.5633677108e+05   1.8310814351e-01   2.4795998627e-03   1.9849044703e-06   8.2471608405e-09   3.9397684385e-08   7.9772490766e-06   8.2004656535e-02   1.0917245871e-11   3.2612475303e-07   1.2164171768e-08   2.2179529606e-04   7.3708617169e-03   8.1738663951e-02   1.2100570498e-01   1.7082220224e-08   1.6826785086e-05   9.2523800987e-09   7.0515148660e-01
   2.4640000000e-02   7.9820218538e-02   1.7779050324e+03  -5.6859097876e+05   1.8441397493e-01   2.5531162194e-03   1.7831117767e-06   6.0166203840e-09   2.6815053313e-08   6.6462083011e-06   8.1323943017e-02   7.5996695483e-12   2.9584626405e-07   1.0788893841e-08   2.3301860102e-04   8.8620207358e-03   8.3148375387e-02   1.2020695441e-01   1.5643051265e-08   1.6467551728e-05   8.3712556267e-09   7.0364734122e-01
   2.5280000000e-02   8.1614462990e-02   1.7627563930e+03  -5.8061223343e+05   1.8565771737e-01   2.6179390449e-03   1.6041686341e-06   4.4537520923e-09   1.8773111321e-08   5.5799558692e-06   8.0684245757e-02   5.3999282657e-12   2.6641543238e-07   9.5077857135e-09   2.4157720546e-04   1.0457382194e-02   8.4315479756e-02   1.1954820597e-01   1.4245912089e-08   1.5971591202e-05   7.5230428626e-09   7.0211166365e-01
   2.5920000000e-02   8.3451649190e-02   1.7484436406e+03  -5.9242633186e+05   1.8684458853e-01   2.6749465007e-03   1.4455700736e-06   3.3407369163e-09   1.3462342871e-08   4.7180001391e-06   8.0082849466e-02   3.9063253274e-12   2.3864593532e-07   8.3414972504e-09   2.4776325434e-04   1.2146465723e-02   8.5269593898e-02   1.1900804789e-01   1.2924502059e-08   1.5384644841e-05   6.7285856953e-09   7.0054853151e-01
   2.6560000000e-02   8.5328061888e-02   1.7348745256e+03  -6.0405835334e+05   1.8797979051e-01   2.7249621776e-03   1.3048924898e-06   2.5358206439e-09   9.8550445327e-09   4.0149355770e-06   7.9516833059e-02   2.8706120494e-12   2.1294442476e-07   7.2954362866e-09   2.5186063443e-04   1.3919605228e-02   8.6037347301e-02   1.1856795317e-01   1.1695445112e-08   1.4740816535e-05   5.9975423391e-09   6.9896109774e-01
   2.7200000000e-02   8.7240298591e-02   1.7219655850e+03  -6.1553186737e+05   1.8906833892e-01   2.7687452704e-03   1.1799071148e-06   1.9453366486e-09   7.3442529344e-09   3.4365146423e-06   7.8983318053e-02   2.1388153648e-12   1.8946053611e-07   6.3663383271e-09   2.5413271936e-04   1.5768039367e-02   8.6642516861e-02   1.1821202871e-01   1.0564697073e-08   1.4065089550e-05   5.3326701578e-09   6.9735234633e-01
   2.7840000000e-02   8.9185284842e-02   1.7096420176e+03  -6.2686852769e+05   1.9011496600e-01   2.8069839833e-03   1.0686231003e-06   1.5064181892e-09   5.5589901790e-09   2.9567363664e-06   7.8479497889e-02   1.6130071372e-12   1.6818864563e-07   5.5464167466e-09   2.5481705300e-04   1.7683899918e-02   8.7106133261e-02   1.1792653869e-01   9.5318200868e-09   1.3375492992e-05   4.7326744100e-09   6.9572450365e-01
   2.8480000000e-02   9.1160268961e-02   1.6978371947e+03  -6.3808791564e+05   1.9112407227e-01   2.8402990003e-03   9.6929489375e-07   1.1762129937e-09   4.2655830345e-09   2.5557178033e-06   7.8002773813e-02   1.2294845942e-12   1.4903486849e-07   4.8258945915e-09   2.5412477005e-04   1.9660183478e-02   8.7446808679e-02   1.1769968597e-01   8.5927690580e-09   1.2684881536e-05   4.1940485692e-09   6.9407977207e-01
   2.9120000000e-02   9.3162805386e-02   1.6864919977e+03  -6.4920753914e+05   1.9209970898e-01   2.8692443790e-03   8.8040764050e-07   9.2506582956e-10   3.3128653437e-09   2.2181318246e-06   7.7550710283e-02   9.4595052925e-13   1.3185933625e-07   4.1944683992e-09   2.5224179171e-04   2.1690671761e-02   8.7680913638e-02   1.1752121127e-01   7.7416305790e-09   1.2002293214e-05   3.7122124152e-09   6.9241972473e-01
   2.9760000000e-02   9.5190732211e-02   1.6755541001e+03  -6.6024292585e+05   1.9304557959e-01   2.8943150962e-03   8.0065579145e-07   7.3215518279e-10   2.6007014307e-09   1.9320688274e-06   7.7121120089e-02   7.3379158495e-13   1.1650253913e-07   3.6421229277e-09   2.4933153932e-04   2.3769877385e-02   8.7822910093e-02   1.1738226149e-01   6.9717031257e-09   1.1333998010e-05   3.2822055621e-09   6.9074601356e-01
   3.0400000000e-02   9.7242146472e-02   1.6649772565e+03  -6.7120776915e+05   1.9396505246e-01   2.9159497106e-03   7.2891706556e-07   5.8265766359e-10   2.0613318417e-09   1.6881967567e-06   7.6711988807e-02   5.7331569990e-13   1.0280080845e-07   3.1595359872e-09   2.4553749470e-04   2.5892951598e-02   8.7885498098e-02   1.1727507569e-01   6.2761245015e-09   1.0684255670e-05   2.8990828964e-09   6.8905974997e-01
   3.1040000000e-02   9.9315379148e-02   1.6547206344e+03  -6.8211410079e+05   1.9486117980e-01   2.9345384925e-03   6.6422850086e-07   4.6588168556e-10   1.6480204256e-09   1.4791450293e-06   7.6321538793e-02   4.5075534777e-13   9.0595319349e-08   2.7382552836e-09   2.4098617965e-04   2.8055636516e-02   8.7879904168e-02   1.1719293051e-01   5.6482381418e-09   1.0055891329e-05   2.5581356673e-09   6.8736219205e-01
   3.1680000000e-02   1.0140897109e-01   1.6447482023e+03  -6.9297247268e+05   1.9573671961e-01   2.9504258423e-03   6.0576291659e-07   3.7401962468e-10   1.3279654736e-09   1.2990440369e-06   7.5948142626e-02   3.5634320977e-13   7.9736669711e-08   2.3707342448e-09   2.3578941663e-04   3.0254177578e-02   8.7815978348e-02   1.1712989346e-01   5.0817747786e-09   9.4506955220e-06   2.2549952294e-09   6.8565411668e-01
   3.2320000000e-02   1.0352165043e-01   1.6350281796e+03  -7.0379213772e+05   1.9659415858e-01   2.9639178603e-03   5.5280931595e-07   3.0130381380e-10   1.0777797205e-09   1.1431838908e-06   7.5590379489e-02   2.8305611300e-13   7.0087094439e-08   2.0503019220e-09   2.3004672869e-04   3.2485291020e-02   8.7702434219e-02   1.1708082337e-01   4.5709420584e-09   8.8697303151e-06   1.9856761646e-09   6.8393649107e-01
   3.2960000000e-02   1.0565231180e-01   1.6255325474e+03  -7.1458122226e+05   1.9743573485e-01   2.9752839601e-03   5.0475468833e-07   2.4342673189e-10   8.8054475388e-10   1.0077552194e-06   7.5246946468e-02   2.2578026506e-13   6.1520990857e-08   1.7710925335e-09   2.2384694761e-04   3.4746084341e-02   8.7546901978e-02   1.1704116957e-01   4.1104420825e-09   8.3135326752e-06   1.7465765299e-09   6.8220984110e-01
   3.3600000000e-02   1.0779999732e-01   1.6162366153e+03  -7.2534688693e+05   1.9826345997e-01   2.9847636210e-03   4.6106949015e-07   1.9713877981e-10   7.2385958369e-10   8.8965495323e-07   7.4916713280e-02   1.8074901025e-13   5.3924738431e-08   1.5279658112e-09   2.1726994897e-04   3.7034039604e-02   8.7356129073e-02   1.1700700828e-01   3.6954641125e-09   7.7822747943e-06   1.5344618629e-09   6.8047491106e-01
   3.4240000000e-02   1.0996387951e-01   1.6071186390e+03  -7.3609547317e+05   1.9907913946e-01   2.9925671513e-03   4.2129435632e-07   1.5996495408e-10   5.9852262508e-10   7.8633623955e-07   7.4598635195e-02   1.4515785161e-13   4.7195933976e-08   1.3164215869e-09   2.1038767219e-04   3.9346940721e-02   8.7136000046e-02   1.1697487085e-01   3.3216506293e-09   7.2758635631e-06   1.3464354355e-09   6.7873203171e-01
   3.4880000000e-02   1.1214324583e-01   1.5981594833e+03  -7.4683263490e+05   1.9988439207e-01   2.9988816665e-03   3.8502976411e-07   1.3000372131e-10   4.9763012577e-10   6.9569483036e-07   7.4291808605e-02   1.1689799671e-13   4.1242540041e-08   1.1325221615e-09   2.0326532000e-04   4.1682870825e-02   8.6891708033e-02   1.1694180224e-01   2.9850632705e-09   6.7940240262e-06   1.1799081326e-09   6.7698177078e-01
   3.5520000000e-02   1.1433748485e-01   1.5893423248e+03  -7.5756345459e+05   2.0068066756e-01   3.0038711144e-03   3.5192654132e-07   1.0578206551e-10   4.1594834284e-10   6.1597972876e-07   7.3995387032e-02   9.4369060790e-14   3.5981871858e-08   9.7281904420e-10   1.9596194930e-04   4.4040144207e-02   8.6627751092e-02   1.1690520697e-01   2.6821397293e-09   6.3363454980e-06   1.0325652793e-09   6.7522430306e-01
   3.6160000000e-02   1.1654607390e-01   1.5806523887e+03  -7.6829254457e+05   2.0146926303e-01   3.0076815993e-03   3.2167862907e-07   8.6150426502e-11   3.4947225218e-10   5.4572495531e-07   7.3708638447e-02   7.6346298151e-14   3.1339696630e-08   8.3429046961e-10   1.8853129313e-04   4.6417315724e-02   8.6348082855e-02   1.1686292045e-01   2.4096582092e-09   5.9023252940e-06   9.0233779709e-10   6.7346005327e-01
   3.6800000000e-02   1.1876856806e-01   1.5720767164e+03  -7.7902413375e+05   2.0225133783e-01   3.0104408087e-03   2.9401634971e-07   7.0205383110e-11   2.9510996720e-10   4.8369493474e-07   7.3430864756e-02   6.1885071485e-14   2.7249319259e-08   7.1428495480e-10   1.8102207254e-04   4.8813115343e-02   8.6056092644e-02   1.1681306542e-01   2.1646991895e-09   5.4913883894e-06   7.8737379004e-10   6.7168906954e-01
   3.7440000000e-02   1.2100459038e-01   1.5636039591e+03  -7.8976214097e+05   2.0302792725e-01   3.0122628055e-03   2.6870137088e-07   5.7232547126e-11   2.5045566798e-10   4.2884249482e-07   7.3161461041e-02   5.0251682266e-14   2.3650819188e-08   6.1047429878e-10   1.7347857383e-04   5.1226467864e-02   8.5754741201e-02   1.1675413041e-01   1.9446159179e-09   5.1029111257e-06   6.8601505597e-10   6.6991165965e-01
   3.8080000000e-02   1.2325382321e-01   1.5552241933e+03  -8.0051023568e+05   2.0379995498e-01   3.0132469813e-03   2.4552193081e-07   4.6663726575e-11   2.1362334655e-10   3.8027465720e-07   7.2899838421e-02   4.0872545683e-14   2.0490314994e-08   5.2081175359e-10   1.6594079741e-04   5.3656428461e-02   8.5446529594e-02   1.1668483244e-01   1.7470041540e-09   4.7362284914e-06   5.9677482354e-10   6.6812776873e-01
   3.8720000000e-02   1.2551600050e-01   1.5469287581e+03  -8.1127188757e+05   2.0456824440e-01   3.0134824211e-03   2.2428933891e-07   3.8044737586e-11   1.8312472389e-10   3.3722618198e-07   7.2645485038e-02   3.3296684488e-14   1.7719363945e-08   4.4349741135e-10   1.5844488768e-04   5.6102211404e-02   8.5133623958e-02   1.1660419943e-01   1.5696795838e-09   4.3906480889e-06   5.1831969479e-10   6.6633760934e-01
   3.9360000000e-02   1.2779090111e-01   1.5387101083e+03  -8.2205040566e+05   2.0533352893e-01   3.0130464847e-03   2.0483457728e-07   3.1010831523e-11   1.5777795441e-10   2.9903763902e-07   7.2397891955e-02   2.7167640844e-14   1.5294392777e-08   3.7694743462e-10   1.5102319976e-04   5.8563125382e-02   8.4817816439e-02   1.1651143682e-01   1.4106548189e-09   4.0654522199e-06   4.4945271649e-10   6.6454104384e-01
   4.0000000000e-02   1.3007834283e-01   1.5305616843e+03  -8.3284896883e+05   2.0609646136e-01   3.0120088277e-03   1.8700586564e-07   2.5267937088e-11   1.3663938657e-10   2.6513837494e-07   7.2156615551e-02   2.2202390414e-14   1.3176233861e-08   3.1976849189e-10   1.4370464747e-04   6.1038610246e-02   8.4500641445e-02   1.1640601241e-01   1.2681224848e-09   3.7599073288e-06   3.8909968135e-10   6.6273820852e-01
   4.0640000000e-02   1.3237817719e-01   1.5224777952e+03  -8.4367064826e+05   2.0685762237e-01   3.0104296915e-03   1.7066622840e-07   2.0578108061e-11   1.1895154513e-10   2.3503214091e-07   7.1921206022e-02   1.8175276374e-14   1.1329685439e-08   2.7073489404e-10   1.3651473980e-04   6.3528171233e-02   8.4183330642e-02   1.1628752590e-01   1.1404377529e-09   3.4732643745e-06   3.3629625265e-10   6.6092890085e-01
   4.1280000000e-02   1.3469028497e-01   1.5144535145e+03  -8.5451842357e+05   2.0761752823e-01   3.0083636467e-03   1.5569179453e-07   1.6748253312e-11   1.0410364669e-10   2.0828588730e-07   7.1691270785e-02   1.4905760894e-14   9.7231493713e-09   2.2876940242e-10   1.2947588755e-04   6.6031423005e-02   8.3866922263e-02   1.1615579544e-01   1.0261054915e-09   3.2047662626e-06   2.9017745299e-10   6.5911319775e-01
   4.1920000000e-02   1.3701457225e-01   1.5064845863e+03  -8.6539519320e+05   2.0837663776e-01   3.0058576560e-03   1.4197004288e-07   1.3621265410e-11   9.1600971924e-11   1.8452013562e-07   7.1466405137e-02   1.2248946487e-14   8.3282852256e-09   1.9292591290e-10   1.2260744007e-04   6.8548022094e-02   8.3552211409e-02   1.1601072993e-01   9.2376668152e-10   2.9536480529e-06   2.4996769994e-10   6.5729084776e-01
   4.2560000000e-02   1.3935096698e-01   1.4985673426e+03  -8.7630378061e+05   2.0913535863e-01   3.0029545931e-03   1.2939860997e-07   1.1069060221e-11   8.1041309710e-11   1.6340144570e-07   7.1246256263e-02   1.0088249597e-14   7.1197201803e-09   1.6237473235e-10   1.1592597468e-04   7.1077717697e-02   8.3239853375e-02   1.1585241717e-01   8.3218829494e-10   2.7191435471e-06   2.1497254421e-10   6.5546188338e-01
   4.3200000000e-02   1.4169941612e-01   1.4906986278e+03  -8.8724693672e+05   2.0989405306e-01   2.9996911295e-03   1.1788401625e-07   8.9870271741e-12   7.2096392904e-11   1.4463582579e-07   7.1030455638e-02   8.3296527626e-15   6.0747699932e-09   1.3638918808e-10   1.0944535235e-04   7.3620281822e-02   8.2930310047e-02   1.1568099897e-01   7.5025237640e-10   2.5004860549e-06   1.8457077050e-10   6.5362601827e-01
   4.3840000000e-02   1.4405988307e-01   1.4828757331e+03  -8.9822733996e+05   2.1065304299e-01   2.9961010715e-03   1.0734083226e-07   7.2896252618e-12   6.4497464983e-11   1.2796356257e-07   7.0818683281e-02   6.8972087583e-15   5.1732006675e-09   1.1433410620e-10   1.0317701011e-04   7.6175566403e-02   8.2623947927e-02   1.1549676100e-01   6.7694779351e-10   2.2969149646e-06   1.5820773995e-10   6.5178325362e-01
   4.4480000000e-02   1.4643234558e-01   1.4750963365e+03  -9.0924759415e+05   2.1141261469e-01   2.9922131133e-03   9.7690763044e-08   5.9068337124e-12   5.8023740151e-11   1.1315462831e-07   7.0610601522e-02   5.7294721290e-15   4.3969988971e-09   9.5655290525e-11   9.7130061501e-05   7.8743430712e-02   8.2320981170e-02   1.1530001091e-01   6.1136132252e-10   2.1076780544e-06   1.3538900897e-10   6.4993328026e-01
   4.5120000000e-02   1.4881679386e-01   1.4673584499e+03  -9.2031022547e+05   2.1217302302e-01   2.9880540266e-03   8.8862099280e-08   4.7813093407e-12   5.2493355582e-11   1.0000508844e-07   7.0405919226e-02   4.7766808105e-15   3.7301739365e-09   7.9870406065e-11   9.1311638846e-05   8.1323804395e-02   8.2021564834e-02   1.1509116994e-01   5.5267102297e-10   1.9320399257e-06   1.1567490569e-10   6.4807607911e-01
   4.5760000000e-02   1.5121322912e-01   1.4596603717e+03  -9.3141767850e+05   2.1293449533e-01   2.9836463152e-03   8.0789129531e-08   3.8660773488e-12   4.7756042233e-11   8.8333901221e-08   7.0204326630e-02   3.9984986805e-15   3.1585690335e-09   6.6560682266e-11   8.5727124989e-05   8.3916611746e-02   8.1725735024e-02   1.1487065428e-01   5.0013942368e-10   1.7692890684e-06   9.8675397371e-11   6.4621132829e-01
   4.6400000000e-02   1.5362166219e-01   1.4520006428e+03  -9.4257231243e+05   2.1369723519e-01   2.9790112873e-03   7.3411927009e-08   3.1226709226e-12   4.3687345713e-11   7.7980495559e-08   7.0005559302e-02   3.3622210290e-15   2.6697005235e-09   5.5363749386e-11   8.0380712720e-05   8.6521840203e-02   8.1433497831e-02   1.1463896830e-01   4.5310925288e-10   1.6187538907e-06   8.4045805697e-11   6.4433899742e-01
   4.7040000000e-02   1.5604211252e-01   1.4443780052e+03  -9.5377639740e+05   2.1446142607e-01   2.9741666439e-03   6.6676247152e-08   2.5196149716e-12   4.0183889651e-11   6.8802724551e-08   6.9809333889e-02   2.8413378769e-15   2.2526111414e-09   4.5967236409e-11   7.5276078339e-05   8.9139460909e-02   8.1144767071e-02   1.1439658912e-01   4.1100022087e-10   1.4798237374e-06   7.1482963493e-11   6.4245875996e-01
   4.7680000000e-02   1.5847460720e-01   1.4367913614e+03  -9.6503211205e+05   2.1522723546e-01   2.9691294641e-03   6.0534158440e-08   2.0312141625e-12   3.7159633239e-11   6.0675663478e-08   6.9615411681e-02   2.4147160851e-15   1.8977624361e-09   3.8103508148e-11   7.0417712590e-05   9.1769501898e-02   8.0859449397e-02   1.1414406130e-01   3.7331076652e-10   1.3519864669e-06   6.0722586958e-11   6.4057058134e-01
   4.8746666667e-02   1.6254878894e-01   1.4242051887e+03  -9.8396332528e+05   2.1651183201e-01   2.9604287062e-03   5.1382625969e-08   1.4098931161e-12   3.2798241800e-11   4.9051831332e-08   6.9295551081e-02   1.8550773069e-15   1.4156306217e-09   2.7659193594e-11   6.2729968874e-05   9.6173521319e-02   8.0389321938e-02   1.1370717324e-01   3.1806078625e-10   1.1568112127e-06   4.5955896816e-11   6.3740994893e-01
   5.0240000000e-02   1.6831875840e-01   1.4067695891e+03  -1.0106621429e+06   2.1831363775e-01   2.9474016762e-03   4.0818410723e-08   8.4417360030e-13   2.8380250807e-11   3.6383048371e-08   6.8856959925e-02   1.3294882281e-15   9.3521760103e-10   1.7582078060e-11   5.3175263689e-05   1.0240738651e-01   7.9747257113e-02   1.1304782220e-01   2.5625761331e-10   9.3006710857e-07   3.1024287005e-11   6.3293905418e-01
   5.1733333333e-02   1.7415553017e-01   1.3895119204e+03  -1.0376931012e+06   2.2012743492e-01   2.9336427206e-03   3.2323341859e-08   5.0190516806e-13   2.5140366174e-11   2.6882154271e-08   6.8424884918e-02   9.8761256803e-16   6.1188684856e-10   1.1062896362e-11   4.4797071069e-05   1.0871034731e-01   7.9118601873e-02   1.1234725868e-01   2.0763143839e-10   7.4442724554e-07   2.0777189948e-11   6.2841959786e-01
   5.3226666667e-02   1.8005990599e-01   1.3724268885e+03  -1.0650752797e+06   2.2195431106e-01   2.9192502756e-03   2.5521049987e-08   2.9643323652e-13   2.2733365706e-11   1.9788558373e-08   6.7997127031e-02   7.6028507026e-16   3.9676918187e-10   6.8950677141e-12   3.7525125598e-05   1.1508358023e-01   7.8500620467e-02   1.1161145397e-01   1.6914746171e-10   5.9373632562e-07   1.3814276395e-11   6.2384986795e-01
   5.4720000000e-02   1.8603280497e-01   1.3555103947e+03  -1.0928248919e+06   2.2379517244e-01   2.9042966144e-03   2.0094562254e-08   1.7397033895e-13   2.0922242868e-11   1.4514195635e-08   6.7571726179e-02   6.0476050772e-16   2.5512929628e-10   4.2591042268e-12   3.1268858408e-05   1.2152832530e-01   7.7890580129e-02   1.1084559237e-01   1.3847410900e-10   4.7227300116e-07   9.1242159031e-12   6.1922763889e-01
   5.6213333333e-02   1.9207525118e-01   1.3387589964e+03  -1.1209555219e+06   2.2565080745e-01   2.8888390488e-03   1.5781320772e-08   1.0148983183e-13   1.9542083916e-11   1.0608638485e-08   6.7147075607e-02   4.9474352985e-16   1.6277831785e-10   2.6089060846e-12   2.5929939292e-05   1.2804606529e-01   7.7286040579e-02   1.1005424041e-01   1.1385203949e-10   3.7499325851e-07   5.9906610173e-12   6.1455147142e-01
   5.7706666667e-02   1.9818836467e-01   1.3221695799e+03  -1.1494784166e+06   2.2752192968e-01   2.8729177860e-03   1.2365239422e-08   5.8880874366e-14   1.8476562597e-11   7.7285648311e-09   6.6721751282e-02   4.1404360280e-16   1.0311945707e-10   1.5857887893e-12   2.1408376977e-05   1.3463824975e-01   7.6684754034e-02   1.0924111857e-01   9.3957563390e-11   2.9754630672e-07   3.9128558605e-12   6.0981941875e-01
   5.9200000000e-02   2.0437335427e-01   1.3057391586e+03  -1.1784028096e+06   2.2940920953e-01   2.8565648474e-03   9.6693164684e-09   3.3993674353e-14   1.7642617043e-11   5.6134193554e-09   6.6294617877e-02   3.5266172123e-16   6.4913917066e-11   9.5723026875e-13   1.7606466564e-05   1.4130653138e-01   7.6084842992e-02   1.0840937135e-01   7.7791945915e-11   2.3623166248e-07   2.5447257293e-12   6.0503027660e-01
   6.0693333333e-02   2.1063151203e-01   1.2894647543e+03  -1.2077362496e+06   2.3131329756e-01   2.8398005199e-03   7.5491372632e-09   1.9544885110e-14   1.6980229155e-11   4.0662915798e-09   6.5864660332e-02   3.0438671154e-16   4.0643929901e-11   5.7434275277e-13   1.4431337999e-05   1.4805248635e-01   7.5484634026e-02   1.0756141074e-01   6.4596233904e-11   1.8793586242e-07   1.6495963208e-12   6.0018231421e-01
   6.2186666667e-02   2.1696420844e-01   1.2733433313e+03  -1.2374849182e+06   2.3323484232e-01   2.8226409970e-03   5.8873713578e-09   1.1202085350e-14   1.6445624996e-11   2.9390427555e-09   6.5431088283e-02   2.6532569665e-16   2.5339320968e-11   3.4291130923e-13   1.1796673685e-05   1.5487788746e-01   7.4882788186e-02   1.0669921548e-01   5.3788087445e-11   1.5006551823e-07   1.0672174351e-12   5.9527448630e-01
   6.3680000000e-02   2.2337288884e-01   1.2573717645e+03  -1.2676539223e+06   2.3517450382e-01   2.8050940984e-03   4.5890704677e-09   6.4076766012e-15   1.6006582438e-11   2.1207356199e-09   6.4993175131e-02   2.3300537777e-16   1.5750556096e-11   2.0398574106e-13   9.6236549710e-06   1.6178440955e-01   7.4278115772e-02   1.0582419381e-01   4.4915144063e-11   1.2048042240e-07   6.9010173878e-13   5.9030519877e-01
   6.5173333333e-02   2.2985907035e-01   1.2415468290e+03  -1.2982475549e+06   2.3713296409e-01   2.7871660934e-03   3.5777336031e-09   3.6629534260e-15   1.5639243488e-11   1.5286978376e-09   6.4550364533e-02   2.0582457774e-16   9.7755582753e-12   1.2107624949e-13   7.8414410763e-06   1.6877393182e-01   7.3669692448e-02   1.0493747487e-01   3.7621393424e-11   9.7431347750e-08   4.4679677877e-13   5.8527348769e-01
   6.6666666667e-02   2.3642433996e-01   1.2258652015e+03  -1.3292695220e+06   2.3911093552e-01   2.7688570282e-03   2.7919842401e-09   2.0958804214e-15   1.5325819942e-11   1.1016239359e-09   6.4102119219e-02   1.8271928463e-16   6.0681027613e-12   7.1824126603e-14   6.3872116126e-06   1.7584822387e-01   7.3056677212e-02   1.0403976688e-01   3.1622769301e-11   7.9502344037e-08   2.9020225277e-13   5.8017782408e-01
   6.8160000000e-02   2.4307035311e-01   1.2103234686e+03  -1.3607231344e+06   2.4110916763e-01   2.7501669714e-03   2.1828131399e-09   1.2024047419e-15   1.5053013179e-11   7.9428925731e-10   6.3648030371e-02   1.6295884773e-16   3.7741306855e-12   4.2658991545e-14   5.2059716928e-06   1.8300927366e-01   7.2438428075e-02   1.0313162620e-01   2.6689803798e-11   6.5558963164e-08   1.8951435192e-13   5.7501726075e-01
   6.9653333333e-02   2.4979883331e-01   1.1949181373e+03  -1.3926114685e+06   2.4312845277e-01   2.7310911432e-03   1.7112718468e-09   6.9290723536e-16   1.4810820848e-11   5.7350526930e-10   6.3187676246e-02   1.4602081345e-16   2.3564810215e-12   2.5415522479e-14   4.2501345765e-06   1.9025895249e-01   7.1814331310e-02   1.0221330388e-01   2.2635074976e-11   5.4701433202e-08   1.2473098028e-13   5.6979027766e-01
   7.1146666667e-02   2.5661157220e-01   1.1796456465e+03  -1.4249374970e+06   2.4516963112e-01   2.7116257256e-03   1.3465707937e-09   4.0183443771e-16   1.4591717784e-11   4.1504704679e-10   6.2720733664e-02   1.3151508576e-16   1.4799193280e-12   1.5218372670e-14   3.4790038085e-06   1.9759936697e-01   7.1183920527e-02   1.0128499005e-01   1.9304287927e-11   4.6223345770e-08   8.2946638651e-14   5.6449589565e-01
   7.2640000000e-02   2.6351043065e-01   1.1645023783e+03  -1.4577041965e+06   2.4723359515e-01   2.6917629155e-03   1.0644987479e-09   2.3493743204e-16   1.4390002565e-11   3.0132459038e-10   6.2246845396e-02   1.1913727863e-16   9.3661076445e-13   9.1754162312e-15   2.8581560750e-06   2.0503250253e-01   7.0546718498e-02   1.0034665010e-01   1.6569700533e-11   3.9575159845e-08   5.5878790142e-14   5.5913256231e-01
   7.4133333333e-02   2.7049734019e-01   1.1494846670e+03  -1.4909146318e+06   2.4932129397e-01   2.6714963920e-03   8.4612557530e-10   1.3871204779e-16   1.4201362707e-11   2.1963130817e-10   6.1765732351e-02   1.0864099014e-16   5.9838948011e-13   5.5797592830e-15   2.3587984677e-06   2.1256059848e-01   6.9902359083e-02   9.9398247106e-02   1.4325326129e-11   3.4332916084e-08   3.8233848522e-14   5.5369923097e-01
   7.5626666667e-02   2.7757430529e-01   1.1345888079e+03  -1.5245720256e+06   2.5143373740e-01   2.6508163786e-03   6.7673098222e-10   8.2824029492e-17   1.4022502675e-11   1.6083121628e-10   6.1277068423e-02   9.9820869708e-17   3.8651568550e-13   3.4275062136e-15   1.9570979463e-06   2.2018577023e-01   6.9250440319e-02   9.8439571617e-02   1.2483208650e-11   3.0171618654e-08   2.6637556787e-14   5.4819428681e-01
   7.7120000000e-02   2.8474340601e-01   1.1198110630e+03  -1.5586798129e+06   2.5357200032e-01   2.6297148290e-03   5.4493139115e-10   5.0069223823e-17   1.3850913476e-11   1.1838339860e-10   6.0780591931e-02   9.2503061053e-17   2.5271498508e-13   2.1292270830e-15   1.6335310723e-06   2.2791040683e-01   6.8590647277e-02   9.7470446276e-02   1.0970539323e-11   2.6843356086e-08   1.8941459340e-14   5.4261658934e-01
   7.8613333333e-02   2.9200680136e-01   1.1051476662e+03  -1.5932416856e+06   2.5573722705e-01   2.6081805600e-03   4.4196633571e-10   3.0668844326e-17   1.3684654111e-11   8.7620634521e-11   6.0275986759e-02   8.6539435012e-17   1.6739580853e-13   1.3387526587e-15   1.3722529943e-06   2.3573677226e-01   6.7922614515e-02   9.6490553424e-02   9.7272512064e-12   2.4159474206e-08   1.3776631757e-14   5.3696443853e-01
   8.0106666667e-02   2.9936673298e-01   1.0905948263e+03  -1.6282616291e+06   2.5793063615e-01   2.5862041960e-03   3.6112419066e-10   1.9042192725e-17   1.3522233281e-11   6.5221059804e-11   5.9762991835e-02   8.1804705873e-17   1.1238734454e-13   8.5232781299e-16   1.1605176102e-06   2.4366742485e-01   6.7246047906e-02   9.5499625555e-02   8.7040396612e-12   2.1976539771e-08   1.0268699162e-14   5.3123657914e-01
   8.1600000000e-02   3.0682552950e-01   1.0761487284e+03  -1.6637439535e+06   2.6015352555e-01   2.5637734150e-03   2.9728025580e-10   1.1985522307e-17   1.3362476588e-11   4.8823399646e-11   5.9241287708e-02   7.8194692690e-17   7.6490058521e-14   5.4951463068e-16   9.8814633410e-07   2.5170479834e-01   6.6560594824e-02   9.4497274175e-02   7.8606274717e-12   2.0185317490e-08   7.8567637592e-15   5.2543120700e-01
   8.3093333333e-02   3.1438561113e-01   1.0618055343e+03  -1.6996933196e+06   2.6240727827e-01   2.5408776777e-03   2.4653168858e-10   7.6455619759e-18   1.3204470331e-11   3.6749470680e-11   5.8710603149e-02   7.5625789846e-17   5.2762686904e-14   3.5869021266e-16   8.4706343449e-07   2.5985164243e-01   6.5865963378e-02   9.3483168781e-02   7.1642982292e-12   1.8702389930e-08   6.1789015525e-15   5.1954693374e-01
   8.4586666667e-02   3.2204949500e-01   1.0475613814e+03  -1.7361147646e+06   2.6469336864e-01   2.5175036145e-03   2.0590949004e-10   4.9403159150e-18   1.3047477108e-11   2.7805073879e-11   5.8170606619e-02   7.4034727290e-17   3.6871498844e-14   2.3692769152e-16   7.3089089311e-07   2.6811058454e-01   6.5161799200e-02   9.2456869376e-02   6.5885985453e-12   1.7463732295e-08   4.9998613011e-15   5.1358183343e-01
   8.6080000000e-02   3.2981980071e-01   1.0334123801e+03  -1.7730137241e+06   2.6701336934e-01   2.4936395531e-03   1.7315541283e-10   3.2313992465e-18   1.2890913792e-11   2.1138362419e-11   5.7621009345e-02   7.3379075084e-17   2.6086829663e-14   1.5826042318e-16   6.3460936915e-07   2.7648459063e-01   6.4447800998e-02   9.1417995673e-02   6.1122494087e-12   1.6419945632e-08   4.1654758980e-15   5.0753436652e-01
   8.7573333333e-02   3.3769925672e-01   1.0193546104e+03  -1.8103960552e+06   2.6936895909e-01   2.4692710651e-03   1.4654924977e-10   2.1377610258e-18   1.2734294622e-11   1.6139413774e-11   5.7061461385e-02   7.3637956699e-17   1.8671839567e-14   1.0681591247e-16   5.5427446342e-07   2.8497650883e-01   6.3723603256e-02   9.0366064842e-02   5.7181966760e-12   1.5532635498e-08   3.5738459751e-15   5.0140246733e-01
   8.9066666667e-02   3.4569070687e-01   1.0053841173e+03  -1.8482680586e+06   2.7176193137e-01   2.4443852955e-03   1.2477750422e-10   1.4291312153e-18   1.2577227690e-11   1.2369478161e-11   5.6491650714e-02   7.4813597456e-17   1.3509097755e-14   7.2781622515e-17   4.8678795235e-07   2.9358954969e-01   6.2988887375e-02   8.9300651868e-02   5.3928347997e-12   1.4771766277e-08   3.1570994527e-15   4.9518442596e-01
   9.0560000000e-02   3.5379711799e-01   9.9149690391e+02  -1.8866324439e+06   2.7419420439e-01   2.4189666837e-03   1.0683322391e-10   9.6456206245e-19   1.2419373821e-11   9.5111398887e-12   5.5911203757e-02   7.6933383724e-17   9.8711082722e-15   5.0018646444e-17   4.2971223514e-07   3.0232681300e-01   6.2243269942e-02   8.8221233506e-02   5.1253431026e-12   1.4113640579e-08   2.8697780891e-15   4.8887801723e-01
   9.2053333333e-02   3.6202158812e-01   9.7768874291e+02  -1.9254826428e+06   2.7666788332e-01   2.3930010908e-03   9.1940808681e-11   6.5665519757e-19   1.2260452832e-11   7.3333249637e-12   5.5319780131e-02   8.0053270378e-17   7.2784060657e-15   3.4639412434e-17   3.8112503099e-07   3.1119178700e-01   6.1486408925e-02   8.7127340179e-02   4.9071611573e-12   1.3539437846e-08   2.6814339243e-15   4.8248133910e-01
   9.3546666667e-02   3.7036735624e-01   9.6395528747e+02  -1.9648277889e+06   2.7918524396e-01   2.3664717007e-03   7.9499385066e-11   4.5051670260e-19   1.2100211675e-11   5.6666946820e-12   5.4716977514e-02   8.4262229967e-17   5.4110468777e-15   2.4151988997e-17   3.3950395086e-07   3.2018786092e-01   6.0717897265e-02   8.6018406591e-02   4.7315479761e-12   1.3034076622e-08   2.5718708596e-15   4.7599198290e-01
   9.5040000000e-02   3.7883781169e-01   9.5029219416e+02  -2.0046791670e+06   2.8174870986e-01   2.3393629458e-03   6.9040704108e-11   3.1123497621e-19   1.1938435665e-11   4.3863205027e-12   5.4102421898e-02   8.9688854887e-17   4.0528914978e-15   1.6939976378e-17   3.0363798576e-07   3.2931884112e-01   5.9937363896e-02   8.4893915471e-02   4.5932476409e-12   1.2585399890e-08   2.5281051228e-15   4.6940782806e-01
   9.6533333333e-02   3.8743650445e-01   9.3669510478e+02  -2.0450484909e+06   2.8436086821e-01   2.3116565973e-03   6.0197272514e-11   2.1633667488e-19   1.1774922322e-11   3.3993966658e-12   5.3475676917e-02   9.6510415630e-17   3.0561420669e-15   1.1942741993e-17   2.7255795111e-07   3.3858844913e-01   5.9144372753e-02   8.3753255404e-02   4.4882110158e-12   1.2183519766e-08   2.5424317166e-15   4.6272625543e-01
   9.8026666667e-02   3.9616715600e-01   9.2315962814e+02  -2.0859479252e+06   2.8702448765e-01   2.2833354858e-03   5.2678728314e-11   1.5118894493e-19   1.1609494907e-11   2.6365269658e-12   5.2836329434e-02   1.0496606133e-16   2.3185502491e-15   8.4567118231e-18   2.4548385979e-07   3.4800085366e-01   5.8338518384e-02   8.2595856450e-02   4.4133940279e-12   1.1820355493e-08   2.6112434311e-15   4.5594489735e-01
   9.9520000000e-02   4.0503367160e-01   9.0968132144e+02  -2.1273901166e+06   2.8974253786e-01   2.2543797821e-03   4.6253932004e-11   1.0616076674e-19   1.1441979960e-11   2.0454861888e-12   5.2183903258e-02   1.1537560218e-16   1.7685812983e-15   6.0103425315e-18   2.2178357553e-07   3.5756015721e-01   5.7519330250e-02   8.1421055228e-02   4.3665920373e-12   1.1489243724e-08   2.7343608661e-15   4.4906089359e-01
   1.0101333333e-01   4.1404015343e-01   8.9625567145e+02  -2.1693882277e+06   2.9251821165e-01   2.2247705050e-03   4.0737656605e-11   7.4849500153e-20   1.1272221630e-11   1.5867420412e-12   5.1517939846e-02   1.2816805838e-16   1.3556593772e-15   4.2845845129e-18   2.0094175007e-07   3.6727094318e-01   5.6686362741e-02   8.0228222292e-02   4.3463306169e-12   1.1184671172e-08   2.9147589128e-15   4.4207159576e-01
   1.0250666667e-01   4.2319091539e-01   8.8287807486e+02  -2.2119559813e+06   2.9535494950e-01   2.1944859951e-03   3.5980383408e-11   5.2958976448e-20   1.1100061835e-11   1.2302040665e-12   5.0837916428e-02   1.4392624408e-16   1.0436672277e-15   3.0616526946e-18   1.8253520269e-07   3.7713775339e-01   5.5839104715e-02   7.9016634530e-02   4.3517780992e-12   1.0902034117e-08   3.1586074675e-15   4.3497386577e-01
   1.0400000000e-01   4.3249049898e-01   8.6954381802e+02  -2.2551077076e+06   2.9825646727e-01   2.1635052049e-03   3.1860670074e-11   3.7581764407e-20   1.0925354521e-11   9.5285684630e-13   5.0143321656e-02   1.6346116486e-16   8.0657326321e-16   2.1916890643e-18   1.6621447129e-07   3.8716564909e-01   5.4977063794e-02   7.7785594220e-02   4.3827019965e-12   1.0637480753e-08   3.4756263024e-15   4.2776473395e-01
   1.0549333333e-01   4.4194369130e-01   8.5624805548e+02  -2.2988584024e+06   3.0122678734e-01   2.1318043657e-03   2.8279207143e-11   2.6734812039e-20   1.0747947808e-11   7.3701614853e-13   4.9433578093e-02   1.8793886384e-16   6.2545018518e-16   1.5708131859e-18   1.5168894716e-07   3.9735968190e-01   5.4099681093e-02   7.6534308715e-02   4.4394395762e-12   1.0387756860e-08   3.8797636707e-15   4.2044073976e-01
   1.0698666667e-01   4.5155554452e-01   8.4298578731e+02  -2.3432237898e+06   3.0427027400e-01   2.0993600547e-03   2.5154336468e-11   1.9055765684e-20   1.0567697687e-11   5.6904117696e-13   4.8708112669e-02   2.1909689914e-16   4.8642537543e-16   1.1265383942e-18   1.3871573975e-07   4.0772546771e-01   5.3206409670e-02   7.5262001053e-02   4.5229067852e-12   1.0150111482e-08   4.3902902070e-15   4.1299854300e-01
   1.0848000000e-01   4.6133139787e-01   8.2975183479e+02  -2.3882203971e+06   3.0739167336e-01   2.0661460533e-03   2.2418496833e-11   1.3602687731e-20   1.0384451777e-11   4.3837226854e-13   4.7966283453e-02   2.5959525624e-16   3.7925345470e-16   8.0797841787e-19   1.2709050336e-07   4.1826865387e-01   5.2296634355e-02   7.3967796832e-02   4.6346198174e-12   9.9221939013e-09   5.0334196808e-15   4.0543430619e-01
   1.0997333333e-01   4.7127690162e-01   8.1654081421e+02  -2.4338656352e+06   3.1059615911e-01   2.0321361860e-03   2.0015521400e-11   9.7203344769e-21   1.0198062143e-11   3.3681079234e-13   4.7207444757e-02   3.1354038088e-16   2.9631533599e-16   5.7921970465e-19   1.1664056706e-07   4.2899550519e-01   5.1369744238e-02   7.2650826244e-02   4.7767561381e-12   9.7019967547e-09   5.8446912478e-15   3.9774425829e-01
   1.1146666667e-01   4.8139804438e-01   8.0334710829e+02  -2.4801778929e+06   3.1388938462e-01   1.9973013661e-03   1.7898452524e-11   6.9505316979e-21   1.0008370349e-11   2.5797419165e-13   4.6430878039e-02   3.8717788287e-16   2.3190758154e-16   4.1479354510e-19   1.0721912589e-07   4.3991237045e-01   5.0425057467e-02   7.1310117918e-02   4.9522330094e-12   9.4877845390e-09   6.8724279571e-15   3.8992411765e-01
   1.1296000000e-01   4.9170118292e-01   7.9016483491e+02  -2.5271766408e+06   3.1727754290e-01   1.9616122003e-03   1.6027867917e-11   4.9713715858e-21   9.8152191944e-12   1.9688336318e-13   4.5635851483e-02   4.8967253300e-16   1.8173519442e-16   2.9656278444e-19   9.8700898000e-08   4.5102628018e-01   4.9461887655e-02   6.9944692245e-02   5.1648342312e-12   9.2780593050e-09   8.1828381034e-15   3.8196960771e-01
   1.1445333333e-01   5.0219307627e-01   7.7698781255e+02  -2.5748825496e+06   3.2076743554e-01   1.9250362153e-03   1.4370500886e-11   3.5556961927e-21   9.6184388305e-12   1.4964697975e-13   4.4821554812e-02   6.3379393377e-16   1.4254530064e-16   2.1156334082e-19   9.0978346912e-08   4.6234441613e-01   4.8479473421e-02   6.8553461860e-02   5.4193677375e-12   9.0715091490e-09   9.8676139961e-15   3.7387591892e-01
   1.1594666667e-01   5.1288092338e-01   7.6380952186e+02  -2.6233176226e+06   3.2436655265e-01   1.8875402221e-03   1.2898177145e-11   2.5426275033e-21   9.4178572361e-12   1.1322003315e-13   4.3987153136e-02   8.3626169267e-16   1.1186157125e-16   1.5049985565e-19   8.3958868520e-08   4.7387472092e-01   4.7477038585e-02   6.7135316054e-02   5.7218913988e-12   8.8669877196e-09   1.2055576813e-14   3.6563817586e-01
   1.1744000000e-01   5.2377240625e-01   7.5062306270e+02  -2.6725053464e+06   3.2808316546e-01   1.8490877110e-03   1.1586921893e-11   1.8178627659e-21   9.2132872083e-12   8.5217412738e-14   4.3131725317e-02   1.1175156535e-15   8.7789493025e-17   1.0668964696e-19   7.7562270090e-08   4.8562537480e-01   4.6453726150e-02   6.5689027427e-02   6.0799970593e-12   8.6634757293e-09   1.4931126375e-14   3.5725093564e-01
   1.1893333333e-01   5.3487573804e-01   7.3742110573e+02  -2.7224708604e+06   3.3192643473e-01   1.8096409687e-03   1.0416268765e-11   1.2999579167e-21   9.0045355310e-12   6.3770079430e-14   4.2254311804e-02   1.5008054245e-15   6.8873224433e-17   7.5318259683e-20   7.1718905249e-08   4.9760541804e-01   4.5408652092e-02   6.4213327107e-02   6.5032023302e-12   8.4600689331e-09   1.8765373911e-14   3.4870860555e-01
   1.2042666667e-01   5.4619971836e-01   7.2419583773e+02  -2.7732411511e+06   3.3590653743e-01   1.7691586264e-03   9.3686690491e-12   9.3084647245e-22   8.7913908281e-12   4.7413184845e-14   4.1353856088e-02   2.0106873433e-15   5.3989227163e-17   5.2911408376e-20   6.6367950627e-08   5.0982424050e-01   4.4340843352e-02   6.2706816933e-02   7.0034542226e-12   8.2559483176e-09   2.3973448833e-14   3.4000497501e-01
   1.2192000000e-01   5.5775379564e-01   7.1093889919e+02  -2.8248452706e+06   3.4003481625e-01   1.7275975162e-03   8.4290331524e-12   6.6893781093e-22   8.5736314759e-12   3.4999128669e-14   4.0429246083e-02   2.6712229347e-15   4.2267111348e-17   3.6959183277e-20   6.1456141925e-08   5.2229221881e-01   4.3249284949e-02   6.1168035023e-02   7.5958176724e-12   8.0503731332e-09   3.1228042496e-14   3.3113358199e-01
   1.2341333333e-01   5.6954813917e-01   6.9764131306e+02  -2.8773145906e+06   3.4432395641e-01   1.6849103515e-03   7.5843320673e-12   4.8448523684e-22   8.3510143753e-12   2.5629517056e-14   3.9479257988e-02   3.5042712225e-15   3.3030119699e-17   2.5647213111e-20   5.6936569436e-08   5.3502022558e-01   4.2132861407e-02   5.9595372590e-02   8.2993820782e-12   7.8426568546e-09   4.1674040259e-14   3.2208727433e-01
   1.2490666667e-01   5.8159372130e-01   6.8429340270e+02  -2.9306830894e+06   3.4878819617e-01   1.6410473048e-03   6.8232875902e-12   3.5623941469e-22   8.1232817910e-12   1.8601974329e-14   3.8502590583e-02   4.5282524421e-15   2.5750352045e-17   1.7663863985e-20   5.2767803896e-08   5.4802028542e-01   4.0990396710e-02   5.7987129154e-02   9.1385065881e-12   7.6321629687e-09   5.7240014059e-14   3.1285852236e-01
   1.2640000000e-01   5.9390241288e-01   6.7088469699e+02  -2.9849876878e+06   3.5344357867e-01   1.5959537891e-03   6.1360990561e-12   2.6899393186e-22   7.8901510203e-12   1.3368322380e-14   3.7497810532e-02   5.7575917086e-15   2.0014744494e-17   1.2061374360e-20   4.8913038123e-08   5.6130511339e-01   3.9820598388e-02   5.6341432755e-02   1.0144500265e-11   7.4182849684e-09   8.0836866568e-14   3.0343900388e-01
   1.2789333333e-01   6.0648709357e-01   6.5740382013e+02  -3.0402686338e+06   3.5830825521e-01   1.5495717266e-03   5.5142309781e-12   2.1191848953e-22   7.6513201474e-12   9.5017377285e-15   3.6463378523e-02   7.2028634010e-15   1.5499213088e-17   8.1556552576e-21   4.5339472120e-08   5.7488879590e-01   3.8622089551e-02   5.4656283588e-02   1.1357959281e-11   7.2004441985e-09   1.1597908443e-13   2.9381985811e-01
   1.2938666667e-01   6.1936178107e-01   6.4383836274e+02  -3.0965699551e+06   3.6340285262e-01   1.5018373903e-03   4.9502234547e-12   1.7743120513e-22   7.4064585236e-12   6.6708408448e-15   3.5397594641e-02   8.8714402708e-15   1.1948811598e-17   5.4537500326e-21   4.2017693155e-08   5.8878637288e-01   3.7393354506e-02   5.2929475877e-02   1.2831999264e-11   6.9780738971e-09   1.6550679057e-13   2.8399128682e-01
   1.3088000000e-01   6.3254178215e-01   6.3017473057e+02  -3.1539399857e+06   3.6875092148e-01   1.4526823147e-03   4.4375451905e-12   1.6011084963e-22   7.1552112103e-12   4.6192796573e-15   3.4298614701e-02   1.0768367908e-14   9.1625100078e-18   3.6012712650e-21   3.8921239576e-08   6.0301455384e-01   3.6132761655e-02   5.1158627995e-02   1.4636830906e-11   6.7506185411e-09   2.2984461985e-13   2.7394274161e-01
   1.3237333333e-01   6.4604387162e-01   6.1639796573e+02  -3.2124319892e+06   3.7437948661e-01   1.4020311320e-03   3.9704611166e-12   1.5671630829e-22   6.8971898743e-12   3.1495894546e-15   3.3164393483e-02   1.2897096574e-14   6.9814262988e-18   2.3442387071e-21   3.6026152217e-08   6.1759136457e-01   3.4838508936e-02   4.9341103288e-02   1.6866247469e-11   6.5175191776e-09   3.0591184088e-13   2.6366252939e-01
   1.3386666667e-01   6.5988650442e-01   6.0249153439e+02  -3.2721048950e+06   3.8031972877e-01   1.3498020486e-03   3.5439302581e-12   1.6468810926e-22   6.6319756122e-12   2.1104504108e-15   3.1992688587e-02   1.5259743011e-14   5.2797474536e-18   1.5013699159e-21   3.3310669088e-08   6.3253691599e-01   3.3508635584e-02   4.7474023523e-02   1.9646995498e-11   6.2782098419e-09   3.8751495863e-13   2.5313792018e-01
   1.3536000000e-01   6.7409006996e-01   5.8843707322e+02  -3.3330241803e+06   3.8660783547e-01   1.2959045746e-03   3.1535132972e-12   1.8314123805e-22   6.3591099779e-12   1.3866077870e-15   3.0780998057e-02   1.7856492490e-14   3.9576738227e-18   9.4393034803e-22   3.0754911608e-08   6.4787314826e-01   3.2140964732e-02   4.5554184403e-02   2.3152383728e-11   6.0321005598e-09   4.6701411325e-13   2.4235473875e-01
   1.3685333333e-01   6.8867719850e-01   5.7421408477e+02  -3.3952629265e+06   3.9328607250e-01   1.2402394396e-03   2.7953016030e-12   2.1155881051e-22   6.0780961331e-12   8.9091070635e-16   2.9526547313e-02   2.0683804095e-14   2.9359357693e-18   5.8107878999e-22   2.8340692010e-08   6.6362468311e-01   3.0733100747e-02   4.3578047077e-02   2.7622329585e-11   5.7785701254e-09   5.3729655762e-13   2.3129737125e-01
   1.3834666667e-01   7.0367313404e-01   5.5979956929e+02  -3.4589031008e+06   4.0040414606e-01   1.1826960458e-03   2.4658520206e-12   2.5022511401e-22   5.7883901223e-12   5.5802015249e-16   2.8226215223e-02   2.3730960242e-14   2.1514926348e-18   3.4920222381e-22   2.6051329278e-08   6.7981871704e-01   2.9282364501e-02   4.1541641154e-02   3.3393017349e-11   5.5169482050e-09   5.9315919261e-13   2.1994831264e-01
   1.3984000000e-01   7.1910619161e-01   5.4516757711e+02  -3.5240371177e+06   4.0802095236e-01   1.1231516095e-03   2.1621341647e-12   3.0025274401e-22   5.4894008220e-12   3.3944579031e-16   2.6876496475e-02   2.6974489736e-14   1.5541540381e-18   2.0416408596e-22   2.3871584088e-08   6.9648601226e-01   2.7785770646e-02   3.9440525176e-02   4.0940980856e-11   5.2465057196e-09   6.3177909294e-13   2.0828803493e-01
   1.4133333333e-01   7.3500832427e-01   5.3028866126e+02  -3.5907697616e+06   4.1620684947e-01   1.0614680489e-03   1.8814742315e-12   3.6295483984e-22   5.1804821283e-12   1.9963370213e-16   2.5473405781e-02   3.0369713421e-14   1.1039088015e-18   1.1567973653e-22   2.1787637864e-08   7.1366102917e-01   2.6239947880e-02   3.7269664733e-02   5.0947873575e-11   4.9664351713e-09   6.5245819985e-13   1.9629443890e-01
   1.4282666667e-01   7.5141583291e-01   5.1512920407e+02  -3.6592205694e+06   4.2504664286e-01   9.9748996595e-04   1.6214883778e-12   4.3981814170e-22   4.8609326979e-12   1.1289048028e-16   2.4012401696e-02   3.3838487163e-14   7.6881281944e-19   6.3247799215e-23   1.9787218098e-08   7.3138315426e-01   2.4641085902e-02   3.5023345200e-02   6.4392054367e-11   4.6758354109e-09   6.5602046562e-13   1.8394251543e-01
   1.4432000000e-01   7.6837026607e-01   4.9965058453e+02  -3.7295268157e+06   4.3464355909e-01   9.3104044738e-04   1.3799608389e-12   5.3260291109e-22   4.5299903661e-12   6.0970137142e-17   2.2488249905e-02   3.7251772482e-14   5.2331524122e-19   3.3217428088e-23   1.7859841262e-08   7.4969723541e-01   2.2984826694e-02   3.2695002135e-02   8.2660974478e-11   4.3736852486e-09   6.4417326772e-13   1.7120360796e-01
   1.4581333333e-01   7.8591957462e-01   4.8380814426e+02  -3.8018472813e+06   4.4512460897e-01   8.6191716690e-04   1.1545377439e-12   6.3999509719e-22   4.1868329173e-12   3.1188018055e-17   2.0894881858e-02   4.0405667162e-14   3.4693202494e-19   1.6683228048e-23   1.5997301320e-08   7.6865523920e-01   2.1266161809e-02   3.0277054539e-02   1.0760432246e-10   4.0588163754e-09   6.1899835307e-13   1.5804473814e-01
   1.4730666667e-01   8.0411961522e-01   4.6754989997e+02  -3.8763670612e+06   4.5664793421e-01   7.8988609156e-04   9.4177397637e-13   7.5686895315e-22   3.8305734919e-12   1.4952804654e-17   1.9225179508e-02   4.2990740635e-14   2.2318674682e-19   7.9814268850e-24   1.4194539546e-08   7.8831749918e-01   1.9479267388e-02   2.7760642503e-02   1.4105487405e-10   3.7298724307e-09   5.8261107946e-13   1.4442749645e-01
   1.4880000000e-01   8.2303613775e-01   4.5081494106e+02  -3.9533037487e+06   4.6941303408e-01   7.1467427666e-04   7.3522079469e-13   8.6185622800e-22   3.4602479582e-12   6.6307595893e-18   1.7470714668e-02   4.4563205090e-14   1.3874484406e-19   3.6224023234e-24   1.2451283855e-08   8.0875519990e-01   1.7617312925e-02   2.5135316425e-02   1.8198081632e-10   3.3852596699e-09   5.3696686273e-13   1.3030677330e-01
   1.5029333333e-01   8.4274745877e-01   4.3353144704e+02  -4.0329154640e+06   4.8367524525e-01   6.3595940385e-04   5.2779075711e-13   9.0485808942e-22   3.0747422420e-12   2.6736955363e-18   1.5621375832e-02   4.4560423109e-14   8.2740908175e-20   1.5437594562e-24   1.0773200961e-08   8.3005298031e-01   1.5672183185e-02   2.2388586906e-02   2.1917790151e-10   3.0230767685e-09   4.8377416420e-13   1.1562889873e-01
   1.5178666667e-01   8.6334812469e-01   4.1561427454e+02  -4.1155113376e+06   4.9976661382e-01   5.5335620477e-04   3.2850755436e-13   8.2221033262e-22   2.6725634358e-12   9.5794371267e-19   1.3664869333e-02   4.2459641508e-14   4.6554367739e-20   5.9998691963e-25   9.1647709660e-09   8.5231310470e-01   1.3634113847e-02   1.9505327428e-02   2.2945214089e-10   2.6410218122e-09   4.2444288619e-13   1.0032921627e-01
   1.5328000000e-01   8.8495403794e-01   3.9696212810e+02  -4.2014652493e+06   5.1812653425e-01   4.6639723496e-04   1.6940661597e-13   6.1684600559e-22   2.2514400604e-12   2.9445166721e-19   1.1586007100e-02   3.8083049845e-14   2.3998468867e-20   2.0210206878e-25   7.6098681348e-09   8.7566087406e-01   1.1491172185e-02   1.6466918681e-02   1.9975072165e-10   2.2362598355e-09   3.5994642069e-13   8.4328620375e-02
   1.5477333333e-01   9.0770979149e-01   3.7745451992e+02  -4.2912337541e+06   5.3934752329e-01   3.7450586703e-04   7.1700348976e-14   3.7940867867e-22   1.8080481149e-12   7.3253617703e-20   9.3656866849e-03   3.1728789615e-14   1.0924728971e-20   5.5632066293e-26   6.0644201398e-09   9.0025260068e-01   9.2285206460e-03   1.3250022913e-02   1.4584246047e-10   1.8052307393e-09   2.9063446950e-13   6.7528655303e-02
   1.5626666667e-01   9.3179942181e-01   3.5694922063e+02  -4.3853790462e+06   5.6424462594e-01   2.7695709571e-04   2.5138472704e-14   1.9232978582e-22   1.3380377425e-12   1.3298986911e-20   6.9793853780e-03   2.3916140040e-14   4.2433075319e-21   1.1682573337e-26   4.4749170487e-09   9.2628720697e-01   6.8273369458e-03   9.8247682984e-03   9.2851227990e-11   1.3433625265e-09   2.1621523123e-13   4.9804339133e-02
   1.5776000000e-01   9.5746257575e-01   3.3528212686e+02  -4.4845969596e+06   5.9396147074e-01   1.7281943432e-04   7.3906296713e-15   7.8317648323e-23   8.3601830292e-13   1.4118960551e-21   4.3948847386e-03   1.5054299216e-14   1.4092769175e-21   1.6693678643e-27   2.7956424817e-09   9.5402369030e-01   4.2631929102e-03   6.1519894421e-03   5.1604992508e-11   8.4463624344e-10   1.3588169779e-13   3.0993419782e-02
   1.5925333333e-01   9.8501944101e-01   3.1227435841e+02  -4.5897470045e+06   6.3013090436e-01   6.0866772925e-05   1.7550602674e-15   1.8832258902e-23   2.9515555181e-13   3.8257398149e-23   1.5687481561e-03   5.3229417984e-15   3.5640229776e-22   1.0411446600e-28   9.8881945039e-10   9.8380803616e-01   1.5035558754e-03   2.1789103272e-03   1.7759876834e-11   3.0090651123e-10   4.8375595975e-14   1.0879880991e-02
   1.6000000000e-01   1.0000000000e+00   3.0000000000e+02  -4.6458568819e+06   6.5169855213e-01   0.0000000000e+00   0.0000000000e+00   0.0000000000e+00   0.0000000000e+00   0.0000000000e+00   0.0000000000e+00   0.0000000000e+00   0.0000000000e+00   0.0000000000e+00   0.0000000000e+00   1.0000000000e+00   0.0000000000e+00   0.0000000000e+00   0.0000000000e+00   0.0000000000e+00   0.0000000000e+00   0.0000000000e+00