# time = 0.05
# Grid points = 160
# Pressure (Pa) = 101325
#             1_pos             2_posf             3_rho             4_dvisc             5_uvel             6_vvel             7_wvel             8_temp             9_mixf            10_chi            11_hr            12_y_H2            13_y_H            14_y_O            15_y_O2            16_y_OH            17_y_H2O            18_y_HO2            19_y_CH2            20_y_CH2(S)            21_y_CH3            22_y_CH4            23_y_CO            24_y_CO2            25_y_HCO            26_y_CH2O            27_y_CH2OH            28_y_N2            29_enth
  -7.2527300733e-01  -7.5000000000e-01   1.1719839921e+00   1.8630700790e-05   3.0597263889e-20   3.6684144823e-92  -6.1138359279e-92   3.0000000000e+02  -2.1502453731e-05   7.0446400914e-36  -6.1636514456e-69   1.1599883880e-59   8.6635609956e-86   1.0004650463e-62   2.3300000000e-01   1.1250089088e-62   1.0257653637e-51   6.3815205672e-54 -2.4294737353e-106  3.9340929806e-116   1.1525365204e-81   1.7314041935e-79   4.5238724279e-69   7.3372462581e-53  8.3461705879e-102   4.6252301978e-74  9.8518726232e-141   7.6700000000e-01   1.9075768848e+03
  -6.7557482077e-01  -7.0054601466e-01   1.1719839921e+00   1.8630700790e-05   2.0616193284e-18   1.6822177263e-87  -2.9393192341e-87   3.0000000000e+02  -2.1502453731e-05   1.2435459478e-35  -6.1009595092e-69   1.1676539313e-55   2.8289884341e-86   1.5913152101e-62   2.3300000000e-01   2.1250949782e-61   2.0095730268e-47   2.0838137131e-54 -6.7212310567e-102  3.6074062074e-108   3.9434463830e-77   5.9760248626e-75   1.6937052878e-64   1.9233884651e-48   2.2025050204e-97   1.2205779589e-69  8.4947045444e-137   7.6700000000e-01   1.9075768848e+03
  -6.2563243299e-01  -6.5060362688e-01   1.1719839921e+00   1.8630700790e-05   4.2364544123e-17   7.3738174437e-83  -1.3362635499e-82   3.0000000000e+02  -2.1502453731e-05   1.9377546530e-37   1.9907751771e-66   1.0618816794e-51   1.1438859072e-85   2.7646809212e-58   2.3300000000e-01   4.5892795938e-57   4.1147308374e-43   8.4257433975e-54  -1.2568371369e-97 -1.6117111960e-101   1.2560772262e-72   1.9188935291e-70   5.9184260602e-60   5.6558195643e-44   6.5315434113e-93   3.6196427536e-65  4.3738054046e-131   7.6700000000e-01   1.9075768848e+03
  -5.7569004520e-01  -6.0066123910e-01   1.1719839921e+00   1.8630700790e-05   4.1133800000e-18   2.8224492988e-78  -5.3105887167e-78   3.0000000000e+02  -2.1502453731e-05   1.2404826281e-35   5.5598370312e-62   8.4467120611e-48   1.0524106103e-86   5.2655735455e-54   2.3300000000e-01   8.8183422841e-53   7.1675138334e-39   4.3270436859e-55  -3.5410938038e-98  1.9734127647e-107   3.4971454028e-68   5.3864077137e-66   1.8081556793e-55   1.4139926848e-39   1.6468036774e-88   9.1261373402e-61  1.7492523700e-122   7.6700000000e-01   1.9075768848e+03
  -5.2574765742e-01  -5.5071885131e-01   1.1719839921e+00   1.8630700790e-05   4.0085359391e-17   9.3079099664e-74  -1.8206230064e-73   3.0000000000e+02  -2.1502453731e-05   6.9771154132e-36   1.3352191652e-57   5.8011839297e-44   4.1785548018e-83   8.6520766979e-50   2.3300000000e-01   1.4625420065e-48   1.0437065046e-34   7.2559313105e-52   9.0531851021e-91  -7.3442955928e-98   8.3985466144e-64   1.3043376458e-61   4.7659586092e-51   2.9527206259e-35   3.4680326574e-84   1.9218889419e-56  6.8213304514e-114   7.6700000000e-01   1.9075768848e+03
  -4.7580526964e-01  -5.0077646353e-01   1.1719839921e+00   1.8630700790e-05   9.4329064916e-19   2.5940310560e-69  -5.2822889102e-69   3.0000000000e+02  -2.1502453731e-05   4.8453855265e-36   2.7136345635e-53   3.3767840649e-40   4.0312623252e-79   1.2033147183e-45   2.3300000000e-01   2.0538902122e-44   1.2374337867e-30   1.6000439988e-47   1.1043900972e-88   4.3305492916e-96   1.7068798120e-59   2.6732525144e-57   1.0633059509e-46   5.0142498816e-31   5.9391781839e-80   3.2913307755e-52  1.9140016661e-105   7.6700000000e-01   1.9075768848e+03
  -4.2586288185e-01  -4.5083407574e-01   1.1719839921e+00   1.8630700790e-05   3.0407666585e-18   5.9417477937e-65  -1.2619429330e-64   3.0000000000e+02  -2.1502453731e-05   1.9377546530e-37   4.5412148719e-49   1.6224612564e-36   4.8481036570e-75   1.3783850613e-41   2.3300000000e-01   2.3761331722e-40   1.1473568991e-26   2.9053216285e-43  -2.6084555636e-78   1.9109200823e-84   2.8564302986e-55   4.5120447390e-53   1.9537887946e-42   6.6460658362e-27   7.9385597707e-76   4.3992397894e-48   3.6564982608e-97   7.6700000000e-01   1.9075768848e+03
  -3.7592049407e-01  -4.0089168796e-01   1.1719839921e+00   1.8630700790e-05   2.0364480265e-17   1.0732388274e-60  -2.3836543750e-60   3.0000000000e+02  -2.1502453731e-05   4.8453855265e-36   6.0092565083e-45   6.1912348325e-33   4.1319424766e-70   1.2490486323e-37   2.3300000000e-01   2.1746075463e-36   7.8009562711e-23   4.1707592838e-39  -5.8546300667e-75   3.2888569385e-84   3.7798304737e-51   6.0231961970e-49   2.8394981654e-38   6.4353881121e-23   7.7511559216e-72   4.2954593679e-44   4.3842803403e-89   7.6700000000e-01   1.9075768848e+03
  -3.2597810628e-01  -3.5094930018e-01   1.1719839921e+00   1.8630700790e-05   1.1259072930e-17   1.4309317822e-56  -3.3384276636e-56   3.0000000000e+02  -2.1502453731e-05   5.4444234221e-34   5.8975420463e-41   1.7679863610e-29   7.5370402513e-63   8.4019535508e-34   2.3300000000e-01   1.4768113609e-32   3.4738026812e-19   4.4388309688e-35   6.3438434695e-72  -1.3673487561e-73   3.7095609408e-47   5.9656556070e-45   3.0620579670e-34   4.0457975240e-19   4.9183212009e-68   2.7226744696e-40   2.9021995991e-81   7.6700000000e-01   1.9075768848e+03
  -2.7603571850e-01  -3.0100691239e-01   1.1719839921e+00   1.8630700790e-05   3.0274517992e-14   1.2486996129e-52  -3.0922813731e-52   3.0000000000e+02  -2.1502453730e-05   2.5732518711e-28   3.8317102160e-37   3.4175991555e-26   8.4838324367e-56   3.7486403753e-30   2.3300000000e-01   6.6437698736e-29   8.0054965488e-16   3.1226788483e-31   8.5957374396e-70   4.9756007539e-71   2.4090098861e-43   3.9139321359e-41   2.1877440856e-30   1.2782198738e-15   8.6062304597e-64   8.6678333381e-37   8.4455757558e-74   7.6700000000e-01   1.9075768848e+03
  -2.2609333072e-01  -2.5106452461e-01   1.1719839920e+00   1.8630700790e-05   1.8276798467e-11   5.3417447270e-49  -1.4670128332e-48   3.0000000001e+02  -2.1502453491e-05   7.9011724357e-24   1.9784947223e-33   3.6857994582e-23   3.1839819827e-49   8.6493363696e-27   2.3300000000e-01   1.5374643000e-25   4.6909114832e-13   1.1207188873e-27   7.4135242317e-63   3.8262916494e-64   8.0156843153e-40   1.3218741931e-37   8.0582999345e-27   7.9469770354e-13   1.0142900121e-57   5.3957204006e-34   6.4942341183e-67   7.6700000000e-01   1.9075768821e+03
  -1.7615094293e-01  -2.0112213682e-01   1.1719839849e+00   1.8630700875e-05   3.2038239202e-09   8.6245074084e-48  -1.2037607758e-45   3.0000000184e+02  -2.1502411758e-05   1.4400775991e-20   1.1628714540e-28   1.5154706912e-20   5.2071492280e-44   3.6704289242e-24   2.3299999982e-01   5.9376903138e-23   8.1491105849e-11   5.9857535761e-25   1.5433389327e-57   7.9589543060e-59   4.3120448558e-37   7.9952881009e-35   5.5852251322e-24   1.4042353046e-10   6.9242551627e-53   9.5377082552e-32   1.3498733928e-61   7.6699999996e-01   1.9075763922e+03
  -1.2620855517e-01  -1.5117974904e-01   1.1719836848e+00   1.8630704419e-05   1.3674877386e-07  -1.1585451295e-42  -6.0080440017e-42   3.0000007845e+02  -2.1500661625e-05   2.0080003395e-17   1.5717179998e-22   1.1138355855e-17   6.9020607172e-38   4.9295602637e-21   2.3299999243e-01   6.8848098256e-20   3.4773798553e-09   1.5861681004e-21   4.4077932612e-51   2.2735793107e-52   1.0623421572e-33   2.2384694946e-31   1.9141621698e-20   5.9988431892e-09   3.4370828168e-48   4.0794359912e-30   3.8559660823e-55   7.6699999809e-01   1.9075558065e+03
  -8.8792278672e-02  -1.0123736131e-01   1.1719763148e+00   1.8630791462e-05   3.4024060027e-06  -4.6736014206e-39  -1.8670408123e-38   3.0000195978e+02  -2.1457801743e-05   3.2967065357e-14   1.8381318448e-16   6.6092041821e-15   7.7854412066e-32   5.6985303802e-18   2.3299981148e-01   7.5541758135e-17   8.6910745634e-08   3.1445296922e-18   8.7542194256e-45   4.5247020883e-46   1.9269293427e-30   4.3399355034e-28   4.3234587307e-17   1.4894459894e-07   1.1152353571e-43   1.1533409845e-28   7.6716055061e-49   7.6699995266e-01   1.9070580506e+03
  -7.0124650009e-02  -7.6347196033e-02   1.1718469708e+00   1.8632319179e-05   6.0436420784e-05  -4.1081764026e-36  -1.3947530927e-35   3.0003497859e+02  -2.0708987596e-05   4.4388794946e-12   1.4765318121e-11   1.0716840162e-12   5.9566753978e-27   1.6589352480e-15   2.3299665004e-01   2.1032420141e-14   1.5523829140e-06   1.5210796054e-15   1.0728417520e-39   5.5491313512e-41   8.4883465541e-28   2.0501702539e-25   2.4000980690e-14   2.6307454112e-06   3.5675823326e-39   1.1467947947e-26   9.4137609745e-44   7.6699916683e-01   1.8985482012e+03
  -5.7679529704e-02  -6.3902103985e-02   1.1707755766e+00   1.8644983363e-05   5.3233885740e-04  -7.2513902700e-34  -2.0443672984e-33   3.0030875491e+02  -1.4509652217e-05   2.1876902056e-10   4.6840254354e-08   4.3182697819e-11   1.7745296856e-23   9.4142407604e-14   2.3297047716e-01   1.1270728478e-12   1.3702982401e-05   1.3911658817e-13   4.7048393195e-36   2.4363698193e-37   6.9573492944e-26   1.8793671166e-23   2.7476660315e-12   2.3124533955e-05   2.2541569202e-35   1.2322572600e-24   4.1555443958e-40   7.6699269527e-01   1.8287533773e+03
  -4.7724095497e-02  -5.1456955423e-02   1.1646520696e+00   1.8717697807e-05   3.2393668321e-03  -4.9227622128e-32  -1.0924063738e-31   3.0188310733e+02   2.1110066964e-05   1.1399609917e-08   2.5526625997e-05   8.4673326656e-10   9.0276261812e-21   2.1611225044e-12   2.3282009933e-01   2.5199205187e-11   8.3600637972e-05   4.9944560381e-12   3.2522891535e-33   1.6949608011e-34   2.1695457663e-24   6.7244293892e-22   1.2915904955e-10   1.4060752795e-04   8.8354242268e-32   5.6089325007e-23   2.9818200731e-37   7.6695569150e-01   1.4305848475e+03
  -4.2124240190e-02  -4.3991235571e-02   1.1431943227e+00   1.8977059806e-05   1.2921896665e-02  -1.3671159712e-30  -1.9276336256e-30   3.0753219848e+02   1.4875993555e-04   1.5749541722e-07   2.0538563715e-03   8.0080933994e-09   7.0523648370e-19   1.8721236084e-11   2.3228122732e-01   2.2734199252e-10   3.3523231538e-04   6.3304704211e-11   3.0632532969e-31   1.6324079591e-32   2.3338449706e-23   8.4426229413e-21   2.2947043240e-09   5.5986798847e-04   1.0020190345e-28   8.3732734269e-22   3.2010614933e-35   7.6682366176e-01   1.4855863457e+01
  -3.8387669581e-02  -4.0257244808e-02   1.0942386239e+00   1.9596628001e-05   3.5647913142e-02  -5.7108375599e-29  -4.4052936197e-29   3.2123919714e+02   4.5387077745e-04   2.8814580308e-06   1.0989918905e-01   5.6175469999e-08   3.5336464888e-17   1.2097293237e-10   2.3099347505e-01   1.7065491694e-09   9.6276509012e-04   7.6150920256e-10   1.9501449615e-29   1.0929982931e-30   2.1193024576e-22   9.8924419345e-20   4.7907140069e-08   1.5298916596e-03   1.0622830574e-25   1.3320772154e-20   2.7479307729e-33   7.6651376153e-01  -3.2014829570e+03
  -3.5689815453e-02  -3.6518094353e-02   9.6129496871e-01   2.1508471760e-05   1.0456161941e-01  -1.5880884408e-27  -8.8877238660e-28   3.6540995167e+02   1.4074478198e-03   4.9896543059e-05   4.9318992023e+00   2.6909350450e-07   2.1920007718e-15   8.4138949011e-10   2.2696961313e-01   1.2980733754e-08   3.1339177130e-03   7.9950033847e-09   1.7877405932e-27   1.0980618928e-28   1.7615401200e-21   9.5892351544e-19   7.5425611812e-07   4.3632955077e-03   1.1185827576e-22   1.7599456276e-19   5.7245229891e-31   7.6553212848e-01  -1.2697381219e+04
  -3.4439247860e-02  -3.4861536553e-02   8.0743701217e-01   2.4281895431e-05   2.0138831620e-01  -1.4604650468e-26  -6.7293814673e-27   4.3438577188e+02   2.8364112523e-03   2.6397076934e-04   4.7713402741e+01   4.6184106405e-07   4.7643533073e-14   4.1115662554e-09   2.2093983809e-01   4.7830294462e-08   6.8909652375e-03   3.2166083983e-08  -8.9416455792e-25   7.0543674594e-28   5.4934494873e-21   2.6624665715e-18   3.7805184620e-06   8.1508746761e-03   1.2799376205e-20   7.0832928275e-19  -2.1262371849e-27   7.6401399553e-01  -2.5856379452e+04
  -3.3742631602e-02  -3.4016959168e-02   6.9514232679e-01   2.6869576662e-05   2.9435236602e-01  -4.6635088574e-26  -2.0909522002e-26   5.0372929430e+02   4.3114708865e-03   7.0829049441e-04   1.8942737809e+02   5.7233142825e-07   3.8663753244e-13   1.2421432713e-08   2.1471532769e-01   1.1613876454e-07   1.0824967327e-02   7.2845966321e-08  -4.5206712470e-24   3.0192161128e-27   1.0027822010e-20   3.4288639570e-18   7.7969068631e-06   1.1892774803e-02   2.1503861122e-19   1.2175258906e-18  -1.3825789233e-28   7.6255835954e-01  -3.9330847996e+04
  -3.3239921804e-02  -3.3468304037e-02   6.1493843199e-01   2.9146318626e-05   3.7716398122e-01  -9.0583244050e-26  -4.2811102483e-26   5.6852399659e+02   5.7498146911e-03   1.4170215094e-03   5.3268930609e+02   6.4801791061e-07   1.9119968441e-12   2.8719341599e-08   2.0864549898e-01   2.3616626205e-07   1.4601065715e-02   1.3098961347e-07  -1.3082788579e-23   8.8906090430e-27   1.5063318405e-20   3.6141285293e-18   1.1797392018e-05   1.5473225290e-02   1.5856011888e-18   1.7407624255e-18  -1.2294640560e-27   7.6126736873e-01  -5.2693879267e+04
  -3.2814165453e-02  -3.3011539572e-02   5.5007596706e-01   3.1354108014e-05   4.5974318411e-01  -1.4582449574e-25  -7.4795245075e-26   6.3455006767e+02   7.2739126886e-03   2.4971153727e-03   1.3499891758e+03   7.0791515880e-07   7.9649544552e-12   6.0660684612e-08   2.0221347441e-01   4.5847733766e-07   1.8468138937e-02   2.1677593595e-07  -3.2947954832e-23   2.2945898813e-26   2.0665778331e-20   3.4603209673e-18   1.5906802275e-05   1.9301072087e-02   8.7051058522e-18   2.5415061788e-18  -6.4199402006e-27   7.5999996392e-01  -6.6719305501e+04
  -3.2441102211e-02  -3.2616791333e-02   4.9761058106e-01   3.3461535070e-05   5.4086591791e-01  -1.9940737611e-25  -1.1697347846e-25   7.0037123079e+02   8.8543813904e-03   3.9495505531e-03   3.1815792928e+03   7.5741607982e-07   2.9037853240e-11   1.2041123112e-07   1.9554321300e-01   8.6047891884e-07   2.2336055615e-02   3.3627940285e-07  -7.4246835949e-23   5.3165482668e-26   2.6184730570e-20   3.1037952523e-18   1.9974259048e-05   2.3336618008e-02   3.8864923719e-17   3.9611073923e-18  -2.4711179775e-26   7.5876206450e-01  -8.1246196758e+04
  -3.2110044723e-02  -3.2265413089e-02   4.5517321103e-01   3.5440419421e-05   6.1880794142e-01  -2.6845010943e-25  -1.6770755539e-25   7.6455332954e+02   1.0451845188e-02   5.7349879090e-03   7.0581126360e+03   8.0023012401e-07   9.4307535100e-11   2.2882658384e-07   1.8880084889e-01   1.5707800412e-06   2.6116292167e-02   4.9249178889e-07   1.1846027314e-24   1.0812584022e-25   3.0717893255e-20   2.6434161375e-18   2.3906271226e-05   2.7488360024e-02   1.4742327399e-16   6.5375646041e-18   1.1391770569e-26   7.5756750023e-01  -9.5831642076e+04
  -3.1808844713e-02  -3.1954676357e-02   4.2023718900e-01   3.7302658258e-05   6.9352421299e-01  -3.3184248303e-25  -2.2433861098e-25   8.2697415908e+02   1.2060406821e-02   7.8451641697e-03   1.4803296604e+04   8.4055962372e-07   2.7670802419e-10   4.2207268899e-07   1.8201120382e-01   2.8039425017e-06   2.9810866163e-02   6.8439084599e-07  -2.8038227463e-22   2.1412502166e-25   3.3545357557e-20   2.1440623420e-18   2.7748883257e-05   3.1740894208e-02   4.9048439529e-16   1.1113233583e-17  -1.6408072281e-25   7.5640453568e-01  -1.1055786846e+05
  -3.1524332843e-02  -3.1663013069e-02   3.9029837099e-01   3.9106240026e-05   7.6688799458e-01  -3.9422671727e-25  -2.8730658362e-25   8.8922647291e+02   1.3715126863e-02   1.0349033962e-02   2.9919165673e+04   8.8378144398e-07   7.5947811166e-10   7.7395027946e-07   1.7502612640e-01   4.9880404245e-06   3.3507495432e-02   9.1025245446e-07  -4.8419448011e-22   3.8089154617e-25   3.3881144033e-20   1.6401447454e-18   3.1680590015e-05   3.6189877400e-02   1.5002536878e-15   1.9197952531e-17  -3.1370199130e-25   7.5523726339e-01  -1.2564090728e+05
  -3.1252763355e-02  -3.1385652617e-02   3.6435249767e-01   4.0858053396e-05   8.3889906530e-01  -4.5896766048e-25  -3.5588073578e-25   9.5132867715e+02   1.5414862205e-02   1.3265007025e-02   5.7889641580e+04   9.3649884533e-07   1.9481771181e-09   1.4080294408e-06   1.6785014961e-01   8.8169406573e-06   3.7207239574e-02   1.1570053642e-06  -7.6652852185e-22   6.1920799098e-25   3.1334676378e-20   1.1722163103e-18   3.5861875188e-05   4.0836152545e-02   4.2396023217e-15   3.2909513246e-17  -3.5727882249e-25   7.5405827598e-01  -1.4109992084e+05
  -3.0991892152e-02  -3.1119874092e-02   3.4168512714e-01   4.2560770715e-05   9.0944121475e-01  -5.3175324460e-25  -4.2784939437e-25   1.0131888251e+03   1.7155884946e-02   1.6619546732e-02   1.0678983335e+05   1.0095051594e-06   4.6774643103e-09   2.5232795070e-06   1.6049855988e-01   1.5375037774e-05   4.0904995669e-02   1.4100586622e-06   9.7147943697e-24   8.5639149642e-25   2.6228140667e-20   7.7599134806e-19   4.0561659318e-05   4.5672421010e-02   1.1140430125e-14   5.5340083734e-17   7.5629198013e-25   7.5286313923e-01  -1.5698214436e+05
  -3.0740013831e-02  -3.0863910211e-02   3.2173929405e-01   4.4216646926e-05   9.7842908179e-01  -6.1977689375e-25  -4.9935393210e-25   1.0747246271e+03   1.8935152428e-02   2.0426209108e-02   1.8810594753e+05   1.1209596965e-06   1.0578136556e-08   4.4232594867e-06   1.5298357852e-01   2.6241224865e-05   4.4596805511e-02   1.6625598534e-06  -1.4123092331e-21   1.1919852348e-24   2.0150670356e-20   4.7652305972e-19   4.6234385257e-05   5.0691900677e-02   2.7546325172e-14   9.2064442142e-17   2.2934013274e-24   7.5164802233e-01  -1.7337550233e+05
  -3.0496404800e-02  -3.0616117450e-02   3.0411413995e-01   4.5823880509e-05   1.0456411317e+00  -7.2587932910e-25  -5.6958629256e-25   1.1357186959e+03   2.0745705589e-02   2.4669742625e-02   3.1783429644e+05   1.3005859564e-06   2.2697958487e-08   7.5455313773e-06   1.4533383339e-01   4.3523690530e-05   4.8270112670e-02   1.9172888279e-06   1.5922867664e-23   1.3493622114e-24   1.4691776033e-20   2.8518135115e-19   5.3612318822e-05   5.5875333689e-02   6.5000674782e-14   1.5534547504e-16   7.1376436664e-24   7.5041279813e-01  -1.9025184278e+05
  -3.0260457073e-02  -3.0376692150e-02   2.8848314086e-01   4.7380461890e-05   1.1108943012e+00  -8.4898512009e-25  -6.3704848299e-25   1.1959525857e+03   2.2581066915e-02   2.9334210495e-02   5.1736245348e+05   1.5951356490e-06   4.6479685396e-08   1.2486013532e-05   1.3757592468e-01   6.9824650256e-05   5.1913509955e-02   2.1810966135e-06   2.2544494179e-23   1.8677830211e-24   1.2651691796e-20   2.0251202868e-19   6.3856502259e-05   6.1202579870e-02   1.4840651472e-13   2.7371631486e-16   2.3145099720e-23   7.4915799562e-01  -2.0758745746e+05
  -3.0030075590e-02  -3.0144221996e-02   2.7448244611e-01   4.8895011127e-05   1.1744920669e+00  -9.9159132586e-25  -6.9891362656e-25   1.2556355771e+03   2.4448505365e-02   3.4440387478e-02   8.1653961953e+05   2.0796825731e-06   9.1654133909e-08   2.0078891827e-05   1.2967852691e-01   1.0848364882e-04   5.5541621011e-02   2.4612263682e-06   5.1859525755e-23   4.1943275162e-24   1.8187913632e-20   2.4335292432e-19   7.8894311082e-05   6.6692122235e-02   3.3374545428e-13   5.1605020542e-16   7.9056034390e-23   7.4787564043e-01  -2.2548940305e+05
  -2.9803509759e-02  -2.9915929184e-02   2.6183564862e-01   5.0374424233e-05   1.2367045873e+00  -1.1945812426e-24  -7.5338117349e-25   1.3149397783e+03   2.6355634409e-02   4.0005174068e-02   1.2554733371e+06   2.8727975331e-06   1.7524986796e-07   3.1444923328e-05   1.2160931373e-01   1.6360831153e-04   5.9166632983e-02   2.7613938632e-06   2.0150140738e-22   1.5897964888e-23   4.5303106379e-20   5.1855274375e-19   1.0187121256e-04   7.2363223632e-02   7.5005302551e-13   1.0516143177e-15   2.8596605930e-22   7.4655809577e-01  -2.4406392398e+05
  -2.9580045073e-02  -2.9691090334e-02   2.5037760818e-01   5.1817788555e-05   1.2975383665e+00  -1.4800686499e-24  -7.8795595698e-25   1.3737428618e+03   2.8302906469e-02   4.6008124073e-02   1.8812205784e+06   4.1517923220e-06   3.2537667765e-07   4.7922884549e-05   1.1336739981e-01   2.3964147380e-04   6.2784729513e-02   3.0777626317e-06   1.0578446711e-21   8.1393137881e-23   1.5636033977e-19   1.5514736692e-18   1.3772478508e-04   7.8211934924e-02   1.6925365217e-12   2.2965136740e-15   1.0857772633e-21   7.4520309168e-01  -2.6338218351e+05
  -2.9358953615e-02  -2.9468999812e-02   2.3997414830e-01   5.3223238976e-05   1.3570284423e+00  -1.7263767613e-24  -8.0063367754e-25   1.4318876526e+03   3.0291550331e-02   5.2411495036e-02   2.7455169689e+06   6.1783784212e-06   5.8685127407e-07   7.1011093694e-05   1.0495082986e-01   3.4114310966e-04   6.6391495593e-02   3.4005083814e-06   6.9326661122e-21   5.1842127397e-22   6.8796902427e-19   5.9044557682e-18   1.9422128101e-04   8.4233047186e-02   3.8315907308e-12   5.2780627721e-15   4.2934001905e-21   7.4380808613e-01  -2.8355199416e+05
  -2.9139442331e-02  -2.9248907418e-02   2.3051639137e-01   5.4587820190e-05   1.4152456282e+00  -2.0941175006e-24  -8.7080033307e-25   1.4891742005e+03   3.2323781213e-02   5.9149043032e-02   3.8986200637e+06   9.3298316287e-06   1.0282153533e-06   1.0219772695e-04   9.6357222836e-02   4.7227714211e-04   6.9981950978e-02   3.7143262212e-06  -5.8338608981e-18   5.3422967916e-21   3.9389640102e-18   2.8282497491e-17   2.8338658424e-04   9.0419043531e-02   8.6577365181e-12   1.2506149569e-14   1.8077371853e-20   7.4236984882e-01  -3.0472940398e+05
  -2.8920597983e-02  -2.9029977243e-02   2.2191636403e-01   5.5907336726e-05   1.4723046276e+00  -2.5367134426e-24  -9.2141223902e-25   1.5453516364e+03   3.4403067691e-02   6.6116719562e-02   5.3798187569e+06   1.4138311067e-05   1.7500086557e-06   1.4268103990e-04   8.7584760862e-02   6.3610579487e-04   7.3550656337e-02   3.9992524543e-06  -6.0389966459e-17   5.4281445243e-20   2.7291983684e-17   1.7119603776e-16   4.2347952349e-04   9.6758478003e-02   1.9390015816e-11   2.9999029522e-14  -1.1066892396e-19   7.4088395085e-01  -3.2713091789e+05
  -2.8701302282e-02  -2.8811218723e-02   2.1410292918e-01   5.7176294684e-05   1.5283780655e+00  -3.0730830488e-24  -9.5299083158e-25   1.6001144365e+03   3.6534709643e-02   7.3164559724e-02   7.2054446376e+06   2.1344289810e-05   2.8941228591e-06   1.9298422880e-04   7.8632597261e-02   8.3373561125e-04   7.7092212139e-02   4.2319156360e-06   6.3488152626e-18   4.4917774492e-19   2.2760563787e-16   1.3162073108e-15   6.4172981024e-04   1.0323426936e-01   4.2765306445e-11   7.2005111268e-14   5.5212078276e-19   7.3934400122e-01  -3.5104866983e+05
  -2.8480083197e-02  -2.8591385842e-02   2.0701760572e-01   5.8388007182e-05   1.5837236597e+00  -3.5869729134e-24  -9.7829057943e-25   1.6531068896e+03   3.8727075487e-02   8.0093041020e-02   9.3551943848e+06   3.1975225531e-05   4.6541778507e-06   2.5246836258e-04   6.9499534727e-02   1.0633413104e-03   8.0602499526e-02   4.3864979340e-06   2.1360473683e-16  -8.7785763657e-15   3.0541263618e-15   1.2927036273e-14   9.7827634659e-04   1.0982250657e-01   9.2482508160e-11   1.7553322306e-13   8.0032411797e-18   7.3774035707e-01  -3.7687326754e+05
  -2.8254912673e-02  -2.8368780552e-02   2.0061194936e-01   5.9534545424e-05   1.6387190478e+00  -4.1609413492e-24  -1.0023607567e-24   1.7039227344e+03   4.0993427789e-02   8.6651409171e-02   1.1760871905e+07   4.7483916056e-05   7.2875314549e-06   3.1871648128e-04   6.0182173323e-02   1.3189975386e-03   8.4080015296e-02   4.4351202713e-06  -1.5970309182e-13   1.9295494238e-16   3.8969379758e-14   1.6026114308e-13   1.4922898176e-03   1.1649028242e-01   1.9582030962e-10   4.7834257194e-13   7.7946142765e-17   7.3605831836e-01  -4.0512408332e+05
  -2.8022881493e-02  -2.8141044794e-02   1.9484636159e-01   6.0606404063e-05   1.6939162555e+00  -4.7750596448e-24  -1.0315882679e-24   1.7520948697e+03   4.3354863144e-02   9.2539431229e-02   1.4255141783e+07   7.0001994834e-05   1.1128591172e-05   3.8670880943e-04   5.0672496903e-02   1.5887669385e-03   8.7527501973e-02   4.3473324108e-06   4.2359635314e-14   2.7157907721e-15   6.3816385926e-13   2.5528372802e-12   2.2727512799e-03   1.2319100025e-01   4.0671663710e-10   2.2188034587e-12   2.4095177607e-15   7.3427529552e-01  -4.3649472726e+05
  -2.7779537628e-02  -2.7904718191e-02   1.8968816268e-01   6.1592056972e-05   1.7501583632e+00  -5.4277928695e-24  -1.0729796798e-24   1.7970847783e+03   4.5846442850e-02   9.7411374410e-02   1.6582427892e+07   1.0288001780e-04   1.6596767255e-05   4.4735298023e-04   4.0951683760e-02   1.8517067672e-03   9.0955268279e-02   4.0862189956e-06   1.3141608415e-12   8.1331198400e-14   1.5517197802e-11   5.3149172591e-11   3.4602729450e-03   1.2985471996e-01   8.3383416124e-10   3.3375041303e-11   7.3377198909e-14   7.3235543137e-01  -4.7192606493e+05
  -2.7517577038e-02  -2.7654357066e-02   1.8511048077e-01   6.2476614316e-05   1.8088059724e+00  -6.1238702422e-24  -1.1377334276e-24   1.8382433352e+03   4.8529076288e-02   1.0085578826e-01   1.8258828934e+07   1.5196281398e-04   2.4162572322e-05   4.8465317405e-04   3.0986054203e-02   2.0698075991e-03   9.4386547026e-02   3.6034380489e-06   5.4109948128e-11   3.2079925308e-12   5.1164708914e-10   1.4620856652e-09   5.2989768336e-03   1.3635407839e-01   1.7421075689e-09   9.7565877872e-10   2.9104737435e-12   7.3024014920e-01  -5.1267657613e+05
  -2.7223987807e-02  -2.7380797011e-02   1.8108883072e-01   6.3238552484e-05   1.8722191386e+00  -6.8238905411e-24  -1.2779894174e-24   1.8747139378e+03   5.1514314766e-02   1.0216608980e-01   1.8503687651e+07   2.2924080493e-04   3.4014777730e-05   4.6853894035e-04   2.0751837929e-02   2.1643415822e-03   9.7864769894e-02   2.8315230740e-06   2.9622457036e-09   1.6713398795e-10   2.3475073973e-08   5.4440723887e-08   8.2844180434e-03   1.4236647387e-01   5.4273667455e-09   3.8458155991e-08   1.5000843861e-10   7.2783340755e-01  -5.6010020934e+05
  -2.6866774352e-02  -2.7067178603e-02   1.7751892195e-01   6.3851871259e-05   1.9461804889e+00  -7.1540165530e-24  -1.6563499960e-24   1.9057393443e+03   5.5078008289e-02   9.9825452185e-02   1.9399169544e+07   3.6991640233e-04   4.3686371396e-05   3.3418292702e-04   1.0313884676e-02   1.9161948822e-03   1.0149369186e-01   1.6956590797e-06   1.9773413877e-07   1.0598594401e-08   1.5290106733e-06   2.9167042316e-06   1.3787049134e-02   1.4678997770e-01   8.6462552276e-08   1.7617554817e-06   9.2093272248e-09   7.2494320892e-01  -6.1378054270e+05
  -2.6308697955e-02  -2.6666370101e-02   1.7423343700e-01   6.4160881046e-05   2.0555517181e+00  -9.1334392640e-24  -1.1825740751e-24   1.9265392616e+03   6.0386973282e-02   1.2140594633e-01   2.5721335596e+07   7.7444690909e-04   1.9577492202e-05   1.7343179117e-05   1.5558907285e-03   4.2694215187e-04   1.0482477578e-01   3.5834314032e-07   5.9733761643e-06   2.7394015041e-07   1.3533901621e-04   2.6679397355e-04   2.7782571291e-02   1.4320542710e-01   5.7561688253e-07   5.0933010809e-05   2.1295627858e-07   7.2093256514e-01  -6.4806724750e+05
  -2.5577305316e-02  -2.5951025808e-02   1.7881538974e-01   6.2377597779e-05   2.1862048581e+00  -1.0674758455e-23  -1.2697093522e-24   1.8602560349e+03   6.9243795268e-02   1.8368972781e-01   2.0594607879e+06   1.0007883557e-03   2.3822581271e-06   1.8367151219e-07   5.9542841874e-04   3.3053239373e-05   1.0327095606e-01   9.9762329688e-08   2.6103783722e-06   1.0695212034e-07   6.1682326546e-04   7.4679922241e-03   3.4829375281e-02   1.3765363193e-01   1.3431570846e-07   8.7157781432e-05   8.7555872590e-08   7.1443918856e-01  -6.9522793712e+05
  -2.4932293562e-02  -2.5203584825e-02   1.8411820466e-01   6.0545041124e-05   2.2917446655e+00  -1.0766915075e-23  -1.3782815265e-24   1.7927409945e+03   7.8696818402e-02   2.3386092045e-01  -8.7590273770e+05   1.0799231948e-03   1.1710894225e-06   3.6208724277e-08   3.8350285735e-04   1.2820770460e-05   1.0129320237e-01   5.2833588198e-08   1.2555783765e-06   4.6799120554e-08   6.6424629172e-04   1.6821045736e-02   3.7652650858e-02   1.3475098778e-01   6.2463645692e-08   6.4791644527e-05   4.1622019738e-08   7.0727416191e-01  -7.5349268749e+05
  -2.4412814995e-02  -2.4661002299e-02   1.8852860567e-01   5.9059030389e-05   2.3724321262e+00  -1.0058223710e-23  -1.5412885606e-24   1.7393574030e+03   8.7282206938e-02   2.7362018316e-01  -6.8130939116e+05   1.1140440399e-03   7.6882479084e-07   1.4557651368e-08   3.1244329607e-04   7.1096258845e-06   9.9655679639e-02   3.9180088782e-08   7.6350721406e-07   2.6328869520e-08   6.5214494247e-04   2.5634664046e-02   3.9071996232e-02   1.3278897459e-01   3.8067945354e-08   4.9762139281e-05   2.5318390424e-08   7.0071150567e-01  -8.0309820424e+05
  -2.3914470359e-02  -2.4164627691e-02   1.9284050341e-01   5.7627136148e-05   2.4463467260e+00  -8.8597660705e-24  -1.7279630712e-24   1.6890391068e+03   9.6411785165e-02   3.1652082405e-01  -3.2980800934e+05   1.1304509909e-03   5.1449368059e-07   6.6942884965e-09   2.8127404325e-04   4.0853281774e-06   9.8060405237e-02   3.1951469427e-08   4.4621137080e-07   1.4244521822e-08   5.9563503520e-04   3.5182712346e-02   3.9984624696e-02   1.3101329718e-01   2.2826610199e-08   3.7204026949e-05   1.4895043651e-08   6.9370925980e-01  -8.5276215328e+05
  -2.3409345447e-02  -2.3664313028e-02   1.9731854486e-01   5.6160150288e-05   2.5181292632e+00  -7.3533316363e-24  -1.9008653289e-24   1.6385012961e+03   1.0662940613e-01   3.6454622795e-01  -7.5205901673e+04   1.1369738056e-03   3.3725073155e-07   3.1945251464e-09   2.6734081027e-04   2.2968865570e-06   9.6413296604e-02   2.7105805155e-08   2.4073486320e-07   7.0817493466e-09   5.1082903444e-04   4.5970315098e-02   4.0630060606e-02   1.2918234084e-01   1.2913463907e-08   2.6783340374e-05   8.1429079371e-09   6.8585912655e-01  -9.0544675157e+05
  -2.2898266107e-02  -2.3154377866e-02   2.0199948977e-01   5.4650974963e-05   2.5880816440e+00  -5.7955657670e-24  -2.0189413127e-24   1.5874390226e+03   1.1802731832e-01   4.1766960379e-01   6.4072860620e+04   1.1377101590e-03   2.1686062115e-07   1.5654831754e-09   2.6269689330e-04   1.2575629114e-06   9.4704970373e-02   2.3549314612e-08   1.2104245979e-07   3.2626196091e-09   4.1659642957e-04   5.8053939131e-02   4.1101405421e-02   1.2721299029e-01   6.9866540969e-09   1.8802800247e-05   4.1800789519e-09   6.7708925349e-01  -9.6162057456e+05
  -2.2387033102e-02  -2.2642154347e-02   2.0687133259e-01   5.3110557646e-05   2.6560210617e+00  -4.4310292723e-24  -2.0552254429e-24   1.5361689719e+03   1.3057231338e-01   4.7556868400e-01   1.1782344145e+05   1.1352931136e-03   1.3838887886e-07   7.9539383745e-10   2.6424798994e-04   6.7650487573e-07   9.2942490026e-02   2.0908856090e-08   5.8173261148e-08   1.4284673652e-09   3.2838550729e-04   7.1371839206e-02   4.1442045084e-02   1.2508363074e-01   3.7336754613e-09   1.3148638483e-05   2.0686028900e-09   6.6741801769e-01  -1.0212956446e+06
  -2.1878861141e-02  -2.2131911857e-02   2.1193323320e-01   5.1546235429e-05   2.7222555611e+00  -3.4027906250e-24  -2.0040713873e-24   1.4848908878e+03   1.4426275355e-01   5.3820623302e-01   1.2182055498e+05   1.1311826725e-03   8.8696232247e-08   4.2285760921e-10   2.7091673284e-04   3.6122243479e-07   9.1126868254e-02   1.9027137404e-08   2.7444845600e-08   6.1024371618e-10   2.5429583145e-04   8.5909237304e-02   4.1669131967e-02   1.2279161272e-01   2.0412336678e-09   9.3619924764e-06   1.0146051233e-09   6.5683689205e-01  -1.0847234565e+06
  -2.1375101424e-02  -2.1625810426e-02   2.1719258730e-01   4.9962520489e-05   2.7874232979e+00  -2.7041812787e-24  -1.8772180365e-24   1.4337182091e+03   1.5912952063e-01   6.0558030622e-01   1.0360766575e+05   1.1260435023e-03   5.7683759776e-08   2.3624905467e-10   2.8217824759e-04   1.9315786675e-07   8.9255229459e-02   1.7827945867e-08   1.3010493851e-08   2.6026985392e-10   1.9618874340e-04   1.0169529659e-01   4.1786086128e-02   1.2033916628e-01   1.1778179190e-09   6.9213444602e-06   5.0550069969e-10   6.4531260585e-01  -1.1523230449e+06
  -2.0875798023e-02  -2.1124392422e-02   2.2266537022e-01   4.8361346310e-05   2.8523831490e+00  -2.3064424127e-24  -1.6956564213e-24   1.3826856178e+03   1.7523732755e-01   6.7774058535e-01   7.9898626226e+04   1.1200938856e-03   3.8327589663e-08   1.3847964253e-10   2.9745978002e-04   1.0401024135e-07   8.7321625151e-02   1.7296485259e-08   6.2989062404e-09   1.1256367768e-10   1.5231635425e-04   1.1880003251e-01   4.1790531520e-02   1.1772486181e-01   7.3308438549e-10   5.3920576724e-06   2.6040334198e-10   6.3278751976e-01  -1.2246424835e+06
  -2.0380248114e-02  -2.0627203625e-02   2.2837579683e-01   4.6742806898e-05   2.9181292199e+00  -2.1159410697e-24  -1.4819508409e-24   1.3317714598e+03   1.9268051176e-01   7.5471794166e-01   5.8607217670e+04   1.1133340698e-03   2.6089974357e-08   8.4625280582e-11   3.1601764800e-04   5.6469162721e-08   8.5317786586e-02   1.7488169129e-08   3.1381838039e-09   4.9700303632e-11   1.1964865533e-04   1.3732669200e-01   4.1677804872e-02   1.1494111206e-01   4.9702659170e-10   4.4628092323e-06   1.4004166601e-10   6.1918303734e-01  -1.3023235387e+06
  -1.9887405743e-02  -2.0133292603e-02   2.3435586340e-01   4.5105971598e-05   2.9857343868e+00  -2.0332473994e-24  -1.2555099973e-24   1.2809223292e+03   2.1157736537e-01   8.3639857862e-01   4.2160472617e+04   1.1056675558e-03   1.8181657748e-08   5.3443954050e-11   3.3699351987e-04   3.0834044924e-08   8.3233593974e-02   1.8535662527e-08   1.6091027125e-09   2.2381695384e-11   9.5232223701e-05   1.5740409813e-01   4.1442112098e-02   1.1197459724e-01   3.6656999492e-10   3.9268010776e-06   7.8873490612e-11   6.0440370877e-01  -1.3860743284e+06
  -1.9396110313e-02  -1.9641518884e-02   2.4064513453e-01   4.3449571922e-05   3.0563156882e+00  -1.9952967736e-24  -1.0311277454e-24   1.2300735568e+03   2.3206503146e-01   9.2235358906e-01   3.0346024083e+04   1.0969542909e-03   1.2935311780e-08   3.4555957310e-11   3.5947964485e-04   1.6848671162e-08   8.1057189228e-02   2.0649280244e-08   8.4515208203e-10   1.0218795027e-11   7.6716120172e-05   1.7918064756e-01   4.1076739828e-02   1.0880754364e-01   2.9143284092e-10   3.6498215667e-06   4.6540873258e-11   5.8834102820e-01  -1.4766468722e+06
  -1.8905186215e-02  -1.9150701742e-02   2.4729083093e-01   4.1772539193e-05   3.1310087872e+00  -1.9548234838e-24  -8.1951078533e-25   1.1791649654e+03   2.5429511597e-01   1.0116351513e+00   2.2096981915e+04   1.0870267888e-03   9.3618073909e-09   2.2676362667e-11   3.8253596561e-04   9.1563113770e-09   7.8774789205e-02   2.4106131965e-08   4.5158681178e-10   4.6907719675e-12   6.2404781017e-05   2.0281961191e-01   4.0573951863e-02   1.0541902422e-01   2.4669116943e-10   3.5431527413e-06   2.8836728758e-11   5.7087706874e-01  -1.5748131122e+06
  -1.8413461178e-02  -1.8659670687e-02   2.5434829475e-01   4.0074409347e-05   3.2109382297e+00  -1.8807496448e-24  -6.2833236918e-25   1.1281523076e+03   2.7842958744e-01   1.1025679551e+00   1.6337472498e+04   1.0756877118e-03   6.8686853934e-09   1.4985943111e-11   4.0516276453e-04   4.9161631411e-09   7.6370270023e-02   2.9209725736e-08   2.4368453156e-10   2.1454335334e-12   5.1129795556e-05   2.2849494710e-01   3.9924808841e-02   1.0178610396e-01   2.1969345338e-10   3.5450936512e-06   1.8930377965e-11   5.5188830321e-01  -1.6813355486e+06
  -1.7919730124e-02  -1.8167251670e-02   2.6188220577e-01   3.8355564730e-05   3.2971762032e+00  -1.7615813132e-24  -4.6286554703e-25   1.0770134030e+03   3.0463710004e-01   1.1925256323e+00   1.2251130763e+04   1.0626983235e-03   5.0933015069e-09   9.9057165493e-12   4.2625401661e-04   2.5905321592e-09   7.3824559436e-02   3.6192009321e-08   1.3188212328e-10   9.6909855490e-13   4.2096496754e-05   2.5638758538e-01   3.9118987563e-02   9.7884794445e-02   2.0393290138e-10   3.6096149777e-06   1.3403844419e-11   5.3124937049e-01  -1.7969350280e+06
  -1.7421931186e-02  -1.7672208578e-02   2.6998269425e-01   3.6614604578e-05   3.3908452512e+00  -1.5981512586e-24  -3.2573760346e-25   1.0256680349e+03   3.3313343209e-01   1.2782917790e+00   9.2835767428e+03   1.0477394268e-03   3.8055560258e-09   6.5040829995e-12   4.4458350495e-04   1.3293031291e-09   7.1110806082e-02   4.5067626237e-08   7.1056530820e-11   4.2806179698e-13   3.4749015910e-05   2.8672866960e-01   3.8143156625e-02   9.3684353796e-02   1.9615514122e-10   3.6998935229e-06   1.0407567808e-11   5.0880219157e-01  -1.9224631300e+06
  -1.6918448373e-02  -1.7171653794e-02   2.7874702809e-01   3.4853064655e-05   3.4928451885e+00  -1.3988074590e-24  -2.1732580522e-25   9.7412143720e+02   3.6411470526e-01   1.3571580719e+00   7.0844851165e+03   1.0304229273e-03   2.8586007291e-09   4.2162403054e-12   4.5870304637e-04   6.5946303244e-10   6.8200270300e-02   5.5462704210e-08   3.7882059346e-11   1.8329169021e-13   2.8713016338e-05   3.1972865353e-01   3.6982553203e-02   8.9157323088e-02   1.9505888462e-10   3.7843239121e-06   8.7737423575e-12   4.8440951734e-01  -2.0585203995e+06
  -1.6408166315e-02  -1.6665242953e-02   2.8828635713e-01   3.3075443904e-05   3.6037754186e+00  -1.1782915521e-24  -1.3567109270e-25   9.2245236430e+02   3.9772600277e-01   1.4227675687e+00   5.4302630582e+03   1.0102972931e-03   2.1547828755e-09   2.6832217908e-12   4.6698262050e-04   3.1413734001e-10   6.5064287088e-02   6.6572069779e-08   1.9877394823e-11   7.5472409328e-14   2.3724472182e-05   3.5554383117e-01   3.5623238350e-02   8.4283336935e-02   2.0061422803e-10   3.8345562278e-06   7.6542637353e-12   4.5798039824e-01  -2.2052769299e+06
  -1.5889003932e-02  -1.6151089678e-02   2.9875861856e-01   3.1283947696e-05   3.7242025231e+00  -9.5353542532e-25  -7.7137372004e-26   8.7066264896e+02   4.3415094095e-01   1.4677893897e+00   4.1718245721e+03   9.8678008665e-04   1.6258630140e-09   1.6656569404e-12   4.6769010318e-04   1.4247571199e-10   6.1665847808e-02   7.7354918448e-08   1.0198506829e-11   2.9586252525e-14   1.9581635913e-05   3.9437179181e-01   3.4048922340e-02   7.9035493759e-02   2.1379810306e-10   3.8252411336e-06   6.5586283679e-12   4.2939998786e-01  -2.3632292347e+06
  -1.5358383401e-02  -1.5626918186e-02   3.1037521826e-01   2.9480305456e-05   3.8545166004e+00  -7.4104045058e-25  -3.7561976590e-26   8.1873100520e+02   4.7357652676e-01   1.4862038251e+00   3.2060865910e+03   9.5914902679e-04   1.2237912717e-09   1.0020516076e-12   4.5904522362e-04   6.0959999653e-11   5.7962396947e-02   8.6730101400e-08   5.0770018282e-12   1.0911771035e-14   1.6130477489e-05   4.3641406131e-01   3.2242427346e-02   7.3385430592e-02   2.3629525289e-10   3.7340584981e-06   5.3811627020e-12   3.9855753675e-01  -2.5328186798e+06
  -1.4812966429e-02  -1.5089848616e-02   3.2342473389e-01   2.7665512740e-05   3.9948371497e+00  -5.5452291778e-25  -1.2845885620e-26   7.6660640069e+02   5.1618871870e-01   1.4709238189e+00   2.4562711624e+03   9.2649602873e-04   9.1365801110e-10   5.8109995531e-13   4.3933815155e-04   2.4382033455e-11   5.3904765532e-02   9.3557765923e-08   2.4282576376e-12   3.7308398388e-15   1.3250031177e-05   4.8187151722e-01   3.0185835062e-02   6.7304692071e-02   2.6935102112e-10   3.5425539201e-06   4.2015931990e-12   3.6535046858e-01  -2.7143482939e+06
  -1.4248180238e-02  -1.4536084242e-02   3.3830955961e-01   2.5839602377e-05   4.1448827650e+00  -4.0303912034e-25   7.3889259571e-28   7.1420248837e+02   5.6216038719e-01   1.4137057883e+00   1.8599506519e+03   8.8764937192e-04   6.6916417114e-10   3.2466656297e-13   4.0711558850e-04   9.0633178263e-12   4.9436024030e-02   9.6244716865e-08   1.1012782626e-12   1.1605600400e-15   1.0843829254e-05   5.3093181853e-01   2.7860742700e-02   6.0767765496e-02   3.0987298050e-10   3.2378745640e-06   3.0999317024e-12   3.2969470534e-01  -2.9079218762e+06
  -1.3660343056e-02  -1.3960276234e-02   3.5550156249e-01   2.4010810336e-05   4.3029759874e+00  -2.8891787209e-25   6.4255716796e-27   6.6166997601e+02   6.1138383821e-01   1.3065516685e+00   1.3632080853e+03   8.4128251693e-04   4.7059348216e-10   1.7688986287e-13   3.6170879354e-04   3.1597168831e-12   4.4516031244e-02   9.2253936006e-08   4.6689485257e-13   3.2249656814e-16   8.8395899817e-06   5.8348427134e-01   2.5261919437e-02   5.3791578444e-02   3.4135411836e-10   2.8179539404e-06   2.1163013240e-12   2.9173145761e-01  -3.1122898526e+06
  -1.3045742747e-02  -1.3360409878e-02   3.7558139299e-01   2.2193153743e-05   4.4659412071e+00  -2.0415094197e-25   7.2786183516e-27   6.0932512643e+02   6.6338597964e-01   1.1459870125e+00   9.2065898641e+02   7.8596047320e-04   3.0394314064e-10   9.5075514427e-14   3.0405002977e-04   1.0548281148e-12   3.9134766496e-02   7.8912895887e-08   1.8124983116e-13   7.8249852830e-17   7.1638272075e-06   6.3902914775e-01   2.2404488498e-02   4.6448687568e-02   3.2934494094e-10   2.2990603743e-06   1.2742430598e-12   2.5188335675e-01  -3.3247774294e+06
  -1.2389402943e-02  -1.2731075616e-02   3.9968744447e-01   2.0375876510e-05   4.6319232365e+00  -1.3501673083e-25   6.1899825733e-27   5.5677986537e+02   7.1812544274e-01   9.3528826246e-01   5.1544265346e+02   7.1916192560e-04   1.6441303976e-10   4.7187632542e-14   2.3634712808e-04   3.2487345563e-13   3.3237889481e-02   5.6520935306e-08   6.0754255637e-14   1.5459018871e-17   5.6941517346e-06   6.9752954569e-01   1.9280024082e-02   3.8754306243e-02   2.4886080172e-10   1.7121513649e-06   6.1140013091e-13   2.1023526221e-01  -3.5448148397e+06
  -1.1655866852e-02  -1.2047730271e-02   4.3005819511e-01   1.8517466615e-05   4.8011687320e+00  -7.0953487576e-26   6.5075717071e-27   5.0280762028e+02   7.7633464794e-01   6.8486211622e-01   1.9795673121e+02   6.3593619349e-04   6.3704763630e-11   1.7500009530e-14   1.6204177119e-04   7.7088784399e-14   2.6686080174e-02   3.1339053518e-08   1.5536074018e-14   2.1141758500e-18   4.2517239058e-06   7.5978039427e-01   1.5826535577e-02   3.0617857209e-02   1.3043081306e-10   1.1020681922e-06   1.9567137840e-13   1.6628576947e-01  -3.7750508100e+06
  -1.0769534588e-02  -1.1264003434e-02   4.7120434088e-01   1.6543762490e-05   4.9759264506e+00  -2.8955150541e-26   2.4748471406e-27   4.4532866598e+02   8.3950716360e-01   4.1663184283e-01   3.8810958173e+01   5.2666514644e-04   1.4262777102e-11   3.6902506664e-15   8.7711964670e-05   1.0372530552e-14   1.9255137401e-02   1.2622886021e-08   2.1706716970e-15   1.2802116997e-19   2.6631997450e-06   8.2740306162e-01   1.1906680533e-02   2.1846888146e-02   4.2028971660e-11   5.4110796971e-07   3.2182512470e-14   1.1897063820e-01  -4.0214728348e+06
  -9.4260838212e-03  -1.0275065742e-02   5.4003274835e-01   1.4139002300e-05   5.1747693885e+00  -4.3648574105e-27  -4.6443050812e-29   3.7543801138e+02   9.1506826083e-01   1.3783445907e-01   1.6576205594e+00   3.5743989070e-04   1.0272498085e-12   2.7891717726e-16   2.3570720187e-05   3.1706901027e-16   1.0016512494e-02   3.0929476497e-09   8.1871455570e-17   7.3077521094e-22   8.9335463589e-07   9.0841708291e-01   6.8870782149e-03   1.1497285198e-02   6.2016131987e-12   1.2764739969e-07   1.4319707774e-15   6.2800006473e-02  -4.3168324684e+06
  -7.5013180684e-03  -8.5771019000e-03   5.9885684158e-01   1.2593535898e-05   5.2956008036e+00  -3.1104205548e-28  -2.7374465157e-29   3.3150649755e+02   9.6363549938e-01   1.4215615096e-02   4.5173868667e-02   1.8303999502e-04   7.4357155492e-14   1.8648917696e-17   3.8856833361e-06   6.2109504064e-18   4.0830159562e-03   6.0724281546e-10   7.8378419218e-18   2.2659041746e-24   1.8119153102e-07   9.6068356253e-01   3.2499197367e-03   4.9858992693e-03   1.3805447103e-12   2.0141567730e-08   1.8027338566e-15   2.6810474887e-02  -4.5052174998e+06
  -5.3547559434e-03  -6.4255342368e-03   6.1368731295e-01   1.2258658922e-05   5.3204647814e+00  -1.6259361112e-29  -1.6940487316e-29   3.2211073418e+02   9.7391750431e-01   1.0691779165e-03   6.6223958874e-03   1.2979155177e-04   2.1231014942e-14   3.5974267283e-18   1.0134797245e-06   6.2463074459e-19   2.8296958048e-03   2.0997796896e-10   3.0570757072e-18   1.1981794930e-25   6.1564363012e-08   9.7178589792e-01   2.4491690800e-03   3.6393768673e-03   2.4255714993e-12   5.6268516483e-09   8.5102874938e-15   1.9164987892e-02  -4.5457024330e+06
  -2.1419633160e-03  -4.2839776500e-03   6.3125953436e-01   1.1877328533e-05   5.3518647010e+00   1.7087586201e-31  -2.5408433917e-30   3.1154661316e+02   9.8599598426e-01   2.4326838715e-04   1.1314246370e-03   7.4917653340e-05   4.7595000891e-15   3.3309651597e-19   1.1623780369e-07   2.0694743493e-20   1.4460300979e-03   3.0352146627e-11   6.2154546750e-19   1.5736098422e-27   9.5504562161e-09   9.8482677479e-01   1.4143817205e-03   1.9854800594e-03   8.4917120155e-12   8.3733598615e-10   1.9311957412e-14   1.0252289010e-02  -4.5923675282e+06
   2.1420400259e-03   5.1017958414e-08   6.3125937507e-01   1.1877331884e-05   5.3518646145e+00  -7.9523909887e-30   3.7474864087e-30   3.1154670564e+02   9.8599587840e-01   2.4327711099e-04   1.1315370035e-03   7.4918165679e-05   4.7626271003e-15   3.3351410459e-19   1.1624444613e-07   2.0708462733e-20   1.4460421748e-03   3.0354157199e-11   6.2160697786e-19   1.5739108942e-27   9.5509932344e-09   9.8482666043e-01   1.4143908943e-03   1.9854945201e-03   8.4915098208e-12   8.3737201016e-10   1.9311259451e-14   1.0252367148e-02  -4.5923671185e+06
   5.3547947024e-03   4.2840290339e-03   6.1368731276e-01   1.2258658883e-05   5.3204640339e+00  -7.7436327015e-29   4.6210369382e-29   3.2211073333e+02   9.7391750783e-01   1.0692282197e-03   6.6216044755e-03   1.2979173871e-04   2.1231310890e-14   3.5974214087e-18   1.0134802300e-06   6.2464871701e-19   2.8296954940e-03   2.0998181332e-10   3.0571648917e-18   1.1982244068e-25   6.1565491025e-08   9.7178590128e-01   2.4491690507e-03   3.6393758294e-03   2.4242899005e-12   5.6268439027e-09   8.5066681531e-15   1.9164985726e-02  -4.5457024367e+06
   7.5013315382e-03   6.4255603709e-03   5.9885652153e-01   1.2593543338e-05   5.2955993236e+00  -3.8195882879e-28   2.7563024606e-28   3.3150670690e+02   9.6363527016e-01   1.4215824282e-02   4.5175241227e-02   1.8304102619e-04   7.4358210804e-14   1.8648838237e-17   3.8857412205e-06   6.2111304882e-18   4.0830435675e-03   6.0724709184e-10   7.8377434763e-18   2.2660665272e-24   1.8119726110e-07   9.6068331530e-01   3.2499378466e-03   4.9859297111e-03   1.3803662249e-12   2.0141853910e-08   1.8019060626e-15   2.6810644863e-02  -4.5052165992e+06
   9.4260840707e-03   8.5771027056e-03   5.4003265804e-01   1.4139005046e-05   5.1747681308e+00  -2.7759665798e-27   2.1760019368e-27   3.7543808976e+02   9.1506817130e-01   1.3783403171e-01   1.6576392677e+00   3.5743994869e-04   1.0272532211e-12   2.7890675396e-16   2.3570769906e-05   3.1706785178e-16   1.0016522686e-02   3.0928577067e-09   8.1874446804e-17   7.3079786810e-22   8.9336961460e-07   9.0841698714e-01   6.8870844294e-03   1.1497298650e-02   6.2015923142e-12   1.2764772725e-07   1.4319725643e-15   6.2800072256e-02  -4.3168321311e+06
   1.0769534255e-02   1.0275065436e-02   4.7120442744e-01   1.6543759040e-05   4.9759274002e+00  -1.4806042910e-26   1.0418250676e-26   4.4532856315e+02   8.3950726271e-01   4.1663114779e-01   3.8812131086e+01   5.2666507236e-04   1.4263151027e-11   3.6900919159e-15   8.7711844488e-05   1.0373283640e-14   1.9255125804e-02   1.2622409574e-08   2.1709623352e-15   1.2807841675e-19   2.6632279451e-06   8.2740316744e-01   1.1906674655e-02   2.1846873863e-02   4.2029490645e-11   5.4110703559e-07   3.2182765276e-14   1.1897056431e-01  -4.0214732494e+06
   1.1655865319e-02   1.1264003075e-02   4.3005829614e-01   1.8517460972e-05   4.8011696199e+00  -3.4001578099e-26   3.7119891815e-26   5.0280745709e+02   7.7633483110e-01   6.8486218084e-01   1.9791121800e+02   6.3593598517e-04   6.3688961724e-11   1.7508704807e-14   1.6204154176e-04   7.7125332297e-14   2.6686059549e-02   3.1338264438e-08   1.5590773976e-14  -4.2974480947e-16   4.2517645854e-06   7.5978059003e-01   1.5826524607e-02   3.0617831049e-02   1.3041028747e-10   1.1020661648e-06   1.9564860605e-13   1.6628563188e-01  -3.7750515168e+06
   1.2389401271e-02   1.2047727563e-02   3.9968752693e-01   2.0375871069e-05   4.6319241332e+00  -6.8764632744e-26   5.3290882064e-26   5.5677970566e+02   7.1812560328e-01   9.3528880823e-01   5.1578852524e+02   7.1916173644e-04   1.6452652068e-10   4.7264279434e-14   2.3634691939e-04   3.2588343612e-13   3.3237871392e-02   5.6522200546e-08   6.1915653719e-14   1.5618007190e-17   5.6941771536e-06   6.9752971752e-01   1.9280014803e-02   3.8754284348e-02   2.4925178502e-10   1.7121493634e-06   6.1164787324e-13   2.1023514041e-01  -3.5448155006e+06
   1.3045742430e-02   1.2731074980e-02   3.7558140055e-01   2.2193153119e-05   4.4659418519e+00  -6.0096604150e-26   6.4781100362e-26   6.0932510850e+02   6.6338599855e-01   1.1459877434e+00   9.2068414080e+02   7.8596044084e-04   3.0394824628e-10   9.5077073310e-14   3.0405000080e-04   1.0548419161e-12   3.9134763835e-02   7.8912951758e-08   1.8125959600e-13   7.8251942379e-17   7.1639143465e-06   6.3902916789e-01   2.2404487417e-02   4.6448685663e-02   3.2934973945e-10   2.2990598460e-06   1.2742608058e-12   2.5188334223e-01  -3.3247775013e+06
   1.3660342858e-02   1.3360409880e-02   3.5550156016e-01   2.4010810449e-05   4.3029759867e+00  -4.8936419648e-26   7.3043309981e-26   6.6166998045e+02   6.1138383857e-01   1.3065518770e+00   1.3632236829e+03   8.4128250656e-04   4.7059607788e-10   1.7689064782e-13   3.6170878402e-04   3.1597365082e-12   4.4516030776e-02   9.2253707458e-08   4.6690099408e-13   3.2250081227e-16   8.8396481251e-06   5.8348427167e-01   2.5261919481e-02   5.3791578800e-02   3.4135580169e-10   2.8179536314e-06   2.1163127892e-12   2.9173145730e-01  -3.1122898392e+06
   1.4248179859e-02   1.3960275836e-02   3.3830956429e-01   2.5839601800e-05   4.1448826242e+00  -1.7858462421e-26   8.0720683942e-26   7.1420247220e+02   5.6216040315e-01   1.4137056749e+00   1.8599617119e+03   8.8764936264e-04   6.6916611284e-10   3.2466734840e-13   4.0711556663e-04   9.0633441438e-12   4.9436022386e-02   9.6244558331e-08   1.1012853111e-12   1.1605673275e-15   1.0843864808e-05   5.3093183549e-01   2.7860742087e-02   6.0767763283e-02   3.0987386886e-10   3.2378741824e-06   3.0999405267e-12   3.2969469284e-01  -2.9079219390e+06
   1.4812966067e-02   1.4536083881e-02   3.2342473885e-01   2.7665512071e-05   3.9948369011e+00   4.2420834139e-26   8.5453974586e-26   7.6660638159e+02   5.1618873521e-01   1.4709236634e+00   2.4562778302e+03   9.2649603312e-04   9.1365922007e-10   5.8110058764e-13   4.3933812796e-04   2.4382061145e-11   5.3904764015e-02   9.3557692812e-08   2.4282642930e-12   3.7308495771e-15   1.3250050265e-05   4.8187153474e-01   3.0185834529e-02   6.7304689615e-02   2.6935140563e-10   3.5425535804e-06   4.2015986870e-12   3.6535045556e-01  -2.7143483633e+06
   1.5358383032e-02   1.5089848253e-02   3.1037522369e-01   2.9480304651e-05   3.8545163100e+00   1.4215725441e-25   8.4289495053e-26   8.1873098196e+02   4.7357654489e-01   1.4862037210e+00   3.2060901057e+03   9.5914904027e-04   1.2237918919e-09   1.0020519337e-12   4.5904519606e-04   6.0960013914e-11   5.7962395297e-02   8.6730075269e-08   5.0770066527e-12   1.0911779833e-14   1.6130486312e-05   4.3641408054e-01   3.2242426808e-02   7.3385427872e-02   2.3629540811e-10   3.7340581829e-06   5.3811655418e-12   3.9855752244e-01  -2.5328187582e+06
   1.5889003552e-02   1.5626917811e-02   2.9875862418e-01   3.1283946782e-05   3.7242022332e+00   2.9123803871e-25   7.6144939380e-26   8.7066262240e+02   4.3415095996e-01   1.4677893387e+00   4.1718261153e+03   9.8678010719e-04   1.6258632315e-09   1.6656568650e-12   4.6769007085e-04   1.4247568778e-10   6.1665846031e-02   7.7354912023e-08   1.0198508440e-11   2.9586252800e-14   1.9581638891e-05   3.9437181195e-01   3.4048921833e-02   7.9035490916e-02   2.1379816446e-10   3.8252408358e-06   6.5586296301e-12   4.2939997285e-01  -2.3632293177e+06
   1.6408165929e-02   1.6151089293e-02   2.8828636266e-01   3.3075442922e-05   3.6037751517e+00   4.9668560969e-25   6.2727715084e-26   9.2245233558e+02   3.9772602171e-01   1.4227675517e+00   5.4302633509e+03   1.0102973201e-03   2.1547828106e-09   2.6832212000e-12   4.6698258175e-04   3.1413723406e-10   6.5064285267e-02   6.6572069835e-08   1.9877391223e-11   7.5472384677e-14   2.3724471750e-05   3.5554385121e-01   3.5623237927e-02   8.4283334094e-02   2.0061424943e-10   3.8345559338e-06   7.6542641575e-12   4.5798038330e-01  -2.2052770130e+06
   1.6918447988e-02   1.6665242565e-02   2.7874703337e-01   3.4853063641e-05   3.4928449547e+00   7.6087852213e-25   4.8405966797e-26   9.7412140732e+02   3.6411472340e-01   1.3571580751e+00   7.0844845099e+03   1.0304229609e-03   2.8586004373e-09   4.2162389935e-12   4.5870299830e-04   6.5946276884e-10   6.8200268517e-02   5.5462705234e-08   3.7882047013e-11   1.8329160542e-13   2.8713013670e-05   3.1972867270e-01   3.6982552900e-02   8.9157320336e-02   1.9505888608e-10   3.7843235997e-06   8.7737421527e-12   4.8440950302e-01  -2.0585204795e+06
   1.7421930808e-02   1.7171653411e-02   2.6998269918e-01   3.6614603561e-05   3.3908450532e+00   1.0797978435e-24   3.9204586337e-26   1.0256680046e+03   3.3313344896e-01   1.2782917937e+00   9.2835753526e+03   1.0477394674e-03   3.8055555183e-09   6.5040805845e-12   4.4458344364e-04   1.3293025771e-09   7.1110804391e-02   4.5067626087e-08   7.1056503388e-11   4.2806157760e-13   3.4749011503e-05   2.8672868738e-01   3.8143156457e-02   9.3684351198e-02   1.9615512967e-10   3.6998931634e-06   1.0407566716e-11   5.0880217827e-01  -1.9224632049e+06
   1.7919729763e-02   1.7672208205e-02   2.6188221023e-01   3.8355563751e-05   3.2971760386e+00   1.4426465086e-24   4.1173352951e-26   1.0770133736e+03   3.0463711506e-01   1.1925256546e+00   1.2251128533e+04   1.0626983717e-03   5.0933007711e-09   9.9057123541e-12   4.2625393727e-04   2.5905311094e-09   7.3824557889e-02   3.6192007152e-08   1.3188206966e-10   9.6909805158e-13   4.2096490758e-05   2.5638760118e-01   3.9118987539e-02   9.7884792097e-02   2.0393287786e-10   3.6096145353e-06   1.3403841890e-11   5.3124935865e-01  -1.7969350952e+06
   1.8413460837e-02   1.8167251321e-02   2.5434829872e-01   4.0074408423e-05   3.2109380956e+00   1.8340678489e-24   5.8511307675e-26   1.1281522796e+03   2.7842960061e-01   1.1025679820e+00   1.6337469125e+04   1.0756877681e-03   6.8686843615e-09   1.4985935792e-11   4.0516266208e-04   4.9161612208e-09   7.6370268613e-02   2.9209721391e-08   2.4368442980e-10   2.1454324254e-12   5.1129787697e-05   2.2849496090e-01   3.9924808950e-02   1.0178610188e-01   2.1969341490e-10   3.5450930827e-06   1.8930373056e-11   5.5188829285e-01  -1.6813356078e+06
   1.8905185889e-02   1.8659670353e-02   2.4729083453e-01   4.1772538312e-05   3.1310086810e+00   2.2431690737e-24   9.2255719046e-26   1.1791649383e+03   2.5429512761e-01   1.0116351814e+00   2.2096976613e+04   1.0870268536e-03   9.3618058833e-09   2.2676349479e-11   3.8253583498e-04   9.1563078275e-09   7.8774787890e-02   2.4106125452e-08   4.5158661203e-10   4.6907694784e-12   6.2404770393e-05   2.0281962405e-01   4.0573952090e-02   1.0541902239e-01   2.4669110772e-10   3.5431519869e-06   2.8836719392e-11   5.7087705960e-01  -1.5748131649e+06
   1.9396110001e-02   1.9150701424e-02   2.4064513782e-01   4.3449571083e-05   3.0563156070e+00   2.6648484420e-24   1.3973374849e-25   1.2300735306e+03   2.3206504171e-01   9.2235361942e-01   3.0346015515e+04   1.0969543643e-03   1.2935309483e-08   3.4555932885e-11   3.5947948065e-04   1.6848664531e-08   8.1057187979e-02   2.0649271424e-08   8.4515167607e-10   1.0218789304e-11   7.6716105363e-05   1.7918065819e-01   4.1076740178e-02   1.0880754205e-01   2.9143274037e-10   3.6498205407e-06   4.6540855087e-11   5.8834102017e-01  -1.4766469193e+06
   1.9887405444e-02   1.9641518579e-02   2.3435586646e-01   4.5105970790e-05   2.9857343289e+00   3.1077309245e-24   1.9536365964e-25   1.2809223036e+03   2.1157737444e-01   8.3639860775e-01   4.2160458375e+04   1.1056676373e-03   1.8181654066e-08   5.3443907594e-11   3.3699331710e-04   3.0834032232e-08   8.3233592753e-02   1.8535651079e-08   1.6091018532e-09   2.2381681804e-11   9.5232202505e-05   1.5740410748e-01   4.1442112586e-02   1.1197459588e-01   3.6656982563e-10   3.9267996577e-06   7.8873454056e-11   6.0440370167e-01  -1.3860743711e+06
   2.0380247822e-02   2.0133292309e-02   2.2837579980e-01   4.6742806104e-05   2.9181291854e+00   3.5899007433e-24   2.5227474622e-25   1.3317714342e+03   1.9268051992e-01   7.5471796952e-01   5.8607194296e+04   1.1133341577e-03   2.6089968266e-08   8.4625190523e-11   3.1601740294e-04   5.6469137919e-08   8.5317785346e-02   1.7488154524e-08   3.1381819211e-09   4.9700270411e-11   1.1964862459e-04   1.3732670033e-01   4.1677805522e-02   1.1494111091e-01   4.9702629693e-10   4.4628072468e-06   1.4004158991e-10   6.1918303094e-01  -1.3023235788e+06
   2.0875797733e-02   2.0627203336e-02   2.2266537320e-01   4.8361345505e-05   2.8523831398e+00   4.1782556145e-24   3.0383582604e-25   1.3826855912e+03   1.7523733504e-01   6.7774061273e-01   7.9898589393e+04   1.1200939770e-03   3.8327579503e-08   1.3847946643e-10   2.9745949273e-04   1.0401019251e-07   8.7321623847e-02   1.7296466912e-08   6.2989020807e-09   1.1256359583e-10   1.5231631058e-04   1.1880004010e-01   4.1790532356e-02   1.1772486085e-01   7.3308386414e-10   5.3920549344e-06   2.6040318203e-10   6.3278751383e-01  -1.2246425228e+06
   2.1375101128e-02   2.1124392130e-02   2.1719259042e-01   4.9962519649e-05   2.7874233169e+00   4.9240798459e-24   3.4404906088e-25   1.4337181808e+03   1.5912952769e-01   6.0558033359e-01   1.0360761403e+05   1.1260435897e-03   5.7683743059e-08   2.3624871385e-10   2.8217792733e-04   1.9315777218e-07   8.9255228062e-02   1.7827923549e-08   1.3010484839e-08   2.6026965646e-10   1.9618868453e-04   1.0169530372e-01   4.1786087144e-02   1.2033916550e-01   1.1778170109e-09   6.9213408802e-06   5.0550036850e-10   6.4531260017e-01  -1.1523230852e+06
   2.1878860837e-02   2.1625810125e-02   2.1193323647e-01   5.1546234549e-05   2.7222556076e+00   5.9161891168e-24   3.6677588499e-25   1.4848908575e+03   1.4426276026e-01   5.3820625787e-01   1.2182050278e+05   1.1311827450e-03   8.8696206558e-08   4.2285698881e-10   2.7091641042e-04   3.6122226335e-07   9.1126866794e-02   1.9027112573e-08   2.7444827663e-08   6.1024327743e-10   2.5429576122e-04   8.5909244086e-02   4.1669133074e-02   1.2279161211e-01   2.0412322810e-09   9.3619886938e-06   1.0146044906e-09   6.5683688655e-01  -1.0847234984e+06
   2.2387032793e-02   2.2131911549e-02   2.0687133587e-01   5.3110556748e-05   2.6560211226e+00   7.1686139047e-24   3.6460615681e-25   1.5361689406e+03   1.3057231966e-01   4.7556870775e-01   1.1782338010e+05   1.1352931743e-03   1.3838884478e-07   7.9539284694e-10   2.6424772643e-04   6.7650458699e-07   9.2942488609e-02   2.0908833951e-08   5.8173229736e-08   1.4284664786e-09   3.2838544336e-04   7.1371845591e-02   4.1442046080e-02   1.2508363025e-01   3.7336740111e-09   1.3148636783e-05   2.0686018328e-09   6.6741801248e-01  -1.0212956864e+06
   2.2898265798e-02   2.2642154038e-02   2.0199949298e-01   5.4650974074e-05   2.5880817222e+00   8.6975828808e-24   3.2890272217e-25   1.5874389911e+03   1.1802732404e-01   4.1766962633e-01   6.4072872524e+04   1.1377101974e-03   2.1686056185e-07   1.5654815197e-09   2.6269667935e-04   1.2575623903e-06   9.4704968995e-02   2.3549293082e-08   1.2104239528e-07   3.2626176797e-09   4.1659634490e-04   5.8053945017e-02   4.1101406268e-02   1.2721299001e-01   6.9866504514e-09   1.8802794915e-05   4.1800767923e-09   6.7708924868e-01  -9.6162061588e+05
   2.3409345144e-02   2.3154377558e-02   1.9731854788e-01   5.6160149432e-05   2.5181293469e+00   1.0376149388e-23   2.5230595114e-25   1.6385012654e+03   1.0662941124e-01   3.6454624607e-01  -7.5205826603e+04   1.1369738270e-03   3.3725064207e-07   3.1945228433e-09   2.6734069770e-04   2.2968856855e-06   9.6413295364e-02   2.7105791281e-08   2.4073475024e-07   7.0817456544e-09   5.1082895074e-04   4.5970320449e-02   4.0630061108e-02   1.2918234069e-01   1.2913458024e-08   2.6783333588e-05   8.1429042073e-09   6.8585912227e-01  -9.0544679041e+05
   2.3914470056e-02   2.3664312730e-02   1.9284050631e-01   5.7627135304e-05   2.4463468147e+00   1.1973848842e-23   1.3359408580e-25   1.6890390763e+03   9.6411789868e-02   3.1652083820e-01  -3.2980776855e+05   1.1304509974e-03   5.1449355540e-07   6.6942863688e-09   2.8127407901e-04   4.0853268068e-06   9.8060404148e-02   3.1951471499e-08   4.4621120437e-07   1.4244515833e-08   5.9563497482e-04   3.5182717365e-02   3.9984624785e-02   1.3101329706e-01   2.2826602710e-08   3.7204020131e-05   1.4895038222e-08   6.9370925592e-01  -8.5276219020e+05
   2.4412814647e-02   2.4164627382e-02   1.8852860888e-01   5.9059029403e-05   2.3724322287e+00   1.3238529277e-23  -1.9577699473e-26   1.7393573669e+03   8.7282212079e-02   2.7362020335e-01  -6.8130859076e+05   1.1140440583e-03   7.6882463413e-07   1.4557653091e-08   3.1244355985e-04   7.1096236695e-06   9.9655678580e-02   3.9180122054e-08   7.6350702518e-07   2.6328861674e-08   6.5214494327e-04   2.5634669531e-02   3.9071996130e-02   1.3278897416e-01   3.8067939981e-08   4.9762135244e-05   2.5318384366e-08   7.0071150150e-01  -8.0309824346e+05
   2.4932293305e-02   2.4661001912e-02   1.8411820688e-01   6.0545040393e-05   2.2917447656e+00   1.4000264089e-23  -2.0204705572e-25   1.7927409667e+03   7.8696821540e-02   2.3386093619e-01  -8.7589998722e+05   1.0799232746e-03   1.1710895866e-06   3.6208749782e-08   3.8350331655e-04   1.2820770592e-05   1.0129320195e-01   5.2833663936e-08   1.2555787639e-06   4.6799133388e-08   6.6424646592e-04   1.6821048820e-02   3.7652651035e-02   1.3475098681e-01   6.2463676564e-08   6.4791662276e-05   4.1622032856e-08   7.0727415930e-01  -7.5349271233e+05
   2.5577305234e-02   2.5203584699e-02   1.7881538903e-01   6.2377597802e-05   2.1862049449e+00   1.4034291316e-23  -4.5191000342e-25   1.8602560361e+03   6.9243795633e-02   1.8368973830e-01   2.0594724827e+06   1.0007885296e-03   2.3822605576e-06   1.8367165438e-07   5.9542791827e-04   3.3053267566e-05   1.0327095702e-01   9.9762319127e-08   2.6103825734e-06   1.0695229222e-07   6.1682372654e-04   7.4679915134e-03   3.4829376462e-02   1.3765363020e-01   1.3431593579e-07   8.7157859232e-05   8.7556012938e-08   7.1443918860e-01  -6.9522792514e+05
   2.6308698129e-02   2.5951025769e-02   1.7423343677e-01   6.4160881492e-05   2.0555517827e+00   1.2982375739e-23  -7.5141815510e-25   1.9265392769e+03   6.0386970395e-02   1.2140594988e-01   2.5721302919e+07   7.7444677729e-04   1.9577530186e-05   1.7343241091e-05   1.5558874247e-03   4.2694309602e-04   1.0482477495e-01   3.5834221426e-07   5.9733637279e-06   2.7393959014e-07   1.3533844595e-04   2.6679260430e-04   2.7782560041e-02   1.4320544126e-01   5.7561602237e-07   5.0932839364e-05   2.1295584462e-07   7.2093256757e-01  -6.4806729544e+05
   2.6866774913e-02   2.6666370489e-02   1.7751892709e-01   6.3851870441e-05   1.9461804950e+00   1.1673761065e-23  -7.6928874668e-25   1.9057393004e+03   5.5078001924e-02   9.9825446811e-02   1.9399156746e+07   3.6991611134e-04   4.3686367173e-05   3.3418332575e-04   1.0313901040e-02   1.9161959289e-03   1.0149368639e-01   1.6956611783e-06   1.9773264053e-07   1.0598515699e-08   1.5289988542e-06   2.9166821440e-06   1.3787036665e-02   1.4678997213e-01   8.6462027650e-08   1.7617430333e-06   9.2092596379e-09   7.2494321495e-01  -6.1378044565e+05
   2.7223988736e-02   2.7067179337e-02   1.8108884158e-01   6.3238550499e-05   1.8722190803e+00   1.0807246769e-23  -8.5408641328e-25   1.8747138396e+03   5.1514304636e-02   1.0216608282e-01   1.8503690135e+07   2.2924049769e-04   3.4014744140e-05   4.6853913189e-04   2.0751870708e-02   2.1643416749e-03   9.7864759577e-02   2.8315260364e-06   2.9622122347e-09   1.6713212883e-10   2.3474818621e-08   5.4440162105e-08   8.2844057103e-03   1.4236645523e-01   5.4273386383e-09   3.8457758313e-08   1.5000677783e-10   7.2783341612e-01  -5.6010003402e+05
   2.7517578352e-02   2.7380798136e-02   1.8511050011e-01   6.2476610654e-05   1.8088058410e+00   1.0015266772e-23  -8.7733525584e-25   1.8382431612e+03   4.8529062205e-02   1.0085577198e-01   1.8258812895e+07   1.5196249081e-04   2.4162523620e-05   4.8465303256e-04   3.0986104235e-02   2.0698066586e-03   9.4386531032e-02   3.6034406748e-06   5.4108578852e-11   3.2079117328e-12   5.1163457580e-10   1.4620508569e-09   5.2989644814e-03   1.3635404682e-01   1.7420996458e-09   9.7563503211e-10   2.9104002199e-12   7.3024016053e-01  -5.1267634173e+05
   2.7779538969e-02   2.7654358569e-02   1.8968818627e-01   6.1592052530e-05   1.7501582348e+00   9.2595436902e-24  -8.7604137645e-25   1.7970845721e+03   4.5846428490e-02   9.7411350341e-02   1.6582401485e+07   1.0287975860e-04   1.6596721144e-05   4.4735249665e-04   4.0951737721e-02   1.8517050962e-03   9.0955250723e-02   4.0862196001e-06   1.3141256291e-12   8.1329024157e-14   1.5516799710e-11   5.3147836142e-11   3.4602632945e-03   1.2985468459e-01   8.3382990197e-10   3.3374212373e-11   7.3375224537e-14   7.3235544244e-01  -4.7192583713e+05
   2.8022882248e-02   2.7904719370e-02   1.9484637496e-01   6.0606401676e-05   1.6939162733e+00   8.5307401923e-24  -8.6006615021e-25   1.7520947595e+03   4.3354854865e-02   9.2539436969e-02   1.4255112262e+07   7.0001878439e-05   1.1128567517e-05   3.8670839786e-04   5.0672528550e-02   1.5887657379e-03   8.7527491804e-02   4.3473310652e-06   4.2348553350e-14   2.7152429715e-15   6.3805334274e-13   2.5527560273e-12   2.2727457237e-03   1.2319098080e-01   4.0671487577e-10   2.2184012358e-12   2.4090678380e-15   7.3427530080e-01  -4.3649459055e+05
   2.8254912892e-02   2.8141045126e-02   2.0061194130e-01   5.9534547159e-05   1.6387192054e+00   7.8213731010e-24  -8.3343971727e-25   1.7039228206e+03   4.0993424486e-02   8.6651332484e-02   1.1755521315e+07   4.7483594121e-05   7.2876168934e-06   3.1872305217e-04   6.0182185543e-02   1.3189732037e-03   8.4080024712e-02   4.4352076627e-06   1.7668142346e-15   1.1673748221e-16   3.4600614990e-14   1.5907493798e-13   1.4922816591e-03   1.1649028629e-01   1.9582354328e-10   4.6408952707e-13   1.0239715412e-16   7.3605831893e-01  -4.0512403933e+05
   2.8480083284e-02   2.8368780657e-02   2.0701758997e-01   5.8388010305e-05   1.5837238662e+00   7.1337076084e-24  -7.9693892536e-25   1.6531070161e+03   3.8727076130e-02   8.0093041301e-02   9.3556293958e+06   3.1974662923e-05   4.6541770611e-06   2.5247040652e-04   6.9499515829e-02   1.0633483935e-03   8.0602506238e-02   4.3864570384e-06   2.1279931416e-16  -9.3350322283e-15   2.9460586879e-15   1.2809248006e-14   9.7826518444e-04   1.0982252132e-01   9.2481428327e-11   1.7504637705e-13   7.8133008865e-18   7.3774035727e-01  -3.7687321369e+05
   2.8701302337e-02   2.8591385910e-02   2.1410292230e-01   5.7176296175e-05   1.5283782502e+00   6.4679853368e-24  -7.5063726639e-25   1.6001144992e+03   3.6534708332e-02   7.3164626301e-02   7.2054410561e+06   2.1343911507e-05   2.8940942084e-06   1.9298346847e-04   7.8632598358e-02   8.3373472526e-04   7.7092214100e-02   4.2318881375e-06   6.2678624344e-18   4.4344067737e-19   2.2468222649e-16   1.3037156737e-15   6.4172560346e-04   1.0323427266e-01   4.2764603535e-11   7.1991124979e-14   5.4765723604e-19   7.3934400115e-01  -3.5104864936e+05
   2.8920598014e-02   2.8811218764e-02   2.2191636135e-01   5.5907337254e-05   1.4723047914e+00   5.8377516793e-24  -6.9559273277e-25   1.5453516585e+03   3.4403066991e-02   6.6116708948e-02   5.3797902319e+06   1.4138260077e-05   1.7500008783e-06   1.4268060572e-04   8.7584763114e-02   6.3610488996e-04   7.3550656597e-02   3.9992417833e-06  -5.9679454078e-17   5.3631714389e-20   2.6976275063e-17   1.6957973928e-16   4.2347759102e-04   9.6758478934e-02   1.9389841479e-11   2.9997774127e-14  -1.0351709623e-19   7.4088395075e-01  -3.2713090457e+05
   2.9139442345e-02   2.9029977264e-02   2.3051639061e-01   5.4587820371e-05   1.4152457698e+00   5.2419469865e-24  -6.3544891535e-25   1.4891742082e+03   3.2323780671e-02   5.9149042858e-02   3.8986017732e+06   9.3297889872e-06   1.0282099372e-06   1.0219739751e-04   9.6357224596e-02   4.7227642063e-04   6.9981951040e-02   3.7143148928e-06  -5.7672274216e-18   5.2855091275e-21   3.8978214890e-18   2.7994951025e-17   2.8338513875e-04   9.0419044156e-02   8.6576472734e-12   1.2505931440e-14   1.8047076069e-20   7.4236984893e-01  -3.0472940402e+05
   2.9358953621e-02   2.9248907426e-02   2.3997414963e-01   5.3223238819e-05   1.3570285600e+00   4.5812676232e-24  -5.6971465033e-25   1.4318876465e+03   3.0291549877e-02   5.2411493910e-02   2.7455024088e+06   6.1783599559e-06   5.8684822813e-07   7.1010845745e-05   1.0495083153e-01   3.4114251016e-04   6.6391495321e-02   3.4004983628e-06   6.8542820146e-21   5.1256159737e-22   6.8019418972e-19   5.8380591840e-18   1.9422020858e-04   8.4233047369e-02   3.8315500260e-12   5.2779934914e-15   4.2897998294e-21   7.4380808651e-01  -2.8355200321e+05
   2.9580045077e-02   2.9468999816e-02   2.5037761124e-01   5.1817788167e-05   1.2975384622e+00   3.9039817811e-24  -5.0027167235e-25   1.3737428465e+03   2.8302906048e-02   4.6008121965e-02   1.8812090274e+06   4.1517784033e-06   3.2537473721e-07   4.7922687420e-05   1.1336740148e-01   2.3964097349e-04   6.2784728956e-02   3.0777519024e-06   1.0454042067e-21   8.0435919125e-23   1.5452175320e-19   1.5332379018e-18   1.3772405544e-04   7.8211934692e-02   1.6925176333e-12   2.2964850435e-15   1.0852411924e-21   7.4520309225e-01  -2.6338219710e+05
   2.9803509763e-02   2.9691090338e-02   2.6183565269e-01   5.0374423741e-05   1.2367046638e+00   3.2485238328e-24  -4.2830581871e-25   1.3149397591e+03   2.6355634027e-02   4.0005171118e-02   1.2554655520e+06   2.8727864606e-06   1.7524876557e-07   3.1444788959e-05   1.2160931529e-01   1.6360795995e-04   5.9166632277e-02   2.7613835353e-06   1.9914316760e-22   1.5711907850e-23   4.4773002917e-20   5.1249107879e-19   1.0187074850e-04   7.2363223148e-02   7.5004496202e-13   1.0516018444e-15   2.8587196255e-22   7.4655809637e-01  -2.4406393765e+05
   3.0030075595e-02   2.9915929189e-02   2.7448245059e-01   4.8895010620e-05   1.1744921270e+00   2.6597676890e-24  -3.5431569011e-25   1.2556355575e+03   2.4448505028e-02   3.4440384670e-02   8.1653497265e+05   2.0796744715e-06   9.1653594480e-08   2.0078812059e-05   1.2967852829e-01   1.0848343562e-04   5.5541620275e-02   2.4612175635e-06   5.1335348851e-23   4.1519474158e-24   1.8004181071e-20   2.4091546372e-19   7.8894018071e-05   6.6692121665e-02   3.3374227568e-13   5.1604462363e-16   7.9036970000e-23   7.4787564096e-01  -2.2548941487e+05
   3.0260457079e-02   3.0144222001e-02   2.8848314537e-01   4.7380461416e-05   1.1108943472e+00   2.1325499755e-24  -2.7979803822e-25   1.1959525676e+03   2.2581066624e-02   2.9334208221e-02   5.1735994947e+05   1.5951297501e-06   4.6479449137e-08   1.2485971090e-05   1.3757592584e-01   6.9824536352e-05   5.1913509263e-02   2.1810897227e-06   2.2409787118e-23   1.8566282333e-24   1.2576158642e-20   2.0133631087e-19   6.3856305152e-05   6.1202579330e-02   1.4840531031e-13   2.7371369612e-16   2.3140715408e-23   7.4915799605e-01  -2.0758746717e+05
   3.0496404806e-02   3.0376692156e-02   3.0411414434e-01   4.5823880085e-05   1.0456411654e+00   1.7052518086e-24  -2.0625604479e-25   1.1357186799e+03   2.0745705342e-02   2.4669740864e-02   3.1783307438e+05   1.3005816411e-06   2.2697865702e-08   7.5455109919e-06   1.4533383437e-01   4.3523637122e-05   4.8270112048e-02   1.9172838211e-06   1.5880551730e-23   1.3457783862e-24   1.4652777353e-20   2.8445562993e-19   5.3612173713e-05   5.5875333226e-02   6.5000235506e-14   1.5534419145e-16   7.1364439887e-24   7.5041279847e-01  -1.9025185067e+05
   3.0740013836e-02   3.0616117456e-02   3.2173929819e-01   4.4216646561e-05   9.7842910486e-01   1.3400172953e-24  -1.3935119761e-25   1.0747246136e+03   1.8935152226e-02   2.0426207774e-02   1.8810540617e+05   1.1209565254e-06   1.0578103805e-08   4.4232505913e-06   1.5298357930e-01   2.6241203204e-05   4.4596804976e-02   1.6625564448e-06  -1.4104964557e-21   1.1904543437e-24   2.0124806764e-20   4.7593934675e-19   4.6234271892e-05   5.0691900320e-02   2.7546172993e-14   9.2063792281e-17   2.2929988504e-24   7.5164802258e-01  -1.7337550874e+05
   3.0991892155e-02   3.0863910215e-02   3.4168513089e-01   4.2560770415e-05   9.0944122887e-01   1.0371489586e-24  -7.8286765191e-26   1.0131888142e+03   1.7155884792e-02   1.6619545758e-02   1.0678961261e+05   1.0095028091e-06   4.6774537974e-09   2.5232759044e-06   1.6049856047e-01   1.5375030413e-05   4.0904995233e-02   1.4100564395e-06   9.7075112833e-24   8.5574960567e-25   2.6208494545e-20   7.7543889428e-19   4.0561569822e-05   4.5672420765e-02   1.1140380671e-14   5.5339742376e-17   7.5614569880e-25   7.5286313942e-01  -1.5698214952e+05
   3.1252763357e-02   3.1119874095e-02   3.6435250096e-01   4.0858053159e-05   8.3889907162e-01   7.8729109526e-25  -2.6518015508e-26   9.5132866878e+02   1.5414862092e-02   1.3265006349e-02   5.7889556807e+04   9.3649705048e-07   1.9481739967e-09   1.4080280336e-06   1.6785015004e-01   8.8169388691e-06   3.7207239233e-02   1.1570039223e-06  -7.6614684280e-22   6.1890007028e-25   3.1319100694e-20   1.1716674435e-18   3.5861806049e-05   4.0836152390e-02   4.2395873950e-15   3.2909322454e-17  -3.5684346562e-25   7.5405827612e-01  -1.4109992485e+05
   3.1524332845e-02   3.1385652619e-02   3.9029837375e-01   3.9106239847e-05   7.6688799399e-01   5.8204527808e-25   1.2099481841e-26   8.8922646677e+02   1.3715126782e-02   1.0349033520e-02   2.9919134098e+04   8.8378000000e-07   7.5947723921e-10   7.7394971459e-07   1.7502612670e-01   4.9880404957e-06   3.3507495178e-02   9.1025148796e-07  -4.8402393017e-22   3.8075752398e-25   3.3869221847e-20   1.6396113110e-18   3.1680538357e-05   3.6189877309e-02   1.5002495269e-15   1.9197837252e-17  -3.1354986558e-25   7.5523726349e-01  -1.2564091022e+05
   3.1808844714e-02   3.1663013070e-02   4.2023719123e-01   3.7302658130e-05   6.9352420611e-01   4.1409304532e-25   3.7567526038e-26   8.2697415480e+02   1.2060406766e-02   7.8451639015e-03   1.4803284999e+04   8.4055840107e-07   2.7670779265e-10   4.2207243648e-07   1.8201120402e-01   2.8039430347e-06   2.9810865985e-02   6.8439017732e-07  -2.8031112671e-22   2.1407072640e-25   3.3536845398e-20   2.1435757931e-18   2.7748846081e-05   3.1740894157e-02   4.9048332964e-16   1.1113159934e-17  -1.6403286427e-25   7.5640453575e-01  -1.1055787048e+05
   3.2110044725e-02   3.1954676358e-02   4.5517321275e-01   3.5440419334e-05   6.1880792846e-01   2.7918828611e-25   4.9996850189e-26   7.6455332671e+02   1.0451845151e-02   5.7349877577e-03   7.0581085591e+03   8.0022906475e-07   9.4307478224e-11   2.2882645520e-07   1.8880084902e-01   1.5707805677e-06   2.6116292050e-02   4.9249133702e-07   1.1843895352e-24   1.0810638167e-25   3.0712354877e-20   2.6430117617e-18   2.3906245773e-05   2.7488359993e-02   1.4742302845e-16   6.5375167650e-18   1.1389985935e-26   7.5756750027e-01  -9.5831643381e+04
   3.2441102213e-02   3.2265413091e-02   4.9761058227e-01   3.3461535017e-05   5.4086589845e-01   1.7598391529e-25   5.1410425194e-26   7.0037122912e+02   8.8543813671e-03   3.9495504771e-03   3.1815781117e+03   7.5741517942e-07   2.9037842042e-11   1.2041116376e-07   1.9554321308e-01   8.6047931056e-07   2.2336055550e-02   3.3627912691e-07  -7.4237863040e-23   5.3159054001e-26   2.6181552434e-20   3.1034997796e-18   1.9974243163e-05   2.3336617990e-02   3.8864877881e-17   3.9610762225e-18  -2.4708104801e-26   7.5876206452e-01  -8.1246197528e+04
   3.2814165454e-02   3.2616791335e-02   5.5007596779e-01   3.1354107987e-05   4.5974315657e-01   9.2987015193e-26   4.3676594989e-26   6.3455006684e+02   7.2739126762e-03   2.4971153396e-03   1.3499889616e+03   7.0791443682e-07   7.9649531216e-12   6.0660651624e-08   2.0221347446e-01   4.5847758491e-07   1.8468138911e-02   2.1677578796e-07  -3.2945499628e-23   2.2944186304e-26   2.0664224811e-20   3.4601386321e-18   1.5906793747e-05   1.9301072078e-02   8.7050997336e-18   2.5414841615e-18  -6.4194530560e-27   7.5999996393e-01  -6.6719305929e+04
   3.3239921806e-02   3.3011539573e-02   6.1493843234e-01   2.9146318615e-05   3.7716394163e-01   4.3525574159e-26   3.1820362118e-26   5.6852399627e+02   5.7498146861e-03   1.4170214953e-03   5.3268931192e+02   6.4801737909e-07   1.9119968651e-12   2.8719326703e-08   2.0864549899e-01   2.3616639606e-07   1.4601065711e-02   1.3098954241e-07  -1.3082245865e-23   8.8902393714e-27   1.5062683501e-20   3.6140348162e-18   1.1797388339e-05   1.5473225284e-02   1.5856007122e-18   1.7407431210e-18  -1.2294124381e-27   7.6126736873e-01  -5.2693879493e+04
   3.3742631603e-02   3.3468304038e-02   6.9514232692e-01   2.6869576658e-05   2.9435230505e-01   1.5014556612e-26   1.8858716786e-26   5.0372929421e+02   4.3114708877e-03   7.0829048764e-04   1.8942739506e+02   5.7233107741e-07   3.8663756686e-13   1.2421426664e-08   2.1471532768e-01   1.1613882407e-07   1.0824967330e-02   7.2845936470e-08  -4.5205618789e-24   3.0191472650e-27   1.0027590816e-20   3.4288220952e-18   7.7969056831e-06   1.1892774799e-02   2.1503859784e-19   1.2175054792e-18  -1.3825457819e-28   7.6255835955e-01  -3.9330848109e+04
   3.4439247862e-02   3.4016959169e-02   8.0743701217e-01   2.4281895431e-05   2.0138820603e-01   1.4183442741e-27   6.8690725945e-27   4.3438577188e+02   2.8364112610e-03   2.6397076749e-04   4.7713407271e+01   4.6184088535e-07   4.7643538640e-14   4.1115650573e-09   2.2093983805e-01   4.7830312010e-08   6.8909652412e-03   3.2166074906e-08  -8.9414806567e-25   7.0542348098e-28   5.4933499722e-21   2.6624516253e-18   3.7805182407e-06   8.1508746756e-03   1.2799376942e-20   7.0830919861e-19  -2.1261993718e-27   7.6401399556e-01  -2.5856379497e+04
   3.5689815455e-02   3.4861536555e-02   9.6129496876e-01   2.1508471759e-05   1.0456135147e-01  -2.1488612030e-28   8.7495779657e-28   3.6540995165e+02   1.4074478251e-03   4.9896543300e-05   4.9319039675e+00   2.6909346496e-07   2.1920064525e-15   8.4139220796e-10   2.2696961311e-01   1.2980741030e-08   3.1339177127e-03   7.9949978238e-09   1.7876699491e-27   1.0980186415e-28   1.7614696280e-21   9.5892060533e-19   7.5425609355e-07   4.3632955063e-03   1.1185856077e-22   1.7598694737e-19   5.7242970798e-31   7.6553212851e-01  -1.2697381222e+04
   3.8387669582e-02   3.6518094355e-02   1.0942386239e+00   1.9596628001e-05   3.5646837623e-02  -1.7568230238e-29   3.4587961381e-29   3.2123919714e+02   4.5387077809e-04   2.8814580561e-06   1.0990530874e-01   5.6175466581e-08   3.5339334427e-17   1.2098175334e-10   2.3099347505e-01   1.7065822296e-09   9.6276509039e-04   7.6151569707e-10  -4.6090458032e-27   1.8107582361e-30   2.1192675064e-22   9.8924197375e-20   4.7907140466e-08   1.5298916600e-03   1.0633407409e-25   1.3320103342e-20  -7.2655184837e-31   7.6651376153e-01  -3.2014829582e+03
   4.2124240191e-02   4.0257244809e-02   1.1431943227e+00   1.8977059807e-05   1.2921721254e-02  -4.5700870241e-31   7.4365377045e-31   3.0753219848e+02   1.4875993559e-04   1.5749541780e-07   2.0539427800e-03   8.0080929051e-09   7.0528222539e-19   1.8722334987e-11   2.3228122732e-01   2.2734441560e-10   3.3523231544e-04   6.3303659069e-11   3.0631930881e-31   1.6323470063e-32   2.3337335081e-23   8.4426077984e-21   2.2947042857e-09   5.5986798856e-04   1.0020811600e-28   8.3727631382e-22   3.2009497825e-35   7.6682366176e-01   1.4855862958e+01
   4.7724095498e-02   4.3991235572e-02   1.1646520696e+00   1.8717697807e-05   3.2393929116e-03  -4.4874299409e-33   1.9678338941e-32   3.0188310733e+02   2.1110066977e-05   1.1399609925e-08   2.5527300730e-05   8.4673320443e-10   9.0279837470e-21   2.1611997473e-12   2.3282009933e-01   2.5199351329e-11   8.3600637998e-05   4.9943508014e-12   3.2521736928e-33   1.6949006239e-34   2.1694561530e-24   6.7244184384e-22   1.2915904540e-10   1.4060752799e-04   8.8355949222e-32   5.6085858039e-23   2.9817142202e-37   7.6695569150e-01   1.4305848473e+03
   5.7679529705e-02   5.1456955424e-02   1.1707755766e+00   1.8644983363e-05   5.3235203932e-04   2.8163667354e-34   2.3041564880e-34   3.0030875491e+02  -1.4509652215e-05   2.1876902072e-10   4.6840442332e-08   4.3182693967e-11   1.7745612860e-23   9.4143945579e-14   2.3297047716e-01   1.1270755328e-12   1.3702982405e-05   1.3910710472e-13   4.7048396158e-36   2.4363699764e-37   6.9573331428e-26   1.8793641541e-23   2.7476659146e-12   2.3124533963e-05   2.2540659537e-35   1.2321845711e-24   4.1555446737e-40   7.6699269527e-01   1.8287533773e+03
   7.0124650010e-02   6.3902103986e-02   1.1718469708e+00   1.8632319179e-05   6.0437453098e-05   4.4863890780e-36   1.1213576981e-36   3.0003497859e+02  -2.0708987596e-05   4.4388794973e-12   1.4765340409e-11   1.0716839040e-12   5.9567310598e-27   1.6589499837e-15   2.3299665004e-01   2.1032444058e-14   1.5523829148e-06   1.5209807565e-15   1.0728845904e-39   5.5493529050e-41   8.4886763239e-28   2.0501669906e-25   2.4000979540e-14   2.6307454124e-06   3.5674087195e-39   1.1467165645e-26   9.4141367906e-44   7.6699916683e-01   1.8985482012e+03
   8.8792278672e-02   7.6347196034e-02   1.1719763148e+00   1.8630791462e-05   3.4024051957e-06   8.8472365528e-39   1.0793915952e-39   3.0000195978e+02  -2.1457801743e-05   3.2967065385e-14   1.8381382517e-16   6.6092034144e-15   7.7854904233e-32   5.6985666697e-18   2.3299981148e-01   7.5541814152e-17   8.6910745711e-08   3.1444083548e-18   8.7547466154e-45   4.5249746401e-46   1.9270439849e-30   4.3399284312e-28   4.3234585144e-17   1.4894459908e-07   1.1151848900e-43   1.1532822549e-28   7.6720675970e-49   7.6699995266e-01   1.9070580506e+03
   1.2620855517e-01   1.0123736131e-01   1.1719836848e+00   1.8630704419e-05   1.3674844130e-07   4.0002984395e-42   1.6769778466e-43   3.0000007845e+02  -2.1500661625e-05   2.0080003426e-17   1.5717245853e-22   1.1138354416e-17   6.9020903710e-38   4.9295840276e-21   2.3299999243e-01   6.8848133477e-20   3.4773798573e-09   1.5861699646e-21   4.4081130236e-51   2.2737443186e-52   1.0624187152e-33   2.2384657197e-31   1.9141620702e-20   5.9988431927e-09   3.4370505291e-48   4.0793953175e-30   3.8562459132e-55   7.6699999809e-01   1.9075558065e+03
   1.7615094293e-01   1.5117974904e-01   1.1719839849e+00   1.8630700875e-05   3.2038148549e-09   1.5020865747e-45  -8.9564485657e-47   3.0000000184e+02  -2.1502411758e-05   1.4400776625e-20   1.1628757320e-28   1.5154704531e-20   5.2071599200e-44   3.6704390388e-24   2.3299999982e-01   5.9376917509e-23   8.1491105895e-11   5.9862548686e-25   1.5434236223e-57   7.9592412087e-59   4.3123518518e-37   7.9952732712e-35   5.5852248192e-24   1.4042353054e-10   6.9242209420e-53   9.5376587765e-32   1.3499698246e-61   7.6699999996e-01   1.9075763922e+03
   2.2609333072e-01   2.0112213682e-01   1.1719839920e+00   1.8630700790e-05   1.8276660432e-11   3.2952364106e-48  -3.7351524318e-49   3.0000000001e+02  -2.1502453491e-05   7.9011699609e-24   1.9785766325e-33   3.6857987992e-23   3.1839855831e-49   8.6493503032e-27   2.3300000000e-01   1.5374644920e-25   4.6909114857e-13   1.1208861678e-27   7.2280063738e-63   3.8138052670e-64   8.0161866866e-40   1.3218714866e-37   8.0582994406e-27   7.9469770397e-13   1.0142861816e-57   5.3956998041e-34   6.4946419482e-67   7.6700000000e-01   1.9075768821e+03
   2.7603571850e-01   2.5106452461e-01   1.1719839921e+00   1.8630700790e-05   3.0271795014e-14   7.2682057357e-52  -8.4384114181e-53   3.0000000000e+02  -2.1502453730e-05   2.5733931009e-28   3.8319424875e-37   3.4175985289e-26   8.4838387259e-56   3.7486459736e-30   2.3300000000e-01   6.6437706284e-29   8.0054965525e-16   3.1231568935e-31   1.8838224435e-68  -5.2121405200e-66   2.4091559833e-43   3.9139240346e-41   2.1877439503e-30   1.2782198744e-15   8.6063275705e-64   8.6678273075e-37   8.4460889316e-74   7.6700000000e-01   1.9075768848e+03
   3.2597810628e-01   3.0100691239e-01   1.1719839921e+00   1.8630700790e-05   2.7173262057e-17   8.0567412232e-56  -9.4696116367e-57   3.0000000000e+02  -2.1502453731e-05   5.4444234221e-34   5.8978904372e-41   1.7679860326e-29   7.5370434230e-63   8.4019655515e-34   2.3300000000e-01   1.4768115193e-32   3.4738026828e-19   4.4395171560e-35   1.2534521467e-72   7.8810632871e-75   3.7097800792e-47   5.9656431767e-45   3.0620577766e-34   4.0457975259e-19   4.9180404203e-68   2.7226735850e-40   2.9023713791e-81   7.6700000000e-01   1.9075768848e+03
   3.7592049407e-01   3.5094930018e-01   1.1719839921e+00   1.8630700790e-05   3.6701858077e-18   5.8814464596e-60  -6.9793172151e-61   3.0000000000e+02  -2.1502453731e-05   1.9377546530e-37   6.0096029534e-45   6.1912336704e-33   4.1320312634e-70   1.2490503506e-37   2.3300000000e-01   2.1746077682e-36   7.8009562746e-23   4.1714081628e-39  -3.2734527691e-74   4.7136063873e-83   3.7800483881e-51   6.0231835758e-49   2.8394979881e-38   6.4353881150e-23   7.7513062654e-72   4.2954585105e-44   4.3845336260e-89   7.6700000000e-01   1.9075768848e+03
   4.2586288185e-01   4.0089168796e-01   1.1719839921e+00   1.8630700790e-05   3.5876920577e-17   3.1782179964e-64  -3.8031871975e-65   3.0000000000e+02  -2.1502453731e-05   6.9771154132e-36   4.5414705685e-49   1.6224609490e-36   4.8487434663e-75   1.3783868923e-41   2.3300000000e-01   2.3761334037e-40   1.1473568996e-26   2.9057759055e-43   2.1862527138e-79   1.0838300061e-80   2.8565911321e-55   4.5120352344e-53   1.9537886721e-42   6.6460658391e-27   7.9396209281e-76   4.3992391724e-48   3.6567046083e-97   7.6700000000e-01   1.9075768848e+03
   4.7580526964e-01   4.5083407574e-01   1.1719839921e+00   1.8630700790e-05   4.1404213626e-18   1.3567220042e-68  -1.6359528795e-69   3.0000000000e+02  -2.1502453731e-05   1.7439791877e-36   2.7137838367e-53   3.3767834198e-40   4.0316031244e-79   1.2033162632e-45   2.3300000000e-01   2.0538904034e-44   1.2374337872e-30   1.6002953712e-47   1.6578216596e-84  -4.5287623312e-84   1.7069737050e-59   2.6732468547e-57   1.0633058840e-46   5.0142498838e-31   5.9392707588e-80   3.2913304242e-52  1.9141072194e-105   7.6700000000e-01   1.9075768848e+03
   5.2574765742e-01   5.0077646353e-01   1.1719839921e+00   1.8630700790e-05   1.1339463358e-19   4.7661637513e-73  -5.7879908689e-74   3.0000000000e+02  -2.1502453731e-05   4.8453855265e-36   1.3352909330e-57   5.8011828122e-44   4.2596292283e-83   8.6520874389e-50   2.3300000000e-01   1.4625421366e-48   1.0437065051e-34   7.8531245957e-52  -2.5094943423e-91   1.7820845628e-98   8.3989980349e-64   1.3043348707e-61   4.7659583081e-51   2.9527206272e-35   3.4680318506e-84   1.9218887775e-56  6.8216981977e-114   7.6700000000e-01   1.9075768848e+03
   5.7569004520e-01   5.5071885131e-01   1.1719839921e+00   1.8630700790e-05   2.1870181553e-19   1.4163967012e-77  -1.7315134306e-78   3.0000000000e+02  -2.1502453731e-05   7.7550144971e-37   5.5601290711e-62   8.4467104209e-48   6.1023065010e-86   5.2655798724e-54   2.3300000000e-01   8.8183430342e-53   7.1675138364e-39   4.1524233921e-54   7.5111730026e-93  2.8411205929e-103   3.4973290963e-68   5.3863961983e-66   1.8081555647e-55   1.4139926854e-39   1.6468458400e-88   9.1261366913e-61  1.7493558930e-122   7.6700000000e-01   1.9075768848e+03
   6.2563243299e-01   6.0066123910e-01   1.1719839921e+00   1.8630700790e-05   3.7739247104e-17   3.6296396734e-82  -4.4648955307e-83   3.0000000000e+02  -2.1502453731e-05   1.9377546530e-37   1.9908777006e-66   1.0618814716e-51   1.7799049570e-87   2.7645488870e-58   2.3300000000e-01   4.5892635378e-57   4.1147308392e-43   1.3106351314e-55  1.9172254522e-102 -6.3239428423e-110   1.2561417137e-72   1.9188894075e-70   5.9184256838e-60   5.6558195666e-44   6.5316140559e-93   3.6196425338e-65  3.3718419741e-131   7.6700000000e-01   1.9075768848e+03
   6.7557482077e-01   6.5060362688e-01   1.1719839921e+00   1.8630700790e-05   2.4280223518e-18   8.1280799106e-87  -1.0057269477e-87   3.0000000000e+02  -2.1502453731e-05   7.0115191980e-36  -6.1009563622e-69   1.1676537009e-55   1.0157809676e-86   1.3836444877e-62   2.3300000000e-01   2.1030079607e-61   2.0095730276e-47   7.4821733629e-55  2.8718785517e-119 -4.5129309524e-121   3.9436443218e-77   5.9760119678e-75   1.6937051797e-64   1.9233884659e-48   2.2025224021e-97   1.2205778943e-69  3.0532333422e-137   7.6700000000e-01   1.9075768848e+03
   7.2527300733e-01   7.0054601466e-01   1.1719839921e+00   1.8630700790e-05   5.5522822594e-20   1.7304881200e-91  -2.1567356308e-92   3.0000000000e+02  -2.1502453731e-05   7.0446400914e-36  -6.1636514469e-69   1.1599881573e-59   1.5813508754e-85   2.2606384498e-62   2.3300000000e-01   1.7270883881e-62   1.0257653641e-51   1.1648123857e-53  1.5611717852e-110 -5.1841639086e-120   1.1525928174e-81   1.7314004370e-79   4.5238721381e-69   7.3372462612e-53  8.3461880723e-102   4.6252299938e-74  1.7982478108e-140   7.6700000000e-01   1.9075768848e+03