# time = 0.05
# Grid points = 160
# Pressure (Pa) = 101325
#             1_pos             2_posf             3_rho             4_dvisc             5_uvel             6_vvel             7_wvel             8_temp             9_mixf            10_chi            11_hr            12_y_H2            13_y_H            14_y_O            15_y_O2            16_y_OH            17_y_H2O            18_y_HO2            19_y_CH2            20_y_CH2(S)            21_y_CH3            22_y_CH4            23_y_CO            24_y_CO2            25_y_HCO            26_y_CH2O            27_y_CH2OH            28_y_N2            29_enth
  -7.2527301892e-01  -7.5000000000e-01   1.1719839921e+00   1.8630700790e-05   9.7534977437e-17   6.5839539542e-92  -9.3968770144e-92   3.0000000000e+02  -2.1502453731e-05   1.2527057814e-35  -6.1636514512e-69   1.1558218394e-59   1.4972198513e-87   1.7036220871e-64   2.3300000000e-01   2.1136315697e-64   1.0230020260e-51   1.1028419378e-55 -7.8588428684e-104  3.1501357250e-113   1.1480800044e-81   1.7246017247e-79   4.5059183611e-69   7.3142439311e-53  8.3202713861e-102   4.6106791786e-74  1.6973512642e-142   7.6700000000e-01   1.9075768848e+03
  -6.7557488238e-01  -7.0054603784e-01   1.1719839921e+00   1.8630700790e-05   7.3544440535e-21   3.1374316308e-87  -4.4066331176e-87   3.0000000000e+02  -2.1502453731e-05   3.1471323818e-36  -6.1011891960e-69   1.1634360967e-55   2.3054705689e-86   1.5194519087e-62   2.3300000000e-01   2.1115177277e-61   2.0063665861e-47   1.6981940649e-54  2.8463768558e-102 -6.0215820704e-112   3.9289991568e-77   5.9537205252e-75   1.6873535780e-64   1.9203248194e-48   2.1990297251e-97   1.2186334657e-69  6.9124509181e-137   7.6700000000e-01   1.9075768848e+03
  -6.2563257145e-01  -6.5060372691e-01   1.1719839921e+00   1.8630700790e-05   1.7669686431e-19   1.4163281553e-82  -1.9655724736e-82   3.0000000000e+02  -2.1502453731e-05   1.7445839142e-36   1.9831842413e-66   1.0579013833e-51   1.5375934158e-86   2.7541858154e-58   2.3300000000e-01   4.5724723611e-57   4.1074140961e-43   1.1325380369e-54  -1.0469968183e-98  -1.0782675430e-98   1.2513025174e-72   1.9114666880e-70   5.8954134718e-60   5.6457731212e-44   6.5200044097e-93   3.6132122303e-65  3.4668190913e-131   7.6700000000e-01   1.9075768848e+03
  -5.7569026052e-01  -6.0066141599e-01   1.1719839921e+00   1.8630700790e-05   2.4920169623e-18   5.5889972517e-78  -7.6634476948e-78   3.0000000000e+02  -2.1502453731e-05   3.1012161152e-36   5.5378688289e-62   8.4138171475e-48   7.3818361391e-87   5.2449956427e-54   2.3300000000e-01   8.7845789839e-53   7.1532704124e-39   2.0258074448e-55   3.9338402690e-93  4.9010212898e-105   3.4833273738e-68   5.3647510328e-66   1.8008535985e-55   1.4111835635e-39   1.6435538861e-88   9.1080043503e-61  1.7354614762e-122   7.6700000000e-01   1.9075768848e+03
  -5.2574794959e-01  -5.5071910506e-01   1.1719839921e+00   1.8630700790e-05   2.1553400770e-17   1.9023831347e-73  -2.5770322777e-73   3.0000000000e+02  -2.1502453731e-05   6.9771368875e-36   1.3297308489e-57   5.7777102313e-44   4.1617687595e-83   8.6168197201e-50   2.3300000000e-01   1.4566831552e-48   1.0413929752e-34   7.2274703889e-52  -2.3986457434e-90  -2.6671555459e-94   8.3640250310e-64   1.2988854689e-61   4.7459529186e-51   2.9461715049e-35   3.4603390833e-84   1.9176256506e-56  6.7655807652e-114   7.6700000000e-01   1.9075768848e+03
  -4.7580563867e-01  -5.0077679413e-01   1.1719839921e+00   1.8630700790e-05   2.4251793790e-18   5.4794541090e-69  -7.3323517961e-69   3.0000000000e+02  -2.1502453731e-05   6.9771368875e-36   2.7020273412e-53   3.3625981395e-40   4.0140717786e-79   1.1982021674e-45   2.3300000000e-01   2.0452864140e-44   1.2343826858e-30   1.5931339848e-47  -1.3409876016e-91  5.4833651346e-101   1.6995788534e-59   2.6616314502e-57   1.0586651108e-46   5.0018654391e-31   5.9245074285e-80   3.2832006461e-52  1.8977521150e-105   7.6700000000e-01   1.9075768848e+03
  -4.2586332774e-01  -4.5083448320e-01   1.1719839921e+00   1.8630700790e-05   2.7298553746e-17   1.2992965447e-64  -1.7172110866e-64   3.0000000000e+02  -2.1502453731e-05   1.1033397554e-66   4.5210012191e-49   1.6153964064e-36   4.8263792358e-75   1.3722818271e-41   2.3300000000e-01   2.3657332730e-40   1.1442195888e-26   2.8922543988e-43   7.4375346445e-86   5.2593015908e-94   2.8437158837e-55   4.4916452076e-53   1.9449216587e-42   6.6278356911e-27   7.9166125301e-76   4.3871710576e-48   3.6242139454e-97   7.6700000000e-01   1.9075768848e+03
  -3.7592101681e-01  -4.0089217228e-01   1.1719839921e+00   1.8630700790e-05   3.8848626288e-17   2.4350422751e-60  -3.1776318421e-60   3.0000000000e+02  -2.1502453731e-05   7.7510424680e-37   5.9814278405e-45   6.1633751008e-33   4.0967001304e-70   1.2432900863e-37   2.3300000000e-01   2.1646746978e-36   7.7773729686e-23   4.1512262313e-39  -1.4778792024e-78   1.3910671436e-81   3.7623262040e-51   5.9948799178e-49   2.8260990915e-38   6.4158285952e-23   7.7275579573e-72   4.2824018225e-44   4.3440058104e-89   7.6700000000e-01   1.9075768848e+03
  -3.2597870589e-01  -3.5094986135e-01   1.1719839921e+00   1.8630700790e-05   1.1978357901e-17   3.3810070162e-56  -4.3539560667e-56   3.0000000000e+02  -2.1502453731e-05   5.0412361320e-34   5.8691472113e-41   1.7598135062e-29   7.4658248652e-63   8.3616938779e-34   2.3300000000e-01   1.4697858666e-32   3.4622383542e-19   4.4171958722e-35  -6.1032911838e-72  -6.9374114463e-71   3.6917005606e-47   5.9365106719e-45   3.0470408297e-34   4.0322010199e-19   4.9013216140e-68   2.7135225123e-40   2.8744793345e-81   7.6700000000e-01   1.9075768848e+03
  -2.7603639496e-01  -3.0100755042e-01   1.1719839921e+00   1.8630700790e-05   3.0166140347e-14   3.0973564623e-52  -3.9312774935e-52   3.0000000000e+02  -2.1502453730e-05   2.5573239894e-28   3.8125730976e-37   3.4016030222e-26   8.4013722213e-56   3.7300665839e-30   2.3300000000e-01   6.6110240944e-29   7.9765730369e-16   3.1068738334e-31  -5.5747753876e-67   4.9251657661e-71   2.3969837325e-43   3.8941110659e-41   2.1766162410e-30   1.2735090068e-15   8.5399434956e-64   8.6358749827e-37   8.3619944467e-74   7.6700000000e-01   1.9075768848e+03
  -2.2609408403e-01  -2.5106523949e-01   1.1719839920e+00   1.8630700790e-05   1.8219096278e-11   1.4362736125e-48  -1.7892444471e-48   3.0000000001e+02  -2.1502453492e-05   7.8963440201e-24   1.9650899386e-33   3.6692005160e-23   3.1528006142e-49   8.6060526681e-27   2.3300000000e-01   1.5297970311e-25   4.6762461137e-13   1.1149081897e-27   7.3386393204e-63   3.7923319024e-64   7.9748373517e-40   1.3150360917e-37   8.0163484528e-27   7.9215999025e-13   1.0060081132e-57   5.3784826432e-34   6.4289197644e-67   7.6700000000e-01   1.9075768821e+03
  -1.7615177310e-01  -2.0112292857e-01   1.1719839849e+00   1.8630700875e-05   3.2028390406e-09   8.3252663374e-46  -9.2230604355e-46   3.0000000184e+02  -2.1502411771e-05   1.4401871996e-20   1.1559288363e-28   1.5108182151e-20   5.1759991433e-44   3.6590297105e-24   2.3299999982e-01   5.9206984748e-23   8.1466079145e-11   5.9644161657e-25   1.5334907817e-57   7.9087954610e-59   4.2971356910e-37   7.9650431550e-35   5.5630881179e-24   1.4038044988e-10   6.9023193494e-53   9.5347818220e-32   1.3413541938e-61   7.6699999996e-01   1.9075763923e+03
  -1.2620946220e-01  -1.5118061764e-01   1.1719836848e+00   1.8630704419e-05   1.3675371216e-07   3.0050421848e-42  -3.0517966814e-42   3.0000007845e+02  -2.1500661560e-05   2.0067421362e-17   1.5567457038e-22   1.1094413788e-17   6.8364755702e-38   4.9056891279e-21   2.3299999243e-01   6.8511045993e-20   3.4774963512e-09   1.5782894328e-21   4.3654071458e-51   2.2517036092e-52   1.0572965347e-33   2.2275525905e-31   1.9049829101e-20   5.9990795934e-09   3.4203593419e-48   4.0795728466e-30   3.8188685944e-55   7.6699999809e-01   1.9075558055e+03
  -8.8793219405e-02  -1.0123830677e-01   1.1719763172e+00   1.8630791433e-05   3.4013563924e-06   7.7126759465e-39  -8.0920199432e-39   3.0000195916e+02  -2.1457815488e-05   3.2929851540e-14   1.8244820442e-16   6.5909695540e-15   7.7278077855e-32   5.6772523918e-18   2.3299981154e-01   7.5253908817e-17   8.6883391116e-08   3.1323769088e-18   8.6892954450e-45   4.4911366974e-46   1.9199505784e-30   4.3236029611e-28   4.3076410996e-17   1.4889991725e-07   1.1100246244e-43   1.1524912335e-28   7.6146978832e-49   7.6699995268e-01   1.9070581961e+03
  -7.0125583661e-02  -7.6348132044e-02   1.1718470468e+00   1.8632318281e-05   6.0402952501e-05   4.6494528432e-36  -5.3106936601e-36   3.0003495920e+02  -2.0709426099e-05   4.4353500384e-12   1.4699691155e-11   1.0700243342e-12   5.9303718807e-27   1.6552363529e-15   2.3299665189e-01   2.0985290876e-14   1.5515224421e-06   1.5173737196e-15   1.0681194557e-39   5.5247044373e-41   8.4699606524e-28   2.0452794937e-25   2.3945194824e-14   2.6292980732e-06   3.5517338093e-39   1.1442621691e-26   9.3723189781e-44   7.6699916728e-01   1.8985531077e+03
  -5.7680458644e-02  -6.3903035278e-02   1.1707760669e+00   1.8644977564e-05   5.3212194957e-04   4.5190544228e-34  -6.7455672747e-34   3.0030862951e+02  -1.4512496557e-05   2.1868194294e-10   4.6744798578e-08   4.3150548548e-11   1.7709605035e-23   9.4046462571e-14   2.3297048917e-01   1.1259368923e-12   1.3697421197e-05   1.3895312000e-13   4.6960443471e-36   2.4318141175e-37   6.9513448620e-26   1.8772370779e-23   2.7446773643e-12   2.3115115303e-05   2.2490188419e-35   1.2307803029e-24   4.1477638091e-40   7.6699269824e-01   1.8287855728e+03
  -4.7724892500e-02  -5.1457882010e-02   1.1646535208e+00   1.8717680505e-05   3.2387175514e-03   8.2799266109e-33  -3.1553589652e-32   3.0188273223e+02   2.1101545719e-05   1.1397246246e-08   2.5509873567e-05   8.4648173952e-10   9.0216627065e-21   2.1604091877e-12   2.3282013530e-01   2.5190801260e-11   8.3583985668e-05   4.9928025397e-12   3.2511150336e-33   1.6943463385e-34   2.1694816541e-24   6.7223096660e-22   1.2912290820e-10   1.4057930589e-04   8.8278111316e-32   5.6074576912e-23   2.9807172287e-37   7.6695570040e-01   1.4306817116e+03
  -4.2124842771e-02  -4.3991902990e-02   1.1431968826e+00   1.8977028433e-05   1.2920714873e-02  -6.5133418304e-31  -3.0887303349e-31   3.0753151193e+02   1.4874436518e-04   1.5750681482e-07   2.0535537240e-03   8.0069804874e-09   7.0511656071e-19   1.8719473633e-11   2.3228129305e-01   2.2732474430e-10   3.3520163876e-04   6.3301374819e-11   3.0640281977e-31   1.6328165786e-32   2.3346041054e-23   8.4423024419e-21   2.2947494008e-09   5.5981672557e-04   1.0018698992e-28   8.3735974716e-22   3.2018213062e-35   7.6682367798e-01   1.5031621079e+01
  -3.8388144906e-02  -4.0257782552e-02   1.0942365844e+00   1.9596654767e-05   3.5649178268e-02  -6.1192565905e-29   7.7630002347e-30   3.2123979514e+02   4.5388443104e-04   2.8791065361e-06   1.0992642290e-01   5.6171190251e-08   3.5341401649e-17   1.2097183669e-10   2.3099341738e-01   1.7067875427e-09   9.6278893803e-04   7.6169080819e-10   1.9524771636e-29   1.0942673282e-30   2.1214681434e-22   9.8952141112e-20   4.7921186246e-08   1.5299416300e-03   1.0627450101e-25   1.3326944162e-20   2.7511806029e-33   7.6651374537e-01  -3.2016436966e+03
  -3.5690037991e-02  -3.6518507259e-02   9.6133744290e-01   2.1507798047e-05   1.0453639936e-01  -1.8860587169e-27   3.9336280232e-28   3.6539390020e+02   1.4071034418e-03   4.9889392504e-05   4.9295306918e+00   2.6903469480e-07   2.1904933270e-15   8.4103820083e-10   2.2697106644e-01   1.2977755482e-08   3.1331271370e-03   7.9921015312e-09  -3.9602209584e-25   1.0818067192e-28   1.7626424137e-21   9.5864769569e-19   7.5395766643e-07   4.3622703779e-03   1.1174334247e-22   1.7594156945e-19  -1.2407442224e-28   7.6553249124e-01  -1.2694022851e+04
  -3.4439286616e-02  -3.4861568724e-02   8.0744281080e-01   2.4281776432e-05   2.0138391663e-01  -1.7636929614e-26   4.4663549232e-27   4.3438268086e+02   2.8363342251e-03   2.6394530283e-04   4.7711171524e+01   4.6182605050e-07   4.7639361991e-14   4.1110924863e-09   2.2094016316e-01   4.7830248914e-08   6.8907810750e-03   3.2164249966e-08  -1.2623433419e-24   7.0574789148e-28   5.4958497923e-21   2.6625121544e-18   3.7804831218e-06   8.1506573000e-03   1.2798123087e-20   7.0834247849e-19  -2.9538244484e-27   7.6401407205e-01  -2.5855180254e+04
  -3.3742659138e-02  -3.4017004509e-02   6.9515359783e-01   2.6869283442e-05   2.9433807477e-01  -5.7079621160e-26   1.7121522545e-26   5.0372118740e+02   4.3112872796e-03   7.0820436359e-04   1.8941077112e+02   5.7232299736e-07   3.8657431650e-13   1.2420064459e-08   2.1471610262e-01   1.1613316370e-07   1.0824563798e-02   7.2840514599e-08   3.6536757833e-26   2.9633860228e-27   1.0026305736e-20   3.4287681284e-18   7.7965809273e-06   1.1892214566e-02   2.1499493876e-19   1.2174865377e-18   6.2175651421e-29   7.6255854872e-01  -3.9329001458e+04
  -3.3239928677e-02  -3.3468313766e-02   6.1494557933e-01   2.9146093529e-05   3.7715104841e-01  -1.1281967420e-25   3.9649138534e-26   5.6851743585e+02   5.7496583642e-03   1.4169798313e-03   5.3266551956e+02   6.4801487741e-07   1.9118070810e-12   2.8717707155e-08   2.0864615883e-01   2.3615938657e-07   1.4600744452e-02   1.3098439993e-07   1.0520151449e-25  -2.1690425727e-24   1.5062434007e-20   3.6139120361e-18   1.1797156864e-05   1.5472730883e-02   1.5854171769e-18   1.7407242466e-18  -5.2059235065e-28   7.6126752480e-01  -5.2692220094e+04
  -3.2814173054e-02  -3.3011543588e-02   5.5008154387e-01   3.1353899421e-05   4.5973091295e-01  -1.8881677350e-25   7.7628112478e-26   6.3454369584e+02   7.2737581270e-03   2.4970985358e-03   1.3499264784e+03   7.0791343068e-07   7.9641974593e-12   6.0657782800e-08   2.0221412684e-01   4.5846137569e-07   1.8467809714e-02   2.1676915509e-07   2.6328726272e-25  -5.9190421233e-24   2.0663860357e-20   3.4599862787e-18   1.5906576702e-05   1.9300605871e-02   8.7041838186e-18   2.5414496527e-18  -3.1059277162e-27   7.6000010719e-01  -6.6717737476e+04
  -3.2441116684e-02  -3.2616802521e-02   4.9761571582e-01   3.3461310837e-05   5.4085328558e-01  -2.7371369333e-25   1.3187696656e-25   7.0036409507e+02   8.8542064718e-03   3.9495218271e-03   3.1813713289e+03   7.5741449437e-07   2.9034488676e-11   1.2040435009e-07   1.9554395136e-01   8.6043522785e-07   2.2335665944e-02   3.3626826577e-07   6.0040071799e-25  -1.4089961586e-23   2.6181387927e-20   3.1033675777e-18   1.9973986995e-05   2.3336120841e-02   3.8860029073e-17   3.9609767431e-18  -1.1571611682e-26   7.5876221331e-01  -8.1244565262e+04
  -3.2110071031e-02  -3.2265430848e-02   4.5517863819e-01   3.5440147301e-05   6.1879353415e-01  -3.8187898567e-25   1.9640897111e-25   7.6454435415e+02   1.0451618530e-02   5.7348742604e-03   7.0574499973e+03   8.0022773185e-07   9.4293153600e-11   2.2880879023e-07   1.8880180567e-01   1.5706637178e-06   2.6115776411e-02   4.9247194345e-07   1.1840155954e-24   1.0809720905e-25   3.0711634532e-20   2.6429355315e-18   2.3905878556e-05   2.7487740314e-02   1.4739894903e-16   6.5372176882e-18   1.1388398177e-26   7.5756767946e-01  -9.5829536284e+04
  -3.1808880634e-02  -3.1954711214e-02   4.2024285988e-01   3.7302335695e-05   6.9350787270e-01  -4.8522869744e-25   2.7274237727e-25   8.2696318864e+02   1.2060124123e-02   7.8449293943e-03   1.4801507898e+04   8.4055619911e-07   2.7665649615e-10   4.2203005576e-07   1.8201239723e-01   2.8036676820e-06   2.9810228063e-02   6.8435925816e-07   2.4038796193e-24  -5.6250389500e-23   3.3540566798e-20   2.1435658138e-18   2.7748363418e-05   3.1740127884e-02   4.9038618727e-16   1.1112383754e-17  -2.4785121682e-26   7.5640474757e-01  -1.1055539809e+05
  -3.1524371327e-02  -3.1663050054e-02   3.9030349902e-01   3.9105912082e-05   7.6687142625e-01  -5.7998186106e-25   3.5904235886e-25   8.8921500209e+02   1.3714822497e-02   1.0348716996e-02   2.9915699880e+04   8.8377735033e-07   7.5934320383e-10   7.7387136016e-07   1.7502741139e-01   4.9875412472e-06   3.3506818829e-02   9.1021583499e-07   4.3108699851e-24  -1.0245491475e-22   3.3879937409e-20   1.6396503416e-18   3.1680010187e-05   3.6189049057e-02   1.4999674781e-15   1.9196421590e-17   8.9540884011e-26   7.5523748455e-01  -1.2563825863e+05
  -3.1252804708e-02  -3.1385692599e-02   3.6435723455e-01   4.0857715361e-05   8.3888210592e-01  -6.5436817510e-25   4.5791881317e-25   9.5131654625e+02   1.5414530895e-02   1.3264575375e-02   5.7882844063e+04   9.3649187751e-07   1.9478286332e-09   1.4078764289e-06   1.6785154855e-01   8.8159991368e-06   3.7206517007e-02   1.1569644937e-06   7.1237699083e-24  -1.7811716095e-22   3.1350946465e-20   1.1717415415e-18   3.5861182598e-05   4.0835242644e-02   4.2387886640e-15   3.2906781348e-17   2.5695311559e-25   7.5405851134e-01  -1.4109703505e+05
  -3.0991936164e-02  -3.1119916817e-02   3.4168953162e-01   4.2560422358e-05   9.0942387299e-01  -6.9408018041e-25   5.6055795041e-25   1.0131760254e+03   1.7155525297e-02   1.6618983395e-02   1.0677728596e+05   1.0094917281e-06   4.6766248692e-09   2.5229927106e-06   1.6050007880e-01   1.5373325750e-05   4.0904227512e-02   1.4100147604e-06  -1.5021657654e-21   9.1859167713e-25   2.6320749664e-20   7.7552927150e-19   4.0560775433e-05   4.5671421408e-02   1.1138278561e-14   5.5335287283e-17  -3.4077803682e-25   7.5286339100e-01  -1.5697898008e+05
  -3.0740060333e-02  -3.0863955511e-02   3.2174340887e-01   4.4216288466e-05   9.7841138864e-01  -6.8543254719e-25   6.7164131415e-25   1.0747111657e+03   1.8934763486e-02   2.0425514275e-02   1.8808386046e+05   1.1209331440e-06   1.0576223880e-08   4.4227410903e-06   1.5298522164e-01   2.6238239189e-05   4.4595992550e-02   1.6625118080e-06   1.2820472177e-23   1.1093820284e-24   2.0006389449e-20   4.7602289412e-19   4.6233169183e-05   5.0690805196e-02   2.7540917584e-14   9.2055039058e-17   2.2879419889e-24   7.5164829244e-01  -1.7337202630e+05
  -3.0496458006e-02  -3.0616165156e-02   3.0411828182e-01   4.5823485498e-05   1.0456219707e+00  -6.0470544513e-25   7.8724497199e-25   1.1357035567e+03   2.0745254431e-02   2.4668808359e-02   3.1779519058e+05   1.3005317138e-06   2.2693593853e-08   7.5445765959e-06   1.4533574007e-01   4.3518413991e-05   4.8269190467e-02   1.9172310857e-06   1.5872115438e-23   1.3451110058e-24   1.4647067163e-20   2.8454187134e-19   5.3610393762e-05   5.5874045302e-02   6.4986832319e-14   1.5532609031e-16   7.1343015175e-24   7.5041311032e-01  -1.9024768047e+05
  -3.0260516474e-02  -3.0376750856e-02   2.8848729662e-01   4.7380030238e-05   1.1108737370e+00  -4.5611736750e-25   9.0592207729e-25   1.1959357302e+03   2.2580551885e-02   2.9333011316e-02   5.1729409338e+05   1.5950287256e-06   4.6470027990e-08   1.2484299219e-05   1.3757810233e-01   6.9815657226e-05   5.1912481677e-02   2.1810221596e-06   2.2474429129e-23   1.8615740801e-24   1.2611763402e-20   2.0142176570e-19   6.3853277742e-05   6.1201087862e-02   1.4837130013e-13   2.7367125107e-16   2.3135004046e-23   7.4915835237e-01  -2.0758268052e+05
  -3.0030136410e-02  -3.0144282092e-02   2.7448630376e-01   4.8894576960e-05   1.1744715013e+00  -2.1222853138e-25   1.0267211590e-24   1.2556183223e+03   2.4447963419e-02   3.4439034216e-02   8.1643637146e+05   2.0794980007e-06   9.1635454574e-08   2.0076203925e-05   1.2968081952e-01   1.0847023001e-04   5.5540561999e-02   2.4611420737e-06  -7.3041515766e-21   4.7516388450e-24   1.8364594614e-20   2.4100156974e-19   7.8889226308e-05   6.6690533012e-02   3.3366446513e-13   5.1594965324e-16   7.9070675287e-23   7.4787601753e-01  -2.2548428404e+05
  -2.9803572019e-02  -2.9915990727e-02   2.6183923662e-01   5.0373988530e-05   1.2366840530e+00   1.2286997294e-25   1.1491254050e-24   1.3149221721e+03   2.6355065188e-02   4.0003652124e-02   1.2553225468e+06   2.8724865984e-06   1.7521491518e-07   3.1440848637e-05   1.2161172273e-01   1.6358898175e-04   5.9165544970e-02   2.7612993331e-06  -2.8408528520e-20   1.8384049722e-23   4.5697020869e-20   5.1243363696e-19   1.0186298351e-04   7.2361536145e-02   7.4986556911e-13   1.0513755388e-15   2.8604335339e-22   7.4655849434e-01  -2.4405843810e+05
  -2.9580108806e-02  -2.9691153311e-02   2.5038094806e-01   5.1817352764e-05   1.2975178948e+00   6.0417654122e-25   1.2703549678e-24   1.3737249722e+03   2.8302309655e-02   4.6006437672e-02   1.8810094821e+06   4.1512838404e-06   3.2531367860e-07   4.7916943769e-05   1.1336992595e-01   2.3961462912e-04   6.2783614828e-02   3.0776614012e-06   1.0451705533e-21   8.0411231824e-23   1.5449066882e-19   1.5321638447e-18   1.3771135638e-04   7.8210149459e-02   1.6921020182e-12   2.2959225856e-15   1.0848011522e-21   7.4520351257e-01  -2.6337629587e+05
  -2.9359018909e-02  -2.9469064301e-02   2.3997725658e-01   5.3222805000e-05   1.3570080552e+00   1.1034247693e-24   1.3882697970e-24   1.4318695683e+03   3.0290925264e-02   5.2409654502e-02   2.7452293764e+06   6.1775415641e-06   5.8673996402e-07   7.1002665014e-05   1.0495347425e-01   3.4110694095e-04   6.6390356994e-02   3.4003980145e-06   6.7533821264e-21   5.0999661438e-22   6.7782519992e-19   5.8325937374e-18   1.9419921077e-04   8.4231164951e-02   3.8305738443e-12   5.2765575723e-15   4.2869004181e-21   7.4380853031e-01  -2.8354565266e+05
  -2.9139509280e-02  -2.9248973516e-02   2.3051927781e-01   5.4587390839e-05   1.4152253471e+00   1.8301275318e-24   1.5205826473e-24   1.4891560503e+03   3.2323127282e-02   5.9147071202e-02   3.8982394820e+06   9.3284409101e-06   1.0280219252e-06   1.0218607719e-04   9.6359984377e-02   4.7222982477e-04   6.9980792616e-02   3.7142031413e-06   8.2921067494e-20  -4.1903906308e-18   3.9530793426e-18   2.7967661787e-17   2.8335027530e-04   9.0417068907e-02   8.6553494452e-12   1.2502249583e-14   1.8091079898e-20   7.4237031725e-01  -3.0472254092e+05
  -2.8920666724e-02  -2.9030045044e-02   2.2191903679e-01   5.5906915063e-05   1.4722844531e+00   2.5748679082e-24   1.6503603959e-24   1.5453335629e+03   3.4402384153e-02   6.6114646023e-02   5.3793398736e+06   1.4136162479e-05   1.7496915276e-06   1.4266586069e-04   8.7587636918e-02   6.3604647233e-04   7.3549482252e-02   3.9991356957e-06   8.8954557199e-19  -4.7968973944e-17   2.7679318498e-17   1.6936174549e-16   4.2342105252e-04   9.6756417731e-02   1.9384638586e-11   2.9988943186e-14   8.8416073852e-20   7.4088444470e-01  -3.2712344230e+05
  -2.8701373001e-02  -2.8811288403e-02   2.1410538967e-01   5.7175885189e-05   1.5283579932e+00   3.3927596228e-24   1.7785775177e-24   1.6000966452e+03   3.6533995280e-02   7.3162537346e-02   7.2049080508e+06   2.1340785385e-05   2.8936091600e-06   1.9296542164e-04   7.8635580015e-02   8.3366468297e-04   7.7091029003e-02   4.2318049320e-06   6.6469320127e-18   4.5434285350e-19   2.2802060552e-16   1.3027169089e-15   6.4163596171e-04   1.0323213666e-01   4.2753273814e-11   7.1978109285e-14   5.5792952693e-19   7.3934452201e-01  -3.5104047254e+05
  -2.8480156274e-02  -2.8591457598e-02   2.0701984797e-01   5.8387615550e-05   1.5837036537e+00   4.3701355903e-24   1.9067177003e-24   1.6530896410e+03   3.8726330693e-02   8.0091014634e-02   9.3546370536e+06   3.1970386917e-05   4.6534299918e-06   2.5244742565e-04   6.9502606806e-02   1.0632621965e-03   8.0601315369e-02   4.3864310180e-06  -1.8222500462e-14   1.1496850311e-17   2.7569853194e-15   1.2757469327e-14   9.7812531597e-04   1.0982032440e-01   9.2457200303e-11   1.7482197933e-13  -1.4595448909e-16   7.3774090814e-01  -3.7686416597e+05
  -2.8254988568e-02  -2.8368854950e-02   2.0061400860e-01   5.9534169788e-05   1.6386989640e+00   5.4225643344e-24   2.0361009052e-24   1.7039059811e+03   4.0992645248e-02   8.6649464327e-02   1.1754899686e+07   4.7477396381e-05   7.2865860208e-06   3.1870185223e-04   6.0185361886e-02   1.3188872239e-03   8.4078829962e-02   4.4352249804e-06   1.7634010175e-15   1.1650140166e-16   3.4532069661e-14   1.5877031638e-13   1.4920753996e-03   1.1648804068e-01   1.9577647810e-10   4.6384398327e-13   1.0219405363e-16   7.3605890359e-01  -4.0511395076e+05
  -2.8022960746e-02  -2.8141122185e-02   1.9484821642e-01   6.0606054184e-05   1.6938960718e+00   6.5263995212e-24   2.1690078524e-24   1.7520790249e+03   4.3354043535e-02   9.2537876452e-02   1.4254500010e+07   6.9992844613e-05   1.1127092158e-05   3.8668828493e-04   5.0675752120e-02   1.5886792120e-03   8.7526313557e-02   4.3473960909e-06   4.2226234886e-14   2.7075360765e-15   6.3629887022e-13   2.5461546640e-12   2.2724320282e-03   1.2318874595e-01   4.0661946994e-10   2.2146344781e-12   2.4022530909e-15   7.3427592110e-01  -4.3648331493e+05
  -2.7779620114e-02  -2.7904799306e-02   1.8968978001e-01   6.1591745220e-05   1.7501381801e+00   7.6983891368e-24   2.3113320463e-24   1.7970704190e+03   4.5845591019e-02   9.7410245221e-02   1.6581878544e+07   1.0286700944e-04   1.6594752039e-05   4.4733831976e-04   4.0954940732e-02   1.8516300825e-03   9.0954110246e-02   4.0863490128e-06   1.3098119319e-12   8.1066631107e-14   1.5468055231e-11   5.2991298124e-11   3.4597988286e-03   1.2985253518e-01   8.3364126195e-10   3.3279090618e-11   7.3139581818e-14   7.3235609757e-01  -4.7191330805e+05
  -2.7517661254e-02  -2.7654440923e-02   1.8511181000e-01   6.2476357767e-05   1.8087862232e+00   8.9442018957e-24   2.4707125238e-24   1.8382312460e+03   4.8528213334e-02   1.0085528385e-01   1.8258494929e+07   1.5194457141e-04   2.4160179407e-05   4.8465271494e-04   3.0989155545e-02   2.0697651017e-03   9.4385463200e-02   3.6036389251e-06   5.3850455516e-11   3.1927442673e-12   5.0924795252e-10   1.4554964971e-09   5.2982791754e-03   1.3635212789e-01   1.7415355937e-09   9.7124910896e-10   2.8966894134e-12   7.3024084324e-01  -5.1266277111e+05
  -2.7224070834e-02  -2.7380881585e-02   1.8108983026e-01   6.3238366680e-05   1.8722005322e+00   1.0287903624e-23   2.6634669121e-24   1.8747048625e+03   5.1513478232e-02   1.0216638846e-01   1.8502865839e+07   2.2921563494e-04   3.4012477849e-05   4.6855940012e-04   2.0754555618e-02   2.1643581934e-03   9.7863827163e-02   2.8317814054e-06   2.9514777155e-09   1.6653019859e-10   2.3390821295e-08   5.4254064194e-08   8.2834264084e-03   1.4236498919e-01   5.4203957211e-09   3.8335585599e-08   1.4947199879e-10   7.2783409947e-01  -5.6008645977e+05
  -2.6866867667e-02  -2.7067260084e-02   1.7751971498e-01   6.3851743622e-05   1.9461608073e+00   1.1650183132e-23   2.9987937791e-24   1.9057325850e+03   5.5077098459e-02   9.9825567315e-02   1.9384334880e+07   3.6987527459e-04   4.3685935946e-05   3.3423918041e-04   1.0316230744e-02   1.9163399840e-03   1.0149284078e-01   1.6959132530e-06   1.9698825226e-07   1.0558019190e-08   1.5229583661e-06   2.9039082856e-06   1.3785372235e-02   1.4678927087e-01   8.6198352824e-08   1.7558652085e-06   9.1740587304e-09   7.2494396344e-01  -6.1376783170e+05
  -2.6308772395e-02  -2.6666475251e-02   1.7423342946e-01   6.4160965044e-05   2.0555374907e+00   1.3588937909e-23   3.0929171110e-24   1.9265418315e+03   6.0386222706e-02   1.2140253287e-01   2.5723176083e+07   7.7439535579e-04   1.9585387239e-05   1.7359224552e-05   1.5559142224e-03   4.2715775444e-04   1.0482471054e-01   3.5832790863e-07   5.9717027273e-06   2.7386673605e-07   1.3523721189e-04   2.6652043359e-04   2.7780508274e-02   1.4320729665e-01   5.7558961525e-07   5.0907947960e-05   2.1290047062e-07   7.2093301461e-01  -6.4807117472e+05
  -2.5577306892e-02  -2.5951069540e-02   1.7881533340e-01   6.2377612608e-05   2.1862047525e+00   1.4571144011e-23   3.4598952212e-24   1.8602566842e+03   6.9243769520e-02   1.8369063078e-01   2.0626483792e+06   1.0007874069e-03   2.3827892099e-06   1.8377288200e-07   5.9540425761e-04   3.3059839184e-05   1.0327096517e-01   9.9767772561e-08   2.6110939309e-06   1.0698213526e-07   6.1687924956e-04   7.4679325850e-03   3.4829188889e-02   1.3765377886e-01   1.3434920589e-07   8.7164259935e-05   8.7580679528e-08   7.1443923315e-01  -6.9522674669e+05
  -2.4932295155e-02  -2.5203544244e-02   1.8411814580e-01   6.0545052149e-05   2.2917438687e+00   1.3311887810e-23   3.6663869886e-24   1.7927415846e+03   7.8696873432e-02   2.3386102966e-01  -8.7567604058e+05   1.0799186191e-03   1.1711251412e-06   3.6211734460e-08   3.8353011269e-04   1.2821194116e-05   1.0129320079e-01   5.2838832175e-08   1.2556579279e-06   4.6802129393e-08   6.6426705876e-04   1.6821122110e-02   3.7652495065e-02   1.3475104985e-01   6.2468012394e-08   6.4794006706e-05   4.1624638223e-08   7.0727413447e-01  -7.5349148543e+05
  -2.4412856715e-02  -2.4661046066e-02   1.8852824586e-01   5.9059149905e-05   2.3724257363e+00   1.1218535464e-23   3.8084618501e-24   1.7393617095e+03   8.7281513701e-02   2.7361518531e-01  -6.8128143508e+05   1.1140380621e-03   7.6885575072e-07   1.4559622387e-08   3.1247594551e-04   7.1100291768e-06   9.9655799286e-02   3.9184846734e-08   7.6355559863e-07   2.6330716170e-08   6.5215563437e-04   2.5633964416e-02   3.9071824690e-02   1.3278915099e-01   3.8070625517e-08   4.9764076063e-05   2.5319989098e-08   7.0071204100e-01  -8.0309377784e+05
  -2.3914507612e-02  -2.4164667364e-02   1.9284019568e-01   5.7627240194e-05   2.4463413702e+00   8.5528693604e-24   3.8917536206e-24   1.6890427474e+03   9.6411097607e-02   3.1651733967e-01  -3.2980815664e+05   1.1304459151e-03   5.1450978271e-07   6.6950680525e-09   2.8129984599e-04   4.0855159591e-06   9.8060508224e-02   3.1954788792e-08   4.4623455051e-07   1.4245348530e-08   5.9564366250e-04   3.5182009269e-02   3.9984509697e-02   1.3101345780e-01   2.2827907765e-08   3.7205234369e-05   1.4895807761e-08   6.9370978348e-01  -8.5275838526e+05
  -2.3409381079e-02  -2.3664347859e-02   1.9731825077e-01   5.6160249554e-05   2.5181244348e+00   5.5871849411e-24   3.9108852880e-24   1.6385046897e+03   1.0662868212e-01   3.6454275430e-01  -7.5209422158e+04   1.1369695704e-03   3.3726042901e-07   3.1948270175e-09   2.6735744986e-04   2.2969845965e-06   9.6413394882e-02   2.7107775171e-08   2.4074688353e-07   7.0821451703e-09   5.1083676463e-04   4.5969565579e-02   4.0629979463e-02   1.2918250243e-01   1.2914132757e-08   2.6784149819e-05   8.1433048501e-09   6.8585967627e-01  -9.0544315578e+05
  -2.2898302617e-02  -2.3154414299e-02   2.0199917679e-01   5.4651078524e-05   2.5880769771e+00   2.7200281720e-24   3.8577704088e-24   1.5874424962e+03   1.1802649926e-01   4.1766574637e-01   6.4071442680e+04   1.1377068250e-03   2.1686709380e-07   1.5655959981e-09   2.6270470434e-04   1.2576183350e-06   9.4705075836e-02   2.3550248665e-08   1.2104890359e-07   3.2628142524e-09   4.1660356635e-04   5.8053082060e-02   4.1101349249e-02   1.2721315946e-01   6.9870093994e-09   1.8803362696e-05   4.1802936439e-09   6.7708987985e-01  -9.6161670991e+05
  -2.2387069971e-02  -2.2642190934e-02   2.0687099751e-01   5.3110664893e-05   2.6560166046e+00   3.1867920965e-25   3.7287351023e-24   1.5361725147e+03   1.3057140500e-01   4.7556442339e-01   1.1782152704e+05   1.1352908424e-03   1.3839303101e-07   7.9543232251e-10   2.6424888600e-04   6.7653465381e-07   9.2942603711e-02   2.0909104036e-08   5.8176380863e-08   1.4285531328e-09   3.2839155929e-04   7.1370881568e-02   4.1442011715e-02   1.2508380112e-01   3.7338447080e-09   1.3148982703e-05   2.0687089063e-09   6.6741871958e-01  -1.0212914237e+06
  -2.1878898276e-02  -2.2131949007e-02   2.1193287273e-01   5.1546346609e-05   2.7222512278e+00  -1.4631629983e-24   3.5238725692e-24   1.4848945101e+03   1.4426174786e-01   5.3820120780e-01   1.2182115186e+05   1.1311812213e-03   8.8698889131e-08   4.2287209896e-10   2.7091373326e-04   3.6123856627e-07   9.1126992641e-02   1.9027068523e-08   2.7446331536e-08   6.1028110601e-10   2.5430059653e-04   8.5908172474e-02   4.1669118380e-02   1.2279178208e-01   2.0413159121e-09   9.3622009926e-06   1.0146568346e-09   6.5683767617e-01  -1.0847188029e+06
  -2.1375138004e-02  -2.1625847544e-02   2.1719220758e-01   4.9962633399e-05   2.7874190663e+00  -2.5781196549e-24   3.2471689903e-24   1.4337218377e+03   1.5912842801e-01   6.0557424502e-01   1.0360929468e+05   1.1260427629e-03   5.7685436863e-08   2.3625564849e-10   2.8217395056e-04   1.9316644131e-07   8.9255362898e-02   1.7827780705e-08   1.3011184297e-08   2.6028567443e-10   1.9619234467e-04   1.0169413658e-01   4.1786090297e-02   1.2033933288e-01   1.1778585110e-09   6.9214680360e-06   5.0552550409e-10   6.4531346295e-01  -1.1523180070e+06
  -2.0875832961e-02  -2.1124428464e-02   2.2266498107e-01   4.8361457991e-05   2.8523790281e+00  -3.1855228723e-24   2.9078420826e-24   1.3826891578e+03   1.7523616921e-01   6.7773329944e-01   7.9900189809e+04   1.1200937400e-03   3.8328614782e-08   1.3848331729e-10   2.9745601074e-04   1.0401465165e-07   8.7321763571e-02   1.7296328866e-08   6.2992151258e-09   1.1257011158e-10   1.5231890416e-04   1.1879880072e-01   4.1790550773e-02   1.1772502550e-01   7.3310433033e-10   5.3921267224e-06   2.6041485894e-10   6.3278843147e-01  -1.2246371702e+06
  -2.0380280359e-02  -2.0627237457e-02   2.2837540842e-01   4.6742914549e-05   2.9181251844e+00  -3.4250101015e-24   2.5217783139e-24   1.3317748260e+03   1.9267931358e-01   7.5470943283e-01   5.8608481116e+04   1.1133343594e-03   2.6090603966e-08   8.4627649665e-11   3.1601534624e-04   5.6471418370e-08   8.5317924904e-02   1.7488057193e-08   3.1383238664e-09   4.9702940067e-11   1.1965044656e-04   1.3732541656e-01   4.1677836006e-02   1.1494127365e-01   4.9703720525e-10   4.4628501591e-06   1.4004711894e-10   6.1918398192e-01  -1.3023180721e+06
  -1.9887434461e-02  -2.0133323260e-02   2.3435548403e-01   4.5106073012e-05   2.9857304085e+00  -3.4294098192e-24   2.1112901835e-24   1.2809254598e+03   2.1157615444e-01   8.3638918044e-01   4.2161294313e+04   1.1056681165e-03   1.8182034545e-08   5.3445489473e-11   3.3699283643e-04   3.0835167062e-08   8.3233726984e-02   1.8535584355e-08   1.6091648805e-09   2.2382749442e-11   9.5233421368e-05   1.5740280844e-01   4.1442151604e-02   1.1197475781e-01   3.6657574721e-10   3.9268260482e-06   7.8876018573e-11   6.0440466428e-01  -1.3860688207e+06
  -1.9396134978e-02  -1.9641545662e-02   2.4064477068e-01   4.3449665436e-05   3.0563117223e+00  -3.2825502918e-24   1.7024089103e-24   1.2300764099e+03   2.3206383515e-01   9.2234407166e-01   3.0346528942e+04   1.0969549722e-03   1.2935538447e-08   3.4556932679e-11   3.5948023786e-04   1.6849224763e-08   8.1057312407e-02   2.0649213469e-08   8.4518011678e-10   1.0219219380e-11   7.6716923168e-05   1.7917937310e-01   4.1076784177e-02   1.0880770350e-01   2.9143614166e-10   3.6498385797e-06   4.6542063619e-11   5.8834197319e-01  -1.4766414258e+06
  -1.8905206653e-02  -1.9150724294e-02   2.4729048798e-01   4.1772623518e-05   3.1310048228e+00  -3.0393592149e-24   1.3202364061e-24   1.1791675118e+03   2.5429396209e-01   1.0116267211e+00   2.2097282324e+04   1.0870274674e-03   9.3619440865e-09   2.2676955724e-11   3.8253728080e-04   9.1565806133e-09   7.8774899286e-02   2.4106051760e-08   4.5159960773e-10   4.6909428894e-12   6.2405322619e-05   2.0281838255e-01   4.0573997764e-02   1.0541918217e-01   2.4669308412e-10   3.5431648618e-06   2.8837291884e-11   5.7087798161e-01  -1.5748078335e+06
  -1.8413477553e-02  -1.8659689013e-02   2.5434797847e-01   4.0074483313e-05   3.2109343267e+00  -2.7137120403e-24   9.8448968671e-25   1.1281545210e+03   2.7842850566e-01   1.1025621641e+00   1.6337650218e+04   1.0756883019e-03   6.8687678337e-09   1.4986285745e-11   4.0516426625e-04   4.9162910413e-09   7.6370365269e-02   2.9209614155e-08   2.4369041093e-10   2.1455017479e-12   5.1130164511e-05   2.2849379463e-01   3.9924853467e-02   1.0178625668e-01   2.1969451135e-10   3.5451018396e-06   1.8930640045e-11   5.5188916063e-01  -1.6813305683e+06
  -1.7919743830e-02  -1.8167266092e-02   2.6188190750e-01   3.8355630545e-05   3.2971723360e+00  -2.3462806283e-24   7.0696408087e-25   1.0770153575e+03   3.0463607192e-01   1.1925234933e+00   1.2251244626e+04   1.0626988081e-03   5.0933540131e-09   9.9059119803e-12   4.2625528010e-04   2.5905940118e-09   7.3824644497e-02   3.6191847832e-08   1.3188497923e-10   9.6912669108e-13   4.2096767402e-05   2.5638649022e-01   3.9119030251e-02   9.7884943959e-02   2.0393343847e-10   3.6096195389e-06   1.3403967914e-11   5.3125018636e-01  -1.7969302740e+06
  -1.7421942972e-02  -1.7672221567e-02   2.6998242007e-01   3.6614661668e-05   3.3908415824e+00  -1.9583442962e-24   4.9097916485e-25   1.0256697145e+03   3.3313247186e-01   1.2782940454e+00   9.2836521902e+03   1.0477398177e-03   3.8055897260e-09   6.5041903589e-12   4.4458435030e-04   1.3293319916e-09   7.1110883118e-02   4.5067415742e-08   7.1057912345e-11   4.2807308341e-13   3.4749216354e-05   2.8672764678e-01   3.8143196924e-02   9.3684495845e-02   1.9615533033e-10   3.6998949507e-06   1.0407622271e-11   5.0880295356e-01  -1.9224587269e+06
  -1.6918458235e-02  -1.7171664377e-02   2.7874679558e-01   3.4853110014e-05   3.4928420398e+00  -1.5741680919e-24   3.3349512585e-25   9.7412275983e+02   3.6411388169e-01   1.3571648071e+00   7.0845342163e+03   1.0304232348e-03   2.8586213328e-09   4.2162945719e-12   4.5870347404e-04   6.5947517766e-10   6.8200336495e-02   5.5462479010e-08   3.7882683837e-11   1.8329580548e-13   2.8713158034e-05   3.1972777616e-01   3.6982588692e-02   8.9157445385e-02   1.9505886534e-10   3.7843232540e-06   8.7737675817e-12   4.8441016985e-01  -2.0585166781e+06
  -1.6408175275e-02  -1.6665252093e-02   2.8828616420e-01   3.3075478956e-05   3.6037728352e+00  -1.2178195567e-24   2.2585712023e-25   9.2245337689e+02   3.9772531215e-01   1.4227776329e+00   5.4302959581e+03   1.0102975783e-03   2.1547956353e-09   2.6832483582e-12   4.6698269962e-04   3.1414218905e-10   6.5064345235e-02   6.6571845813e-08   1.9877671990e-11   7.5473839015e-14   2.3724572592e-05   3.5554309516e-01   3.5623269211e-02   8.4283438573e-02   2.0061410784e-10   3.8345543491e-06   7.6542832451e-12   4.5798094314e-01  -2.2052738899e+06
  -1.5889013076e-02  -1.6151098456e-02   2.9875845406e-01   3.1283975227e-05   3.7242004106e+00  -9.0492585138e-25   1.5560277439e-25   8.7066343750e+02   4.3415035083e-01   1.4678010274e+00   4.1718474425e+03   9.8678042588e-04   1.6258712736e-09   1.6656700657e-12   4.6768995462e-04   1.4247760166e-10   6.1665901810e-02   7.7354703520e-08   1.0198630340e-11   2.9586736757e-14   1.9581708520e-05   3.9437116251e-01   3.4048949905e-02   7.9035578735e-02   2.1379794280e-10   3.8252387726e-06   6.5586485298e-12   4.2940045035e-01  -2.3632267229e+06
  -1.5358393672e-02  -1.5626927696e-02   3.1037506432e-01   2.9480328737e-05   3.8545147970e+00  -6.4486124791e-25   1.0983065125e-25   8.1873166833e+02   4.7357598561e-01   1.4862152326e+00   3.2061032570e+03   9.5914950101e-04   1.2237970362e-09   1.0020585454e-12   4.5904499684e-04   6.0960745427e-11   5.7962451572e-02   8.6729904214e-08   5.0770586118e-12   1.0911935799e-14   1.6130532224e-05   4.3641348370e-01   3.2242453989e-02   7.3385505761e-02   2.3629507622e-10   3.7340563905e-06   5.3811826160e-12   3.9855795763e-01  -2.5328164489e+06
  -1.4812978271e-02  -1.5089859648e-02   3.2342457380e-01   2.7665534100e-05   3.9948355408e+00  -4.4110530100e-25   7.8509477868e-26   7.6660700853e+02   5.1618818458e-01   1.4709332742e+00   2.4562827872e+03   9.2649669887e-04   9.1366206922e-10   5.8110372762e-13   4.3933800345e-04   2.4382324657e-11   5.3904824440e-02   9.3557616389e-08   2.4282827683e-12   3.7308938904e-15   1.3250071574e-05   4.8187094650e-01   3.0185863034e-02   6.7304762805e-02   2.6935080156e-10   3.5425528717e-06   4.2016104335e-12   3.6535088113e-01  -2.7143461399e+06
  -1.4248192998e-02  -1.4536096894e-02   3.3830939533e-01   2.5839621364e-05   4.1448814181e+00  -2.9258808255e-25   5.5741290241e-26   7.1420302960e+02   5.6215987879e-01   1.4137114750e+00   1.8599600552e+03   8.8765021954e-04   6.6916732074e-10   3.2466871360e-13   4.0711561894e-04   9.0634229061e-12   4.9436084363e-02   9.6244641444e-08   1.1012898443e-12   1.1605767742e-15   1.0843861480e-05   5.3093127467e-01   2.7860771163e-02   6.0767829434e-02   3.0987297148e-10   3.2378750356e-06   3.0999462814e-12   3.2969509556e-01  -2.9079198602e+06
  -1.3660353484e-02  -1.3960289102e-02   3.5550147169e-01   2.4010819608e-05   4.3029755880e+00  -1.9491323468e-25   3.8583047669e-26   6.6167023720e+02   6.1138356111e-01   1.3065518687e+00   1.3632149160e+03   8.4128327396e-04   4.7059530617e-10   1.7689066236e-13   3.6170884391e-04   3.1597392770e-12   4.4516069167e-02   9.2253958472e-08   4.6689848948e-13   3.2249972501e-16   8.8396125489e-06   5.8348397407e-01   2.5261936742e-02   5.3791609299e-02   3.4135472740e-10   2.8179543922e-06   2.1163097945e-12   2.9173166797e-01  -3.1122888311e+06
  -1.3045747185e-02  -1.3360417866e-02   3.7558147276e-01   2.2193147467e-05   4.4659426823e+00  -1.3986471639e-25   2.6593265891e-26   6.0932494050e+02   6.6338614694e-01   1.1459814718e+00   9.2066373546e+02   7.8596070063e-04   3.0394302733e-10   9.5075520227e-14   3.0404973065e-04   1.0548292863e-12   3.9134753405e-02   7.8912989339e-08   1.8125642308e-13   7.8250482506e-17   7.1638607541e-06   6.3902932540e-01   2.2404480492e-02   4.6448659840e-02   3.2934565671e-10   2.2990578629e-06   1.2742449389e-12   2.5188322796e-01  -3.3247781846e+06
  -1.2389401453e-02  -1.2731076504e-02   3.9968767825e-01   2.0375860657e-05   4.6319251764e+00  -1.1128481025e-25   2.6760199762e-26   5.5677940425e+02   7.1812592714e-01   9.3528011180e-01   5.1505617042e+02   7.1916147376e-04   1.6428276294e-10   4.7141635931e-14   2.3634650035e-04   3.2477319311e-13   3.3237833228e-02   5.6520547902e-08   6.1915224722e-14  -3.2063762434e-15   5.6941524685e-06   6.9753006320e-01   1.9279995598e-02   3.8754240006e-02   2.4874424774e-10   1.7121467987e-06   6.1133262217e-13   2.1023489676e-01  -3.5448167567e+06
  -1.1655859331e-02  -1.2047726401e-02   4.3005862980e-01   1.8517443419e-05   4.8011717531e+00  -5.6978306629e-26  -3.0858683651e-26   5.0280693929e+02   7.7633536527e-01   6.8485509578e-01   1.9809235996e+02   6.3593498454e-04   6.3754388344e-11   1.7526612486e-14   1.6204093213e-04   7.7155510983e-14   2.6685990730e-02   3.1339438109e-08   1.5593501255e-14  -6.1829855422e-16   4.2516995468e-06   7.5978116212e-01   1.5826490848e-02   3.0617761792e-02   1.3043400444e-10   1.1020626357e-06   1.9578371395e-13   1.6628523330e-01  -3.7750536320e+06
  -1.0769523037e-02  -1.1263992261e-02   4.7120493551e-01   1.6543737780e-05   4.9759288599e+00  -1.5916882964e-26   4.1320307175e-27   4.4532794329e+02   8.3950794591e-01   4.1662775470e-01   3.8814898478e+01   5.2666342590e-04   1.4264557846e-11   3.6905243331e-15   8.7711275887e-05   1.0373109772e-14   1.9255038379e-02   1.2622774623e-08   2.1734814302e-15  -6.2119183848e-17   2.6631858636e-06   8.2740390019e-01   1.1906629437e-02   2.1846782304e-02   4.2030796140e-11   5.4110395700e-07   3.2184995820e-14   1.1897005802e-01  -4.0214758539e+06
  -9.4260751719e-03  -1.0275053814e-02   5.4003320380e-01   1.4138988783e-05   5.1747702879e+00  -3.4931572610e-27   1.0602463015e-27   3.7543762353e+02   9.1506869231e-01   1.3783314015e-01   1.6576103424e+00   3.5743855357e-04   1.0272443671e-12   2.7891579717e-16   2.3570620438e-05   3.1706576876e-16   1.0016457611e-02   3.0929301821e-09   8.1918874260e-17  -4.7058785115e-19   8.9335352095e-07   9.0841754674e-01   6.8870465635e-03   1.1497227447e-02   6.2015428966e-12   1.2764719047e-07   1.4319602531e-15   6.2799688358e-02  -4.3168341080e+06
  -7.5013268325e-03  -8.5770965300e-03   5.9885661174e-01   1.2593541338e-05   5.2956003121e+00  -4.3450473522e-28   1.4986022071e-28   3.3150665050e+02   9.6363532770e-01   1.4215643368e-02   4.5175487259e-02   1.8304003291e-04   7.4357396155e-14   1.8649046489e-17   3.8857943196e-06   6.2111568099e-18   4.0830371367e-03   6.0725542077e-10   7.8282111267e-18  -8.8409184960e-22   1.8119646795e-07   9.6068337916e-01   3.2499310619e-03   4.9859236431e-03   1.3805384124e-12   2.0142198842e-08   1.8027862580e-15   2.6810601224e-02  -4.5052168546e+06
  -5.3547924200e-03  -6.4255571350e-03   6.1368733228e-01   1.2258658309e-05   5.3204648943e+00  -6.2000495526e-29   3.1210742164e-29   3.2211071880e+02   9.7391753553e-01   1.0692166063e-03   6.6226581618e-03   1.2979173626e-04   2.1231478212e-14   3.5976895297e-18   1.0135160282e-06   6.2466253044e-19   2.8296936064e-03   2.0998341463e-10   3.0559152618e-18   1.1982235261e-25   6.1566008511e-08   9.7178593122e-01   2.4491647461e-03   3.6393710912e-03   2.4255331294e-12   5.6270370920e-09   8.5100970016e-15   1.9164966677e-02  -4.5457025232e+06
  -2.1420406990e-03  -4.2840277051e-03   6.3125917420e-01   1.1877336105e-05   5.3518641144e+00  -3.1576044226e-30   2.5014465257e-30   3.1154682234e+02   9.8599574605e-01   2.4327501473e-04   1.1315573221e-03   7.4918686100e-05   4.7605211722e-15   3.3325862581e-19   1.1625543153e-07   2.0701585517e-20   1.4460574745e-03   3.0355995436e-11   6.2140219709e-19  -4.8893372028e-26   9.5515293574e-09   9.8482651772e-01   1.4144019531e-03   1.9855126869e-03   8.4914472287e-12   8.3743274104e-10   1.9311448909e-14   1.0252464791e-02  -4.5923666070e+06
   2.1419552035e-03  -5.3692839600e-08   6.3125958758e-01   1.1877327360e-05   5.3518649785e+00  -4.5933904338e-30   3.2663364439e-30   3.1154658128e+02   9.8599602491e-01   2.4325818344e-04   1.1315093309e-03   7.4917542277e-05   4.7626843703e-15   3.3356802444e-19   1.1624192748e-07   2.0708342037e-20   1.4460260465e-03   3.0353648435e-11   6.2145670933e-19   1.5737499113e-27   9.5507268149e-09   9.8482681862e-01   1.4143776558e-03   1.9854739060e-03   8.4915185476e-12   8.3735267715e-10   1.9311208125e-14   1.0252259563e-02  -4.5923676773e+06
   5.3547397416e-03   4.2839640997e-03   6.1368762357e-01   1.2258651865e-05   5.3204645575e+00  -4.5287571556e-29   3.5915645461e-29   3.2211053867e+02   9.7391773438e-01   1.0691967593e-03   6.6222118352e-03   1.2979093851e-04   2.1230958966e-14   3.5975501591e-18   1.0134768146e-06   6.2463847341e-19   2.8296696443e-03   2.0998149434e-10   3.0557218035e-18   1.1981552598e-25   6.1564727675e-08   9.7178614543e-01   2.4491496477e-03   3.6393442020e-03   2.4252375954e-12   5.6268295941e-09   8.5086610622e-15   1.9164819257e-02  -4.5457032978e+06
   7.5012959526e-03   6.4255153834e-03   5.9885691783e-01   1.2593534292e-05   5.2955994591e+00  -2.5528844293e-28   1.3403963287e-28   3.3150645156e+02   9.6363554078e-01   1.4215303007e-02   4.5174727824e-02   1.8303897745e-04   7.4355705904e-14   1.8648851448e-17   3.8857092236e-06   6.2110303805e-18   4.0830104309e-03   6.0725951662e-10   7.8212396766e-18  -8.8403545271e-22   1.8119508650e-07   9.6068360897e-01   3.2499156288e-03   4.9858960789e-03   1.3805213520e-12   2.0141752807e-08   1.8025302509e-15   2.6810442257e-02  -4.5052176997e+06
   9.4260605664e-03   8.5770765218e-03   5.4003363688e-01   1.4138976137e-05   5.1747685952e+00  -2.5557575374e-27   6.6300272789e-28   3.7543725834e+02   9.1506908172e-01   1.3783106579e-01   1.6575552163e+00   3.5743738644e-04   1.0272074342e-12   2.7889990992e-16   2.3570284055e-05   3.1705324717e-16   1.0016407584e-02   3.0928580941e-09   8.1909927811e-17  -4.7058126319e-19   8.9335149730e-07   9.0841796478e-01   6.8870211041e-03   1.1497176787e-02   6.2013829577e-12   1.2764524105e-07   1.4319023240e-15   6.2799397980e-02  -4.3168356391e+06
   1.0769515511e-02   1.0275044611e-02   4.7120525747e-01   1.6543724349e-05   4.9759300050e+00  -2.1010544259e-26  -1.4763115659e-27   4.4532755036e+02   8.3950836825e-01   4.1662514591e-01   3.8812637028e+01   5.2666287535e-04   1.4263612410e-11   3.6900936219e-15   8.7710690310e-05   1.0372594809e-14   1.9254988423e-02   1.2622292272e-08   2.1729158305e-15  -6.1743242954e-17   2.6631960247e-06   8.2740435171e-01   1.1906604424e-02   2.1846722633e-02   4.2027188935e-11   5.4109959037e-07   3.2181414426e-14   1.1896974227e-01  -4.0214775184e+06
   1.1655853368e-02   1.1263986411e-02   4.3005883772e-01   1.8517431893e-05   4.8011719802e+00  -3.7458933324e-26  -8.8133124511e-27   5.0280660510e+02   7.7633573650e-01   6.8485352912e-01   1.9802872713e+02   6.3593456799e-04   6.3729914950e-11   1.7515503200e-14   1.6204038794e-04   7.7145960964e-14   2.6685948181e-02   3.1337659318e-08   1.5569898459e-14   2.1455596222e-18   4.2517339518e-06   7.5978155875e-01   1.5826469293e-02   3.0617709607e-02   1.3045617012e-10   1.1020582793e-06   1.9573176996e-13   1.6628495387e-01  -3.7750550735e+06
   1.2389396789e-02   1.2047720326e-02   3.9968782065e-01   2.0375851088e-05   4.6319252620e+00  -3.2716668221e-26  -1.7380724356e-26   5.5677912498e+02   7.1812621515e-01   9.3527877105e-01   5.1544617864e+02   7.1916119575e-04   1.6441315387e-10   4.7186955352e-14   2.3634608116e-04   3.2486868518e-13   3.3237801340e-02   5.6519582473e-08   6.0754184194e-14   1.5458874160e-17   5.6941772334e-06   6.9753037077e-01   1.9279979351e-02   3.8754199942e-02   2.4886073279e-10   1.7121431298e-06   6.1139721484e-13   2.1023467806e-01  -3.5448179259e+06
   1.3045743974e-02   1.2731073252e-02   3.7558154363e-01   2.2193141419e-05   4.4659425984e+00   5.5364719027e-26  -2.6268867800e-26   6.0932476747e+02   6.6338632968e-01   1.1459803286e+00   9.2066836305e+02   7.8596055814e-04   3.0394403523e-10   9.5075432958e-14   3.0404948358e-04   1.0548270000e-12   3.9134733845e-02   7.8912436088e-08   1.8125142925e-13   7.8250260323e-17   7.1638726525e-06   6.3902952046e-01   2.2404470491e-02   4.6448634382e-02   3.2934649368e-10   2.2990555936e-06   1.2742458662e-12   2.5188308831e-01  -3.3247789078e+06
   1.3660350318e-02   1.3360414695e-02   3.5550153928e-01   2.4010812786e-05   4.3029759048e+00   1.4754184675e-25  -5.3405446129e-26   6.6167004245e+02   6.1138375476e-01   1.3065506191e+00   1.3632200635e+03   8.4128313627e-04   4.7059579405e-10   1.7689055997e-13   3.6170863393e-04   3.1597348307e-12   4.4516049271e-02   9.2253745492e-08   4.6689960531e-13   3.2249996685e-16   8.8396313530e-06   5.8348418070e-01   2.5261926438e-02   5.3791582221e-02   3.4135554630e-10   2.8179523495e-06   2.1163114925e-12   2.9173151894e-01  -3.1122896137e+06
   1.4248189995e-02   1.3960285941e-02   3.3830945757e-01   2.5839614119e-05   4.1448817888e+00   2.4695337497e-25  -1.0558273877e-25   7.1420282249e+02   5.6216006974e-01   1.4137102841e+00   1.8599640020e+03   8.8765010362e-04   6.6916756218e-10   3.2466841893e-13   4.0711546756e-04   9.0634017828e-12   4.9436065440e-02   9.6244558679e-08   1.1012901735e-12   1.1605752975e-15   1.0843872138e-05   5.3093147835e-01   2.7860761401e-02   6.0767802596e-02   3.0987360852e-10   3.2378734883e-06   3.0999471588e-12   3.2969494766e-01  -2.9079206506e+06
   1.4812975598e-02   1.4536094048e-02   3.2342462681e-01   2.7665527068e-05   3.9948358737e+00   3.4754990134e-25  -1.9185482148e-25   7.6660680726e+02   5.1618835687e-01   1.4709322128e+00   2.4562844433e+03   9.2649661739e-04   9.1366183244e-10   5.8110296877e-13   4.3933791879e-04   2.4382256700e-11   5.3904807979e-02   9.3557604737e-08   2.4282799679e-12   3.7308845018e-15   1.3250073335e-05   4.8187113019e-01   3.0185854656e-02   6.7304738329e-02   2.6935117694e-10   3.5425519134e-06   4.2016096413e-12   3.6535074691e-01  -2.7143468659e+06
   1.5358391319e-02   1.5089857149e-02   3.1037510959e-01   2.9480321999e-05   3.8545150948e+00   4.3846548223e-25  -3.2135351917e-25   8.1873147494e+02   4.7357613883e-01   1.4862143561e+00   3.2061027653e+03   9.5914945089e-04   1.2237962837e-09   1.0020570716e-12   4.5904496824e-04   6.0960570773e-11   5.7962437471e-02   8.6729929218e-08   5.0770492031e-12   1.0911902775e-14   1.6130527105e-05   4.3641364697e-01   3.2242446960e-02   7.3385483686e-02   2.3629528078e-10   3.7340559217e-06   5.3811804557e-12   3.9855783765e-01  -2.5328171054e+06
   1.5889010976e-02   1.5626925490e-02   2.9875849376e-01   3.1283968690e-05   3.7242006883e+00   5.0368197607e-25  -5.0482051321e-25   8.7066324902e+02   4.3415048865e-01   1.4678003865e+00   4.1718451239e+03   9.8678040034e-04   1.6258699918e-09   1.6656675807e-12   4.6768997022e-04   1.4247720458e-10   6.1665889534e-02   7.7354745404e-08   1.0198608616e-11   2.9586643341e-14   1.9581698231e-05   3.9437130929e-01   3.4048943973e-02   7.9035558600e-02   2.1379805344e-10   3.8252386764e-06   6.5586457394e-12   4.2940034194e-01  -2.3632273226e+06
   1.6408173343e-02   1.6151096461e-02   2.8828620018e-01   3.3075472484e-05   3.6037731044e+00   5.2164379083e-25  -7.5288514870e-25   9.2245318919e+02   3.9772543864e-01   1.4227772565e+00   5.4302919135e+03   1.0102975702e-03   2.1547937433e-09   2.6832444288e-12   4.6698275093e-04   3.1414134586e-10   6.5064334209e-02   6.6571894036e-08   1.9877627654e-11   7.5473601059e-14   2.3724557893e-05   3.5554322980e-01   3.5623264126e-02   8.4283419876e-02   2.0061416634e-10   3.8345545335e-06   7.6542802541e-12   4.5798084328e-01  -2.2052744478e+06
   1.6918456397e-02   1.6665250226e-02   2.7874682904e-01   3.4853103504e-05   3.4928423060e+00   4.7247277681e-25  -1.0735431359e-24   9.7412256970e+02   3.6411399975e-01   1.3571646948e+00   7.0845282286e+03   1.0304232380e-03   2.8586186463e-09   4.2162885292e-12   4.5870355563e-04   6.5947346270e-10   6.8200326262e-02   5.5462527407e-08   3.7882597684e-11   1.8329523364e-13   2.8713138867e-05   3.1972790178e-01   3.6982584289e-02   8.9157427763e-02   1.9505889097e-10   3.7843236438e-06   8.7737635776e-12   4.8441007642e-01  -2.0585172043e+06
   1.7421941168e-02   1.7171662569e-02   2.6998245170e-01   3.6614655069e-05   3.3908418466e+00   3.4894419201e-25  -1.4698592667e-24   1.0256695203e+03   3.3313258311e-01   1.2782941538e+00   9.2836436798e+03   1.0477398267e-03   3.8055859304e-09   6.5041811736e-12   4.4458445808e-04   1.3293286162e-09   7.1110873363e-02   4.5067460120e-08   7.1057748378e-11   4.2807175991e-13   3.4749192041e-05   2.8672776509e-01   3.8143193123e-02   9.3684479106e-02   1.9615533015e-10   3.6998954664e-06   1.0407614731e-11   5.0880286545e-01  -1.9224592255e+06
   1.7919742033e-02   1.7672219767e-02   2.6188193739e-01   3.8355623909e-05   3.2971725938e+00   1.5805176883e-25  -1.9376033661e-24   1.0770151605e+03   3.0463617603e-01   1.1925237761e+00   1.2251232635e+04   1.0626988187e-03   5.0933486612e-09   9.9058981969e-12   4.2625540950e-04   2.5905876001e-09   7.3824635113e-02   3.6191885253e-08   1.3188467242e-10   9.6912373358e-13   4.2096736991e-05   2.5638660091e-01   3.9119027066e-02   9.7884928169e-02   2.0393341220e-10   3.6096200776e-06   1.3403953035e-11   5.3125010392e-01  -1.7969307411e+06
   1.8413475734e-02   1.8167264299e-02   2.5434800681e-01   4.0074476659e-05   3.2109345775e+00  -8.2088238835e-26  -2.4649517138e-24   1.1281543217e+03   2.7842860308e-01   1.1025625619e+00   1.6337633121e+04   1.0756883092e-03   6.8687602125e-09   1.4986265010e-11   4.0516441326e-04   4.9162791170e-09   7.6370356125e-02   2.9209643812e-08   2.4368983753e-10   2.1454952588e-12   5.1130126440e-05   2.2849389817e-01   3.9924850897e-02   1.0178624178e-01   2.1969445277e-10   3.5451022802e-06   1.8930612348e-11   5.5188908359e-01  -1.6813310038e+06
   1.8905204781e-02   1.8659687169e-02   2.4729051512e-01   4.1772616818e-05   3.1310050694e+00  -3.5758342718e-25  -3.0335969544e-24   1.1791673092e+03   2.5429405365e-01   1.0116271817e+00   2.2097257464e+04   1.0870274667e-03   9.3619329886e-09   2.2676923982e-11   3.8253744327e-04   9.1565585765e-09   7.8774890261e-02   2.4106074343e-08   4.5159851994e-10   4.6909286485e-12   6.2405274248e-05   2.0281847982e-01   4.0573995817e-02   1.0541916801e-01   2.4669297752e-10   3.5431650604e-06   2.8837241644e-11   5.7087790936e-01  -1.5748082408e+06
   1.9396133049e-02   1.9150722393e-02   2.4064479666e-01   4.3449658736e-05   3.0563119660e+00  -6.6439336972e-25  -3.6190823493e-24   1.2300762051e+03   2.3206392066e-01   9.2234454391e-01   3.0346493085e+04   1.0969549591e-03   1.2935522095e-08   3.4556883751e-11   3.5948041511e-04   1.6849184500e-08   8.1057303537e-02   2.0649230324e-08   8.4517803417e-10   1.0219188229e-11   7.6716861488e-05   1.7917946391e-01   4.1076782883e-02   1.0880769005e-01   2.9143595931e-10   3.6498383718e-06   4.6541973035e-11   5.8834190589e-01  -1.4766418043e+06
   1.9887432482e-02   1.9641543706e-02   2.3435550887e-01   4.5106066353e-05   2.9857306507e+00  -1.0147410924e-24  -4.1962707713e-24   1.2809252539e+03   2.1157623379e-01   8.3638962913e-01   4.2161244706e+04   1.1056680859e-03   1.8182010129e-08   5.3445413625e-11   3.3699303194e-04   3.0835093985e-08   8.3233718346e-02   1.8535597304e-08   1.6091608378e-09   2.2382681066e-11   9.5233342512e-05   1.5740289269e-01   4.1442150963e-02   1.1197474503e-01   3.6657543932e-10   3.9268252539e-06   7.8875853022e-11   6.0440460200e-01  -1.3860691709e+06
   2.0380278341e-02   2.0133321258e-02   2.2837543210e-01   4.6742907973e-05   2.9181254252e+00  -1.4257506156e-24  -4.7456647114e-24   1.3317746203e+03   1.9267938674e-01   7.5470983722e-01   5.8608418420e+04   1.1133343051e-03   2.6090567019e-08   8.4627532255e-11   3.1601556947e-04   5.6471286130e-08   8.5317916608e-02   1.7488068397e-08   3.1383159007e-09   4.9702788918e-11   1.1965034632e-04   1.3732549426e-01   4.1677835972e-02   1.1494126147e-01   4.9703668573e-10   4.4628486036e-06   1.4004681032e-10   6.1918392466e-01  -1.3023183948e+06
   2.0875830920e-02   2.0627235424e-02   2.2266500356e-01   4.8361451540e-05   2.8523792639e+00  -1.9123483384e-24  -5.2589187527e-24   1.3826889535e+03   1.7523623630e-01   6.7773365053e-01   7.9900129723e+04   1.1200936549e-03   3.8328558759e-08   1.3848314070e-10   2.9745627932e-04   1.0401441458e-07   8.7321755748e-02   1.7296341137e-08   6.2991994166e-09   1.1256977865e-10   1.5231878083e-04   1.1879887201e-01   4.1790551234e-02   1.1772501383e-01   7.3310347964e-10   5.3921244217e-06   2.6041427979e-10   6.3278837916e-01  -1.2246374665e+06
   2.1375135955e-02   2.1124426415e-02   2.1719222879e-01   4.9962627112e-05   2.7874192884e+00  -2.4718558738e-24  -5.7404798837e-24   1.4337216362e+03   1.5912848926e-01   6.0557454157e-01   1.0360928837e+05   1.1260426404e-03   5.7685352876e-08   2.3625540681e-10   2.8217429506e-04   1.9316602391e-07   8.9255355688e-02   1.7827798161e-08   1.3011153944e-08   2.6028495644e-10   1.9619220346e-04   1.0169420175e-01   4.1786091067e-02   1.2033932159e-01   1.1778572655e-09   6.9214657694e-06   5.0552443413e-10   6.4531341543e-01  -1.1523182778e+06
   2.1878896230e-02   2.1625845495e-02   2.1193289260e-01   5.1546340512e-05   2.7222514188e+00  -3.1061902715e-24  -6.2031189225e-24   1.4848943125e+03   1.4426180368e-01   5.3820145687e-01   1.2182133153e+05   1.1311810658e-03   8.8698768058e-08   4.2287186213e-10   2.7091420042e-04   3.6123785817e-07   9.1126986176e-02   1.9027097681e-08   2.7446276712e-08   6.1027965079e-10   2.5430046030e-04   8.5908231985e-02   4.1669119206e-02   1.2279177100e-01   2.0413147519e-09   9.3622017420e-06   1.0146549815e-09   6.5683763321e-01  -1.0847190484e+06
   2.2387067934e-02   2.2131946965e-02   2.0687101607e-01   5.3110658988e-05   2.6560167521e+00  -3.7687885501e-24  -6.6580643238e-24   1.5361723212e+03   1.3057145587e-01   4.7556465052e-01   1.1782305074e+05   1.1352906749e-03   1.3839288461e-07   7.9543265913e-10   2.6424947264e-04   6.7653369826e-07   9.2942597967e-02   2.0909153226e-08   5.8176319296e-08   1.4285513739e-09   3.2839144935e-04   7.1370935871e-02   4.1442012502e-02   1.2508379015e-01   3.7338462518e-09   1.3148990846e-05   2.0687068144e-09   6.6741868088e-01  -1.0212916450e+06
   2.2898300591e-02   2.2642188903e-02   2.0199919445e-01   5.4651072784e-05   2.5880771881e+00  -4.3960422724e-24  -7.1036562878e-24   1.5874423050e+03   1.1802654527e-01   4.1766596064e-01   6.4072080291e+04   1.1377067038e-03   2.1686675904e-07   1.5655937347e-09   2.6270503235e-04   1.2576157566e-06   9.4705070150e-02   2.3550269846e-08   1.2104863837e-07   3.2628060176e-09   4.1660332575e-04   5.8053131058e-02   4.1101350982e-02   1.2721314954e-01   6.9869983079e-09   1.8803347100e-05   4.1802848864e-09   6.7708984479e-01  -9.6161691810e+05
   2.3409379092e-02   2.3154412279e-02   1.9731826744e-01   5.6160244032e-05   2.5181246923e+00  -4.9084591338e-24  -7.5190722625e-24   1.6385045024e+03   1.0662872309e-01   3.6454294312e-01  -7.5208602492e+04   1.1369695124e-03   3.3725989254e-07   3.1948191934e-09   2.6735749728e-04   2.2969797643e-06   9.6413389287e-02   2.7107768553e-08   2.4074633962e-07   7.0821269701e-09   5.1083647102e-04   4.5969608977e-02   4.0629982110e-02   1.2918249361e-01   1.2914106682e-08   2.6784118663e-05   8.1432869687e-09   6.8585964499e-01  -9.0544335048e+05
   2.3914505679e-02   2.3664345905e-02   1.9284021139e-01   5.7627234906e-05   2.4463416524e+00  -5.3249448332e-24  -7.8683185830e-24   1.6890425647e+03   9.6411133797e-02   3.1651750630e-01  -3.2980714829e+05   1.1304459178e-03   5.1450899352e-07   6.6950465604e-09   2.8129959201e-04   4.0855075700e-06   9.8060502801e-02   3.1954746729e-08   4.4623362232e-07   1.4245314768e-08   5.9564340677e-04   3.5182047252e-02   3.9984513204e-02   1.3101344995e-01   2.2827861761e-08   3.7205191419e-05   1.4895777290e-08   6.9370975582e-01  -8.5275856761e+05
   2.4412854810e-02   2.4164665453e-02   1.8852826110e-01   5.9059144730e-05   2.3724260364e+00  -5.4571155269e-24  -8.1191908981e-24   1.7393615268e+03   8.7281546027e-02   2.7361534555e-01  -6.8128084962e+05   1.1140381132e-03   7.6885456443e-07   1.4559564029e-08   3.1247530370e-04   7.1100143904e-06   9.9655793918e-02   3.9184749894e-08   7.6355412442e-07   2.6330657993e-08   6.5215547073e-04   2.5633997892e-02   3.9071829192e-02   1.3278914393e-01   3.8070548410e-08   4.9764020486e-05   2.5319940407e-08   7.0071201627e-01  -8.0309395505e+05
   2.4932293563e-02   2.4661044167e-02   1.8411815865e-01   6.0545047817e-05   2.2917441383e+00  -5.2561680814e-24  -8.2567781146e-24   1.7927414273e+03   7.8696897304e-02   2.3386114354e-01  -8.7567832669e+05   1.0799187056e-03   1.1711233937e-06   3.6211578890e-08   3.8352906369e-04   1.2821168815e-05   1.0129319626e-01   5.2838663295e-08   1.2556557711e-06   4.6802038153e-08   6.6426699975e-04   1.6821146321e-02   3.7652499913e-02   1.3475104477e-01   6.2467888975e-08   6.4793942531e-05   4.1624566068e-08   7.0727411613e-01  -7.5349163944e+05
   2.5577305505e-02   2.5203542958e-02   1.7881534468e-01   6.2377608776e-05   2.1862049961e+00  -4.6563416047e-24  -8.2018471923e-24   1.8602565410e+03   6.9243787925e-02   1.8369073528e-01   2.0626217673e+06   1.0007875474e-03   2.3827825226e-06   1.8377173609e-07   5.9540293578e-04   3.3059731485e-05   1.0327096122e-01   9.9767434767e-08   2.6110857253e-06   1.0698177655e-07   6.1687911375e-04   7.4679508590e-03   3.4829194179e-02   1.3765377546e-01   1.3434874252e-07   8.7164154933e-05   8.7580399822e-08   7.1443921849e-01  -6.9522689539e+05
   2.6308771521e-02   2.5951068053e-02   1.7423342804e-01   6.4160964566e-05   2.0555376568e+00  -4.2453843012e-24  -7.9124016988e-24   1.9265418236e+03   6.0386231010e-02   1.2140258767e-01   2.5723101424e+07   7.7439596823e-04   1.9585268005e-05   1.7359002919e-05   1.5559115044e-03   4.2715476783e-04   1.0482471246e-01   3.5832728786e-07   5.9717081128e-06   2.7386692827e-07   1.3523820321e-04   2.6652316899e-04   2.7780529206e-02   1.4320728147e-01   5.7558824286e-07   5.0908156892e-05   2.1290059915e-07   7.2093300844e-01  -6.4807116790e+05
   2.6866867287e-02   2.6666474990e-02   1.7751971160e-01   6.3851744203e-05   1.9461608677e+00  -2.5163355380e-24  -7.4351443483e-24   1.9057326156e+03   5.5077102096e-02   9.9825568856e-02   1.9384357382e+07   3.6987540900e-04   4.3685926218e-05   3.3423885235e-04   1.0316220919e-02   1.9163390973e-03   1.0149284504e-01   1.6959119884e-06   1.9699006375e-07   1.0558115972e-08   1.5229729255e-06   2.9039378554e-06   1.3785378533e-02   1.4678927422e-01   8.6199013201e-08   1.7558806513e-06   9.1741425834e-09   7.2494396038e-01  -6.1376789661e+05
   2.7224070172e-02   2.7067259584e-02   1.8108982221e-01   6.3238368217e-05   1.8722006514e+00  -2.6305069365e-24  -6.8440082328e-24   1.8747049375e+03   5.1513484823e-02   1.0216639069e-01   1.8502857000e+07   2.2921579836e-04   3.4012489259e-05   4.6855915927e-04   2.0754533345e-02   2.1643579076e-03   9.7863835133e-02   2.8317790546e-06   2.9515134450e-09   1.6653219770e-10   2.3391101033e-08   5.4254703539e-08   8.2834330333e-03   1.4236500241e-01   5.4204212239e-09   3.8336022367e-08   1.4947378795e-10   7.2783409428e-01  -5.6008658212e+05
   2.7517660251e-02   2.7380880761e-02   1.8511179400e-01   6.2476360915e-05   1.8087864218e+00  -2.3319194442e-24  -6.3480277369e-24   1.8382313942e+03   4.8528223439e-02   1.0085529269e-01   1.8258505510e+07   1.5194474851e-04   2.4160199260e-05   4.8465260817e-04   3.0989118323e-02   2.0697654447e-03   9.4385476211e-02   3.6036359156e-06   5.3851225541e-11   3.1927893385e-12   5.0925492953e-10   1.4555155382e-09   5.2982860584e-03   1.3635215263e-01   1.7415392999e-09   9.7126185778e-10   2.8967303309e-12   7.3024083541e-01  -5.1266294384e+05
   2.7779619038e-02   2.7654439742e-02   1.8968975806e-01   6.1591749518e-05   1.7501384031e+00  -2.0697441386e-24  -5.9070905203e-24   1.7970706167e+03   4.5845601976e-02   9.7410260088e-02   1.6581866088e+07   1.0286714965e-04   1.6594770343e-05   4.4733835309e-04   4.0954898078e-02   1.8516307653e-03   9.0954125625e-02   4.0863464694e-06   1.3098444131e-12   8.1068638676e-14   1.5468430570e-11   5.2992569651e-11   3.4598035523e-03   1.2985256513e-01   8.3364299353e-10   3.3279863976e-11   7.3141404523e-14   7.3235608929e-01  -4.7191347618e+05
   2.8022960098e-02   2.7904798334e-02   1.9484819933e-01   6.0606057492e-05   1.6938961990e+00  -1.8170258195e-24  -5.5014287548e-24   1.7520791742e+03   4.3354050120e-02   9.2537905947e-02   1.4254486689e+07   6.9992910333e-05   1.1127096644e-05   3.8668825319e-04   5.0675725162e-02   1.5886795096e-03   8.7526323639e-02   4.3473943158e-06   4.2230395235e-14   2.7079420568e-15   6.3640940926e-13   2.5463540112e-12   2.2724327197e-03   1.2318876685e-01   4.0661964784e-10   2.2150445516e-12   2.4025826671e-15   7.3427591606e-01  -4.3648340571e+05
   2.8254988356e-02   2.8141121862e-02   2.0061400016e-01   5.9534171495e-05   1.6386989693e+00  -1.5622940591e-24  -5.1134823686e-24   1.7039060565e+03   4.0992646983e-02   8.6649466227e-02   1.1754867316e+07   4.7477330293e-05   7.2865743289e-06   3.1870150648e-04   6.0185353544e-02   1.3188867008e-03   8.4078834118e-02   4.4352198944e-06   4.6899900730e-15  -2.8839062723e-13   4.5097868899e-14   1.6060566162e-13   1.4920736552e-03   1.1648805101e-01   1.9577817875e-10   4.8976458044e-13   1.5328750481e-16   7.3605890014e-01  -4.0511399024e+05
   2.8480156208e-02   2.8368854849e-02   2.0701984478e-01   5.8387616132e-05   1.5837036457e+00  -1.3062014139e-24  -4.7359594412e-24   1.6530896666e+03   3.8726331444e-02   8.0090999773e-02   9.3546312032e+06   3.1970421232e-05   4.6534285712e-06   2.5244733628e-04   6.9502603415e-02   1.0632619898e-03   8.0601316700e-02   4.3864303102e-06  -1.9414491945e-14   1.2080696426e-17   2.8903063969e-15   1.2894179574e-14   9.7812415305e-04   1.0982032841e-01   9.2457054796e-11   1.7541066569e-13  -1.6531233280e-16   7.3774090760e-01  -3.7686417895e+05
   2.8701372979e-02   2.8591457566e-02   2.1410538636e-01   5.7175885798e-05   1.5283579825e+00  -1.0552888617e-24  -4.3654440859e-24   1.6000966713e+03   3.6533995579e-02   7.3162540793e-02   7.2048969150e+06   2.1340768023e-05   2.8936059329e-06   1.9296528479e-04   7.8635578090e-02   8.3366442965e-04   7.7091029994e-02   4.2318019748e-06   6.8008887702e-18   4.6444578185e-19   2.3301990065e-16   1.3180517504e-15   6.4163463900e-04   1.0323213959e-01   4.2753135144e-11   7.1998840937e-14   5.6582422460e-19   7.3934452176e-01  -3.5104047346e+05
   2.8920666713e-02   2.8811288392e-02   2.2191903382e-01   5.5906915580e-05   1.4722844404e+00  -8.1105523606e-25  -4.0008673441e-24   1.5453335848e+03   3.4402384305e-02   6.6114650273e-02   5.3793302360e+06   1.4136152332e-05   1.7496887454e-06   1.4266570754e-04   8.7587635849e-02   6.3604616256e-04   7.3549482975e-02   3.9991318856e-06   9.0114654710e-19  -4.8597715345e-17   2.8037160476e-17   1.7135375126e-16   4.2341995766e-04   9.6756419864e-02   1.9384557251e-11   2.9989881871e-14   8.8823637010e-20   7.4088444449e-01  -3.2712344029e+05
   2.9139509266e-02   2.9030045034e-02   2.3051927535e-01   5.4587391244e-05   1.4152253334e+00  -5.9938444535e-25  -3.6434340121e-24   1.4891560673e+03   3.2323127419e-02   5.9147073500e-02   3.8982298686e+06   9.3284269050e-06   1.0280196525e-06   1.0218592524e-04   9.6359983530e-02   4.7222949707e-04   6.9980793197e-02   3.7141982176e-06   8.3930965341e-20  -4.2396573390e-18   4.0020086494e-18   2.8304953681e-17   2.8334948642e-04   9.0417070535e-02   8.6553060927e-12   1.2502310228e-14   1.8127069314e-20   7.4237031718e-01  -3.0472254075e+05
   2.9359018888e-02   2.9248973498e-02   2.3997725425e-01   5.3222805350e-05   1.3570080431e+00  -4.0709861216e-25  -3.2946239152e-24   1.4318695829e+03   3.0290925466e-02   5.2409655077e-02   2.7452225739e+06   6.1775323439e-06   5.8673854498e-07   7.1002550862e-05   1.0495347325e-01   3.4110668342e-04   6.6390357565e-02   3.4003930296e-06   6.8311308871e-21   5.1586825639e-22   6.8562972709e-19   5.8994682400e-18   1.9419869985e-04   8.4231166327e-02   3.8305545066e-12   5.2765495993e-15   4.2904245742e-21   7.4380853025e-01  -2.8354565359e+05
   2.9580108779e-02   2.9469064277e-02   2.5038094560e-01   5.1817353101e-05   1.2975178856e+00  -3.3818247365e-25  -2.9554302301e-24   1.3737249860e+03   2.8302309916e-02   4.6006438219e-02   1.8810051564e+06   4.1512778142e-06   3.2531293657e-07   4.7916871011e-05   1.1336992479e-01   2.3961446015e-04   6.2783615435e-02   3.0776570323e-06   1.0572227856e-21   8.1338495814e-23   1.5627232716e-19   1.5498264770e-18   1.3771107259e-04   7.8210150691e-02   1.6920946655e-12   2.2959166003e-15   1.0852970482e-21   7.4520351243e-01  -2.6337629700e+05
   2.9803571988e-02   2.9691153282e-02   2.6183923388e-01   5.0373988873e-05   1.2366840474e+00  -2.9336352826e-25  -2.6291191518e-24   1.3149221859e+03   2.6355065484e-02   4.0003652898e-02   1.2553200546e+06   2.8724826554e-06   1.7521456462e-07   3.1440806836e-05   1.2161172148e-01   1.6358888296e-04   5.9165545615e-02   2.7612958039e-06  -2.8747083067e-20   1.8600528077e-23   4.6234275982e-20   5.1845487955e-19   1.0186286695e-04   7.2361537267e-02   7.4986320374e-13   1.0513732408e-15   2.8613396241e-22   7.4655849409e-01  -2.4405843881e+05
   3.0030136377e-02   2.9915990695e-02   2.7448630067e-01   4.8894577316e-05   1.1744714992e+00  -2.1112734380e-25  -2.3144560972e-24   1.2556183363e+03   2.4447963725e-02   3.4439035175e-02   8.1643506592e+05   2.0794954477e-06   9.1635305899e-08   2.0076182193e-05   1.2968081825e-01   1.0847017825e-04   5.5540562671e-02   2.4611394601e-06  -7.3803203380e-21   4.8011316094e-24   1.8555857068e-20   2.4348990737e-19   7.8889219228e-05   6.6690534034e-02   3.3366388930e-13   5.1594902815e-16   7.9089253552e-23   7.4787601720e-01  -2.2548428403e+05
   3.0260516442e-02   3.0144282060e-02   2.8848729318e-01   4.7380030601e-05   1.1108737376e+00  -1.3393480365e-25  -2.0135764326e-24   1.1959357443e+03   2.2580552182e-02   2.9333012352e-02   5.1729346952e+05   1.5950270856e-06   4.6469971336e-08   1.2484288879e-05   1.3757810112e-01   6.9815632533e-05   5.1912482350e-02   2.1810203839e-06   2.2614564445e-23   1.8731722462e-24   1.2690337840e-20   2.0263949223e-19   6.3853330757e-05   6.1201088781e-02   1.4837124015e-13   2.7367121588e-16   2.3139195804e-23   7.4915835198e-01  -2.0758267983e+05
   3.0496457976e-02   3.0376750823e-02   3.0411827825e-01   4.5823485844e-05   1.0456219724e+00  -7.5227309731e-26  -1.7271639543e-24   1.1357035699e+03   2.0745254693e-02   2.4668809334e-02   3.1779492174e+05   1.3005307026e-06   2.2693574664e-08   7.5445720748e-06   1.4533573901e-01   4.3518403017e-05   4.8269191092e-02   1.9172300010e-06   1.5914709832e-23   1.3487187685e-24   1.4686353521e-20   2.8527067342e-19   5.3610467793e-05   5.5874046084e-02   6.4986866181e-14   1.5532621254e-16   7.1354265219e-24   7.5041310992e-01  -1.9024767932e+05
   3.0740060307e-02   3.0616165128e-02   3.2174340541e-01   4.4216288773e-05   9.7841138981e-01  -3.8200007690e-26  -1.4561478193e-24   1.0747111771e+03   1.8934763698e-02   2.0425515089e-02   1.8808376426e+05   1.1209326133e-06   1.0576218555e-08   4.4227393666e-06   1.5298522079e-01   2.6238234790e-05   4.4595993087e-02   1.6625112766e-06   1.2836128735e-23   1.1107363546e-24   2.0030815421e-20   4.7657529505e-19   4.6233238142e-05   5.0690805827e-02   2.7540944483e-14   9.2055176077e-17   2.2883014703e-24   7.5164829207e-01  -1.7337202507e+05
   3.0991936142e-02   3.0863955487e-02   3.4168952848e-01   4.2560422611e-05   9.0942387220e-01  -2.9470819052e-27  -1.2040924585e-24   1.0131760345e+03   1.7155525459e-02   1.6618984004e-02   1.0677726565e+05   1.0094915888e-06   4.6766239986e-09   2.5229922499e-06   1.6050007814e-01   1.5373324301e-05   4.0904227946e-02   1.4100146679e-06  -1.5031898838e-21   9.1921737399e-25   2.6338678160e-20   7.7602960702e-19   4.0560827107e-05   4.5671421907e-02   1.1138290585e-14   5.5335406541e-17  -3.4241218743e-25   7.5286339068e-01  -1.5697897917e+05
   3.1252804691e-02   3.1119916797e-02   3.6435723195e-01   4.0857715549e-05   8.3888210176e-01   2.8493489014e-26  -9.7144304132e-25   9.5131655293e+02   1.5414531010e-02   1.3264575768e-02   5.7882849839e+04   9.3649205797e-07   1.9478288078e-09   1.4078764630e-06   1.6785154808e-01   8.8159987600e-06   3.7206517323e-02   1.1569647119e-06   7.1268973468e-24  -1.7819585062e-22   3.1364701442e-20   1.1722230714e-18   3.5861215085e-05   4.0835243019e-02   4.2387928613e-15   3.2906876757e-17   2.5700094553e-25   7.5405851108e-01  -1.4109703460e+05
   3.1524371314e-02   3.1385692584e-02   3.9030349710e-01   3.9105912207e-05   7.6687141752e-01   5.5117981883e-26  -7.5990931039e-25   8.8921500642e+02   1.3714822571e-02   1.0348717214e-02   2.9915709030e+04   8.8377776662e-07   7.5934341844e-10   7.7387152294e-07   1.7502741109e-01   4.9875411115e-06   3.3506819031e-02   9.1021619064e-07   4.3121648315e-24  -1.0248591425e-22   3.3890109571e-20   1.6401007260e-18   3.1680026505e-05   3.6189049326e-02   1.4999686698e-15   1.9196490824e-17   8.9557267668e-26   7.5523748436e-01  -1.2563825861e+05
   3.1808880625e-02   3.1663050043e-02   4.2024285866e-01   3.7302335766e-05   6.9350785836e-01   7.2680240260e-26  -5.7413906579e-25   8.2696319102e+02   1.2060124165e-02   7.8449294926e-03   1.4801513551e+04   8.4055673982e-07   2.7665659524e-10   4.2203020034e-07   1.8201239706e-01   2.8036675631e-06   2.9810228166e-02   6.8435958344e-07   2.4043761477e-24  -5.6262074728e-23   3.3547493813e-20   2.1439540173e-18   2.7748367903e-05   3.1740128068e-02   4.9038644140e-16   1.1112428609e-17  -2.4795035836e-26   7.5640474745e-01  -1.1055539835e+05
   3.2110071026e-02   3.1954711207e-02   4.5517863769e-01   3.5440147327e-05   6.1879351299e-01   8.0675424560e-26  -4.1441294908e-25   7.6454435500e+02   1.0451618548e-02   5.7348742850e-03   7.0574523503e+03   8.0022827414e-07   9.4293183809e-11   2.2880888050e-07   1.8880180559e-01   1.5706636210e-06   2.6115776434e-02   4.9247215212e-07   1.1841778041e-24   1.0811201825e-25   3.0715843875e-20   2.6432313864e-18   2.3905875494e-05   2.7487740427e-02   1.4739897729e-16   6.5372432442e-18   1.1389753504e-26   7.5756767940e-01  -9.5829536618e+04
   3.2441116682e-02   3.2265430844e-02   4.9761571586e-01   3.3461310836e-05   5.4085325608e-01   7.2368662099e-26  -2.7807363156e-25   7.0036409502e+02   8.8542064763e-03   3.9495218187e-03   3.1813720391e+03   7.5741493447e-07   2.9034495219e-11   1.2040439407e-07   1.9554395134e-01   8.6043518693e-07   2.2335665918e-02   3.3626835861e-07   6.0045040706e-25  -1.4091124638e-23   2.6183556068e-20   3.1035543117e-18   1.9973980311e-05   2.3336120908e-02   3.8860024824e-17   3.9609882333e-18  -1.1572616586e-26   7.5876221330e-01  -8.1244565540e+04
   3.2814173053e-02   3.2616802519e-02   5.5008154417e-01   3.1353899410e-05   4.5973087251e-01   7.3009165996e-26  -1.6654418482e-25   6.3454369552e+02   7.2737581289e-03   2.4970985232e-03   1.3499266633e+03   7.0791370700e-07   7.9641986936e-12   6.0657799203e-08   2.0221412683e-01   4.5846138914e-07   1.8467809674e-02   2.1676917601e-07   2.6329841904e-25  -5.9192911214e-24   2.0664735666e-20   3.4600737986e-18   1.5906570014e-05   1.9300605914e-02   8.7041815086e-18   2.5414521913e-18  -3.1060619368e-27   7.6000010721e-01  -6.6717737644e+04
   3.3239928677e-02   3.3011543587e-02   6.1494557966e-01   2.9146093519e-05   3.7715099211e-01   5.7886564014e-26  -8.6584752431e-26   5.6851743556e+02   5.7496583668e-03   1.4169798236e-03   5.3266558561e+02   6.4801498528e-07   1.9118073978e-12   2.8717710677e-08   2.0864615882e-01   2.3615942782e-07   1.4600744415e-02   1.3098438968e-07   1.0520322038e-25  -2.1690772019e-24   1.5062675784e-20   3.6139385157e-18   1.1797152433e-05   1.5472730909e-02   1.5854168441e-18   1.7407228991e-18  -5.2060073760e-28   7.6126752483e-01  -5.2692220129e+04
   3.3742659138e-02   3.3468313766e-02   6.9515359803e-01   2.6869283437e-05   2.9433799310e-01   3.8416149727e-26  -3.6996648776e-26   5.0372118726e+02   4.3112872833e-03   7.0820436127e-04   1.8941079863e+02   5.7232297588e-07   3.8657439596e-13   1.2420063352e-08   2.1471610260e-01   1.1613320198e-07   1.0824563775e-02   7.2840498513e-08   3.6536907452e-26   2.9633991179e-27   1.0026342796e-20   3.4287765162e-18   7.7965789683e-06   1.1892214580e-02   2.1499492893e-19   1.2174848971e-18   6.2175897572e-29   7.6255854875e-01  -3.9329001417e+04
   3.4439286617e-02   3.4017004510e-02   8.0744281086e-01   2.4281776431e-05   2.0138378559e-01   1.5558989590e-26  -9.1877588916e-27   4.3438268083e+02   2.8363342281e-03   2.6394530347e-04   4.7711175498e+01   4.6182596182e-07   4.7639365791e-14   4.1110911533e-09   2.2094016314e-01   4.7830264048e-08   6.8907810668e-03   3.2164242797e-08  -1.2623468416e-24   7.0574888315e-28   5.4958629994e-21   2.6625223003e-18   3.7804826558e-06   8.1506573045e-03   1.2798122530e-20   7.0834155170e-19  -2.9538323549e-27   7.6401407207e-01  -2.5855180215e+04
   3.5690037992e-02   3.4861568725e-02   9.6133744295e-01   2.1507798047e-05   1.0453615385e-01   2.2379593813e-27  -7.2668055175e-28   3.6539390018e+02   1.4071034353e-03   4.9889392947e-05   4.9295315651e+00   2.6903465517e-07   2.1904937683e-15   8.4103829521e-10   2.2697106647e-01   1.2977757661e-08   3.1331271353e-03   7.9921014723e-09  -3.9602434318e-25   1.0818127739e-28   1.7626520546e-21   9.5865276930e-19   7.5395762388e-07   4.3622703774e-03   1.1174335864e-22   1.7594122527e-19  -1.2407512215e-28   7.6553249122e-01  -1.2694022842e+04
   3.8388144907e-02   3.6518507260e-02   1.0942365844e+00   1.9596654767e-05   3.5648104314e-02   1.0302094386e-28  -1.6376802733e-29   3.2123979514e+02   4.5388443122e-04   2.8791065015e-06   1.0993242257e-01   5.6171186458e-08   3.5344193509e-17   1.2098039963e-10   2.3099341738e-01   1.7068199442e-09   9.6278893821e-04   7.6169767600e-10   5.0192786320e-29  -3.7863215313e-27   2.1215789469e-22   9.8952718852e-20   4.7921186823e-08   1.5299416304e-03   1.0622061279e-25   1.3326955087e-20   4.8239334760e-33   7.6651374537e-01  -3.2016436970e+03
   4.2124842772e-02   4.0257782553e-02   1.1431968826e+00   1.8977028434e-05   1.2920539489e-02   3.3958490748e-30   1.2100659536e-31   3.0753151194e+02   1.4874436523e-04   1.5750681498e-07   2.0536383041e-03   8.0069800102e-09   7.0516126077e-19   1.8720548453e-11   2.3228129305e-01   2.2732710264e-10   3.3520163884e-04   6.3300369396e-11   3.0641110663e-31   1.6328793892e-32   2.3346693798e-23   8.4423563886e-21   2.2947494409e-09   5.5981672570e-04   1.0019320712e-28   8.3735623148e-22   3.2019345937e-35   7.6682367798e-01   1.5031620489e+01
   4.7724892500e-02   4.3991902991e-02   1.1646535208e+00   1.8717680506e-05   3.2387436352e-03   1.5676030793e-31   2.6470273885e-32   3.0188273223e+02   2.1101545732e-05   1.1397246255e-08   2.5510540375e-05   8.4648168741e-10   9.0220160587e-21   2.1604857450e-12   2.3282013530e-01   2.5190943426e-11   8.3583985697e-05   4.9926990105e-12   3.2511921916e-33   1.6943865483e-34   2.1695208809e-24   6.7223551027e-22   1.2912291065e-10   1.4057930594e-04   8.8280821286e-32   5.6074109396e-23   2.9807879737e-37   7.6695570040e-01   1.4306817114e+03
   5.7680458644e-02   5.1457882010e-02   1.1707760669e+00   1.8644977564e-05   5.3213513394e-04   2.8197715103e-33   6.8961048892e-34   3.0030862951e+02  -1.4512496555e-05   2.1868194308e-10   4.6745045301e-08   4.3150545690e-11   1.7709924621e-23   9.4048030995e-14   2.3297048917e-01   1.1259394760e-12   1.3697421202e-05   1.3894456310e-13   4.6961261304e-36   2.4318564687e-37   6.9514498954e-26   1.8772504052e-23   2.7446774130e-12   2.3115115311e-05   2.2490090806e-35   1.2307632039e-24   4.1478360367e-40   7.6699269824e-01   1.8287855728e+03
   7.0125583662e-02   6.3903035279e-02   1.1718470468e+00   1.8632318281e-05   6.0403989698e-05   2.0434767128e-35   6.0897995491e-36   3.0003495920e+02  -2.0709426098e-05   4.4353500411e-12   1.4699695877e-11   1.0700242585e-12   5.9304299541e-27   1.6552519687e-15   2.3299665189e-01   2.0985313248e-14   1.5515224428e-06   1.5172526198e-15   1.0681379248e-39   5.5248000382e-41   8.4700982733e-28   2.0452945287e-25   2.3945195256e-14   2.6292980744e-06   3.5516538942e-39   1.1442257088e-26   9.3724809899e-44   7.6699916728e-01   1.8985531077e+03
   8.8793219405e-02   7.6348132045e-02   1.1719763172e+00   1.8630791433e-05   3.4013553282e-06   2.9306939686e-38   9.6277582132e-39   3.0000195916e+02  -2.1457815488e-05   3.2929851568e-14   1.8244873959e-16   6.5909690670e-15   7.7278603493e-32   5.6772920601e-18   2.3299981154e-01   7.5253959573e-17   8.6883391192e-08   3.1322069605e-18   8.6894544055e-45   4.4912188525e-46   1.9199844138e-30   4.3236352537e-28   4.3076411783e-17   1.4889991739e-07   1.1099781680e-43   1.1524389879e-28   7.6148372126e-49   7.6699995268e-01   1.9070581961e+03
   1.2620946220e-01   1.0123830677e-01   1.1719836848e+00   1.8630704419e-05   1.3675338085e-07   1.0220454833e-41   3.6406753982e-42   3.0000007845e+02  -2.1500661560e-05   2.0067421386e-17   1.5567523003e-22   1.1094412920e-17   6.8365081386e-38   4.9057160304e-21   2.3299999243e-01   6.8511076646e-20   3.4774963532e-09   1.5782728558e-21   4.3654915095e-51   2.2517471577e-52   1.0573165045e-33   2.2275693852e-31   1.9049829435e-20   5.9990795968e-09   3.4203271356e-48   4.0795324975e-30   3.8189424305e-55   7.6699999809e-01   1.9075558055e+03
   1.7615177310e-01   1.5118061764e-01   1.1719839849e+00   1.8630700875e-05   3.2028296617e-09   2.3835970652e-45   9.6622633652e-46   3.0000000184e+02  -2.1502411771e-05   1.4401872630e-20   1.1559331923e-28   1.5108180782e-20   5.1760121432e-44   3.6590424844e-24   2.3299999982e-01   5.9206995807e-23   8.1466079190e-11   5.9648910885e-25   1.5336081252e-57   7.9089112533e-59   4.2972279192e-37   7.9651028525e-35   5.5630881872e-24   1.4038044995e-10   6.9022848647e-53   9.5347323600e-32   1.3413832318e-61   7.6699999996e-01   1.9075763923e+03
   2.2609408403e-01   2.0112292857e-01   1.1719839920e+00   1.8630700790e-05   1.8218902126e-11   3.4854369658e-48   1.6030295102e-48   3.0000000001e+02  -2.1502453492e-05   7.8963489681e-24   1.9651221556e-33   3.6692001449e-23   3.1528057369e-49   8.6060732686e-27   2.3300000000e-01   1.5297971463e-25   4.6762461160e-13   1.1150750267e-27   7.3359666375e-63   3.7899050032e-64   7.9750251445e-40   1.3150457886e-37   8.0163484869e-27   7.9215999065e-13   1.0060043540e-57   5.3784621374e-34   6.4290716371e-67   7.6700000000e-01   1.9075768821e+03
   2.7603639496e-01   2.5106523949e-01   1.1719839921e+00   1.8630700790e-05   3.0162535501e-14   7.4212529266e-52   3.4401053956e-52   3.0000000000e+02  -2.1502453730e-05   2.5570423439e-28   3.8126635617e-37   3.4016026695e-26   8.4013815794e-56   3.7300750954e-30   2.3300000000e-01   6.6110245243e-29   7.9765730403e-16   3.1073512079e-31  -3.1067046441e-66   4.9253834053e-71   2.3970406324e-43   3.8941396629e-41   2.1766162477e-30   1.2735090073e-15   8.5400483516e-64   8.6358689767e-37   8.3621934864e-74   7.6700000000e-01   1.9075768848e+03
   3.2597870589e-01   3.0100755042e-01   1.1719839921e+00   1.8630700790e-05   1.0035353374e-17   8.0403018784e-56   3.7412820836e-56   3.0000000000e+02  -2.1502453731e-05   5.6518045373e-34   5.8692871655e-41   1.7598133210e-29   7.4658298404e-63   8.3617124431e-34   2.3300000000e-01   1.4697859540e-32   3.4622383556e-19   4.4178813739e-35   9.3645312412e-77  -1.4683831936e-74   3.6917885920e-47   5.9365541252e-45   3.0470408368e-34   4.0322010216e-19   4.9014155723e-68   2.7135216310e-40   2.8745480480e-81   7.6700000000e-01   1.9075768848e+03
   3.7592101681e-01   3.5094986135e-01   1.1719839921e+00   1.8630700790e-05   8.7995648257e-20   5.7536898644e-60   2.6851979263e-60   3.0000000000e+02  -2.1502453731e-05   3.1012161152e-36   5.9815710024e-45   6.1633744448e-33   4.0967892248e-70   1.2432927850e-37   2.3300000000e-01   2.1646748169e-36   7.7773729717e-23   4.1518746328e-39  -2.3486268634e-75   9.6680637942e-85   3.7624162530e-51   5.9949236647e-49   2.8260990962e-38   6.4158285978e-23   7.7275670670e-72   4.2824009678e-44   4.3441100161e-89   7.6700000000e-01   1.9075768848e+03
   4.2586332774e-01   4.0089217228e-01   1.1719839921e+00   1.8630700790e-05   9.0101599170e-19   3.0515335165e-64   1.4278643728e-64   3.0000000000e+02  -2.1502453731e-05   4.8454004397e-36   4.5211097921e-49   1.6153962326e-36   4.8269987455e-75   1.3722847444e-41   2.3300000000e-01   2.3657333938e-40   1.1442195893e-26   2.8927084413e-43  -1.7410771487e-80  -9.9231997550e-87   2.8437841762e-55   4.4916778877e-53   1.9449216607e-42   6.6278356937e-27   7.9165122962e-76   4.3871704423e-48   3.6243011608e-97   7.6700000000e-01   1.9075768848e+03
   4.7580563867e-01   4.5083448320e-01   1.1719839921e+00   1.8630700790e-05   3.6175534134e-17   1.2793075695e-68   6.0007189541e-69   3.0000000000e+02  -2.1502453731e-05   3.1012161152e-36   2.7020924372e-53   3.3625977740e-40   4.0144124082e-79   1.1982046644e-45   2.3300000000e-01   2.0452865110e-44   1.2343826863e-30   1.5933851401e-47   3.6943223408e-99  3.0752427245e-101   1.6996197989e-59   2.6616507587e-57   1.0586651112e-46   5.0018654410e-31   5.9245067963e-80   3.2832002957e-52  1.8977979198e-105   7.6700000000e-01   1.9075768848e+03
   5.2574794959e-01   5.0077679413e-01   1.1719839921e+00   1.8630700790e-05   3.5751986255e-18   4.4155037093e-73   2.0759163143e-73   3.0000000000e+02  -2.1502453731e-05   1.7439845553e-36   1.3297629811e-57   5.7777095971e-44   4.1651076841e-83   8.6168373312e-50   2.3300000000e-01   1.4566832193e-48   1.0413929756e-34   7.2520670876e-52  -4.0250057526e-88   9.7583085005e-94   8.3642271429e-64   1.2988948639e-61   4.7459529175e-51   2.9461715060e-35   3.4603390183e-84   1.9176254865e-56  6.7657445260e-114   7.6700000000e-01   1.9075768848e+03
   5.7569026052e-01   5.5071910506e-01   1.1719839921e+00   1.8630700790e-05   7.3372789735e-17   1.2896055772e-77   6.0762510550e-78   3.0000000000e+02  -2.1502453731e-05   7.7510424680e-37   5.5380030351e-62   8.4138162148e-48   2.8162573697e-85   5.2450061891e-54   2.3300000000e-01   8.7845793449e-53   7.1532704151e-39   2.0403201555e-53  -2.8894053935e-91  1.1581898883e-100   3.4834117897e-68   5.3647897231e-66   1.8008535970e-55   1.4111835640e-39   1.6435439894e-88   9.1080037025e-61  1.7355650074e-122   7.6700000000e-01   1.9075768848e+03
   6.2563257145e-01   6.0066141599e-01   1.1719839921e+00   1.8630700790e-05   1.3281166176e-18   3.2487206657e-82   1.5338669607e-82   3.0000000000e+02  -2.1502453731e-05   3.1012161152e-36   1.9832325846e-66   1.0579012649e-51   2.0259265566e-86   2.7542027225e-58   2.3300000000e-01   4.5724733465e-57   4.1074140976e-43   1.4922408060e-54  2.3706821826e-102 -4.4503201577e-101   1.2513329253e-72   1.9114804331e-70   5.8954134633e-60   5.6457731233e-44   6.5200102303e-93   3.6132120108e-65  3.5102923918e-131   7.6700000000e-01   1.9075768848e+03
   6.7557488238e-01   6.5060372691e-01   1.1719839921e+00   1.8630700790e-05   3.2402365922e-20   7.1536279143e-87   3.3840851997e-87   3.0000000000e+02  -2.1502453731e-05   0.0000000000e+00  -6.1011876745e-69   1.1634359653e-55   4.2569055475e-86   1.8318483737e-62   2.3300000000e-01   2.1427886094e-61   2.0063665868e-47   3.1356079110e-54 -3.3329392970e-102  4.7415124260e-112   3.9290948851e-77   5.9537632125e-75   1.6873535746e-64   1.9203248201e-48   2.1990076692e-97   1.2186334011e-69  1.2759242443e-136   7.6700000000e-01   1.9075768848e+03
   7.2527301892e-01   7.0054603784e-01   1.1719839921e+00   1.8630700790e-05   2.2929062887e-21   1.4890443595e-91   7.0601015596e-92   3.0000000000e+02  -2.1502453731e-05   0.0000000000e+00  -6.1636514510e-69   1.1558217074e-59   1.4839317026e-87   2.0445270977e-64   2.3300000000e-01   2.2307875434e-64   1.0230020269e-51   1.0930538891e-55 -1.5921401170e-105  1.0657595755e-112   1.1481080603e-81   1.7246140457e-79   4.5059183494e-69   7.3142439388e-53  8.3197075116e-102   4.6106789782e-74  1.6823968285e-142   7.6700000000e-01   1.9075768848e+03