2.166666666666665630e-01 8.932748538011691525e-03 8.082909637545312997e-02 7.484823951856307112e+00 1.492164766526569843e+09
2.166666666666665630e-01 8.932748538011691525e-03 1.043643533274131174e-01 6.115500732187292066e+00 3.787507749584709406e+08
2.166666666666665630e-01 8.932748538011691525e-03 2.643643533274131485e-01 8.115500732187292954e+00 1.553933463556489182e+10
2.166666666666665630e-01 8.932748538011691525e-03 6.638506941034281184e-01 7.330011881661603113e+00 4.036939169420719624e+09
2.166666666666665630e-01 8.932748538011691525e-03 5.038506941034280873e-01 7.113145665619138747e+00 8.842739180216690063e+09
2.166666666666665630e-01 8.932748538011691525e-03 3.438506941034280562e-01 6.901323612557990650e+00 1.006379095804895782e+10
2.166666666666665630e-01 8.932748538011691525e-03 1.838506941034280251e-01 6.836576655098616229e+00 2.376394272262019157e+09
2.166666666666665630e-01 8.932748538011691525e-03 1.290493900023368112e-01 6.588967050183605956e+00 5.264102206294441968e+07
2.166666666666665630e-01 8.932748538011691525e-03 1.187743122630435799e-01 6.235556728003329496e+00 3.769947102903752588e+06
2.166666666666665630e-01 8.932748538011691525e-03 1.128580606306335554e-01 6.032067785601695320e+00 4.143641034909422160e+05
2.166666666666665630e-01 8.932748538011691525e-03 1.070367675687909914e-01 5.831844983971406826e+00 2.318366892097423226e+07
2.166666666666665630e-01 8.932748538011691525e-03 1.108048829037591165e-01 5.916085296710783759e+00 3.487141821508462453e+04
2.166666666666665630e-01 8.932748538011691525e-03 1.104691436725395021e-01 5.887619856698069754e+00 3.160975111456679443e+01
2.166666666666665630e-01 8.932748538011691525e-03 1.104583873764490298e-01 5.886707897184652261e+00 3.329756125328242562e-05
