2.333333333333332260e-01 9.415204678362570911e-02 8.000039999999994378e-02 6.999999200000001309e+00 1.346612811190647278e+11
2.333333333333332260e-01 9.415204678362570911e-02 9.999999999999999547e-07 8.999999200000001309e+00 1.644052374893298340e+10
2.333333333333332260e-01 9.415204678362570911e-02 4.001000000000000216e-03 6.999999200000001309e+00 7.194681139467369080e+09
2.333333333333332260e-01 9.415204678362570911e-02 3.163967166894662286e-01 4.999999200000001309e+00 1.036906913913613129e+11
2.333333333333332260e-01 9.415204678362570911e-02 1.563967166894661975e-01 2.999999200000001309e+00 4.858279173246829224e+10
2.333333333333332260e-01 9.415204678362570911e-02 9.999999999999999547e-07 9.999992000000013093e-01 1.643739995954032898e+10
2.333333333333332260e-01 9.415204678362570911e-02 4.001000000000000216e-03 1.049349544624063268e+00 2.957469377267809868e+09
2.333333333333332260e-01 9.415204678362570911e-02 8.001000000000001167e-03 3.049349544624063491e+00 1.091895329277132511e+09
2.333333333333332260e-01 9.415204678362570911e-02 1.000392755270978346e-02 5.049349544624063491e+00 2.558867801983919144e+08
2.333333333333332260e-01 9.415204678362570911e-02 9.965264078580287829e-03 7.049349544624063491e+00 6.035678040749458887e+04
2.333333333333332260e-01 9.415204678362570911e-02 3.891613160543661021e-01 6.999684315141249336e+00 1.779833851944369202e+11
2.333333333333332260e-01 9.415204678362570911e-02 2.291613160543660710e-01 4.999684315141249336e+00 1.228721568486224823e+11
2.333333333333332260e-01 9.415204678362570911e-02 6.916131605436603991e-02 2.999684315141249336e+00 2.268612807695282364e+10
2.333333333333332260e-01 9.415204678362570911e-02 9.999999999999999547e-07 4.160984561841118534e+00 1.643823571563712311e+10
2.333333333333332260e-01 9.415204678362570911e-02 4.001000000000000216e-03 6.160984561841118534e+00 6.127597112125574112e+09
2.333333333333332260e-01 9.415204678362570911e-02 7.525246267028566916e-01 9.117621820161712520e+00 3.933797654481892700e+11
2.333333333333332260e-01 9.415204678362570911e-02 5.925246267028566605e-01 7.117621820161712520e+00 1.752800697894431763e+11
2.333333333333332260e-01 9.415204678362570911e-02 4.325246267028566294e-01 5.117621820161712520e+00 9.024061439535412598e+10
2.333333333333332260e-01 9.415204678362570911e-02 2.725246267028565983e-01 3.117621820161712520e+00 3.432574353643864441e+10
2.333333333333332260e-01 9.415204678362570911e-02 1.125246267028565672e-01 1.117621820161712520e+00 3.896224197100778580e+09
2.333333333333332260e-01 9.415204678362570911e-02 9.999999999999999547e-07 9.999999999999999547e-07 1.643723388339997292e+10
2.333333333333332260e-01 9.415204678362570911e-02 4.001000000000000216e-03 2.000001000000000140e+00 3.506280906576543331e+09
2.333333333333332260e-01 9.415204678362570911e-02 8.001000000000001167e-03 4.000001000000000140e+00 9.335887899185214043e+08
2.333333333333332260e-01 9.415204678362570911e-02 1.001697775301456893e-02 6.000001000000000140e+00 8.268016264043284953e+07
2.333333333333332260e-01 9.415204678362570911e-02 9.999584412059166899e-03 6.997621086456959461e+00 6.430990983836995838e+02
2.333333333333332260e-01 9.415204678362570911e-02 1.579791316003793522e-01 7.000000195419728399e+00 1.931161074187677002e+11
2.333333333333332260e-01 9.415204678362570911e-02 9.999999999999999547e-07 5.000000195419728399e+00 1.643847484692092514e+10
2.333333333333332260e-01 9.415204678362570911e-02 4.001000000000000216e-03 5.665378984060357226e+00 5.620156838627228737e+09
2.333333333333332260e-01 9.415204678362570911e-02 2.095154093339892387e-01 3.665378984060357226e+00 5.949877972723542023e+10
2.333333333333332260e-01 9.415204678362570911e-02 4.951540933398920763e-02 1.665378984060357226e+00 5.399772619126768112e+08
2.333333333333332260e-01 9.415204678362570911e-02 9.999999999999999547e-07 3.532509873600134576e+00 1.643808242047937202e+10
2.333333333333332260e-01 9.415204678362570911e-02 4.001000000000000216e-03 5.532509873600134576e+00 5.498422535978546143e+09
2.333333333333332260e-01 9.415204678362570911e-02 2.228042862432209892e-01 8.665446512961064940e+00 2.900116173384053955e+11
2.333333333333332260e-01 9.415204678362570911e-02 6.280428624322095810e-02 6.665446512961064940e+00 8.421117242832107544e+10
2.333333333333332260e-01 9.415204678362570911e-02 9.999999999999999547e-07 2.581245202784906212e+00 1.643786209725638008e+10
2.333333333333332260e-01 9.415204678362570911e-02 4.001000000000000216e-03 4.581245202784906212e+00 4.763758856490206718e+09
2.333333333333332260e-01 9.415204678362570911e-02 8.001000000000001167e-03 6.581245202784906212e+00 3.658594524339470863e+08
2.333333333333332260e-01 9.415204678362570911e-02 1.000535994345711638e-02 7.271974380275358030e+00 9.151955062524592504e+06
2.333333333333332260e-01 9.415204678362570911e-02 1.504042913052321684e-01 7.000218838910730490e+00 1.934444584338806152e+11
2.333333333333332260e-01 9.415204678362570911e-02 9.999999999999999547e-07 5.000218838910730490e+00 1.643847493313822174e+10
2.333333333333332260e-01 9.415204678362570911e-02 4.001000000000000216e-03 4.651375925348745888e+00 4.806846092546226501e+09
2.333333333333332260e-01 9.415204678362570911e-02 8.001000000000001167e-03 6.651375925348745888e+00 3.512191108802525997e+08
2.333333333333332260e-01 9.415204678362570911e-02 1.000446031422427134e-02 7.226323917527279761e+00 6.335780801548948511e+06
2.333333333333332260e-01 9.415204678362570911e-02 1.412959164071869722e-01 7.000151282603732206e+00 1.938292401930457764e+11
2.333333333333332260e-01 9.415204678362570911e-02 9.999999999999999547e-07 5.000151282603732206e+00 1.643847490649882698e+10
2.333333333333332260e-01 9.415204678362570911e-02 4.001000000000000216e-03 3.142052126194245343e+00 4.015457962921501160e+09
2.333333333333332260e-01 9.415204678362570911e-02 8.001000000000001167e-03 5.142052126194245787e+00 6.824616451345131397e+08
2.333333333333332260e-01 9.415204678362570911e-02 1.001979232910133778e-02 7.142052126194245787e+00 2.910772828344833106e+06
2.333333333333332260e-01 9.415204678362570911e-02 1.000001440594744904e-02 7.000421935566694565e+00 2.240491662563116293e+01
2.333333333333332260e-01 9.415204678362570911e-02 1.323185235013503158e-01 7.000000001058397814e+00 1.942075324489113159e+11
2.333333333333332260e-01 9.415204678362570911e-02 9.999999999999999547e-07 5.000000001058397814e+00 1.643847484684426117e+10
2.333333333333332260e-01 9.415204678362570911e-02 4.001000000000000216e-03 5.121279133045234744e+00 5.130101002961592674e+09
2.333333333333332260e-01 9.415204678362570911e-02 5.591147189686612728e-01 3.121279133045234744e+00 2.432569904278915405e+10
2.333333333333332260e-01 9.415204678362570911e-02 3.991147189686612418e-01 1.121279133045234744e+00 2.253786056664321423e+09
2.333333333333332260e-01 9.415204678362570911e-02 2.391147189686612107e-01 9.999999999999999547e-07 1.754297289652967751e+08
2.333333333333332260e-01 9.415204678362570911e-02 7.911471896866117959e-02 1.019203529971411726e+00 9.806432886300097704e+08
2.333333333333332260e-01 9.415204678362570911e-02 9.999999999999999547e-07 2.618713347818810266e+00 1.643787086329873085e+10
2.333333333333332260e-01 9.415204678362570911e-02 4.001000000000000216e-03 4.618713347818809822e+00 4.786754571195790291e+09
2.333333333333332260e-01 9.415204678362570911e-02 8.001000000000001167e-03 6.618713347818809822e+00 3.580004898047410250e+08
2.333333333333332260e-01 9.415204678362570911e-02 1.000487912885687780e-02 7.247580239236812716e+00 7.582741391589211300e+06
2.333333333333332260e-01 9.415204678362570911e-02 1.508933535573336593e-01 7.000181701221210417e+00 1.934226056794129639e+11
2.333333333333332260e-01 9.415204678362570911e-02 9.999999999999999547e-07 5.000181701221210417e+00 1.643847491849378204e+10
2.333333333333332260e-01 9.415204678362570911e-02 4.001000000000000216e-03 5.668203755695969903e+00 5.622759356685028076e+09
2.333333333333332260e-01 9.415204678362570911e-02 3.386403995806244738e-01 3.668203755695969903e+00 4.527529254481256866e+10
2.333333333333332260e-01 9.415204678362570911e-02 1.786403995806244427e-01 1.668203755695969903e+00 8.913540018434587479e+09
2.333333333333332260e-01 9.415204678362570911e-02 1.864039958062441160e-02 9.999999999999999547e-07 1.170290418843586445e+09
2.333333333333332260e-01 9.415204678362570911e-02 7.884289872691047085e-03 2.000001000000000140e+00 1.274066598096053600e+09
2.333333333333332260e-01 9.415204678362570911e-02 9.976104285871544713e-03 4.000001000000000140e+00 5.138976028325793743e+08
2.333333333333332260e-01 9.415204678362570911e-02 6.391858483954148129e-01 6.000001000000000140e+00 1.184542259220797424e+11
2.333333333333332260e-01 9.415204678362570911e-02 4.791858483954147818e-01 3.623718739029051505e+00 3.636434419559540558e+10
2.333333333333332260e-01 9.415204678362570911e-02 3.191858483954147507e-01 1.623718739029051505e+00 6.172207264963641167e+09
2.333333333333332260e-01 9.415204678362570911e-02 1.591858483954147196e-01 9.999999999999999547e-07 3.286970541834853292e+08
2.333333333333332260e-01 9.415204678362570911e-02 9.999999999999999547e-07 8.094059443943377730e-01 1.643736830642632294e+10
2.333333333333332260e-01 9.415204678362570911e-02 4.001000000000000216e-03 2.809405944394337773e+00 3.864408644135375977e+09
2.333333333333332260e-01 9.415204678362570911e-02 8.001000000000001167e-03 4.809405944394337773e+00 7.549666289160723686e+08
2.333333333333332260e-01 9.415204678362570911e-02 1.000844434399439202e-02 6.809405944394337773e+00 2.866756740129454993e+06
2.333333333333332260e-01 9.415204678362570911e-02 5.969442749205311483e-01 6.999778731132737519e+00 1.655335024709302063e+11
2.333333333333332260e-01 9.415204678362570911e-02 4.369442749205311172e-01 4.999778731132737519e+00 8.463442610641398621e+10
2.333333333333332260e-01 9.415204678362570911e-02 2.769442749205310861e-01 2.999778731132737519e+00 3.069163904899101639e+10
2.333333333333332260e-01 9.415204678362570911e-02 1.169442749205310550e-01 9.997787311327375193e-01 2.570846669255788803e+09
2.333333333333332260e-01 9.415204678362570911e-02 9.999999999999999547e-07 9.999999999999999547e-07 1.643723388339997292e+10
2.333333333333332260e-01 9.415204678362570911e-02 4.001000000000000216e-03 2.000001000000000140e+00 3.506280906576543331e+09
2.333333333333332260e-01 9.415204678362570911e-02 8.001000000000001167e-03 4.000001000000000140e+00 9.335887899185214043e+08
2.333333333333332260e-01 9.415204678362570911e-02 1.001697775301456893e-02 6.000001000000000140e+00 8.268016264043284953e+07
2.333333333333332260e-01 9.415204678362570911e-02 9.999584412059166899e-03 6.997621086456959461e+00 6.430990983836995838e+02
2.333333333333332260e-01 9.415204678362570911e-02 5.718717869225599104e-01 7.000000195419728399e+00 1.670115742411435852e+11
2.333333333333332260e-01 9.415204678362570911e-02 4.118717869225598793e-01 5.000000195419728399e+00 8.611756657389129639e+10
2.333333333333332260e-01 9.415204678362570911e-02 2.518717869225598482e-01 3.000000195419728399e+00 3.221909297761628723e+10
2.333333333333332260e-01 9.415204678362570911e-02 9.187178692255981716e-02 1.000000195419728399e+00 1.916024721139853239e+09
2.333333333333332260e-01 9.415204678362570911e-02 9.999999999999999547e-07 2.308773330211049135e+00 1.643779834984358978e+10
2.333333333333332260e-01 9.415204678362570911e-02 4.001000000000000216e-03 4.308773330211049135e+00 4.598197431410129547e+09
2.333333333333332260e-01 9.415204678362570911e-02 8.001000000000001167e-03 6.308773330211049135e+00 4.255770230485712290e+08
2.333333333333332260e-01 9.415204678362570911e-02 1.000886290758795649e-02 7.449724947496035199e+00 2.505035484995584190e+07
2.333333333333332260e-01 9.415204678362570911e-02 2.666220959880608588e-01 7.000598190644052643e+00 1.866170063521150208e+11
2.333333333333332260e-01 9.415204678362570911e-02 1.066220959880608277e-01 5.000598190644052643e+00 1.779722625410408020e+11
2.333333333333332260e-01 9.415204678362570911e-02 8.705902551215655150e-02 3.306683539982065989e-01 1.474110884912486188e+07
2.333333333333332260e-01 9.415204678362570911e-02 9.999999999999999547e-07 1.445574562407371921e+00 1.643754528334222221e+10
2.333333333333332260e-01 9.415204678362570911e-02 4.001000000000000216e-03 3.445574562407371921e+00 4.154337980383415699e+09
2.333333333333332260e-01 9.415204678362570911e-02 8.001000000000001167e-03 5.445574562407371921e+00 6.141648987672812939e+08
