5.833333333333333703e-01 3.837719298245613475e-02 8.000039999999994378e-02 6.999999200000001309e+00 2.925358131671967163e+11
5.833333333333333703e-01 3.837719298245613475e-02 9.999999999999999547e-07 8.999999200000001309e+00 2.727303024610100124e+02
5.833333333333333703e-01 3.837719298245613475e-02 6.509209538763095493e-01 8.999999187479472695e+00 5.832103732078400879e+11
5.833333333333333703e-01 3.837719298245613475e-02 4.909209538763095182e-01 6.999999187479472695e+00 2.357587660087134094e+11
5.833333333333333703e-01 3.837719298245613475e-02 3.309209538763094871e-01 4.999999187479472695e+00 1.602688225822732849e+11
5.833333333333333703e-01 3.837719298245613475e-02 1.709209538763094560e-01 2.999999187479472695e+00 1.070764793279637756e+11
5.833333333333333703e-01 3.837719298245613475e-02 1.092095387630942493e-02 9.999991874794726954e-01 3.217133318955287933e+10
5.833333333333333703e-01 3.837719298245613475e-02 9.999999999999999547e-07 7.691695493558746932e+00 6.271742364868689492e+02
5.833333333333333703e-01 3.837719298245613475e-02 2.900306196965230648e-02 9.796938444884384367e+00 4.120944869285877686e+11
5.833333333333333703e-01 3.837719298245613475e-02 3.542711082194383021e-01 9.999999000000000748e+00 9.029347842693757324e+11
5.833333333333333703e-01 3.837719298245613475e-02 1.942711082194382710e-01 8.962453527034888623e+00 6.109907167357974854e+11
5.833333333333333703e-01 3.837719298245613475e-02 3.427110821943823993e-02 6.962453527034888623e+00 1.578046607485873718e+11
5.833333333333333703e-01 3.837719298245613475e-02 9.999999999999999547e-07 2.869690961530523055e+00 1.541991554066540402e+03
5.833333333333333703e-01 3.837719298245613475e-02 4.654401694580490023e-01 2.869690896590459506e+00 8.421355520771948242e+10
5.833333333333333703e-01 3.837719298245613475e-02 3.054401694580489712e-01 8.696908965904595057e-01 5.268903393080840302e+10
5.833333333333333703e-01 3.837719298245613475e-02 1.454401694580489401e-01 9.904668486830082941e+00 2.941604242723390503e+11
5.833333333333333703e-01 3.837719298245613475e-02 4.258436614619383331e-02 9.877200743867335930e+00 7.296558977090061035e+11
5.833333333333333703e-01 3.837719298245613475e-02 1.310979828838041428e-01 9.714953646331229820e+00 2.897041108657537842e+11
5.833333333333333703e-01 3.837719298245613475e-02 5.865780430045097749e-03 9.763084622370785226e+00 3.882090424208086395e+10
5.833333333333333703e-01 3.837719298245613475e-02 1.865780430045097665e-03 9.999999000000000748e+00 9.494108370147149494e-04
5.833333333333333703e-01 3.837719298245613475e-02 3.552971322525597803e-02 9.999999999996072475e+00 6.468205433351630859e+11
5.833333333333333703e-01 3.837719298245613475e-02 9.999999999999999547e-07 5.523421222289067067e+00 1.263621599774671495e+03
5.833333333333333703e-01 3.837719298245613475e-02 7.776732023712097375e-01 5.523421136314841107e+00 1.530999833225322571e+11
5.833333333333333703e-01 3.837719298245613475e-02 6.176732023712097064e-01 3.523421136314841107e+00 9.673476031728837585e+10
5.833333333333333703e-01 3.837719298245613475e-02 4.576732023712096753e-01 1.523421136314841107e+00 6.241161684430936432e+10
5.833333333333333703e-01 3.837719298245613475e-02 2.976732023712096442e-01 7.839791070274581664e+00 3.369745534616434326e+11
5.833333333333333703e-01 3.837719298245613475e-02 1.376732023712096131e-01 5.839791070274581664e+00 2.708642274787782288e+11
5.833333333333333703e-01 3.837719298245613475e-02 9.999999999999999547e-07 3.839791070274581664e+00 1.513851903759392371e+03
