9.833333333333346138e-01 0.000000000000000000e+00 3.526480460845884957e-01 7.700286803120421908e+00 7.815495399305367842e+06
9.833333333333346138e-01 0.000000000000000000e+00 3.959109829556041182e-01 6.435899970411719906e+00 7.550887386790249730e+05
9.833333333333346138e-01 0.000000000000000000e+00 3.996690225463295776e-01 4.985823990578643006e+00 1.562359347791236885e+01
9.833333333333346138e-01 0.000000000000000000e+00 4.000000424126112786e-01 4.999978969981660804e+00 6.472813940825489947e-05
9.833333333333346138e-01 0.000000000000000000e+00 1.124567094241807896e-01 5.000000001462914234e+00 1.577718834742750041e+07
9.833333333333346138e-01 0.000000000000000000e+00 2.724567094241808207e-01 7.000000001462914234e+00 3.325063403460682835e+06
9.833333333333346138e-01 0.000000000000000000e+00 3.952589229473651433e-01 6.454875339844235782e+00 7.796232952903989935e+05
9.833333333333346138e-01 0.000000000000000000e+00 3.996543314683544956e-01 4.987867206489111638e+00 9.667835253542756746e+00
9.833333333333346138e-01 0.000000000000000000e+00 4.000000389209810714e-01 4.999981693310271424e+00 4.907437684895161914e-05
9.833333333333346138e-01 0.000000000000000000e+00 7.931629144299973122e-01 5.000000000527830224e+00 1.229390384785857023e+05
9.833333333333346138e-01 0.000000000000000000e+00 6.331629144299972811e-01 5.000039093236622101e+00 4.322962402657597704e+04
9.833333333333346138e-01 0.000000000000000000e+00 4.731629144299972500e-01 4.999939926091180098e+00 4.260047902379654261e+03
9.833333333333346138e-01 0.000000000000000000e+00 4.000000371718249181e-01 5.000007962542150075e+00 2.229171779496416354e-05
9.833333333333346138e-01 0.000000000000000000e+00 2.210932860598056882e-01 1.896669486053883302e+00 3.598001969282480422e+05
9.833333333333346138e-01 0.000000000000000000e+00 3.810932860598057470e-01 3.896669486053883524e+00 1.275717224657479965e+05
9.833333333333346138e-01 0.000000000000000000e+00 4.000021223389144120e-01 5.462866228490492304e+00 7.638731934912873839e+04
9.833333333333346138e-01 0.000000000000000000e+00 7.186975976793372745e-01 5.000004740628880562e+00 8.077844808430099511e+04
9.833333333333346138e-01 0.000000000000000000e+00 5.586975976793372434e-01 5.000029101200166970e+00 2.002581339139376360e+04
9.833333333333346138e-01 0.000000000000000000e+00 3.999999996207749264e-01 6.250892473110131853e+00 5.525854283029201906e+05
9.833333333333346138e-01 0.000000000000000000e+00 3.994954656922368175e-01 4.974464169289710469e+00 5.670465536694489117e+01
9.833333333333346138e-01 0.000000000000000000e+00 2.169896022717246464e-01 4.999943321854099842e+00 6.456050286367682274e+05
9.833333333333346138e-01 0.000000000000000000e+00 3.769896022717246775e-01 4.999978967004191865e+00 1.020540586052023536e+04
