# L (m)  = 0.16
# P (Pa) = 101325
#             001_x           002_mixf              003_T              004_h        005_density             006_H2              007_H              008_O             009_O2             010_OH            011_H2O            012_HO2            013_CH2         014_CH2(S)            015_CH3            016_CH4             017_CO            018_CO2            019_HCO           020_CH2O          021_CH2OH             022_N2
                  0   0.0000000000e+00   3.0000000000e+02   1.9075768848e+03   1.1719839921e+00   0.0000000000e+00   0.0000000000e+00   0.0000000000e+00   2.3300000000e-01   0.0000000000e+00   0.0000000000e+00   0.0000000000e+00   0.0000000000e+00   0.0000000000e+00   0.0000000000e+00   0.0000000000e+00   0.0000000000e+00   0.0000000000e+00   0.0000000000e+00   0.0000000000e+00   0.0000000000e+00   7.6700000000e-01
   3.2000000000e-04   2.7493199009e-03   3.5749733068e+02  -9.0558167768e+04   9.8280565823e-01   7.9170097943e-08   2.6030702803e-17   9.7130720399e-11   2.2139427436e-01   2.5351568038e-10   4.8750684472e-03   1.8513603809e-08   8.8135005188e-22   5.2538828862e-23   7.2103146831e-14   3.8968314713e-11   2.3850660715e-06   9.5621436141e-03   7.8352166884e-21   2.2082275453e-12   2.4357986513e-25   7.6416606180e-01
   9.6000000000e-04   6.9946736314e-03   4.4786311514e+02  -2.2448671775e+05   7.8378767468e-01   2.0992528364e-07   3.9953532174e-16   2.3415820798e-10   2.0347359541e-01   5.6600276978e-10   1.2059436619e-02   5.1764819963e-08   4.9553100342e-21   3.3328275060e-22   2.2319262225e-13   1.3068245224e-10   6.4631458464e-06   2.4234162194e-02   7.2125480359e-20   8.0593585295e-12   4.6710852332e-24   7.6022604890e-01
   1.6000000000e-03   1.0698793814e-02   5.2350854182e+02  -3.4056242603e+05   6.7004959226e-01   3.3398225371e-07   1.9678638575e-15   3.4328487861e-10   1.8783809092e-01   8.2346312422e-10   1.8184660044e-02   8.9392902394e-08   1.3341100074e-20   9.2729462057e-22   4.4988532049e-13   2.8281998374e-10   1.0718122743e-05   3.7019665725e-02   2.8958265785e-19   1.9353162301e-11   2.5863308366e-23   7.5694647152e-01
   2.2400000000e-03   1.4046437471e-02   5.8905500581e+02  -4.4567737926e+05   5.9513294212e-01   4.5741076429e-07   7.0339760675e-15   4.4546532284e-10   1.7370790601e-01   1.1707873620e-09   2.3638097295e-02   1.3455320291e-07   3.4727356797e-20   2.3968683607e-21   8.4825746434e-13   5.3884813763e-10   1.5495964749e-05   4.8583782834e-02   9.8926301931e-19   4.0607470887e-11   1.1163791750e-22   7.5405409286e-01
   2.8800000000e-03   1.7138048186e-02   6.4712903610e+02  -5.4334637376e+05   5.4144499761e-01   5.8385705991e-07   2.3027174717e-14   5.6755417052e-10   1.6065919954e-01   1.8197886019e-09   2.8621458222e-02   1.8963139344e-07   1.0442187146e-19   7.0022296458e-21   1.6377386048e-12   9.5723619544e-10   2.1080915089e-05   5.9282581161e-02   3.3642926207e-18   7.8393602855e-11   5.0449696847e-22   7.5141493427e-01
   3.5200000000e-03   2.0034582331e-02   6.9942190947e+02  -6.3556488697e+05   5.0073578155e-01   7.1590711407e-07   7.5220442201e-14   7.5733403198e-10   1.4843475242e-01   3.1807289810e-09   3.3253363048e-02   2.5692984622e-07   3.7974389222e-19   2.4407990817e-20   3.3332631395e-12   1.6205125254e-09   2.7758333158e-05   6.9329958576e-02   1.2016892904e-17   1.4222998956e-10   2.5561196682e-21   7.4895315838e-01
   4.1600000000e-03   2.2776020528e-02   7.4712546400e+02  -7.2353862128e+05   4.6857438708e-01   8.5567111680e-07   2.5082131970e-13   1.1170908732e-09   1.3686599789e-01   6.1870845078e-09   3.7609746529e-02   3.3894669968e-07   1.6439714706e-18   1.0034639958e-19   7.1544988635e-12   2.6463336189e-09   3.5842542811e-05   7.8865124790e-02   4.5526780693e-17   2.4542108221e-10   1.4085952060e-20   7.4662211430e-01
   4.8000000000e-03   2.5390077308e-02   7.9113830563e+02  -8.0801480622e+05   4.4234561969e-01   1.0050905655e-06   8.5438819749e-13   1.8831621708e-09   1.2583610794e-01   1.3124618984e-08   4.1742203738e-02   4.3848685893e-07   8.1775512039e-18   4.7074160547e-19   1.6003018940e-11   4.2036088481e-09   4.5694108272e-05   8.7983843698e-02   1.8164721716e-16   4.0558446193e-10   8.2343357490e-20   7.4439065670e-01
   5.4400000000e-03   2.7896751947e-02   8.3217415548e+02  -8.8945122379e+05   4.2039462586e-01   1.1661656700e-06   2.9575467724e-12   3.6278439023e-09   1.1526093027e-01   2.9772193032e-08   4.5687381873e-02   5.5860355719e-07   4.5033333370e-17   2.4311448121e-18   3.6718651658e-11   6.5377280194e-09   5.7735870925e-05   9.6754695016e-02   7.5430381060e-16   6.4423653523e-10   5.0915204925e-19   7.4223752237e-01
   6.0800000000e-03   3.0310908330e-02   8.7082340346e+02  -9.6811069795e+05   4.0161666477e-01   1.3412350251e-06   1.0322265751e-11   7.7804234071e-09   1.0507797873e-01   7.0878287538e-08   4.9472131997e-02   7.0221491585e-07   2.6471326477e-16   1.3337349537e-17   8.4982717075e-11   1.0012793231e-08   7.2474828381e-05   1.0522807256e-01   3.2188671960e-15   9.8484833718e-10   3.3104030835e-18   7.4014717816e-01
   6.7200000000e-03   3.2643834812e-02   9.0759002224e+02  -1.0441179740e+06   3.8524250424e-01   1.5335354920e-06   3.5969602741e-11   1.7943327235e-08   9.5239986962e-02   1.7369040522e-07   5.3116623847e-02   8.7124826073e-07   1.6002744774e-15   7.4919019833e-17   1.9496311422e-10   1.5189644023e-08   9.0542517002e-05   1.1344167609e-01   1.3946989380e-14   1.4514632649e-09   2.2115856283e-17   7.3810858802e-01
   7.3600000000e-03   3.4904237407e-02   9.4291404255e+02  -1.1174962262e+06   3.7071849145e-01   1.7485998167e-06   1.2380512731e-10   4.3086560081e-08   8.5710652598e-02   4.2906286779e-07   5.6636194817e-02   1.0659111061e-06   9.5778207519e-15   4.1490688831e-16   4.3578532544e-10   2.2992272371e-08   1.1278423664e-04   1.2142371777e-01   6.0782208999e-14   2.0812570784e-09   1.4647768106e-16   7.3611330783e-01
   8.0000000000e-03   3.7098896170e-02   9.7718383663e+02  -1.1881919805e+06   3.5763633864e-01   1.9979659112e-06   4.1672455888e-10   1.0490088456e-07   7.6462082215e-02   1.0444951380e-06   6.0042563393e-02   1.2869012677e-06   5.4815053460e-14   2.1882253916e-15   9.3722658596e-10   3.5129960120e-08   1.4047752331e-04   1.2919493262e-01   2.6521203971e-13   2.9912524368e-09   9.2777253159e-16   7.3415550112e-01
   8.6400000000e-03   3.9233100852e-02   1.0107382945e+03  -1.2560936841e+06   3.4569132893e-01   2.3087704407e-06   1.3638923208e-09   2.5375543030e-07   6.7473189912e-02   2.4479553222e-06   6.3344382719e-02   1.5447650296e-06   2.9425145681e-13   1.0780780791e-14   1.9456546774e-09   5.5345290037e-08   1.7588350173e-04   1.3676904611e-01   1.1610913615e-12   4.5776246581e-09   5.5088490595e-15   7.3223084895e-01
   9.2800000000e-03   4.1310908582e-02   1.0438542246e+03  -1.3210423311e+06   3.3465891149e-01   2.7470838240e-06   4.3581601536e-09   6.0179600419e-07   5.8729574577e-02   5.4130154460e-06   6.6547330003e-02   1.8750163879e-06   1.5048742928e-12   5.0397503851e-14   4.0360437611e-09   9.3522606676e-08   2.2361406235e-04   1.4415150942e-01   5.1721945726e-12   8.0379604436e-09   3.1168541443e-14   7.3033725557e-01
   9.9200000000e-03   4.3335198127e-02   1.0767047959e+03  -1.3828292444e+06   3.2438658919e-01   3.4712980684e-06   1.3841126475e-08   1.3908415315e-06   5.0225463314e-02   1.1166683099e-05   6.9653221283e-02   2.3498012054e-06   7.8056362821e-12   2.3799758824e-13   8.9916128097e-09   1.8062245956e-07   2.9389625437e-04   1.5133408809e-01   2.4378876902e-11   1.7223187590e-08   1.7922013656e-13   7.2847470144e-01
   1.0560000000e-02   4.5307367234e-02   1.1092513123e+03  -1.4412189116e+06   3.1480526047e-01   4.8535570075e-06   4.4741846822e-08   3.1250056067e-06   4.1970596200e-02   2.1476254246e-05   7.2657429311e-02   3.0723485163e-06   4.5135191814e-11   1.2483634966e-12   2.3613037607e-08   4.3185833509e-07   4.1030458578e-04   1.5828083377e-01   1.3005445432e-10   4.7392723079e-08   1.1547884871e-12   7.2664779161e-01
   1.1200000000e-02   4.7226124811e-02   1.1409627691e+03  -1.4959693384e+06   3.0597924440e-01   7.7717896603e-06   1.4714622294e-07   6.7103923741e-06   3.4010221894e-02   3.8365355041e-05   7.5541536850e-02   4.1118254931e-06   3.1673845931e-10   7.9228830492e-12   7.9688096957e-08   1.3777649416e-06   6.2892456694e-04   1.6489051017e-01   8.3638987764e-10   1.7455886337e-07   9.1199760260e-12   7.2487003660e-01
   1.1840000000e-02   4.9083892946e-02   1.1701151355e+03  -1.5468196043e+06   2.9824136446e-01   1.4324320183e-05   4.5698421952e-07   1.2775487032e-05   2.6486071089e-02   6.0762650841e-05   7.8254374616e-02   5.3526860850e-06   2.7324986065e-09   6.1685873097e-11   3.6625097117e-07   6.1558993619e-06   1.0868488622e-03   1.7089414524e-01   6.4383541665e-09   8.6874989525e-07   8.9861324346e-11   7.2317751817e-01
   1.2480000000e-02   5.0859246439e-02   1.1923279596e+03  -1.5930964990e+06   2.9247635453e-01   2.9348240819e-05   1.0671434500e-06   1.6953378974e-05   1.9818436862e-02   7.0490206484e-05   8.0659732469e-02   6.6485707446e-06   2.3596459480e-08   4.7913327718e-10   2.2606225260e-06   3.7889941886e-05   2.0935829712e-03   1.7560246385e-01   4.7166901070e-08   5.3719768256e-06   8.9395275944e-10   7.2165565146e-01
   1.3120000000e-02   5.2516540788e-02   1.1984918459e+03  -1.6325698339e+06   2.9059238648e-01   6.0851962172e-05   8.4033952989e-07   6.0455191815e-06   1.5126458762e-02   2.5990814327e-05   8.2342552652e-02   8.6582059998e-06   6.6170570771e-08   1.1988265885e-09   1.4279864094e-05   2.6225811842e-04   3.9546812893e-03   1.7774414432e-01   1.0398062619e-07   2.7482755503e-05   2.7971013136e-09   7.2042561151e-01
   1.3760000000e-02   5.4091907590e-02   1.1858143100e+03  -1.6677128017e+06   2.9322840892e-01   9.9876888474e-05   1.7875970944e-07   6.5357867768e-07   1.2734298434e-02   2.9420010422e-06   8.2977608833e-02   8.3224325623e-06   1.7749527568e-08   2.9125268094e-10   2.8727959288e-05   9.6247203578e-04   5.8371391148e-03   1.7795757650e-01   2.4979764877e-08   4.2655261924e-05   8.1031201215e-10   7.1934747424e-01
   1.4400000000e-02   5.5654120789e-02   1.1683531177e+03  -1.7001994558e+06   2.9709831917e-01   1.3978753272e-04   5.6552455728e-08   1.4695551253e-07   1.1037092235e-02   6.4230220621e-07   8.3290448250e-02   6.1849684543e-06   3.7109923841e-09   5.5633005251e-11   2.4402558035e-05   1.8421636174e-03   7.7460554512e-03   1.7755739467e-01   6.2607718830e-09   3.9190061615e-05   1.9344741773e-10   7.1831645485e-01
   1.5040000000e-02   5.7219834781e-02   1.1500477213e+03  -1.7295851411e+06   3.0128076585e-01   1.8090011393e-04   3.2627727278e-08   6.3623293795e-08   9.6522637498e-03   2.6581651874e-07   8.3476597406e-02   4.6963877686e-06   1.3747867230e-09   1.8895436322e-11   1.9354182869e-05   2.7925762139e-03   9.7267910826e-03   1.7680531030e-01   2.8610762482e-09   3.3986137801e-05   8.4541062339e-11   7.1730712786e-01
   1.5680000000e-02   5.8794707701e-02   1.1319088339e+03  -1.7559345880e+06   3.0553251819e-01   2.2315114145e-04   2.3474191845e-08   3.4750551505e-08   8.4724064903e-03   1.3844825776e-07   8.3582916367e-02   3.7257785726e-06   6.4928448881e-10   8.1933715953e-12   1.5622423953e-05   3.7911020515e-03   1.1773856801e-02   1.7579996251e-01   1.6601468671e-09   2.9077380779e-05   4.8278934323e-11   7.1630801019e-01
   1.6320000000e-02   6.0381576119e-02   1.1143591098e+03  -1.7793937209e+06   3.0974104379e-01   2.6639293444e-04   1.8065812180e-08   2.0443523068e-08   7.4467064111e-03   7.8865432493e-08   8.3630413074e-02   3.0280751314e-06   3.3733859550e-10   3.9152388069e-12   1.2714609378e-05   4.8299989991e-03   1.3877630213e-02   1.7459596863e-01   1.0646111027e-09   2.4778657709e-05   3.1047666610e-11   7.1531221955e-01
   1.6960000000e-02   6.1982122015e-02   1.0976009752e+03  -1.8001223181e+06   3.1384217541e-01   3.1048718626e-04   1.4274021201e-08   1.2429603752e-08   6.5458227110e-03   4.7125387562e-08   8.3631237535e-02   2.4879281222e-06   1.8371088899e-10   1.9649460108e-12   1.0360422249e-05   5.9055414631e-03   1.6028697471e-02   1.7322897277e-01   7.2453253696e-10   2.1104198300e-05   2.1385374528e-11   7.1431524371e-01
   1.7600000000e-02   6.3597465022e-02   1.0817276845e+03  -1.8182890089e+06   3.1779666002e-01   3.5531227894e-04   1.1420831470e-08   7.6990523067e-09   5.7509293979e-03   2.9059260741e-08   8.3593023419e-02   2.0517490324e-06   1.0300290827e-10   1.0175357061e-12   8.4389640865e-06   7.0158194179e-03   1.8218220151e-02   1.7172516699e-01   5.1576278403e-10   1.7993169931e-05   1.5432411820e-11   7.1331296558e-01
   1.8240000000e-02   6.5228419572e-02   1.0667735899e+03  -1.8340699355e+06   3.2157970980e-01   4.0076185199e-04   9.2059825350e-09   4.8301812494e-09   5.0487295305e-03   1.8355110961e-08   8.3520938157e-02   1.6920735637e-06   5.9052244529e-11   5.4011541760e-13   6.8764434267e-06   8.1598573485e-03   2.0437830807e-02   1.7010610587e-01   3.8174014191e-10   1.5367885330e-05   1.1523871671e-11   7.1230183736e-01
   1.8880000000e-02   6.6875612077e-02   1.0527403495e+03  -1.8476465593e+06   3.2517547379e-01   4.4674180240e-04   7.4625328788e-09   3.0623964047e-09   4.4288996689e-03   1.1833989699e-08   8.3418664332e-02   1.3930473340e-06   3.4535182194e-11   2.9324344083e-13   5.6134360758e-06   9.3371428823e-03   2.2679461573e-02   1.6839083163e-01   2.9287973455e-10   1.3153076728e-05   8.8332016512e-12   7.1127804580e-01
   1.9520000000e-02   6.8539535268e-02   1.0396113624e+03  -1.8592028517e+06   3.2857389204e-01   4.9316793756e-04   6.0811089023e-09   1.9609409527e-09   3.8827581075e-03   7.7739651182e-09   8.3289092762e-02   1.1441932520e-06   2.0590473775e-11   1.6278220719e-13   4.5975365484e-06   1.0547381165e-02   2.4935255312e-02   1.6659710834e-01   2.3237953171e-10   1.1282262991e-05   6.9115371472e-12   7.1023822644e-01
   2.0160000000e-02   7.0220573930e-02   1.0273598734e+03  -1.8689222979e+06   3.3176884981e-01   5.3996315179e-04   4.9824141236e-09   1.2682656070e-09   3.4025732506e-03   5.1986190091e-09   8.3134604000e-02   9.3763173778e-07   1.2515904884e-11   9.2408430498e-14   3.7827094513e-06   1.1790353143e-02   2.7197494527e-02   1.6474167264e-01   1.9018682308e-10   9.6989401009e-06   5.4986650383e-12   7.0917887833e-01
   2.0800000000e-02   7.1919018330e-02   1.0159534831e+03  -1.8769850580e+06   3.3475709765e-01   5.8705592340e-04   4.1059329202e-09   8.2877719917e-10   2.9812412175e-03   3.5369061959e-09   8.2957360691e-02   7.6686549484e-07   7.7573688197e-12   5.3662007556e-14   3.1296231151e-06   1.3065861323e-02   2.9458622479e-02   1.6284046394e-01   1.6006992393e-10   8.3558270950e-06   4.4355273703e-12   7.0809716357e-01
   2.1440000000e-02   7.3635073488e-02   1.0053565728e+03  -1.8835655214e+06   3.3753763782e-01   6.3437835800e-04   3.4044750393e-09   5.4737512905e-10   2.6121548872e-03   2.4471659426e-09   8.2759346057e-02   6.2628118037e-07   4.9028646404e-12   3.1881625460e-14   2.6055774897e-06   1.4373695329e-02   3.1711251348e-02   1.6090837245e-01   1.3806335264e-10   7.2135390062e-06   3.6203787564e-12   7.0699031965e-01
   2.2080000000e-02   7.5368868297e-02   9.9553153909e+02  -1.8888301681e+06   3.4011139174e-01   6.8186572590e-04   2.8409964198e-09   3.6545901698e-10   2.2891825652e-03   1.7211967255e-09   8.2542502700e-02   5.1096731462e-07   3.1595611842e-12   1.9378108031e-14   2.1839691932e-06   1.5713642383e-02   3.3948244094e-02   1.5895925404e-01   1.2159143175e-10   6.2393063350e-06   2.9855524345e-12   7.0585639926e-01
   2.2720000000e-02   7.7120466069e-02   9.8643944518e+02  -1.8929361737e+06   3.4248100279e-01   7.2945524437e-04   2.3863985059e-09   2.4666812537e-10   2.0066850728e-03   1.2300798764e-09   8.2308674445e-02   4.1664910729e-07   2.0755309853e-12   1.2046650277e-14   1.8434868025e-06   1.7085483376e-02   3.6162748788e-02   1.5700564643e-01   1.0895248319e-10   5.4058780621e-06   2.4845468773e-12   7.0469360674e-01
   2.3360000000e-02   7.8889876621e-02   9.7804039077e+02  -1.8960308370e+06   3.4465070117e-01   7.7708636346e-04   2.0178596514e-09   1.6828570817e-10   1.7595468321e-03   8.9280918215e-10   8.2059685033e-02   3.3965437367e-07   1.3892346581e-12   7.6561287991e-15   1.5672389696e-06   1.8489020039e-02   3.8348293127e-02   1.5505884164e-01   9.9006024131e-11   4.6906404925e-06   2.0845417035e-12   7.0350095627e-01
   2.4000000000e-02   8.0677069297e-02   9.7029368237e+02  -1.8982515791e+06   3.4662621663e-01   8.2469994568e-04   1.7175067461e-09   1.1601433244e-10   1.5431919692e-03   6.5776602733e-10   8.1797247070e-02   2.7687423193e-07   9.4695679690e-13   4.9713622112e-15   1.3419246239e-06   1.9924070861e-02   4.0498806089e-02   1.5312871019e-01   9.0978084128e-11   4.0748773959e-06   1.7618661702e-12   7.0227754776e-01
   2.4640000000e-02   8.2481986010e-02   9.6315807971e+02  -1.8997256347e+06   3.4841464876e-01   8.7223898006e-04   1.4713554733e-09   8.0783206735e-11   1.3535853700e-03   4.9160912080e-10   8.1523025140e-02   2.2571215156e-07   6.5692789118e-13   3.2957068237e-15   1.1571099033e-06   2.1390496400e-02   4.2608697048e-02   1.5122387913e-01   8.4337771172e-11   3.5431480733e-06   1.4991484410e-12   7.0102317980e-01
   2.5280000000e-02   8.4304553244e-02   9.5659210745e+02  -1.9005702244e+06   3.5002429804e-01   9.1964788608e-04   1.2684620452e-09   5.6787177419e-11   1.1872103050e-03   3.7251376640e-10   8.1238542891e-02   1.8402295203e-07   4.6348742881e-13   2.2288346169e-15   1.0046213475e-06   2.2888184679e-02   4.4672847730e-02   1.4935165340e-01   7.8717472569e-11   3.0827350444e-06   1.2834509501e-12   6.9973761015e-01
   2.5920000000e-02   8.6144692258e-02   9.5055442750e+02  -1.9008928680e+06   3.5146445961e-01   9.6687343597e-04   1.1002548457e-09   4.0276419099e-11   1.0410323616e-03   2.8600586437e-10   8.0945250844e-02   1.5004887897e-07   3.3233832016e-13   1.5363666503e-15   8.7805622290e-07   2.4417070410e-02   4.6686668137e-02   1.4751825644e-01   7.3860765134e-11   2.6831658501e-06   1.1050175388e-12   6.9842116551e-01
   2.6560000000e-02   8.8002327003e-02   9.4500424785e+02  -1.9007917704e+06   3.5274518994e-01   1.0138640187e-03   9.6000661626e-10   2.8804908324e-11   9.1244946609e-04   2.2236125643e-10   8.0644443443e-02   1.2235709492e-07   2.4201214491e-13   1.0785213111e-15   7.7239095496e-07   2.5977109615e-02   4.8646058939e-02   1.4572879378e-01   6.9587726497e-11   2.3357909318e-06   9.5640594863e-13   6.9707401918e-01
   2.7200000000e-02   8.9877389613e-02   9.3990173128e+02  -1.9003562358e+06   3.5387706293e-01   1.0605706540e-03   8.4242421044e-10   2.0760928231e-11   7.9923868538e-04   1.7496366846e-10   8.0337336552e-02   9.9783018023e-08   1.7886062920e-13   7.7040582101e-16   6.8367513384e-07   2.7568295407e-02   5.0547449323e-02   1.4398750388e-01   6.5771743062e-11   2.0334301505e-06   8.3187923679e-13   6.9569681736e-01
   2.7840000000e-02   9.1769823600e-02   9.3520837442e+02  -1.8996670888e+06   3.5487093022e-01   1.1069461406e-03   7.4332753571e-10   1.5071518876e-11   6.9950053381e-04   1.3925476871e-10   8.0024994697e-02   8.1380721338e-08   1.3407351694e-13   5.5953682298e-16   6.0879137227e-07   2.9190625597e-02   5.2387738267e-02   1.4229772160e-01   6.2323577653e-11   1.7700753722e-06   7.2696911434e-13   6.9428998230e-01
   2.8480000000e-02   9.3679585073e-02   9.3088733074e+02  -1.8987970966e+06   3.5573770023e-01   1.1529461140e-03   6.5940218846e-10   1.1015038177e-11   6.1160831761e-04   1.1205564479e-10   7.9708415241e-02   6.6381434479e-08   1.0187831695e-13   4.1290161018e-16   5.4527022235e-07   3.0844119356e-02   5.4164323286e-02   1.4066211051e-01   5.9180449147e-11   1.5406547947e-06   6.3816187184e-13   6.9285435382e-01
   2.9120000000e-02   9.5606642410e-02   9.2690366535e+02  -1.8978113887e+06   3.5648814445e-01   1.1985280570e-03   5.8800658189e-10   8.1012019117e-12   5.3416155729e-04   9.1122742504e-11   7.9388461315e-02   5.4159317738e-08   7.8437557868e-14   3.0938337343e-16   4.9114573799e-07   3.2528781562e-02   5.5875029577e-02   1.3908260986e-01   5.6298238046e-11   1.3408440274e-06   5.6266773140e-13   6.9139051159e-01
   2.9760000000e-02   9.7550974821e-02   9.2322453477e+02  -1.8967678816e+06   3.5713273714e-01   1.2436523899e-03   5.2702415775e-10   5.9936548875e-12   4.6594746252e-04   7.4854352455e-11   7.9065947741e-02   4.4203987701e-08   6.1164187199e-14   2.3525487324e-16   4.4484485983e-07   3.4244623540e-02   5.7518136856e-02   1.3756064221e-01   5.3646014321e-11   1.1669232451e-06   4.9825221527e-13   6.8989942289e-01
   3.0400000000e-02   9.9512570215e-02   9.1981929625e+02  -1.8957177066e+06   3.5768152930e-01   1.2882813463e-03   4.7474815133e-10   4.4594811088e-12   4.0590804864e-04   6.2094093145e-11   7.8741575237e-02   3.6098443260e-08   4.8290361689e-14   1.8145281583e-16   4.0510103470e-07   3.5991626245e-02   5.9092302428e-02   1.3609704423e-01   5.1201974855e-11   1.0156656562e-06   4.4310986559e-13   6.8838177550e-01
   3.1040000000e-02   1.0149142272e-01   9.1665955233e+02  -1.8947056434e+06   3.5814405634e-01   1.3323801029e-03   4.2979363105e-10   3.3359799100e-12   3.5311457559e-04   5.1998145564e-11   7.8416014562e-02   2.9501578378e-08   3.8592360318e-14   1.4190398944e-16   3.7088830770e-07   3.7769766505e-02   6.0596590032e-02   1.3469225418e-01   4.8950568612e-11   8.8425504156e-07   3.9577064327e-13   6.8683862451e-01
   3.1680000000e-02   1.0348753013e-01   9.1371914306e+02  -1.8937705565e+06   3.5852927528e-01   1.3759155338e-03   3.9102868626e-10   2.5085652298e-12   3.0674651715e-04   4.3944355094e-11   7.8089839611e-02   2.4134153980e-08   3.1212562878e-14   1.1248072999e-16   3.4136961872e-07   3.9578979534e-02   6.2030389890e-02   1.3334623220e-01   4.6880306056e-11   7.7022085720e-07   3.5502843539e-13   6.8527073109e-01
   3.2320000000e-02   1.0550089138e-01   9.1097409525e+02  -1.8929458314e+06   3.5884552818e-01   1.4188573905e-03   3.5752204304e-10   1.8959303440e-12   2.6607574802e-04   3.7469513247e-11   7.7763608382e-02   1.9767609534e-08   2.5542874591e-14   9.0339838307e-17   3.1585747090e-07   4.1419190826e-02   6.3393450970e-02   1.3205863373e-01   4.4982253705e-11   6.7138974115e-07   3.1988738372e-13   6.8367920507e-01
   3.2960000000e-02   1.0753150433e-01   9.0840254127e+02  -1.8922598069e+06   3.5910052622e-01   1.4611769512e-03   3.2850178449e-10   1.4399807888e-12   2.3045353878e-04   3.2225472967e-11   7.7437794444e-02   1.6214970535e-08   2.1147297871e-14   7.3497689109e-17   2.9378281661e-07   4.3290277604e-02   6.4685799255e-02   1.3082872418e-01   4.3248881890e-11   5.8584569679e-07   2.8952002593e-13   6.8206484844e-01
   3.3600000000e-02   1.0957936376e-01   9.0598461521e+02  -1.8917361989e+06   3.5930135088e-01   1.5028482614e-03   3.0332397343e-10   1.0989456465e-12   1.9930078766e-04   2.7948257846e-11   7.7112864802e-02   1.3323484233e-08   1.7709957925e-14   6.0553640284e-17   2.7467146152e-07   4.5192105947e-02   6.5907773607e-02   1.2965554257e-01   4.1673344133e-11   5.1189915466e-07   2.6323549776e-13   6.8042879324e-01
   3.4240000000e-02   1.1164445969e-01   9.0370233604e+02  -1.8913945123e+06   3.5945446740e-01   1.5438466932e-03   2.8144761978e-10   8.4261494933e-13   1.7209970921e-04   2.4435989504e-11   7.6789210200e-02   1.0968542363e-08   1.4999719810e-14   5.0507289774e-17   2.5812515300e-07   4.7124490505e-02   6.7059942736e-02   1.2853781331e-01   4.0248933292e-11   4.4806005604e-07   2.4045416780e-13   6.7877185010e-01
   3.4880000000e-02   1.1372677598e-01   9.0153948237e+02  -1.8912504378e+06   3.5956574780e-01   1.5841502534e-03   2.6241566366e-10   6.4902356651e-13   1.4838739970e-04   2.1533060642e-11   7.6467220553e-02   9.0486948817e-09   1.2845884479e-14   4.2636390042e-17   2.4380729579e-07   4.9087236376e-02   6.8143144463e-02   1.2747410226e-01   3.8968818460e-11   3.9301592806e-07   2.2068814454e-13   6.7709514190e-01
   3.5520000000e-02   1.1582628928e-01   8.9948146525e+02  -1.8913162309e+06   3.5964050001e-01   1.6237380656e-03   2.4583952410e-10   5.0212060266e-13   1.2775006540e-04   1.9118597768e-11   7.6147214808e-02   7.4814972169e-09   1.1121257722e-14   3.6414102559e-17   2.3143128466e-07   5.1080096449e-02   6.9158401710e-02   1.2646272680e-01   3.7825850323e-11   3.4561188703e-07   2.0352531796e-13   6.7539945813e-01
   3.6160000000e-02   1.1794296818e-01   8.9751520084e+02  -1.8916010722e+06   3.5968350144e-01   1.6625917505e-03   2.3138736616e-10   3.9012232532e-13   1.0981834147e-04   1.7098049743e-11   7.5829514618e-02   6.2000852489e-09   9.7302755554e-15   3.1452403240e-17   2.2075174758e-07   5.3102817674e-02   7.0106964908e-02   1.2550190532e-01   3.6812548737e-11   3.0483375992e-07   1.8861693287e-13   6.7368588463e-01
   3.6800000000e-02   1.2007677268e-01   8.9562898707e+02  -1.8921114069e+06   3.5969903459e-01   1.7006938394e-03   2.1877432908e-10   3.0433848557e-13   9.4262896068e-05   1.5396938485e-11   7.5514374367e-02   5.1503196204e-09   8.6005548698e-15   2.7462817446e-17   2.1155720343e-07   5.5155095557e-02   7.0990227356e-02   1.2458966579e-01   3.5921089618e-11   2.6979229576e-07   1.7566709447e-13   6.7195516437e-01
   3.7440000000e-02   1.2222765385e-01   8.9381238435e+02  -1.8928512635e+06   3.5969092403e-01   1.7380292294e-03   2.0775511803e-10   2.3833264262e-13   8.0790714297e-05   1.3956235934e-11   7.5202053579e-02   4.2884352442e-09   7.6768577601e-15   2.4228996240e-17   2.0366460953e-07   5.7236624574e-02   7.1809770590e-02   1.2372398926e-01   3.5143409988e-11   2.3970958600e-07   1.6442446709e-13   6.7020832336e-01
   3.8080000000e-02   1.2439555368e-01   8.9205610298e+02  -1.8938225509e+06   3.5966257312e-01   1.7745835349e-03   1.9811763605e-10   1.8731700393e-13   6.9141523719e-05   1.2728865988e-11   7.4892747479e-02   3.5790906052e-09   6.9167131193e-15   2.1587279421e-17   1.9691462518e-07   5.9347049488e-02   7.2567279491e-02   1.2290271685e-01   3.4471270406e-11   2.1390626250e-07   1.5467501802e-13   6.6844603804e-01
   3.8720000000e-02   1.2658040511e-01   8.9035189626e+02  -1.8950253357e+06   3.5961700024e-01   1.8103446164e-03   1.8967817703e-10   1.4771515616e-13   5.9084692948e-05   1.1677084422e-11   7.4586658430e-02   2.9937724474e-09   6.2872396324e-15   1.9412869295e-17   1.9116815392e-07   6.1486019776e-02   7.3264590471e-02   1.2212368755e-01   3.3896396539e-11   1.9179041975e-07   1.4623619605e-13   6.6666925740e-01
   3.9360000000e-02   1.2878213226e-01   8.8869246124e+02  -1.8964580967e+06   3.5955687354e-01   1.8453008765e-03   1.8227713094e-10   1.1684396638e-13   5.0416234769e-05   1.0770460242e-11   7.4283927232e-02   2.5094815427e-09   5.7627998736e-15   1.7609836882e-17   1.8630319462e-07   6.3653137500e-02   7.3903606715e-02   1.2138464369e-01   3.3410555539e-11   1.7284718966e-07   1.3895168847e-13   6.6487857701e-01
   4.0000000000e-02   1.3100065075e-01   8.8707134554e+02  -1.8981179615e+06   3.5948454439e-01   1.8794428599e-03   1.7577576954e-10   9.2681840591e-14   4.2956173682e-05   9.9843482367e-12   7.3984703727e-02   2.1076666495e-09   5.3232759501e-15   1.6103900267e-17   1.8221260156e-07   6.5848015691e-02   7.4486349067e-02   1.2068336322e-01   3.3005690231e-11   1.5662973564e-07   1.3268720617e-13   6.6307485713e-01
   4.0640000000e-02   1.3323586815e-01   8.8548286175e+02  -1.9000009215e+06   3.5940207865e-01   1.9127614968e-03   1.7005324114e-10   7.3698789901e-14   3.6546018497e-05   9.2986902270e-12   7.3689078910e-02   1.7733531617e-09   4.9527746926e-15   1.4837107454e-17   1.7880191446e-07   6.8070222574e-02   7.5014871759e-02   1.2001756365e-01   3.2673978376e-11   1.4275082424e-07   1.2732662836e-13   6.6125860330e-01
   4.1280000000e-02   1.3548768455e-01   8.8392200773e+02  -1.9021020299e+06   3.5931128629e-01   1.9452497708e-03   1.6500435403e-10   5.8731745440e-14   3.1046534079e-05   8.6971009894e-12   7.3397154767e-02   1.4944420619e-09   4.6386661120e-15   1.3763943000e-17   1.7598787162e-07   7.0319343861e-02   7.5491315874e-02   1.1938502930e-01   3.2407940028e-11   1.3087558812e-07   1.2276897030e-13   6.5943058026e-01
   4.1920000000e-02   1.3775599322e-01   8.8238439403e+02  -1.9044155799e+06   3.5921374866e-01   1.9769009139e-03   1.6053739480e-10   4.6892460928e-14   2.6335625350e-05   8.1661367517e-12   7.3108977209e-02   1.2611408578e-09   4.3708491599e-15   1.2848409130e-17   1.7369685205e-07   7.2594923169e-02   7.5917825886e-02   1.1878351363e-01   3.2200468015e-11   1.2071479511e-07   1.1892561341e-13   6.5759119904e-01
   4.2560000000e-02   1.4004068126e-01   8.8086617663e+02  -1.9069352679e+06   3.5911084399e-01   2.0077101378e-03   1.5657255510e-10   3.7499485726e-14   2.2306473389e-05   7.6947347629e-12   7.2824605160e-02   1.0655089908e-09   4.1412023530e-15   1.2061865350e-17   1.7186386183e-07   7.4896528204e-02   7.6296605558e-02   1.1821086185e-01   3.2044903774e-11   1.1201911817e-07   1.1571823921e-13   6.5574112630e-01
   4.3200000000e-02   1.4234163048e-01   8.7936399619e+02  -1.9096543381e+06   3.5900377055e-01   2.0376727818e-03   1.5304029336e-10   3.0027555933e-14   1.8865786668e-05   7.2737552153e-12   7.2544044292e-02   9.0109073643e-10   3.9431566172e-15   1.1381378177e-17   1.7043136619e-07   7.7223687222e-02   7.6629835572e-02   1.1766491180e-01   3.1935038448e-11   1.0457383302e-07   1.1307695678e-13   6.5388067790e-01
   4.3840000000e-02   1.4465871814e-01   8.7787492203e+02  -1.9125657143e+06   3.5889356813e-01   2.0667861037e-03   1.4988019151e-10   2.4069958160e-14   1.5932265298e-05   6.8956299737e-12   7.2267315364e-02   7.6262353040e-10   3.7713742189e-15   1.0788489747e-17   1.6934858037e-07   7.9575959104e-02   7.6919731712e-02   1.1714361228e-01   3.1865160347e-11   9.8194350960e-08   1.1093902529e-13   6.5201042342e-01
   4.4480000000e-02   1.4699181784e-01   8.7639640195e+02  -1.9156621149e+06   3.5878113734e-01   2.0950473839e-03   1.4703968946e-10   1.9310317585e-14   1.3435176830e-05   6.5540686609e-12   7.1994388724e-02   6.4580307308e-10   3.6214938572e-15   1.0268257598e-17   1.6857055692e-07   8.1952865716e-02   7.7168463793e-02   1.1664492267e-01   3.1830031507e-11   9.2722096869e-08   1.0924768255e-13   6.5013058597e-01
   4.5120000000e-02   1.4934080038e-01   8.7492621605e+02  -1.9189361562e+06   3.5866725732e-01   2.1224557695e-03   1.4447324144e-10   1.5501463677e-14   1.1313110378e-05   6.2438341843e-12   7.1725251894e-02   5.4709717216e-10   3.4899388976e-15   9.8085346177e-18   1.6805767942e-07   8.4353965887e-02   7.7378215983e-02   1.1616692730e-01   3.1824913266e-11   8.8021078104e-08   1.0795144671e-13   6.4824164188e-01
   4.5760000000e-02   1.5170553468e-01   8.7346243579e+02  -1.9223804416e+06   3.5855260146e-01   2.1490103374e-03   1.4214131715e-10   1.2449456618e-14   9.5128334904e-06   5.9605498761e-12   7.1459844796e-02   4.6359551461e-10   3.3737612092e-15   9.3993940481e-18   1.6777492349e-07   8.6778783554e-02   7.7551107197e-02   1.1570773410e-01   3.1845525050e-11   8.3974717944e-08   1.0700341964e-13   6.4634372647e-01
   4.6400000000e-02   1.5408588865e-01   8.7200338646e+02  -1.9259876404e+06   3.5843775185e-01   2.1747119875e-03   1.4000977603e-10   1.0001523983e-14   7.9882962020e-06   5.7005537169e-12   7.1198126575e-02   3.9288988205e-10   3.2705241820e-15   9.0326979899e-18   1.6769149229e-07   8.9226885638e-02   7.7689253366e-02   1.1526558528e-01   3.1888055265e-11   8.0483256719e-08   1.0636094663e-13   6.4443722863e-01
   4.7040000000e-02   1.5648173008e-01   8.7054761420e+02  -1.9297505539e+06   3.5832321182e-01   2.1995614665e-03   1.3804907152e-10   8.0368601798e-15   6.6997258727e-06   5.4607691779e-12   7.0940011529e-02   3.3297545740e-10   3.1782044225e-15   8.7017430118e-18   1.6778020178e-07   9.1697805897e-02   7.7794689441e-02   1.1483875523e-01   3.1949110012e-11   7.7461343736e-08   1.0598523454e-13   6.4252220274e-01
   4.7680000000e-02   1.5889292749e-01   8.6909385585e+02  -1.9336621729e+06   3.5820941743e-01   2.2235613053e-03   1.3623412427e-10   6.4596688205e-15   5.6128416623e-06   5.2386114779e-12   7.0685435141e-02   2.8216820931e-10   3.0951218943e-15   8.4010017642e-18   1.6801719581e-07   9.4191126694e-02   7.7869433395e-02   1.1442565800e-01   3.2025798571e-11   7.4836094162e-08   1.0584242249e-13   6.4059895772e-01
   4.8746666667e-02   1.6293686940e-01   8.6667244093e+02  -1.9404294026e+06   3.5802308052e-01   2.2621411208e-03   1.3346484207e-10   4.4025083506e-15   4.0883494772e-06   4.8999971733e-12   7.0266774378e-02   2.1026868823e-10   2.9715156806e-15   7.9495053611e-18   1.6862027315e-07   9.8383161505e-02   7.7946039584e-02   1.1375757254e-01   3.2185597690e-11   7.1018100520e-08   1.0598315609e-13   6.3737991673e-01
   5.0240000000e-02   1.6868027115e-01   8.6327901391e+02  -1.9506004829e+06   3.5776920327e-01   2.3115843476e-03   1.3002139047e-10   2.6222967018e-15   2.6608722068e-06   4.4856274315e-12   6.9698599123e-02   1.4165749437e-10   2.8283237197e-15   7.4141194892e-18   1.6999842708e-07   1.0436793558e-01   7.7913864818e-02   1.1287546105e-01   3.2444263256e-11   6.7010882894e-08   1.0693484237e-13   6.3282972233e-01
   5.1733333333e-02   1.7450393111e-01   8.5987316377e+02  -1.9614119430e+06   3.5752746120e-01   2.3565132958e-03   1.2691707097e-10   1.5531061254e-15   1.7149304801e-06   4.1233702523e-12   6.9146745462e-02   9.4878747873e-11   2.7075865327e-15   6.9536248989e-18   1.7173187770e-07   1.1046357568e-01   7.7764012594e-02   1.1203112818e-01   3.2732823336e-11   6.3875477310e-08   1.0842477651e-13   6.2823600889e-01
   5.3226666667e-02   1.8040650357e-01   8.5644799009e+02  -1.9728016642e+06   3.5730031208e-01   2.3970139632e-03   1.2403548347e-10   9.1350879946e-16   1.0941175138e-06   3.8019271615e-12   6.8609623951e-02   6.3090799408e-11   2.6025118014e-15   6.5466862005e-18   1.7369340816e-07   1.1666570667e-01   7.7516072675e-02   1.1121165756e-01   3.3037813411e-11   6.1290435184e-08   1.1023630566e-13   6.2359866060e-01
   5.4720000000e-02   1.8638684356e-01   8.5299795658e+02  -1.9847184512e+06   3.5708979543e-01   2.4331872019e-03   1.2129586820e-10   5.3306559399e-16   6.9076743333e-07   3.5132520253e-12   6.8085484078e-02   4.1608485656e-11   2.5084403407e-15   6.1788973682e-18   1.7578841089e-07   1.2297036079e-01   7.7187233483e-02   1.1040641357e-01   3.3350552887e-11   5.9035042351e-08   1.1220291477e-13   6.1891633070e-01
   5.6213333333e-02   1.9244403832e-01   8.4951837357e+02  -1.9971216082e+06   3.5689770420e-01   2.4651519128e-03   1.1864252677e-10   3.0836323037e-16   4.3143577275e-07   3.2514890658e-12   6.7572607291e-02   2.7193403536e-11   2.4221281745e-15   5.8403898126e-18   1.7794576901e-07   1.2937424436e-01   7.6792459978e-02   1.0960704749e-01   3.3665823808e-11   5.6959029851e-08   1.1419665811e-13   6.1418788646e-01
   5.7706666667e-02   1.9857743013e-01   8.4600506686e+02  -2.0099800755e+06   3.5672568565e-01   2.4930382767e-03   1.1603673595e-10   1.7672513665e-16   2.6649797903e-07   3.0122673973e-12   6.7069207446e-02   1.7600574985e-11   2.3412674895e-15   5.5242744862e-18   1.8011037191e-07   1.3587450283e-01   7.6344421426e-02   1.0880701013e-01   3.3980667177e-11   5.4961504017e-08   1.1611791380e-13   6.0941125452e-01
   5.9200000000e-02   2.0478663064e-01   8.4245416858e+02  -2.0232713173e+06   3.5657529822e-01   2.5169909450e-03   1.1345150251e-10   1.0030210772e-16   1.6276270757e-07   2.7922507789e-12   6.6573603764e-02   1.1275638995e-11   2.2641806978e-15   5.2256579368e-18   1.8223820355e-07   1.4246897665e-01   7.5853791064e-02   1.0800150470e-01   3.4293589374e-11   5.2976715948e-08   1.1788832125e-13   6.0458479797e-01
   6.0693333333e-02   2.1107152749e-01   8.3886200743e+02  -2.0369800746e+06   3.5644803369e-01   2.5371620977e-03   1.1086753412e-10   5.6365692869e-17   9.8265494801e-08   2.5888302458e-12   6.6084109328e-02   7.1468911557e-12   2.1896117968e-15   4.9409879988e-18   1.8429213888e-07   1.4915591418e-01   7.5329269379e-02   1.0718699141e-01   3.4603854679e-11   5.0964134287e-08   1.1944572469e-13   5.9970615709e-01
   6.2186666667e-02   2.1743228391e-01   8.3522505164e+02  -2.0510971155e+06   3.5634532383e-01   2.5537146059e-03   1.0827090377e-10   3.1366060420e-17   5.8633784769e-08   2.3999299140e-12   6.5599185708e-02   4.4802249766e-12   2.1165983245e-15   4.6676501977e-18   1.8623957536e-07   1.5593422761e-01   7.4777941315e-02   1.0636114775e-01   3.4911102304e-11   4.8901813072e-08   1.2074164829e-13   5.9477355149e-01
   6.3680000000e-02   2.2386933251e-01   8.3153989685e+02  -2.0656180386e+06   3.5626853433e-01   2.5668150095e-03   1.0565111554e-10   1.7293802074e-17   3.4572077095e-08   2.2238671374e-12   6.5117321974e-02   2.7769164053e-12   2.0443815875e-15   4.4036914109e-18   1.8805016456e-07   1.6280316502e-01   7.4205336929e-02   1.0552241305e-01   3.5214963032e-11   4.6781579826e-08   1.2173978908e-13   5.8978461649e-01
   6.5173333333e-02   2.3038336434e-01   8.2780326636e+02  -2.0805422065e+06   3.5621895880e-01   2.5766366967e-03   1.0300021716e-10   9.4596324343e-18   2.0141068500e-08   2.0592653891e-12   6.4637174047e-02   1.7014088063e-12   1.9723571992e-15   4.1476585621e-18   1.8969491636e-07   1.6976257736e-01   7.3615794295e-02   1.0466999107e-01   3.5514925193e-11   4.4605739209e-08   1.2241600812e-13   5.8473763348e-01
   6.6666666667e-02   2.3697531443e-01   8.2401202678e+02  -2.0958718165e+06   3.5619781107e-01   2.5833529371e-03   1.0031189258e-10   5.1465307218e-18   1.1592947110e-08   1.9049853046e-12   6.4157437585e-02   1.0303220619e-12   1.9000382042e-15   3.8984800984e-18   1.9114503813e-07   1.7681256035e-01   7.3012514874e-02   1.0380345780e-01   3.5810136857e-11   4.2384398182e-08   1.2275836902e-13   5.7963037010e-01
   6.8160000000e-02   2.4364634505e-01   8.2016319659e+02  -2.1116111441e+06   3.5620622409e-01   2.5871401534e-03   9.7581256622e-11   2.7976611294e-18   6.5929102884e-09   1.7600824610e-12   6.3676975532e-02   6.1665138131e-13   1.8270401143e-15   3.6554031828e-18   1.9237188470e-07   1.8395374167e-01   7.2397898010e-02   1.0292281824e-01   3.6099408763e-11   4.0133469188e-08   1.2276784726e-13   5.7446124778e-01
   6.9653333333e-02   2.5039782757e-01   8.1625395744e+02  -2.1277659350e+06   3.5624525072e-01   2.5881711532e-03   9.4804434295e-11   1.5313538920e-18   3.7052982219e-09   1.6237690619e-12   6.3194688327e-02   3.6481414077e-13   1.7530672777e-15   3.4179385882e-18   1.9334644734e-07   1.9118690095e-01   7.1773566437e-02   1.0202818058e-01   3.6381116310e-11   3.7872791544e-08   1.2245841387e-13   5.6922819735e-01
   7.1146666667e-02   2.5723132416e-01   8.1228165192e+02  -2.1443429548e+06   3.5631587239e-01   2.5866185681e-03   9.1978661752e-11   8.5437692598e-19   2.0589995176e-09   1.4953909018e-12   6.2709632831e-02   2.1343924047e-13   1.6779123606e-15   3.1858345891e-18   1.9403981814e-07   1.9851328337e-01   7.1140655880e-02   1.0111986309e-01   3.6653276371e-11   3.5624604959e-08   1.2185727195e-13   5.6392977406e-01
   7.2640000000e-02   2.6414856987e-01   8.0824378109e+02  -2.1613496585e+06   3.5641900918e-01   2.5826484066e-03   8.9102093837e-11   4.9427568621e-19   1.1325239766e-09   1.3744029864e-12   6.2220892814e-02   1.2362780093e-13   1.6014522063e-15   2.9590444974e-18   1.9442309917e-07   2.0593420324e-01   7.0499801985e-02   1.0019812557e-01   3.6913505276e-11   3.3412010803e-08   1.2100411536e-13   5.5856403973e-01
   7.4133333333e-02   2.7115145598e-01   8.0413798890e+02  -2.1787939785e+06   3.5655553644e-01   2.5764237149e-03   8.6174032925e-11   3.0250507386e-19   6.1791597274e-10   1.2603550290e-12   6.1727691754e-02   7.1049415109e-14   1.5236520929e-15   2.7377104194e-18   1.9446821662e-07   2.1345138716e-01   6.9851382229e-02   9.9263313616e-02   3.7159140339e-11   3.1257722141e-08   1.1995032449e-13   5.5312963370e-01
   7.5626666667e-02   2.7824201499e-01   7.9996204776e+02  -2.1966841897e+06   3.5672630108e-01   2.5680985387e-03   8.3194840050e-11   1.9915346952e-19   3.3580644010e-10   1.1528739308e-12   6.1229265783e-02   4.0690030747e-14   1.4445640094e-15   2.5221354697e-18   1.9414813462e-07   2.2106656391e-01   6.9195466539e-02   9.8315633504e-02   3.7387236135e-11   2.9182844093e-08   1.1875713449e-13   5.4762468982e-01
   7.7120000000e-02   2.8542240761e-01   7.9571383382e+02  -2.2150288515e+06   3.5693214228e-01   2.5578218265e-03   8.0166200765e-11   1.4181466796e-19   1.8316628242e-10   1.0516532611e-12   6.0724972040e-02   2.3411310405e-14   1.3643302394e-15   2.3127655183e-18   1.9343792193e-07   2.2878183798e-01   6.8532017064e-02   9.7355319260e-02   3.7594720501e-11   2.7205980425e-08   1.1749380175e-13   5.4204786847e-01
   7.8613333333e-02   2.9269491207e-01   7.9139130598e+02  -2.2338367885e+06   3.5717391023e-01   2.5457318472e-03   7.7091069603e-11   1.0829320285e-19   1.0163979706e-10   9.5643943821e-13   6.0214165511e-02   1.3728309065e-14   1.2831796411e-15   2.1101581844e-18   1.9231518458e-07   2.3659926657e-01   6.7860810480e-02   9.6382437197e-02   3.7778424015e-11   2.5342452874e-08   1.1623495441e-13   5.3639731350e-01
   8.0106666667e-02   3.0006191570e-01   7.8699247766e+02  -2.2531171147e+06   3.5745248750e-01   2.5319603244e-03   7.3973913720e-11   8.7130556807e-20   5.8638534508e-11   8.6702316614e-13   5.9696303878e-02   8.3953057414e-15   1.2014268602e-15   1.9149578552e-18   1.9076128500e-07   2.4452126254e-01   6.7181604654e-02   9.5397063181e-02   3.7935267128e-11   2.3603880030e-08   1.1505821884e-13   5.3067164734e-01
   8.1600000000e-02   3.0752590899e-01   7.8251539459e+02  -2.2728792679e+06   3.5776880716e-01   2.5166273194e-03   7.0820637404e-11   7.2489048410e-20   3.6220625205e-11   7.8322785257e-13   5.9170829074e-02   5.5190557806e-15   1.1194635406e-15   1.7278591116e-18   1.8876188003e-07   2.5255015831e-01   6.6494042201e-02   9.4399106106e-02   3.8062319771e-11   2.1997911158e-08   1.1404141210e-13   5.2486897022e-01
   8.3093333333e-02   3.1508948183e-01   7.7795810802e+02  -2.2931330655e+06   3.5812387245e-01   2.4998455549e-03   6.7638752959e-11   6.1429994940e-20   2.4648451266e-11   7.0490215550e-13   5.8637269033e-02   4.0112129007e-15   1.0377507717e-15   1.5495750753e-18   1.8630814615e-07   2.6068863623e-01   6.5797793155e-02   9.3388486119e-02   3.8157013692e-11   2.0528296058e-08   1.1326038946e-13   5.1898781820e-01
   8.4586666667e-02   3.2275532210e-01   7.7331865651e+02  -2.3138887520e+06   3.5851877197e-01   2.4817157436e-03   6.4437237197e-11   5.2486865796e-20   1.8712442151e-11   6.3191007603e-13   5.8095124335e-02   3.2552804683e-15   9.5680366340e-16   1.3807973290e-18   1.8339725320e-07   2.6893927894e-01   6.5092448361e-02   9.2364969933e-02   3.8217222416e-11   1.9195083696e-08   1.1278686599e-13   5.1302620533e-01
   8.6080000000e-02   3.3052621632e-01   7.6859504790e+02  -2.3351570487e+06   3.5895469432e-01   2.4623310412e-03   6.1226585074e-11   4.4928955933e-20   1.5665357884e-11   5.6412448998e-13   5.7543966910e-02   2.9072022902e-15   8.7717651561e-16   1.2221618562e-18   1.8003339155e-07   2.7730502495e-01   6.4377645563e-02   9.1328344246e-02   3.8241481697e-11   1.7995072621e-08   1.1268721732e-13   5.0698254314e-01
   8.7573333333e-02   3.3840505236e-01   7.6378525940e+02  -2.3569491688e+06   3.5943293392e-01   2.4417727794e-03   5.8018559607e-11   3.8386975461e-20   1.4079079058e-11   5.0141898589e-13   5.6983331909e-02   2.7778104534e-15   7.9944148537e-16   1.0742114079e-18   1.7622796332e-07   2.8578870510e-01   6.3652959151e-02   9.0278258886e-02   3.8229062993e-11   1.6922310960e-08   1.1302151712e-13   5.0085472558e-01
   8.9066666667e-02   3.4639482394e-01   7.5888726380e+02  -2.3792767783e+06   3.5995488398e-01   2.4201149768e-03   5.4826098989e-11   3.2665858952e-20   1.3221714512e-11   4.4366283930e-13   5.6412813173e-02   2.7646427808e-15   7.2416864196e-16   9.3736667143e-19   1.7200017891e-07   2.9439352118e-01   6.2918014854e-02   8.9214392342e-02   3.8180155461e-11   1.5968733435e-08   1.1384363529e-13   4.9464100805e-01
   9.0560000000e-02   3.5449863658e-01   7.5389915550e+02  -2.4021517485e+06   3.6052198068e-01   2.3974204307e-03   5.1662940576e-11   2.7652531047e-20   1.2723354393e-11   3.9071535362e-13   5.5831960411e-02   2.8130172917e-15   6.5190238271e-16   8.1189974472e-19   1.6737674995e-07   3.0312256822e-01   6.2172380244e-02   8.8136300992e-02   3.8095836525e-11   1.5124754381e-08   1.1520141505e-13   4.8833913514e-01
   9.2053333333e-02   3.6271971236e-01   7.4881960851e+02  -2.4255852109e+06   3.6113548463e-01   2.3737452189e-03   4.8543366331e-11   2.3271479381e-20   1.2399537332e-11   3.4242408366e-13   5.5240371496e-02   2.8941857859e-15   5.8314185440e-16   6.9792093019e-19   1.6239186596e-07   3.1197933061e-01   6.1415671526e-02   8.7043575799e-02   3.7977941248e-11   1.4379893194e-08   1.1713728662e-13   4.8194717972e-01
   9.3546666667e-02   3.7106139386e-01   7.4364614007e+02  -2.4495910893e+06   3.6179731834e-01   2.3491350912e-03   4.5481847947e-11   1.9463267603e-20   1.2159398844e-11   2.9861308663e-13   5.4637595167e-02   2.9932824934e-15   5.1831469929e-16   5.9535168562e-19   1.5708623405e-07   3.2096718570e-01   6.0647447784e-02   8.5935697862e-02   3.7830111095e-11   1.3723285054e-08   1.1969319868e-13   4.7546271699e-01
   9.5040000000e-02   3.7952715842e-01   7.3837519479e+02  -2.4741860288e+06   3.6251005251e-01   2.3236298382e-03   4.2492690326e-11   1.6175217510e-20   1.1958664820e-11   2.5908515357e-13   5.4023218752e-02   3.1028138819e-15   4.5776323982e-16   5.0393363096e-19   1.5150632856e-07   3.3008992601e-01   5.9867310609e-02   8.4812184836e-02   3.7657879654e-11   1.3144157078e-08   1.2291625224e-13   4.6888361495e-01
   9.6533333333e-02   3.8812063250e-01   7.3300385024e+02  -2.4993859136e+06   3.6327609018e-01   2.2972599196e-03   3.9589446198e-11   1.3357706056e-20   1.1775915469e-11   2.2362818198e-13   5.3396775243e-02   3.2191464261e-15   4.0173684612e-16   4.2325277407e-19   1.4570290457e-07   3.3935125893e-01   5.9074802304e-02   8.3672451208e-02   3.7467496780e-11   1.2632160768e-08   1.2685475979e-13   4.6220724499e-01
   9.8026666667e-02   3.9684560075e-01   7.2752901405e+02  -2.5252075073e+06   3.6409806183e-01   2.2700507098e-03   3.6784638363e-11   1.0962616755e-20   1.1600823472e-11   1.9201297748e-13   5.2757827748e-02   3.3407076043e-15   3.5038420173e-16   3.5275111297e-19   1.3972974388e-07   3.4875533740e-01   5.8269500554e-02   8.2515946316e-02   3.7266442149e-11   1.2177650592e-08   1.3156404846e-13   4.5543123345e-01
   9.9520000000e-02   4.0570602003e-01   7.2194739807e+02  -2.5516685229e+06   3.6497885002e-01   2.2420193360e-03   3.4089336306e-11   8.9431658779e-21   1.1428367154e-11   1.6399518615e-13   5.2105881724e-02   3.4670706649e-15   3.0375225252e-16   2.9175152738e-19   1.3364178953e-07   3.5830624579e-01   5.7450922133e-02   8.1342021216e-02   3.7063287517e-11   1.1771827420e-08   1.3710959112e-13   4.4855271692e-01
   1.0101333333e-01   4.1470603400e-01   7.1625552569e+02  -2.5787876230e+06   3.6592159952e-01   2.2131787011e-03   3.1512917269e-11   7.2543049949e-21   1.1256062689e-11   1.3931901257e-13   5.1440464693e-02   3.5985318996e-15   2.6179196886e-16   2.3948864183e-19   1.2749369628e-07   3.6800854922e-01   5.6618611792e-02   8.0150057205e-02   3.6867633140e-11   1.1406840833e-08   1.4357029949e-13   4.4156904596e-01
   1.0250666667e-01   4.2384998911e-01   7.1044971941e+02  -2.6065844639e+06   3.6692973905e-01   2.1835344904e-03   2.9062794531e-11   5.8532627413e-21   1.1082616807e-11   1.1772097565e-13   5.0761043353e-02   3.7359391608e-15   2.2436769171e-16   1.9514040098e-19   1.2133801521e-07   3.7786676971e-01   5.5772051472e-02   7.8939339358e-02   3.6689930101e-11   1.1075788028e-08   1.5104128818e-13   4.3447708341e-01
   1.0400000000e-01   4.3314245217e-01   7.0452608506e+02  -2.6350797479e+06   3.6800700733e-01   2.1530889455e-03   2.6744341066e-11   4.7001079347e-21   1.0907314969e-11   9.8934576081e-14   5.0067098595e-02   3.8806791484e-15   1.9127100127e-16   1.5786004978e-19   1.1522394795e-07   3.8788594972e-01   5.4910743649e-02   7.7709176118e-02   3.6541421118e-11   1.0772699115e-08   1.5963670355e-13   4.2727386175e-01
   1.0549333333e-01   4.4258822943e-01   6.9848050109e+02  -2.6642952678e+06   3.6915747923e-01   2.1218380129e-03   2.4560813914e-11   3.7581883537e-21   1.0729708805e-11   8.2694644048e-14   4.9358047253e-02   4.0347462229e-15   1.6223603104e-16   1.2680474494e-19   1.0919596757e-07   3.9807112172e-01   5.4034125964e-02   7.6458779665e-02   3.6433989391e-11   1.0492454574e-08   1.6949153204e-13   4.1995592365e-01
   1.0698666667e-01   4.5219238751e-01   6.9230860299e+02  -2.6942539635e+06   3.7038559769e-01   2.0897748404e-03   2.2513455352e-11   2.9944398911e-21   1.0549492238e-11   6.8741828932e-14   4.8633312198e-02   4.2008862961e-15   1.3695627398e-16   1.0116046384e-19   1.0329309904e-07   4.0842788441e-01   5.3141648891e-02   7.5187376716e-02   3.6380156568e-11   1.0230715144e-08   1.8076293576e-13   4.1251993245e-01
   1.0848000000e-01   4.6196027629e-01   6.8600576934e+02  -2.7249799789e+06   3.7169620853e-01   2.0568870515e-03   2.0601596786e-11   2.3795224504e-21   1.0366419123e-11   5.6826351582e-14   4.7892248571e-02   4.3827767107e-15   1.1510038560e-16   8.0161181590e-20   9.7548200680e-08   4.1896186852e-01   5.2232695675e-02   7.3894095833e-02   3.6393030191e-11   9.9838118057e-09   1.9362963981e-13   4.0496205453e-01
   1.0997333333e-01   4.7189755411e-01   6.7956710205e+02  -2.7564987324e+06   3.7309460266e-01   2.0231599474e-03   1.8822895897e-11   1.8878166371e-21   1.0180284945e-11   4.6711357299e-14   4.7134208712e-02   4.5852494521e-15   9.6326978858e-17   6.3102791095e-20   9.1987883832e-08   4.2967932487e-01   5.1306654165e-02   7.2578069450e-02   3.6486428373e-11   9.7486647449e-09   2.0828946434e-13   3.9727852236e-01
   1.1146666667e-01   4.8201021561e-01   6.7298740726e+02  -2.7888369914e+06   3.7458656297e-01   1.9885738972e-03   1.7173555044e-11   1.4972846160e-21   9.9908952376e-12   3.8175334470e-14   4.6358472667e-02   4.8145163615e-15   8.0296858056e-17   4.9351320097e-20   8.6632448281e-08   4.4058658948e-01   5.0362841840e-02   7.1238328016e-02   3.6674988439e-11   9.5226791383e-09   2.2495278807e-13   3.8946505747e-01
   1.1296000000e-01   4.9230462256e-01   6.6626116990e+02  -2.8220229625e+06   3.7617842063e-01   1.9531072376e-03   1.5648619241e-11   1.1892401708e-21   9.7980695271e-12   3.1013909379e-14   4.5564307728e-02   5.0783968962e-15   6.6683019665e-17   3.8346571338e-20   8.1496333749e-08   4.5169068304e-01   4.9400571670e-02   6.9873893226e-02   3.6974476221e-11   9.3036764025e-09   2.4383147757e-13   3.8151738574e-01
   1.1445333333e-01   5.0278753817e-01   6.5938252729e+02  -2.8560863886e+06   3.7787711892e-01   1.9167337738e-03   1.4242228191e-11   9.4804786450e-22   9.6016220301e-12   2.5040763917e-14   4.4750902934e-02   5.3864979951e-15   5.5177770312e-17   2.9601663761e-20   7.6588517398e-08   4.6299877888e-01   4.8419081969e-02   6.8483678739e-02   3.7402110969e-11   9.0898096965e-09   2.6512076743e-13   3.7343069938e-01
   1.1594666667e-01   5.1346616548e-01   6.5234523521e+02  -2.8910586673e+06   3.7969028953e-01   1.8794253733e-03   1.2947901334e-11   7.6079025303e-22   9.4013700488e-12   2.0087978094e-14   4.3917422977e-02   5.7503442660e-15   4.5497595446e-17   2.2699749899e-20   7.1913260215e-08   4.7451881412e-01   4.7417596110e-02   6.7066574473e-02   3.7977118444e-11   8.8795144244e-09   2.8897466923e-13   3.6520012375e-01
   1.1744000000e-01   5.2434819036e-01   6.4514263116e+02  -2.9269729802e+06   3.8162634037e-01   1.8411495728e-03   1.1758758928e-11   6.1692133908e-22   9.1971185773e-12   1.6005725253e-14   4.3062946327e-02   6.1834111334e-15   3.7385713167e-17   1.7288624055e-20   6.7470708044e-08   4.8625896476e-01   4.6395256871e-02   6.5621353468e-02   3.8721341905e-11   8.6714449905e-09   3.1547504947e-13   3.5682021607e-01
   1.1893333333e-01   5.3544183013e-01   6.3776758876e+02  -2.9638644487e+06   3.8369456048e-01   1.8018718662e-03   1.0667746842e-11   5.0793158962e-22   8.9886691502e-12   1.2661585826e-14   4.2186513175e-02   6.7010744138e-15   3.0613026290e-17   1.3074233523e-20   6.3257690164e-08   4.9822826937e-01   4.5351179786e-02   6.4146746982e-02   3.9660132428e-11   8.4644427680e-09   3.4459974288e-13   3.4828538283e-01
   1.2042666667e-01   5.4675588856e-01   6.3021246706e+02  -3.0017703081e+06   3.8590524206e-01   1.7615534110e-03   9.6677941835e-12   4.2703419402e-22   8.7758063211e-12   9.9394903264e-15   4.1287066693e-02   7.3204484369e-15   2.4977640395e-17   9.8136388414e-21   5.9268309653e-08   5.1043611690e-01   4.4284391548e-02   6.2641356882e-02   4.0823375177e-11   8.2574901496e-09   3.7619479771e-13   3.3958941212e-01
   1.2192000000e-01   5.5829981850e-01   6.2246904920e+02  -3.0407301133e+06   3.8826982646e-01   1.7201530082e-03   8.7519628875e-12   3.6888483125e-22   8.5583059162e-12   7.7384929417e-15   4.0363494560e-02   8.0601535676e-15   2.0303543722e-17   7.3080310451e-21   5.5494630160e-08   5.2289288501e-01   4.3193876694e-02   6.1103721092e-02   4.2246902140e-11   8.0496912165e-09   4.0995905730e-13   3.3072583995e-01
   1.2341333333e-01   5.7008379357e-01   6.1452847340e+02  -3.0807859724e+06   3.9080107592e-01   1.6776248963e-03   7.9135388038e-12   3.2933678035e-22   8.3359227550e-12   5.9714039022e-15   3.9414572658e-02   8.9400050639e-15   1.6438625053e-17   5.3960804491e-21   5.1927137660e-08   5.3560944763e-01   4.2078519452e-02   5.9532230610e-02   4.3974195322e-11   7.8402380337e-09   4.4544334421e-13   3.2168751196e-01
   1.2490666667e-01   5.8211879052e-01   6.0638115055e+02  -3.1219828213e+06   3.9351327974e-01   1.6339204148e-03   7.1461146595e-12   3.0523488459e-22   8.1083979609e-12   4.5634105021e-15   3.8438999516e-02   9.9806806352e-15   1.3252431106e-17   3.9478838208e-21   4.8555249629e-08   5.4859783200e-01   4.0937143305e-02   5.7925184599e-02   4.6058692857e-11   7.6283993612e-09   4.8206422243e-13   3.1246689589e-01
   1.2640000000e-01   5.9441668443e-01   5.9801667052e+02  -3.1643687380e+06   3.9642249970e-01   1.5889858670e-03   6.4436285710e-12   2.9424552502e-22   7.8754476520e-12   3.4507041751e-15   3.7435341462e-02   1.1203351711e-14   1.0633765252e-17   2.8595762687e-21   4.5367619613e-08   5.6187075566e-01   3.9768455464e-02   5.6280710777e-02   4.8566687075e-11   7.4134949778e-09   5.1912375249e-13   3.0305566700e-01
   1.2789333333e-01   6.0699035920e-01   5.8942369112e+02  -3.2079953116e+06   3.9954686676e-01   1.5427638455e-03   5.8003991268e-12   2.9472158927e-22   7.6367691387e-12   2.5791841993e-15   3.6402058911e-02   1.2629316129e-14   8.4883530165e-18   2.0486659560e-21   4.2352475850e-08   5.7544230845e-01   3.8571078528e-02   5.4596808923e-02   5.1581247777e-11   7.1948888964e-09   5.5582857419e-13   2.9344496171e-01
   1.2938666667e-01   6.1985383662e-01   5.8058981022e+02  -3.2529180702e+06   4.0290693880e-01   1.4951911313e-03   5.2111300136e-12   3.0559744185e-22   7.3920304214e-12   1.9032405420e-15   3.5337451580e-02   1.4279561972e-14   6.7366043646e-18   1.4500490432e-21   3.9497795069e-08   5.8932753344e-01   3.7343496471e-02   5.2871272894e-02   5.5207317701e-11   6.9719686940e-09   5.9130120669e-13   2.8362497906e-01
   1.3088000000e-01   6.3302242784e-01   5.7150141426e+02  -3.2991969854e+06   4.0652613759e-01   1.4461996430e-03   4.6709160231e-12   3.2631065921e-22   7.1408751726e-12   1.3846465652e-15   3.4239674944e-02   1.6174227918e-14   5.3115775949e-18   1.0126668821e-21   3.6791514826e-08   6.0354314429e-01   3.6084077157e-02   5.1101720596e-02   5.9578640285e-11   6.7441407308e-09   6.2458697403e-13   2.7358516759e-01
   1.3237333333e-01   6.4651291237e-01   5.6214350127e+02  -3.3468970639e+06   4.1043128361e-01   1.3957143157e-03   4.1752296467e-12   3.5674375565e-22   6.8829129545e-12   9.9155444224e-16   3.3106683308e-02   1.8331771143e-14   4.1571323198e-18   6.9672678056e-22   3.4221626824e-08   6.1810717100e-01   3.4791018111e-02   4.9285514899e-02   6.4866951321e-11   6.5108123011e-09   6.5466198933e-13   2.6331383091e-01
   1.3386666667e-01   6.6034375079e-01   5.5249946986e+02  -3.3960890529e+06   4.1465325799e-01   1.3436536068e-03   3.7199118216e-12   3.9717952681e-22   6.6177230234e-12   6.9760150428e-16   3.1936233763e-02   2.0767664673e-14   3.2263077784e-18   4.7141977343e-22   3.1776321900e-08   6.3303973022e-01   3.3462357907e-02   4.7419776922e-02   7.1294472740e-11   6.2713869662e-09   6.8045410099e-13   2.5279823499e-01
   1.3536000000e-01   6.7453533934e-01   5.4255086890e+02  -3.4468502795e+06   4.1922782661e-01   1.2899272626e-03   3.3011501818e-12   4.4825747489e-22   6.3448454373e-12   4.8111650120e-16   3.0725823622e-02   2.3492223644e-14   2.4798969768e-18   3.1305810599e-22   2.9444064803e-08   6.4836276881e-01   3.2095919053e-02   4.5501301595e-02   7.9150525676e-11   6.0252477518e-09   7.0088159981e-13   2.4202419968e-01
   1.3685333333e-01   6.8911031709e-01   5.3227709588e+02  -3.4992656646e+06   4.2419667706e-01   1.2344362650e-03   2.9154606514e-12   5.1091365939e-22   6.0637841364e-12   3.2442325329e-16   2.9472677427e-02   2.6507120130e-14   1.8852195280e-18   2.0356850264e-22   2.7213743748e-08   6.6410091760e-01   3.0689304966e-02   4.3526548984e-02   8.8813564772e-11   5.7717509033e-09   7.1491254968e-13   2.3097610478e-01
   1.3834666667e-01   7.0409393927e-01   5.2165503351e+02  -3.5534289502e+06   4.2960873438e-01   1.1770703287e-03   2.5596569968e-12   5.8626914590e-22   5.7739997384e-12   2.1323039606e-16   2.8173672841e-02   2.9799814416e-14   1.4150616495e-18   1.2927896938e-22   2.5074808679e-08   6.8028138434e-01   2.9239835471e-02   4.1491547312e-02   1.0077893497e-10   5.5102083404e-09   7.2163609359e-13   2.1963643722e-01
   1.3984000000e-01   7.1951453538e-01   5.1065860666e+02  -3.6094442031e+06   4.3552184940e-01   1.1177070913e-03   2.2308138032e-12   6.7540625746e-22   5.4749132644e-12   1.3610060096e-16   2.6825303075e-02   3.3335007347e-14   1.0467729379e-18   7.9948281439e-23   2.3017528278e-08   6.9693494607e-01   2.7744523755e-02   3.9391853232e-02   1.1569065700e-10   5.2398779018e-09   7.2033628692e-13   2.0798565868e-01
   1.4133333333e-01   7.3540407666e-01   4.9925824131e+02  -3.6674276674e+06   4.4200498701e-01   1.0562090731e-03   1.9261991268e-12   7.7891216787e-22   5.1659025691e-12   8.3989243357e-17   2.5423580952e-02   3.7041793107e-14   7.6149301990e-19   4.7992663055e-23   2.1033318990e-08   7.1409608132e-01   2.6199996827e-02   3.7222429897e-02   1.3436661855e-10   4.9599427340e-09   7.1055288588e-13   1.9600165711e-01
   1.4282666667e-01   7.5179888641e-01   4.8742019891e+02  -3.7275100663e+06   4.4914109729e-01   9.9242175236e-04   1.6431512670e-12   8.9595517698e-22   4.8463091046e-12   4.9845082158e-17   2.3963962841e-02   4.0795199599e-14   5.4349447930e-19   2.7872704186e-23   1.9115270827e-08   7.3180419901e-01   2.4602442216e-02   3.4977559460e-02   1.5777984138e-10   4.6694951082e-09   6.9211945067e-13   1.8365940777e-01
   1.4432000000e-01   7.6874053952e-01   4.7510575734e+02  -3.7898394796e+06   4.5703092611e-01   9.2616950715e-04   1.3788119554e-12   1.0223978417e-21   4.5154397461e-12   2.8264622360e-17   2.2441212008e-02   4.4391135687e-14   3.7962098382e-19   1.5608931513e-23   1.7258861504e-08   7.5010417255e-01   2.2947499509e-02   3.2650673336e-02   1.8686861207e-10   4.3675089335e-09   6.6516983583e-13   1.7093023614e-01
   1.4581333333e-01   7.8627701525e-01   4.6227020283e+02  -3.8545849596e+06   4.6579813836e-01   8.5725191716e-04   1.1295955485e-12   1.1469139749e-21   4.1725738093e-12   1.5193350438e-17   2.0849257785e-02   4.7516718166e-14   2.5880598447e-19   8.4004559754e-24   1.5462960010e-08   7.6904799524e-01   2.1230157690e-02   3.0234185191e-02   2.2177695675e-10   4.0528119840e-09   6.3011443187e-13   1.5778114532e-01
   1.4730666667e-01   8.0446419418e-01   4.4886159935e+02  -3.9219410863e+06   4.7559629245e-01   7.8543777132e-04   8.9076570267e-13   1.2437966140e-21   3.8169505892e-12   7.6671861321e-18   1.9180981419e-02   4.9727612337e-14   1.7165967779e-19   4.3260396436e-24   1.3730896745e-08   7.8869602053e-01   1.9444591032e-02   2.7719228540e-02   2.5962634153e-10   3.7240444133e-09   5.8759132650e-13   1.4417371218e-01
   1.4880000000e-01   8.2336782766e-01   4.3481931056e+02  -3.9921336969e+06   4.8661845732e-01   7.1045831611e-04   6.5888123030e-13   1.2662917066e-21   3.4477089286e-12   3.5885952128e-18   1.7427958343e-02   5.0469272157e-14   1.1016787991e-19   2.1127879253e-24   1.2070160195e-08   8.0911942614e-01   1.7583969625e-02   2.5095346495e-02   2.9060195259e-10   3.3796095113e-09   5.3840187823e-13   1.3006283287e-01
   1.5029333333e-01   8.4306616438e-01   4.2007228919e+02  -4.0654270301e+06   4.9911062964e-01   6.3199750357e-04   4.4041094240e-13   1.1619040696e-21   3.0637052154e-12   1.5332069521e-18   1.5580091766e-02   4.9206640827e-14   6.7651589549e-20   9.5923273599e-25   1.0486456202e-08   8.3040276551e-01   1.5640186215e-02   2.2350044625e-02   2.9757832205e-10   3.0176043001e-09   4.8341596686e-13   1.1539489896e-01
   1.5178666667e-01   8.6365349601e-01   4.0453724516e+02  -4.1421324505e+06   5.1339064018e-01   5.4967955860e-04   2.5660310416e-13   9.2563360250e-22   2.6632052952e-12   5.8435916134e-19   1.3625129990e-02   4.5668995474e-14   3.8980467586e-20   3.9139032141e-25   8.9703015415e-09   8.5264801062e-01   1.3603503609e-02   1.9468203899e-02   2.6810636682e-10   2.6357282395e-09   4.2340324094e-13   1.0010546027e-01
   1.5328000000e-01   8.8524499480e-01   3.8811703694e+02  -4.2226186281e+06   5.2987494858e-01   4.6305168371e-04   1.2785495634e-13   6.2958777793e-22   2.2436183959e-12   1.9167768925e-19   1.1547992317e-02   4.0024357471e-14   2.0520855540e-20   1.3763204114e-25   7.4879558613e-09   8.7597964971e-01   1.1462064091e-02   1.6431256217e-02   2.0954467884e-10   2.2311538551e-09   3.5880780367e-13   8.4115975739e-02
   1.5477333333e-01   9.0798334790e-01   3.7070015212e+02  -4.3073222514e+06   5.4911652224e-01   3.7156048105e-04   5.4344922347e-14   3.6596735139e-22   1.8014736258e-12   5.1054013864e-20   9.3298396528e-03   3.2765086898e-14   9.5649915229e-21   3.9798840735e-26   5.9901981222e-09   9.0055190428e-01   9.2012218177e-03   1.3216046912e-02   1.4411264841e-10   1.8003457299e-09   2.8960986483e-13   6.7329419030e-02
   1.5626666667e-01   9.3204782248e-01   3.5216328357e+02  -4.3967563872e+06   5.7185732364e-01   2.7451921025e-04   1.9674455961e-14   1.8067394667e-22   1.3325288812e-12   9.9808490560e-21   6.9467850476e-03   2.4400401305e-14   3.8261637669e-21   8.8638896690e-27   4.4295842984e-09   9.2655850504e-01   6.8026275094e-03   9.7932575546e-03   8.9596850002e-11   1.3388087286e-09   2.1534756425e-13   4.9624299518e-02
   1.5776000000e-01   9.5766636457e-01   3.3238142157e+02  -4.4915090360e+06   5.9909679727e-01   1.7106257861e-04   6.0333131008e-15   7.2354464018e-23   8.3172609632e-13   1.1538002817e-21   4.3681404883e-03   1.5237834994e-14   1.3120664852e-21   1.3475331569e-27   2.7687429898e-09   9.5424576886e-01   4.2430016526e-03   6.1252748087e-03   4.9579276601e-11   8.4074743217e-10   1.3519572488e-13   3.0846748245e-02
   1.5925333333e-01   9.8513067648e-01   3.1125471064e+02  -4.5922144392e+06   6.3216688605e-01   6.0085876351e-05   1.4644882836e-15   1.6814759712e-23   2.9289145061e-13   3.4589267128e-23   1.5541710664e-03   5.3565857679e-15   3.3566779948e-22   8.6848407136e-29   9.7746802012e-10   9.8392889305e-01   1.4925874872e-03   2.1635061584e-03   1.7063911859e-11   2.9863603323e-10   4.7995163195e-14   1.0800754656e-02
   1.6000000000e-01   1.0000000000e+00   3.0000000000e+02  -4.6458568819e+06   6.5169855213e-01   0.0000000000e+00   0.0000000000e+00   0.0000000000e+00   0.0000000000e+00   0.0000000000e+00   0.0000000000e+00   0.0000000000e+00   0.0000000000e+00   0.0000000000e+00   0.0000000000e+00   1.0000000000e+00   0.0000000000e+00   0.0000000000e+00   0.0000000000e+00   0.0000000000e+00   0.0000000000e+00   0.0000000000e+00