# L (m)  = 0.0048
# P (Pa) = 101325
#             001_x           002_mixf              003_T              004_h        005_density             006_H2              007_H              008_O             009_O2             010_OH            011_H2O            012_HO2            013_CH2         014_CH2(S)            015_CH3            016_CH4             017_CO            018_CO2            019_HCO           020_CH2O          021_CH2OH             022_N2
                  0   0.0000000000e+00   3.0000000000e+02   1.9075768848e+03   1.1719839921e+00   0.0000000000e+00   0.0000000000e+00   0.0000000000e+00   2.3300000000e-01   0.0000000000e+00   0.0000000000e+00   0.0000000000e+00   0.0000000000e+00   0.0000000000e+00   0.0000000000e+00   0.0000000000e+00   0.0000000000e+00   0.0000000000e+00   0.0000000000e+00   0.0000000000e+00   0.0000000000e+00   7.6700000000e-01
   9.6000000000e-06   3.7520567146e-03   4.3912076887e+02  -3.5088971917e+04   7.9853517353e-01   2.0580211740e-05   8.6092250496e-07   1.6005695009e-05   2.1836193143e-01   5.3307804089e-05   6.7829184547e-03   1.3285985485e-04   7.7404412642e-12   5.4928245117e-13   3.8266384972e-09   1.4927178594e-06   2.0424530301e-03   9.0670560222e-03   2.0934834253e-10   9.9057131937e-08   1.1991220336e-13   7.6351144677e-01
   2.8800000000e-05   8.4169825592e-03   6.1204730141e+02  -6.2877311869e+04   5.7115675282e-01   4.7470266288e-05   3.8638320722e-06   5.4139421995e-05   2.0032171271e-01   1.4790060086e-04   1.4501342434e-02   1.3329461384e-04   5.4419455809e-11   4.7213565048e-12   1.3111768145e-08   3.3726915647e-06   4.6502782331e-03   2.0198962165e-02   1.9029223551e-09   2.2915521682e-07   2.1688026159e-12   7.5994634235e-01
   4.8000000000e-05   1.2399599619e-02   7.4603867736e+02  -9.0558240160e+04   4.6736165919e-01   7.0630282810e-05   8.2569065959e-06   1.1651454424e-04   1.8493970462e-01   2.3246941024e-04   2.0887139559e-02   1.0451518233e-04   1.8290204960e-10   1.6658110066e-11   3.0915882018e-08   4.9966427819e-06   6.9121346063e-03   2.9685644458e-02   6.0256258022e-09   3.8598473697e-07   9.1710159224e-12   7.5702862754e-01
   6.7200000000e-05   1.5965226783e-02   8.5777010312e+02  -1.1658667252e+05   4.0553907326e-01   9.1482212996e-05   1.3579825312e-05   2.0832381719e-04   1.7117077515e-01   3.0751525388e-04   2.6492071548e-02   8.1140361480e-05   4.5159399482e-10   4.1349234701e-11   5.9612225249e-08   6.4920098261e-06   8.9749285133e-03   3.8154636717e-02   1.3769510060e-08   6.0350046099e-07   2.4671548310e-11   7.5450725733e-01
   8.6400000000e-05   1.9247985378e-02   9.5451287592e+02  -1.4131997243e+05   3.6364504913e-01   1.1092633096e-04   1.9468716918e-05   3.2928172758e-04   1.5848016307e-01   3.8350009368e-04   3.1573175437e-02   6.4641797341e-05   9.6961068209e-10   8.7882815124e-11   1.0302988788e-07   7.9573205494e-06   1.0917239010e-02   4.5904035502e-02   2.7140605468e-08   9.1034509463e-07   5.4588852915e-11   7.5219966184e-01
   1.0560000000e-04   2.2322780326e-02   1.0402254595e+03  -1.6524761538e+05   3.3298827645e-01   1.2965342553e-04   2.5687110425e-05   4.7307384715e-04   1.4659927558e-01   4.6953076634e-04   3.6269904238e-02   5.2873233655e-05   1.9556687090e-09   1.7446050482e-10   1.6788866528e-07   9.5046069764e-06   1.2789209371e-02   5.3096581671e-02   4.9308712412e-08   1.3396417315e-06   1.1035786394e-10   7.5009199251e-01
   1.2480000000e-04   2.5234888202e-02   1.1173584357e+03  -1.8865944186e+05   3.0937709827e-01   1.4825889053e-04   3.2087391018e-05   6.2890582340e-04   1.3536064042e-01   5.7049846198e-04   4.0659881007e-02   4.4190730781e-05   3.8301223639e-09   3.3539227473e-10   2.6518392880e-07   1.1287680160e-05   1.4625963663e-02   5.9818135973e-02   8.4984366170e-08   1.9396771564e-06   2.1475965717e-10   7.4808897927e-01
   1.4400000000e-04   2.8013251908e-02   1.1875604395e+03  -2.1156126315e+05   2.9051512128e-01   1.6734328235e-04   3.8569152970e-05   7.8424652894e-04   1.2468671717e-01   6.8757117512e-04   4.4795497449e-02   3.7587710887e-05   7.4015601620e-09   6.3479368101e-10   4.1365739696e-07   1.3534610737e-05   1.6458119644e-02   6.6121271814e-02   1.4126701124e-07   2.7902127448e-06   4.1372316619e-10   7.4621500404e-01
   1.6320000000e-04   3.0677306614e-02   1.2520050524e+03  -2.3387657743e+05   2.7502786399e-01   1.8750015943e-04   4.5033037405e-05   9.2699729654e-04   1.1452046611e-01   8.1891051024e-04   4.8706238643e-02   3.2439958401e-05   1.4259036501e-08   1.1946040759e-09   6.4655899020e-07   1.6583213336e-05   1.8311221116e-02   7.2024011440e-02   2.2945552539e-07   4.0270907771e-06   8.0067513256e-10   7.4439683016e-01
   1.8240000000e-04   3.3240721819e-02   1.3115608844e+03  -2.5547307700e+05   2.6203730342e-01   2.0936573018e-04   5.1369314673e-05   1.0471437090e-03   1.0484579602e-01   9.6049420169e-04   5.2417766322e-02   2.8359959173e-05   2.7598150990e-08   2.2515894263e-09   1.0242215762e-06   2.0943579966e-05   2.0211533594e-02   7.7535971007e-02   3.6838548343e-07   5.8825650440e-06   1.5673398326e-09   7.4267274034e-01
   2.0160000000e-04   3.5713564718e-02   1.3668881319e+03  -2.7617554504e+05   2.5095394883e-01   2.3356164956e-04   5.7438999170e-05   1.1370948507e-03   9.5644441659e-02   1.1063170080e-03   5.5942602990e-02   2.5102135805e-05   5.3928877058e-08   4.2699846364e-09   1.6568039011e-06   2.7389980352e-05   2.2181423778e-02   8.2644430768e-02   5.8961515381e-07   8.7476542155e-06   3.1074830186e-09   7.4098031656e-01
   2.2080000000e-04   3.8103550786e-02   1.4184954426e+03  -2.9577949791e+05   2.4136664471e-01   2.6073820989e-04   6.3089537742e-05   1.1919234759e-03   8.6922164291e-02   1.2489621761e-03   5.9296341433e-02   2.2525172346e-05   1.0661285789e-07   8.1637950977e-09   2.7476318407e-06   3.7123104674e-05   2.4244288267e-02   8.7339497126e-02   9.4526720433e-07   1.3275327442e-05   6.2260487201e-09   7.3936502554e-01
   2.4000000000e-04   4.0416823665e-02   1.4667724582e+03  -3.1406618104e+05   2.3298055938e-01   2.9149371023e-04   6.8146233138e-05   1.2087429659e-03   7.8678027367e-02   1.3796287107e-03   6.2483197751e-02   2.0557179794e-05   2.1303392684e-07   1.5724071072e-08   4.6748644066e-06   5.2010702456e-05   2.6417335661e-02   9.1595074643e-02   1.5183270349e-06   2.0535239310e-05   1.2544440883e-08   7.3777001373e-01
   2.5920000000e-04   4.2658483251e-02   1.5120053720e+03  -3.3081766955e+05   2.2558079187e-01   3.2641766863e-04   7.2437017018e-05   1.1867149671e-03   7.0929143490e-02   1.4888413966e-03   6.5512222425e-02   1.9183785522e-05   4.2878703996e-07   3.0422525037e-08   8.1481579452e-06   7.4974058283e-05   2.8716091573e-02   9.5395976888e-02   2.4341204794e-06   3.2235319386e-05   2.5252952516e-08   7.3624344164e-01
   2.7840000000e-04   4.4833072218e-02   1.5543790881e+03  -3.4583227752e+05   2.1901047195e-01   3.6596868292e-04   7.5781178651e-05   1.1266258205e-03   6.3686730512e-02   1.5666210226e-03   6.8379769790e-02   1.8422665624e-05   8.6363065824e-07   5.8805105382e-08   1.4495668589e-05   1.1051836470e-04   3.1144295039e-02   9.8716178815e-02   3.8641617153e-06   5.0953029824e-05   5.0372667517e-08   7.3473002157e-01
   2.9760000000e-04   4.6945125525e-02   1.5939684297e+03  -3.5893930625e+05   2.1315743214e-01   4.1048979515e-04   7.8014081437e-05   1.0314749603e-03   5.6976425849e-02   1.6037427747e-03   7.1086782405e-02   1.8299707972e-05   1.7229676739e-06   1.1259617881e-07   2.6164308999e-05   1.6547892456e-04   3.3697706633e-02   1.0154861476e-01   6.0053132864e-06   8.0233498478e-05   9.8534313777e-08   7.3327736125e-01
   3.1680000000e-04   4.8999870188e-02   1.6307227191e+03  -3.7001305570e+05   2.0794581962e-01   4.6000495193e-04   7.8969776091e-05   9.0674081725e-04   5.0817679354e-02   1.5926883402e-03   7.3619480107e-02   1.8797641707e-05   3.3554322026e-06   2.1085401130e-07   4.7468039896e-05   2.4985233535e-04   3.6351178874e-02   1.0388200138e-01   9.0030988149e-06   1.2415798438e-04   1.8649911375e-07   7.3182946271e-01
   3.3600000000e-04   5.1003985005e-02   1.6644540399e+03  -3.7898625347e+05   2.0332979495e-01   5.1419812262e-04   7.8506879908e-05   7.6130608804e-04   4.5237723293e-02   1.5300130935e-03   7.5968865813e-02   1.9806684646e-05   6.2646569356e-06   3.7978365420e-07   8.5451341405e-05   3.7764813987e-04   3.9063984682e-02   1.0573289817e-01   1.2809032274e-05   1.8596231902e-04   3.3616351284e-07   7.3043255696e-01
   3.5520000000e-04   5.2966166207e-02   1.6948483504e+03  -3.8586659743e+05   1.9928656635e-01   5.7217394393e-04   7.6501245609e-05   6.0720432335e-04   4.0251778479e-02   1.4179627678e-03   7.8111712173e-02   2.1088472656e-05   1.0995262565e-05   6.4541881593e-07   1.5024220090e-04   5.6722723688e-04   4.1769547369e-02   1.0712042895e-01   1.7022020394e-05   2.6554926115e-04   5.6722800808e-07   7.2903060937e-01
   3.7440000000e-04   5.4897062591e-02   1.7215217487e+03  -3.9076157686e+05   1.9580660790e-01   6.3255623183e-04   7.2903881293e-05   4.5843200498e-04   3.5870891062e-02   1.2660210018e-03   8.0034407900e-02   2.2317363689e-05   1.7824250557e-05   1.0162672494e-06   2.5385969275e-04   8.4092269097e-04   4.4391698440e-02   1.0809680034e-01   2.0878206652e-05   3.5719117629e-04   8.8232577545e-07   7.2767009222e-01
   3.9360000000e-04   5.6808326152e-02   1.7441268949e+03  -3.9391029659e+05   1.9288115814e-01   6.9343986544e-04   6.7777589700e-05   3.2769588679e-04   3.2084614730e-02   1.0894353606e-03   8.1716023222e-02   2.3181995674e-05   2.6349933864e-05   1.4624493588e-06   4.0656074294e-04   1.2232289685e-03   4.6845979115e-02   1.0871528239e-01   2.3509449619e-05   4.4958877338e-04   1.2515658626e-06   7.2629589011e-01
   4.1280000000e-04   5.8711031847e-02   1.7624755667e+03  -3.9570241394e+05   1.9049051511e-01   7.5281163644e-04   6.1369092718e-05   2.2310341738e-04   2.8868831232e-02   9.0608672972e-04   8.3155092781e-02   2.3504444355e-05   3.5326844313e-05   1.9110596065e-06   6.1179506863e-04   1.7383124593e-03   4.9067287758e-02   1.0905378138e-01   2.4370506132e-05   5.2981322897e-04   1.6123354375e-06   7.2495366927e-01
   4.3200000000e-04   6.0614236956e-02   1.7766161043e+03  -3.9665424575e+05   1.8859805136e-01   8.0868906144e-04   5.4088254786e-05   1.4635955827e-04   2.6177068318e-02   7.3173022117e-04   8.4350031064e-02   2.3270262498e-05   4.3019529854e-05   2.2700945050e-06   8.6248340530e-04   2.4066833964e-03   5.1009128249e-02   1.0917589878e-01   2.3475802855e-05   5.8851987235e-04   1.8912202184e-06   7.2358668045e-01
   4.5120000000e-04   6.2524322026e-02   1.7868277892e+03  -3.9733353899e+05   1.8715189905e-01   8.5959725475e-04   4.6453266172e-05   9.3976144764e-05   2.3953477788e-02   5.7715973797e-04   8.5321925082e-02   2.2583249922e-05   4.7939417059e-05   2.4691649306e-06   1.1417297786e-03   3.2431173923e-03   5.2660493474e-02   1.0915312960e-01   2.1290828981e-05   6.2284938085e-04   2.0360370754e-06   7.2223843550e-01
   4.7040000000e-04   6.4445160702e-02   1.7935499675e+03  -3.9826281262e+05   1.8609158830e-01   9.0450083250e-04   3.8965085344e-05   6.0015725092e-05   2.2131393647e-02   4.4730724362e-04   8.6088501548e-02   2.1579480952e-05   4.9416190823e-05   2.4859479652e-06   1.4271279517e-03   4.2545616097e-03   5.4027773959e-02   1.0902952205e-01   1.8423589581e-05   6.3515613441e-04   2.0340150015e-06   7.2085253748e-01
   4.8960000000e-04   6.6378708492e-02   1.7972940522e+03  -3.9984416589e+05   1.8535525976e-01   9.4304911805e-04   3.2029806946e-05   3.8633289040e-05   2.0646594619e-02   3.4262734414e-04   8.6683792722e-02   2.0381285814e-05   4.7706429985e-05   2.3458269648e-06   1.6968028023e-03   5.4405564689e-03   5.5141082862e-02   1.0885064889e-01   1.5394948192e-05   6.3028660490e-04   1.9089980627e-06   7.1947480412e-01
   5.0880000000e-04   6.8325626023e-02   1.7985735815e+03  -4.0232793973e+05   1.8488484103e-01   9.7525139815e-04   2.5903482099e-05   2.5283642038e-05   1.9435734916e-02   2.6076370818e-04   8.7130754389e-02   1.9075878740e-05   4.3672921427e-05   2.1008946217e-06   1.9334596127e-03   6.7927859142e-03   5.6031305332e-02   1.0863465433e-01   1.2547120283e-05   6.1314604423e-04   1.7039375945e-06   7.1805317408e-01
   5.2800000000e-04   7.0285769022e-02   1.7978614282e+03  -4.0582095318e+05   1.8462884536e-01   1.0016053448e-03   2.0704109657e-05   1.6896353955e-05   1.8445407550e-02   1.9820049160e-04   8.7462619165e-02   1.7726439874e-05   3.8373105584e-05   1.8076344303e-06   2.1268444117e-03   8.2978699188e-03   5.6738836241e-02   1.0840512007e-01   1.0060605276e-05   5.8791193335e-04   1.4636922224e-06   7.1663718122e-01
   5.4720000000e-04   7.2258537968e-02   1.7955689000e+03  -4.1031774278e+05   1.8454344961e-01   1.0226961551e-03   1.6432253528e-05   1.1545373208e-05   1.7627963351e-02   1.5116572488e-04   8.7697328278e-02   1.6376259108e-05   3.2725056806e-05   1.5111649289e-06   2.2731813326e-03   9.9375905140e-03   5.7294071008e-02   1.0816375905e-01   7.9957328248e-06   5.5773380544e-04   1.2233728426e-06   7.1517803498e-01
   5.6640000000e-04   7.4243121435e-02   1.7920391870e+03  -4.1573884986e+05   1.8459252568e-01   1.0393488020e-03   1.3015253057e-05   8.0682528606e-06   1.6946913957e-02   1.1621816399e-04   8.7861093113e-02   1.5060485971e-05   2.7369681867e-05   1.2403169220e-06   2.3743631152e-03   1.1693091384e-02   5.7730837947e-02   1.0792288883e-01   6.3412263625e-06   5.2504602147e-04   1.0050714120e-06   7.1372670802e-01
   5.8560000000e-04   7.6238662019e-02   1.7875495202e+03  -4.2196587769e+05   1.8474706721e-01   1.0522551293e-03   1.0337065650e-05   5.7655242273e-06   1.6371218009e-02   9.0414928982e-05   8.7964175164e-02   1.3804293037e-05   2.2651635555e-05   1.0085218135e-06   2.4354765413e-03   1.3544213867e-02   5.8069914823e-02   1.0767726020e-01   5.0468407509e-06   4.9157167094e-04   8.1883025450e-07   7.1223541709e-01
   6.0480000000e-04   7.8244362086e-02   1.7823182340e+03  -4.2886839713e+05   1.8498428961e-01   1.0621953672e-03   8.2697161463e-06   4.2134072865e-06   1.5878944749e-02   7.1398663019e-05   8.8025495733e-02   1.2627918307e-05   1.8692798674e-05   8.1856632510e-07   2.4636421181e-03   1.5473912348e-02   5.8335083124e-02   1.0743511440e-01   4.0493938400e-06   4.5859473499e-04   6.6645980189e-07   7.1075487085e-01
   6.2400000000e-04   8.0259541168e-02   1.7765140554e+03  -4.3632171403e+05   1.8528659888e-01   1.0697148606e-03   6.6881792496e-06   3.1489896592e-06   1.5451398391e-02   5.7330621739e-05   8.8048888297e-02   1.1542799682e-05   1.5469396766e-05   6.6691152934e-07   2.4659555829e-03   1.7465612957e-02   5.8537784631e-02   1.0718914263e-01   3.2856043403e-06   4.2691742765e-04   5.4490746129e-07   7.0923727560e-01
   6.4320000000e-04   8.2283658037e-02   1.7702657565e+03  -4.4421657739e+05   1.8564056995e-01   1.0754023763e-03   5.4831891363e-06   2.4066997666e-06   1.5076378070e-02   4.6838033262e-05   8.8047926254e-02   1.0555695533e-05   1.2889469243e-05   5.4751423107e-07   2.4492558212e-03   1.9507568565e-02   5.8693956454e-02   1.0694656080e-01   2.7006712155e-06   3.9707895427e-04   4.4923344801e-07   7.0773257258e-01
   6.6240000000e-04   8.4316308057e-02   1.7636710113e+03  -4.5246294217e+05   1.8603602529e-01   1.0795987721e-03   4.5632428671e-06   1.8796988801e-06   1.4742819719e-02   3.8908358185e-05   8.8022193229e-02   9.6663328179e-06   1.0836638241e-05   4.5382726611e-07   2.4189916597e-03   2.1588270353e-02   5.8808704708e-02   1.0669974762e-01   2.2497560056e-06   3.6931410937e-04   3.7415065421e-07   7.0619281413e-01
   6.8160000000e-04   8.6357207703e-02   1.7568038851e+03  -4.6098985343e+05   1.8646525850e-01   1.0827027680e-03   3.8565063248e-06   1.4985735890e-06   1.4444169396e-02   3.2820118076e-05   8.7981963768e-02   8.8717914487e-06   9.2011449731e-06   3.8007339315e-07   2.3797678029e-03   2.3701260746e-02   5.8893092133e-02   1.0645580652e-01   1.8986150321e-06   3.4373816858e-04   3.1501565298e-07   7.0466720674e-01
   7.0080000000e-04   8.8406172610e-02   1.7497208148e+03  -4.6974328519e+05   1.8692241304e-01   1.0848894503e-03   3.3074107713e-06   1.2173357224e-06   1.4173635806e-02   2.8058038015e-05   8.7924365803e-02   8.1650937284e-06   7.8882433610e-06   3.2148880587e-07   2.3347509831e-03   2.5839088398e-02   5.8948518980e-02   1.0620723020e-01   1.6214229302e-06   3.2029975936e-04   2.6800573633e-07   7.0310777909e-01
   7.2000000000e-04   9.0463096080e-02   1.7424651903e+03  -4.7868312339e+05   1.8740300362e-01   1.0864220885e-03   2.8749452699e-06   1.0055727150e-06   1.3927723016e-02   2.4264365064e-05   8.7857825925e-02   7.5389790741e-06   6.8236945895e-06   2.7444010436e-07   2.2864998119e-03   2.7999121960e-02   5.8983283673e-02   1.0596117269e-01   1.3995189286e-06   2.9892388088e-04   2.3020932828e-07   7.0156314409e-01
   7.3920000000e-04   9.2527929113e-02   1.7350707653e+03  -4.8778013268e+05   1.8790355786e-01   1.0873686274e-03   2.5286574792e-06   8.4275792822e-07   1.3701952647e-02   2.1185405608e-05   8.7778155911e-02   6.9844988404e-06   5.9497015609e-06   2.3616461431e-07   2.2365183324e-03   3.0176380974e-02   5.8996724264e-02   1.0571027679e-01   1.2191969269e-06   2.7945270765e-04   1.9941281422e-07   6.9998544931e-01
   7.5840000000e-04   9.4600664950e-02   1.7275641493e+03  -4.9701323910e+05   1.8842135298e-01   1.0879105006e-03   2.2468287395e-06   7.1513020742e-07   1.3494465362e-02   1.8645831335e-05   8.7692784110e-02   6.4938323203e-06   5.2237263336e-06   2.0465349872e-07   2.1860754908e-03   3.2370603341e-02   5.8995589325e-02   1.0546172749e-01   1.0707126062e-06   2.6175243424e-04   1.7400895807e-07   6.9842282447e-01
   7.7760000000e-04   9.6681326336e-02   1.7199666108e+03  -5.0636734601e+05   1.8895422464e-01   1.0880543677e-03   2.0135161128e-06   6.1319253395e-07   1.3302058386e-02   1.6518954048e-05   8.7596836095e-02   6.0586943952e-06   4.6133886538e-06   1.7839872471e-07   2.1357424450e-03   3.4578039747e-02   5.8978057465e-02   1.0520828196e-01   9.4684069978e-07   2.4564773441e-04   1.5279105097e-07   6.9682763184e-01
   7.9680000000e-04   9.8769956971e-02   1.7122953776e+03  -5.1583162118e+05   1.8950042868e-01   1.0879362615e-03   1.8174992411e-06   5.3045808940e-07   1.3123775898e-02   1.4716004269e-05   8.7497190771e-02   5.6723989982e-06   4.0951696635e-06   1.5630828706e-07   2.0861179312e-03   3.6799819465e-02   5.8949974938e-02   1.0495711853e-01   8.4240501284e-07   2.3100419529e-04   1.3488753816e-07   6.9524758198e-01
   8.1600000000e-04   1.0086661459e-01   1.7045645790e+03  -5.2539825807e+05   1.9005854121e-01   1.0875297893e-03   1.6504165278e-06   4.6229953338e-07   1.2957157229e-02   1.3170219578e-05   8.7388612660e-02   5.3282201024e-06   3.6508441677e-06   1.3754414271e-07   2.0373273875e-03   3.9032677607e-02   5.8908840852e-02   1.0470107816e-01   7.5344262910e-07   2.1766332845e-04   1.1962926759e-07   6.9363530723e-01
   8.3520000000e-04   1.0297136694e-01   1.6967859326e+03  -5.3506155628e+05   1.9062738581e-01   1.0869464581e-03   1.5063690146e-06   4.0547215067e-07   1.2801773525e-02   1.1833678408e-05   8.7277658366e-02   5.0209952843e-06   3.2670448246e-06   1.2148974611e-07   1.9896614878e-03   4.1278591409e-02   5.8859943451e-02   1.0444730771e-01   6.7706169703e-07   2.0550979555e-04   1.0652596331e-07   6.9203813149e-01
   8.5440000000e-04   1.0508428829e-01   1.6889692519e+03  -5.4481730275e+05   1.9120598015e-01   1.0861422245e-03   1.3807911716e-06   3.5755887083e-07   1.2655625870e-02   1.0668450681e-05   8.7158897082e-02   4.7455735061e-06   2.9330233635e-06   1.0765411024e-07   1.9430577150e-03   4.3534388553e-02   5.8800363731e-02   1.0418871485e-01   6.1095316346e-07   1.9441074229e-04   9.5186623706e-08   6.9040898855e-01
   8.7360000000e-04   1.0720545776e-01   1.6811228264e+03  -5.5466231367e+05   1.9179349618e-01   1.0852150399e-03   1.2704266402e-06   3.1681348930e-07   1.2518611709e-02   9.6466371241e-06   8.7038678797e-02   4.4981548503e-06   2.6407651377e-06   9.5668439499e-08   1.8976767565e-03   4.5802621836e-02   5.8735022266e-02   1.0393240166e-01   5.5340031178e-07   1.8427322546e-04   8.5319250315e-08   6.8879483053e-01
   8.9280000000e-04   1.0933495754e-01   1.6732537104e+03  -5.6459414713e+05   1.9238923024e-01   1.0841111714e-03   1.1726176138e-06   2.8187230284e-07   1.2389038513e-02   8.7449889565e-06   8.6911464611e-02   4.2748805119e-06   2.3835510396e-06   8.5227394913e-08   1.8533870714e-03   4.8080019881e-02   5.8660731973e-02   1.0367133436e-01   5.0297237225e-07   1.7498905428e-04   7.6681265167e-08   6.8714891133e-01
   9.1200000000e-04   1.1147287237e-01   1.6653679459e+03  -5.7461087759e+05   1.9299258003e-01   1.0829206133e-03   1.0854474964e-06   2.5172311887e-07   1.2267016640e-02   7.9460944735e-06   8.6783459430e-02   4.0730113941e-06   2.1562991884e-06   7.6097541172e-08   1.8102978407e-03   5.0369580815e-02   5.8582157027e-02   1.0341256352e-01   4.5859158736e-07   1.6648533923e-04   6.9088628832e-08   6.8551781743e-01
   9.3120000000e-04   1.1361928846e-01   1.6574707372e+03  -5.8471096851e+05   1.9360302684e-01   1.0815840487e-03   1.0072566435e-06   2.2553954731e-07   1.2151068058e-02   7.2347628050e-06   8.6649065156e-02   3.8896644077e-06   1.9545788833e-06   6.8078778397e-08   1.7682583473e-03   5.2667842329e-02   5.8495933666e-02   1.0314911041e-01   4.1932347224e-07   1.5867473601e-04   6.2382616705e-08   6.8385513526e-01
   9.5040000000e-04   1.1577429358e-01   1.6495665894e+03  -5.9489315599e+05   1.9422012151e-01   1.0801864176e-03   9.3684288799e-07   2.0269578096e-07   1.2041447818e-02   6.5995028543e-06   8.6514376403e-02   3.7228795429e-06   1.7750092113e-06   6.1016232617e-08   1.7273581992e-03   5.4978185771e-02   5.8406538404e-02   1.0288797062e-01   3.8445979112e-07   1.5150074815e-04   5.6441581155e-08   6.8220708722e-01
   9.6960000000e-04   1.1793797623e-01   1.6416594193e+03  -6.0515639521e+05   1.9484347324e-01   1.0786650167e-03   8.7310264899e-07   1.8266087199e-07   1.1936834559e-02   6.0298871802e-06   8.6373765289e-02   3.5704859799e-06   1.6145388064e-06   5.4773186478e-08   1.6874466775e-03   5.7296912749e-02   5.8310489522e-02   1.0262221918e-01   3.5336402192e-07   1.4489280504e-04   5.1157120596e-08   6.8052760127e-01
   9.8880000000e-04   1.2011042597e-01   1.6337526457e+03  -6.1549979444e+05   1.9547274056e-01   1.0771013130e-03   8.1524017097e-07   1.6502770108e-07   1.1837584641e-02   5.5180019623e-06   8.6233237132e-02   3.4310826751e-06   1.4708303069e-06   4.9243013678e-08   1.6486058878e-03   5.9627757156e-02   5.8212120393e-02   1.0235879478e-01   3.2555380442e-07   1.3880733060e-04   4.6445734761e-08   6.7886253518e-01
   1.0080000000e-03   1.2229173283e-01   1.6258492628e+03  -6.2592259539e+05   1.9610762398e-01   1.0754304707e-03   7.6248360457e-07   1.4943942633e-07   1.1742495034e-02   5.0564174590e-06   8.6087153206e-02   3.3030135288e-06   1.3417091625e-06   4.4329219172e-08   1.6106916579e-03   6.1966760979e-02   5.8107870776e-02   1.0209082602e-01   3.0058092707e-07   1.3318699776e-04   4.2230855460e-08   6.7716616574e-01
   1.0272000000e-03   1.2448198760e-01   1.6179519018e+03  -6.3642413086e+05   1.9674785998e-01   1.0737314023e-03   7.1428361263e-07   1.3562072224e-07   1.1651994544e-02   4.6395029136e-06   8.5941442855e-02   3.1852760700e-06   1.2255094578e-06   3.9956225558e-08   1.5737827037e-03   6.4317994495e-02   5.8001960796e-02   1.0182519352e-01   2.7810747019e-07   1.2799826785e-04   3.8453427025e-08   6.7548398407e-01
   1.0464000000e-03   1.2668128141e-01   1.6100628806e+03  -6.4700382121e+05   1.9739321598e-01   1.0719379075e-03   6.7007887182e-07   1.2332335874e-07   1.1564971988e-02   4.2618097578e-06   8.5790469425e-02   3.0765868457e-06   1.1206387946e-06   3.6054157861e-08   1.5377430575e-03   6.6677226792e-02   5.7890779129e-02   1.0155507969e-01   2.5780922131e-07   1.2319421146e-04   3.5057894782e-08   6.7377062222e-01
   1.0656000000e-03   1.2888970604e-01   1.6021842468e+03  -6.5766114375e+05   1.9804348617e-01   1.0701269151e-03   6.2947778580e-07   1.1235549724e-07   1.1481908716e-02   3.9192273605e-06   8.5640095076e-02   2.9762282750e-06   1.0258801961e-06   3.2568179235e-08   1.5026491542e-03   6.9048855322e-02   5.7778453321e-02   1.0128730629e-01   2.3944398547e-07   1.1874905304e-04   3.2001467216e-08   6.7207120185e-01
   1.0848000000e-03   1.3110735352e-01   1.5943178126e+03  -6.6839563718e+05   1.9869848806e-01   1.0682313605e-03   5.9205954461e-07   1.0253973426e-07   1.1401766488e-02   3.6076671347e-06   8.5484694417e-02   2.8831888110e-06   9.4004152962e-07   2.9446632654e-08   1.4683731293e-03   7.1428368124e-02   5.7661340591e-02   1.0101511003e-01   2.2277192639e-07   1.1462403183e-04   2.9242943251e-08   6.7034071597e-01
   1.1040000000e-03   1.3333431652e-01   1.5864651855e+03  -6.7920687724e+05   1.9935805946e-01   1.0663265640e-03   5.5753795789e-07   9.3739194185e-08   1.1325065085e-02   3.3240646450e-06   8.5330068411e-02   2.7969558353e-06   8.6221546953e-07   2.6648958916e-08   1.4349892088e-03   7.3820484171e-02   5.7543490532e-02   1.0074525320e-01   2.0761613378e-07   1.1079937876e-04   2.6750686732e-08   6.6862391361e-01
   1.1232000000e-03   1.3557068789e-01   1.5786277932e+03  -6.9009448531e+05   2.0002205608e-01   1.0643449418e-03   5.2558979579e-07   8.5824279303e-08   1.1250825356e-02   3.0652934006e-06   8.5170609728e-02   2.7167183241e-06   7.9149307274e-07   2.4136312948e-08   1.4023769938e-03   7.6220405081e-02   5.7421243298e-02   1.0047102745e-01   1.9379575247e-07   1.0724277481e-04   2.4493579030e-08   6.6687615411e-01
   1.1424000000e-03   1.3781656110e-01   1.5708069057e+03  -7.0105810761e+05   2.0069034932e-01   1.0623604623e-03   4.9600170081e-07   7.8695406154e-08   1.1179595268e-02   2.8290284653e-06   8.5012062244e-02   2.6421123343e-06   7.2718617810e-07   2.1878211331e-08   1.3706082892e-03   7.8633167583e-02   5.7298581048e-02   1.0019913506e-01   1.8117946427e-07   1.0393911146e-04   2.2447830717e-08   6.6514181022e-01
   1.1616000000e-03   1.4007202983e-01   1.5630036536e+03  -7.1209742616e+05   2.0136282453e-01   1.0603052697e-03   4.6852037854e-07   7.2256143986e-08   1.1110444380e-02   2.6128409786e-06   8.4848841872e-02   2.5724764766e-06   6.6859105530e-07   1.9845025469e-08   1.3395694413e-03   8.1053683133e-02   5.7171837647e-02   9.9922923267e-02   1.6962859215e-07   1.0086117690e-04   2.0589573433e-08   6.6337661276e-01
   1.1808000000e-03   1.4233718835e-01   1.5552190444e+03  -7.2321214008e+05   2.0203937940e-01   1.0582521631e-03   4.4298415540e-07   6.6432835899e-08   1.1043941267e-02   2.4149404746e-06   8.4686638295e-02   2.5075555921e-06   6.1517810461e-07   1.8013532974e-08   1.3093296108e-03   8.3487303584e-02   5.7044935509e-02   9.9649033895e-02   1.5904430513e-07   9.7997493795e-05   1.8900656682e-08   6.6162455440e-01
   1.2000000000e-03   1.4461213116e-01   1.5474539761e+03  -7.3440197787e+05   2.0271992266e-01   1.0561331973e-03   4.1919116848e-07   6.1152589879e-08   1.0979196278e-02   2.2334145798e-06   8.4519894708e-02   2.4468013048e-06   5.6639536916e-07   1.6360863353e-08   1.2797812388e-03   8.5928647507e-02   5.6914210409e-02   9.9370870443e-02   1.4931868850e-07   9.5324924553e-05   1.7362531216e-08   6.5984174229e-01
   1.2192000000e-03   1.4689695338e-01   1.5397092491e+03  -7.4566668008e+05   2.0340437294e-01   1.0540201348e-03   3.9701723087e-07   5.6360144133e-08   1.0916792892e-02   2.0668665224e-06   8.4354248605e-02   2.3900387266e-06   5.2183015881e-07   1.4869121373e-08   1.2509906901e-03   8.8383379909e-02   5.6783530702e-02   9.9095013823e-02   1.4037646859e-07   9.2834834548e-05   1.5961174500e-08   6.5807178511e-01
   1.2384000000e-03   1.4919175038e-01   1.5319855765e+03  -7.5700601237e+05   2.0409265774e-01   1.0518450799e-03   3.7629913442e-07   5.1999637306e-08   1.0855876111e-02   1.9137731858e-06   8.4184173715e-02   2.3368058531e-06   4.8104475747e-07   1.3520473592e-08   1.2228559581e-03   9.0845824469e-02   5.6649240426e-02   9.8814924489e-02   1.3213255991e-07   9.0507357808e-05   1.4682007675e-08   6.5627117112e-01
   1.2576000000e-03   1.5149661815e-01   1.5242835933e+03  -7.6841974910e+05   2.0478471257e-01   1.0496788565e-03   3.5694039025e-07   4.8029088726e-08   1.0797039967e-02   1.7730326155e-06   8.4015256724e-02   2.2869874945e-06   4.4371410617e-07   1.2300993811e-08   1.1954405442e-03   9.3321957811e-02   5.6515158103e-02   9.8537121997e-02   1.2452903547e-07   8.8336096500e-05   1.3514079107e-08   6.5448312085e-01
   1.2768000000e-03   1.5381165297e-01   1.5166038641e+03  -7.7990768681e+05   2.0548048027e-01   1.0474537265e-03   3.3880740074e-07   4.4405168075e-08   1.0739459290e-02   1.6434196376e-06   8.3842004575e-02   2.2401884122e-06   4.0948779851e-07   1.1196655844e-08   1.1686475530e-03   9.5805807250e-02   5.6377641047e-02   9.8255124458e-02   1.1749801617e-07   8.6303829459e-05   1.2445818530e-08   6.5266450852e-01
   1.2960000000e-03   1.5613695180e-01   1.5089468900e+03  -7.9146962851e+05   2.0617991023e-01   1.0452396484e-03   3.2182449198e-07   4.1095633262e-08   1.0683735303e-02   1.5240562963e-06   8.3669954057e-02   2.1963381305e-06   3.7810741792e-07   1.0196530427e-08   1.1425376251e-03   9.8303659757e-02   5.6240461096e-02   9.7975389615e-02   1.1099452539e-07   8.4405928064e-05   1.1468591385e-08   6.5085816215e-01
   1.3152000000e-03   1.5847261190e-01   1.5013131148e+03  -8.0310539735e+05   2.0688295794e-01   1.0429691264e-03   3.0588117555e-07   3.8066518030e-08   1.0629068831e-02   1.4139485957e-06   8.3493647561e-02   2.1550935758e-06   3.4929018994e-07   9.2895042683e-09   1.1170186151e-03   1.0080924520e-01   5.6099992829e-02   9.7691493918e-02   1.0496383792e-07   8.2627323570e-05   1.0573137709e-08   6.4902134660e-01
   1.3344000000e-03   1.6081873124e-01   1.4937029302e+03  -8.1481482154e+05   2.0758958440e-01   1.0407113090e-03   2.9091775917e-07   3.5292833628e-08   1.0576065659e-02   1.3123910347e-06   8.3318572572e-02   2.1164179579e-06   3.2282908228e-07   8.4669382780e-09   1.0921483502e-03   1.0332915986e-01   5.5959963775e-02   9.7409832864e-02   9.9370776455e-08   8.0964794022e-05   9.7525944983e-09   6.4719649313e-01
   1.3536000000e-03   1.6317540818e-01   1.4861166806e+03  -8.2659774815e+05   2.0829975576e-01   1.0383990099e-03   2.7684232510e-07   3.2747739556e-08   1.0523949534e-02   1.2185713505e-06   8.3139308830e-02   2.0800093277e-06   2.9849452190e-07   7.7199741707e-09   1.0678391183e-03   1.0585683542e-01   5.5816769000e-02   9.7124041907e-02   9.4170837885e-08   7.9405033871e-05   8.9995016585e-09   6.4534126184e-01
   1.3728000000e-03   1.6554274177e-01   1.4785546673e+03  -8.3845402868e+05   2.0901344286e-01   1.0361006075e-03   2.6360822380e-07   3.0411798833e-08   1.0473328733e-02   1.1319190944e-06   8.2961294846e-02   2.0458562732e-06   2.7612026113e-07   7.0417509363e-09   1.0441459711e-03   1.0839917657e-01   5.5674093494e-02   9.6840453858e-02   8.9336471241e-08   7.7945945098e-05   8.3083857451e-09   6.4349768286e-01
   1.3920000000e-03   1.6792083153e-01   1.4710171520e+03  -8.5038353351e+05   2.0973062096e-01   1.0337492754e-03   2.5114003401e-07   2.8263873217e-08   1.0423447433e-02   1.0517697420e-06   8.2779149354e-02   2.0136891921e-06   2.5552154510e-07   6.4252079219e-09   1.0209852545e-03   1.1094931646e-01   5.5528355445e-02   9.6552763839e-02   8.4831645512e-08   7.6575675220e-05   7.6732819507e-09   6.4162381609e-01
   1.4112000000e-03   1.7030977773e-01   1.4635043604e+03  -8.6238613904e+05   2.1045126941e-01   1.0314126421e-03   2.3940496048e-07   2.6289489436e-08   1.0374914771e-02   9.7767820872e-07   8.2598261994e-02   1.9835147437e-06   2.3657374290e-07   5.8650106511e-09   9.9840905037e-04   1.1351446764e-01   5.5383198607e-02   9.6267241524e-02   8.0636268975e-08   7.5293026647e-05   7.0901209623e-09   6.3976128612e-01
   1.4304000000e-03   1.7270968112e-01   1.4560164841e+03  -8.7446174518e+05   2.1117537158e-01   1.0290242617e-03   2.2834904310e-07   2.4474801230e-08   1.0326993375e-02   9.0921825957e-07   8.2413291781e-02   1.9550855806e-06   2.1916032175e-07   5.3561007737e-09   9.7633674970e-04   1.1608746526e-01   5.5235066446e-02   9.5977642367e-02   7.6725716345e-08   7.4087344427e-05   6.5552540487e-09   6.3786855727e-01
   1.4624000000e-03   1.7672779468e-01   1.4435783669e+03  -8.9478772290e+05   2.1239286238e-01   1.0250662724e-03   2.1104643074e-07   2.1722425292e-08   1.0249155918e-02   8.0529001507e-07   8.2107024543e-02   1.9106277336e-06   1.9270670417e-07   4.6001159262e-09   9.4046729750e-04   1.2040129447e-01   5.4989217364e-02   9.5498587491e-02   7.0669818830e-08   7.2205354290e-05   5.7443248274e-09   6.3473251299e-01
   1.5072000000e-03   1.8241434886e-01   1.4263023779e+03  -9.2353033186e+05   2.1410926024e-01   1.0193574459e-03   1.8963181878e-07   1.8465867320e-08   1.0143739303e-02   6.8099730467e-07   8.1664651436e-02   1.8567195966e-06   1.6153825067e-07   3.7285064788e-09   8.9293119387e-04   1.2649578282e-01   5.4634871012e-02   9.4815333773e-02   6.3340460721e-08   6.9924072197e-05   4.7918510951e-09   6.3024175670e-01
   1.5520000000e-03   1.8816336042e-01   1.4091650971e+03  -9.5266785128e+05   2.1584426855e-01   1.0136322996e-03   1.7076059374e-07   1.5743089812e-08   1.0042783206e-02   5.7656549598e-07   8.1220887323e-02   1.8103387432e-06   1.3559624190e-07   3.0255336190e-09   8.4803654527e-04   1.3266526902e-01   5.4278829038e-02   9.4133764612e-02   5.7016838900e-08   6.7954683866e-05   4.0018641132e-09   6.2574463587e-01
   1.5968000000e-03   1.9397617275e-01   1.3921669019e+03  -9.8219965290e+05   2.1759793304e-01   1.0077406689e-03   1.5406868556e-07   1.3457679631e-08   9.9442468296e-03   4.8862445297e-07   8.0763629809e-02   1.7703288602e-06   1.1396685221e-07   2.4575149698e-09   8.0550124424e-04   1.3889186332e-01   5.3913185752e-02   9.3439712011e-02   5.1530160336e-08   6.6242885494e-05   3.3455552765e-09   6.2114679985e-01
   1.6416000000e-03   1.9985415689e-01   1.3753076604e+03  -1.0121252596e+06   2.1937037240e-01   1.0018326706e-03   1.3928178563e-07   1.1533862179e-08   9.8491416270e-03   4.1449876319e-07   8.0304873198e-02   1.7361946676e-06   9.5913191749e-08   1.9981135811e-09   7.6530666585e-04   1.4519713740e-01   5.3546108240e-02   9.2746955034e-02   4.6753375380e-08   6.4761216148e-05   2.7997307941e-09   6.1653980141e-01
   1.6864000000e-03   2.0579871053e-01   1.3585868106e+03  -1.0424445267e+06   2.2116177304e-01   9.9575986045e-04   1.2612499674e-07   9.9069293784e-09   9.7555975035e-03   3.5185694047e-07   7.9832716049e-02   1.7070083487e-06   8.0802588992e-08   1.6257312608e-09   7.2720493992e-04   1.5156165152e-01   5.3169788556e-02   9.2041644408e-02   4.2568392521e-08   6.3468033483e-05   2.3446467196e-09   6.1183157122e-01
   1.7312000000e-03   2.1181126323e-01   1.3420034220e+03  -1.0731574799e+06   2.2297238456e-01   9.8966765258e-04   1.1440393674e-07   8.5277244840e-09   9.6646884318e-03   2.9888909830e-07   7.9358833570e-02   1.6824248181e-06   6.8144241223e-08   1.3236976637e-09   6.9118195687e-04   1.5800868808e-01   5.2792119299e-02   9.1337173101e-02   3.8890758365e-08   6.2345249660e-05   1.9650044608e-09   6.0711124403e-01
   1.7760000000e-03   2.1789327596e-01   1.3255562516e+03  -1.1042644780e+06   2.2480251676e-01   9.8340995216e-04   1.0391977564e-07   7.3537310397e-09   9.5746788335e-03   2.5400323212e-07   7.8871547736e-02   1.6616563888e-06   5.7514479506e-08   1.0782631241e-09   6.5701873911e-04   1.6451727027e-01   5.2405424121e-02   9.0620022015e-02   3.5639402972e-08   6.1359945849e-05   1.6476898384e-09   6.0228908561e-01
   1.8208000000e-03   2.2404624617e-01   1.3092437857e+03  -1.1357660543e+06   2.2665253711e-01   9.7712782264e-04   9.4534069060e-08   6.3525264380e-09   9.4866773334e-03   2.1595742567e-07   7.8382217237e-02   1.6444504379e-06   4.8583251199e-08   8.7876182506e-10   6.2470494562e-04   1.7111237823e-01   5.2017338093e-02   8.9903194679e-02   3.2757429818e-08   6.0500477042e-05   1.3824765499e-09   5.9745174988e-01
   1.8656000000e-03   2.3027170777e-01   1.2930642790e+03  -1.1676630763e+06   2.2852286946e-01   9.7067798806e-04   8.6100531565e-08   5.4955819535e-09   9.3990581914e-03   1.8364945092e-07   7.7879405022e-02   1.6301109983e-06   4.1063180640e-08   7.1634276881e-10   5.9404722750e-04   1.7777151789e-01   5.1620339735e-02   8.9173512802e-02   3.0187970395e-08   5.9740110244e-05   1.1605113815e-09   5.9251189039e-01
   1.9104000000e-03   2.3657123605e-01   1.2770157841e+03  -1.1999565930e+06   2.3041399298e-01   9.6419733959e-04   7.8518765188e-08   4.7610585406e-09   9.3129452519e-03   1.5621562941e-07   7.7374151717e-02   1.6184449478e-06   3.4729472394e-08   5.8410972785e-10   5.6503834699e-04   1.8452135408e-01   5.1221815496e-02   8.8443586173e-02   2.7892054391e-08   5.9071742900e-05   9.7484542444e-10   5.8755361653e-01
   1.9552000000e-03   2.4294644821e-01   1.2610961797e+03  -1.2326479916e+06   2.3232644199e-01   9.5754574625e-04   7.1679270286e-08   4.1294376730e-09   9.2268053729e-03   1.3288396826e-07   7.6855275522e-02   1.6088195087e-06   2.9384973173e-08   4.7631202007e-10   5.3750750184e-04   1.9133790292e-01   5.0814415509e-02   8.7700587163e-02   2.5828979450e-08   5.8473151781e-05   8.1941240154e-10   5.8249202148e-01
   2.0000000000e-03   2.4939900815e-01   1.2453031906e+03  -1.2657388499e+06   2.3426080615e-01   9.5085598876e-04   6.5508010049e-08   3.5857311685e-09   9.1417635626e-03   1.1304710440e-07   7.6333494682e-02   1.6010824837e-06   2.4874894815e-08   3.8845204074e-10   5.1144981512e-04   1.9824949933e-01   5.0405281545e-02   8.6956726572e-02   2.3971666672e-08   5.7940513733e-05   6.8942095928e-10   5.7740860575e-01
   2.0448000000e-03   2.5593062751e-01   1.2296344082e+03  -1.2992310906e+06   2.3621773122e-01   9.4399131775e-04   5.9921762372e-08   3.1163561382e-09   9.0563669240e-03   9.6159181994e-08   7.5797894779e-02   1.5946481094e-06   2.1062670086e-08   3.1676518722e-10   4.8671419683e-04   2.0523070428e-01   4.9987248037e-02   8.6199536537e-02   2.2290440282e-08   5.7454984789e-05   5.8066010242e-10   5.7222095317e-01
   2.0896000000e-03   2.6254307041e-01   1.2140873047e+03  -1.3331268382e+06   2.3819792021e-01   9.3708039147e-04   5.4865096842e-08   2.7108546896e-09   8.9717310871e-03   8.1789136028e-08   7.5258865454e-02   1.5893953514e-06   1.7840717919e-08   2.5829758554e-10   4.6329743248e-04   2.1231150549e-01   4.9567212896e-02   8.5440822710e-02   2.0766243545e-08   5.7015160064e-05   4.8978485373e-10   5.6700789049e-01
   2.1344000000e-03   2.6923815511e-01   1.1986592472e+03  -1.3674285714e+06   2.4020213498e-01   9.2999002333e-04   5.0273910102e-08   2.3596331528e-09   8.8864743594e-03   6.9548001843e-08   7.4705770356e-02   1.5847771461e-06   1.5113664102e-08   2.1056988354e-10   4.4106562321e-04   2.1946505064e-01   4.9138204948e-02   8.4668485390e-02   1.9377063223e-08   5.6604796259e-05   4.1384068233e-10   5.6168954214e-01
   2.1792000000e-03   2.7601775874e-01   1.1833475076e+03  -1.4021389851e+06   2.4223119838e-01   9.2284468968e-04   4.6106127901e-08   2.0552871525e-09   8.8016948283e-03   5.9127521565e-08   7.4148662936e-02   1.5806992356e-06   1.2806144043e-08   1.7163123422e-10   4.2001663133e-04   2.2672295939e-01   4.8706877026e-02   8.3893918061e-02   1.8109332094e-08   5.6224302968e-05   3.5046989800e-10   5.5634199573e-01
   2.2240000000e-03   2.8288381958e-01   1.1681492724e+03  -1.4372611403e+06   2.4428599664e-01   9.1551491279e-04   4.2311788499e-08   1.7909521812e-09   8.7160752901e-03   5.0248786546e-08   7.3577194580e-02   1.5766499183e-06   1.0851093666e-08   1.3984102165e-10   4.0003155674e-04   2.3405701574e-01   4.8266460712e-02   8.3105396928e-02   1.6946452159e-08   5.5859489534e-05   2.9758345980e-10   5.5088796482e-01
   2.2688000000e-03   2.8983834187e-01   1.1530616487e+03  -1.4727983308e+06   2.4636748243e-01   9.0812089625e-04   3.8858553507e-08   1.5613175637e-09   8.6306898011e-03   4.2690009893e-08   7.3001073917e-02   1.5725604474e-06   9.1953647091e-09   1.1390525243e-10   3.8110888685e-04   2.4150044614e-01   4.7823361144e-02   8.2313895514e-02   1.5878657887e-08   5.5512143190e-05   2.5350967526e-10   5.4540073196e-01
   2.3136000000e-03   2.9688339883e-01   1.1380816709e+03  -1.5087542327e+06   2.4847667815e-01   9.0053699445e-04   3.5707077582e-08   1.3614156698e-09   8.5442806244e-03   3.6250202328e-08   7.2410248977e-02   1.5679541486e-06   7.7915302159e-09   9.2734424461e-11   3.6314283791e-04   2.4902372894e-01   4.7371019794e-02   8.1508073063e-02   1.4893238006e-08   5.5169731029e-05   2.1676542797e-10   5.3980564661e-01
   2.3584000000e-03   3.0402113765e-01   1.1232063034e+03  -1.5451327753e+06   2.5061468002e-01   8.9287902583e-04   3.2832219309e-08   1.1873936696e-09   8.4578925233e-03   3.0769017205e-08   7.1814074085e-02   1.5627880895e-06   6.6019004754e-09   7.5467456668e-11   3.4613219687e-04   2.5666166757e-01   4.6915590469e-02   8.0698474650e-02   1.3983086491e-08   5.4835090710e-05   1.8616350206e-10   5.3417311978e-01
   2.4032000000e-03   3.1125378328e-01   1.1084324453e+03  -1.5819382893e+06   2.5278266228e-01   8.8502528440e-04   3.0202709802e-08   1.0356210107e-09   8.3703234723e-03   2.6101057627e-08   7.1202802179e-02   1.5566218876e-06   5.5927776727e-09   6.1378964203e-11   3.2998268762e-04   2.6438350219e-01   4.6450730722e-02   7.9874149115e-02   1.3138322863e-08   5.4497055185e-05   1.6065096310e-10   5.2843118136e-01
   2.4480000000e-03   3.1858364372e-01   1.0937569305e+03  -1.6191753834e+06   2.5498188242e-01   8.7708707544e-04   2.7798795872e-08   9.0327409512e-10   8.2825846032e-03   2.2129963270e-08   7.0585423044e-02   1.5494392196e-06   4.7373114138e-09   4.9894638283e-11   3.1469317541e-04   2.7222557807e-01   4.5982338603e-02   7.9045203966e-02   1.2353717999e-08   5.4159258317e-05   1.3938715491e-10   5.2264730368e-01
   2.4928000000e-03   3.2601311472e-01   1.0791765297e+03  -1.6568490916e+06   2.5721368659e-01   8.6894672847e-04   2.5595425938e-08   7.8767670224e-10   8.1935268089e-03   1.8750251279e-08   6.9952502177e-02   1.5408378783e-06   4.0114668378e-09   4.0530695354e-11   3.0017951472e-04   2.8015597534e-01   4.5504293157e-02   7.8201083621e-02   1.1621483394e-08   5.3811677252e-05   1.2162756447e-10   5.1675223885e-01
   2.5376000000e-03   3.3354468547e-01   1.0646879489e+03  -1.6949647547e+06   2.5947951605e-01   8.6071089571e-04   2.3576927414e-08   6.8674095025e-10   8.1041239550e-03   1.5877248458e-08   6.9312653882e-02   1.5308287534e-06   3.3960435667e-09   3.2903537887e-11   2.8644050592e-04   2.8821254028e-01   4.5022231606e-02   7.7351448328e-02   1.0937725966e-08   5.3458537381e-05   1.0678124142e-10   5.1081045269e-01
   2.5824000000e-03   3.4118094437e-01   1.0502878296e+03  -1.7335281682e+06   2.6178091394e-01   8.5226602856e-04   2.1723085353e-08   5.9847936144e-10   8.0132777921e-03   1.3434275766e-08   6.8656763257e-02   1.5190497107e-06   2.8738459691e-09   2.6690207045e-11   2.7340094757e-04   2.9636228325e-01   4.4530259220e-02   7.6486143481e-02   1.0296227588e-08   5.3090787122e-05   9.4325681597e-11   5.0475545801e-01
   2.6272000000e-03   3.4892458522e-01   1.0359727454e+03  -1.7725454687e+06   2.6411953337e-01   8.4371397664e-04   2.0021349497e-08   5.2133586457e-10   7.9219218185e-03   1.1359602042e-08   6.7993057457e-02   1.5055389515e-06   2.4311023861e-09   2.1634301618e-11   2.6105948481e-04   3.0464450456e-01   4.4033746759e-02   7.5614371805e-02   9.6940563320e-09   5.2713073321e-05   8.3849936777e-11   4.9864864542e-01
   2.6720000000e-03   3.5677841432e-01   1.0217391999e+03  -1.8120232824e+06   2.6649714577e-01   8.3494539079e-04   1.8455302570e-08   4.5382495820e-10   7.8290071285e-03   9.5974183402e-09   6.7312747529e-02   1.4899760748e-06   2.0554803849e-09   1.7520162105e-11   2.4934882760e-04   3.1302524883e-01   4.3527029805e-02   7.4726384410e-02   9.1261949707e-09   5.2317177367e-05   7.4990924527e-11   4.9242632297e-01
   2.7168000000e-03   3.6474535725e-01   1.0075836223e+03  -1.8519686175e+06   2.6891565099e-01   8.2605716012e-04   1.7014804976e-08   3.9477885340e-10   7.7354241524e-03   8.1026700237e-09   6.6623661083e-02   1.4724262060e-06   1.7370782953e-09   1.4176392267e-11   2.3826740618e-04   3.2154521674e-01   4.3015206536e-02   7.3830915680e-02   8.5904144208e-09   5.1908022671e-05   6.7466636699e-11   4.8614673637e-01
   2.7616000000e-03   3.7282846754e-01   9.9350236321e+02  -1.8923862766e+06   2.7137708765e-01   8.1694420367e-04   1.5686442639e-08   3.4308102517e-10   7.6401722109e-03   6.8347162572e-09   6.5917340674e-02   1.4526121611e-06   1.4670349641e-09   1.1459026392e-11   2.2775493171e-04   3.3016960716e-01   4.2492846298e-02   7.2918626434e-02   8.0826376144e-09   5.1478110693e-05   6.1027523457e-11   4.7974901862e-01
   2.8064000000e-03   3.8103093467e-01   9.7949155551e+02  -1.9332674633e+06   2.7388368271e-01   8.0769828386e-04   1.4461938084e-08   2.9784939669e-10   7.5440962489e-03   5.7606526049e-09   6.5201201118e-02   1.4306254197e-06   1.2382161504e-09   9.2535303206e-12   2.1780957250e-04   3.3894046073e-01   4.1964768071e-02   7.1997771255e-02   7.6011620466e-09   5.1032515776e-05   5.5482795879e-11   4.7328819935e-01
   2.8512000000e-03   3.8935609536e-01   9.6554713093e+02  -1.9746208087e+06   2.7643786245e-01   7.9821864510e-04   1.3330257501e-08   2.5824052888e-10   7.4462429508e-03   4.8508783643e-09   6.4467120953e-02   1.4062336527e-06   1.0442446924e-09   7.4638642854e-12   2.0837722471e-04   3.4782227035e-01   4.1425777651e-02   7.1059423595e-02   7.1426678355e-09   5.0564365715e-05   5.0662717224e-11   4.6670625930e-01
   2.8960000000e-03   3.9780744253e-01   9.5166498607e+02  -2.0164590330e+06   2.7904222093e-01   7.8859174708e-04   1.2284602190e-08   2.2358516121e-10   7.3474095381e-03   4.0813823367e-09   6.3722087889e-02   1.3795545052e-06   8.7997554471e-10   6.0135918070e-12   1.9945573924e-04   3.5685835082e-01   4.0880407648e-02   7.0111345929e-02   6.7058676851e-09   5.0078775567e-05   4.6440128981e-11   4.6005493795e-01
   2.9408000000e-03   4.0638863793e-01   9.3784096605e+02  -2.0587952610e+06   2.8169953724e-01   7.7872120453e-04   1.1315888885e-08   1.9324452134e-10   7.2466893584e-03   3.4306389618e-09   6.2958319764e-02   1.3504027931e-06   7.4081790001e-10   4.8387540388e-12   1.9099644962e-04   3.6601264949e-01   4.0323702246e-02   6.9145026165e-02   6.2880821317e-09   4.9569420853e-05   4.2700736732e-11   4.5327907953e-01
   2.9856000000e-03   4.1510352203e-01   9.2407084615e+02  -2.1016429325e+06   2.8441279597e-01   7.6868799247e-04   1.0418511003e-08   1.6670891021e-10   7.1448298262e-03   2.8811451533e-09   6.2182362095e-02   1.3189230271e-06   6.2305825722e-10   3.8884143997e-12   1.8299682077e-04   3.7532967900e-01   3.9759900197e-02   6.8167721909e-02   5.8883752344e-09   4.9041360575e-05   3.9361017686e-11   4.4642705931e-01
   3.0304000000e-03   4.2395612929e-01   9.1035031473e+02  -2.1450159623e+06   2.8718520872e-01   7.5840012930e-04   9.5849715545e-09   1.4349303334e-10   7.0409703525e-03   2.4172628060e-09   6.1386774181e-02   1.2849803494e-06   5.2338944625e-10   3.1200443195e-12   1.7541293460e-04   3.8477302452e-01   3.9184285307e-02   6.7171336288e-02   5.5046321733e-09   4.8488752055e-05   3.6344578206e-11   4.3944659415e-01
   3.0752000000e-03   4.3295070003e-01   8.9667495377e+02  -2.1889286644e+06   2.9002023957e-01   7.4793291318e-04   8.8106246252e-09   1.2320724055e-10   6.9358065192e-03   2.0262486224e-09   6.0577643030e-02   1.2487479339e-06   4.3912910890e-10   2.4997578105e-12   1.6824177661e-04   3.9438831134e-01   3.8600794440e-02   6.6162608344e-02   5.1362346164e-09   4.7916513213e-05   3.3597307749e-11   4.3238261815e-01
   3.1200000000e-03   4.4209169900e-01   8.8304022016e+02  -2.2333959231e+06   2.9292163229e-01   7.3719878153e-04   8.0892819108e-09   1.0548195659e-10   6.8285231896e-03   1.6967604027e-09   5.9747869827e-02   1.2101453680e-06   3.6789402426e-10   1.9993328011e-12   1.6144352494e-04   4.0413897504e-01   3.8004951242e-02   6.5133855515e-02   4.7815854913e-09   4.7319227623e-05   3.1068453333e-11   4.2518571957e-01
   3.1648000000e-03   4.5138382967e-01   8.6944142426e+02  -2.2784331320e+06   2.9589344262e-01   7.2626715163e-04   7.4170959056e-09   9.0018472704e-11   6.7197620939e-03   1.4195385014e-09   5.8903065301e-02   1.1693774479e-06   3.0774601711e-10   1.5962754512e-12   1.5501455650e-04   4.1407166038e-01   3.7400382048e-02   6.4091283489e-02   4.4403690222e-09   4.6701597500e-05   2.8723515871e-11   4.1789731081e-01
   3.2096000000e-03   4.6083205700e-01   8.5587370866e+02  -2.3240563782e+06   2.9894007303e-01   7.1505487183e-04   6.7889887805e-09   7.6534934157e-11   6.6087528394e-03   1.1863757670e-09   5.8036470698e-02   1.1264230815e-06   2.5696787540e-10   1.2719035806e-12   1.4891851665e-04   4.2414990030e-01   3.6782849295e-02   6.3027620953e-02   4.1114731103e-09   4.6058585615e-05   2.6529066075e-11   4.1047083714e-01
   3.2544000000e-03   4.7044162493e-01   8.4233202375e+02  -2.3702823986e+06   3.0206631419e-01   7.0362526000e-04   6.2018116270e-09   6.4801923553e-11   6.4960812408e-03   9.9056199107e-10   5.7153200927e-02   1.0815225328e-06   2.1415928439e-10   1.0113246406e-12   1.4315100316e-04   4.3442125833e-01   3.6155659415e-02   6.1948524098e-02   3.7948730753e-09   4.5394613075e-05   2.4463695194e-11   4.0294410398e-01
   3.2992000000e-03   4.8021808434e-01   8.2881110266e+02  -2.4171287796e+06   3.0527739007e-01   6.9189953736e-04   5.6514697560e-09   5.4604323721e-11   6.3810207571e-03   8.2617654125e-10   5.6246832593e-02   1.0347190833e-06   1.7808355904e-10   8.0220713418e-13   1.3767851434e-04   4.4484965270e-01   3.5514811011e-02   6.0847127063e-02   3.4899065276e-09   4.4704981643e-05   2.2505862933e-11   3.9527338293e-01
   3.3440000000e-03   4.9016731485e-01   8.1530543250e+02  -2.4646139340e+06   3.0857901190e-01   6.7993468497e-04   5.1354700267e-09   4.5765674421e-11   6.2640991184e-03   6.8837331569e-10   5.5321962937e-02   9.8629247813e-07   1.4772948470e-10   6.3472084277e-13   1.3249565717e-04   4.5548345830e-01   3.4863280282e-02   5.9728518603e-02   3.1968161915e-09   4.3993773863e-05   2.0643110709e-11   3.8749278028e-01
   3.3888000000e-03   5.0029555945e-01   8.0180922389e+02  -2.5127573210e+06   3.1197743761e-01   6.6765622139e-04   4.6506356779e-09   3.8121622885e-11   6.1446324704e-03   5.7289709821e-10   5.4372495572e-02   9.3635454349e-07   1.2220721873e-10   5.0075258810e-13   1.2757118451e-04   4.6628731650e-01   3.4197297415e-02   5.8586229080e-02   2.9153358337e-09   4.3256595521e-05   1.8862406187e-11   3.7956134321e-01
   3.4336000000e-03   5.1060945199e-01   7.8831637607e+02  -2.5615794484e+06   3.1547954306e-01   6.5511452839e-04   4.1951335444e-09   3.1536070787e-11   6.0230881095e-03   4.7626244812e-10   5.3402485178e-02   8.8522741715e-07   1.0078712881e-10   3.9383549254e-13   1.2289847148e-04   4.7731030065e-01   3.3519496778e-02   5.7424759457e-02   2.6459262977e-09   4.2497139685e-05   1.7157763310e-11   3.7150937678e-01
   3.4784000000e-03   5.2111606053e-01   7.7482043894e+02  -2.6111021188e+06   3.1909290162e-01   6.4223929872e-04   3.7666836585e-09   2.5882978575e-11   5.8988233187e-03   3.9542452510e-10   5.2406149265e-02   8.3309308761e-07   8.2829666201e-11   3.0865072303e-13   1.1844795950e-04   4.8851817469e-01   3.2826333069e-02   5.6238022676e-02   2.3886345446e-09   4.1711284642e-05   1.5522648956e-11   3.6329862769e-01
   3.5232000000e-03   5.3182292249e-01   7.6131456942e+02  -2.6613484642e+06   3.2282587981e-01   6.2907401975e-04   3.3641385945e-09   2.1056595309e-11   5.7722423436e-03   3.2788836259e-10   5.1386971017e-02   7.8031591506e-07   6.7808895412e-11   2.4095946212e-13   1.1421155226e-04   4.9996059495e-01   3.2120085517e-02   5.5029908303e-02   2.1440578339e-09   4.0902287937e-05   1.3956105236e-11   3.5495548385e-01
   3.5680000000e-03   5.4273809961e-01   7.4779148313e+02  -2.7123432273e+06   3.2668774557e-01   6.1555237310e-04   2.9860986913e-09   1.6959205171e-11   5.6427415160e-03   2.7148588755e-10   5.0339462375e-02   7.2714465959e-07   5.5265693929e-11   1.8728797499e-13   1.1016088559e-04   5.1160492347e-01   3.1397422993e-02   5.3794692354e-02   1.9124412214e-09   4.0066270059e-05   1.2456828327e-11   3.4644428235e-01
   3.6128000000e-03   5.5387022357e-01   7.3424339712e+02  -2.7641128419e+06   3.3068879965e-01   6.0171061411e-04   2.6320977637e-09   1.3507216105e-11   5.5106590330e-03   2.2444018676e-10   4.9266500652e-02   6.7397982975e-07   4.4821272260e-11   1.4486837999e-13   1.0628620994e-04   5.2350128711e-01   3.0660253987e-02   5.2535625011e-02   1.6944066273e-09   3.9206009738e-05   1.1027850706e-11   3.3778735874e-01
   3.6576000000e-03   5.6522856656e-01   7.2066196869e+02  -2.8166857587e+06   3.3484052496e-01   5.8748614630e-04   2.3015378048e-09   1.0623110875e-11   5.3754274445e-03   1.8521523910e-10   4.8162864153e-02   6.2112534883e-07   3.6146270671e-11   1.1144070388e-13   1.0255999855e-04   5.3561921749e-01   2.9905446848e-02   5.1247318015e-02   1.4902569116e-09   3.8317837743e-05   9.6719224439e-12   3.2895148790e-01
   3.7024000000e-03   5.7682310164e-01   7.0703822225e+02  -2.8700925786e+06   3.3915576882e-01   5.7290759758e-04   1.9945244056e-09   8.2388225163e-12   5.2373153493e-03   1.5255166620e-10   4.7030782435e-02   5.6900253054e-07   2.8967895062e-11   8.5204366907e-14   9.8970803211e-05   5.4800921136e-01   2.9134520540e-02   4.9932348050e-02   1.3005083118e-09   3.7404010541e-05   8.3948105028e-12   3.1995479007e-01
   3.7472000000e-03   5.8866459468e-01   6.9336246579e+02  -2.9243664507e+06   3.4364895525e-01   5.5791571770e-04   1.7110440695e-09   6.2907074828e-12   5.0957876641e-03   1.2536610771e-10   4.5865260322e-02   5.1794743460e-07   2.3049752279e-11   6.4694513980e-14   9.5491794056e-05   5.6064366502e-01   2.8344522347e-02   4.8585624600e-02   1.1253716159e-09   3.6461031806e-05   7.2016640164e-12   3.1076626727e-01
   3.7920000000e-03   6.0076468564e-01   6.7962419329e+02  -2.9795432851e+06   3.4833634451e-01   5.4253102856e-04   1.4514976982e-09   4.7213717684e-12   4.9510390199e-03   1.0276945590e-10   4.4667826931e-02   4.6837500244e-07   1.8195065877e-11   4.8743984061e-14   9.2109993561e-05   5.7357336926e-01   2.7536558279e-02   4.7209007857e-02   9.6512764772e-10   3.5490588034e-05   6.0990688862e-12   3.0139962026e-01
   3.8368000000e-03   6.1313601069e-01   6.6581197188e+02  -3.0356622458e+06   3.5323634008e-01   5.2669710254e-04   1.2160682870e-09   3.4768770383e-12   4.8025614353e-03   8.4000132994e-11   4.3433657424e-02   4.2061779473e-07   1.4233704688e-11   3.6406564069e-14   8.8799402695e-05   5.8677444435e-01   2.6707826059e-02   4.5797652472e-02   8.1975901733e-10   3.4489307865e-05   5.0922099730e-12   2.9182578916e-01
   3.8816000000e-03   6.2579231393e-01   6.5191330922e+02  -3.0927660770e+06   3.5836986733e-01   5.1042575635e-04   1.0050242975e-09   2.5078739734e-12   4.6504700034e-03   6.8432088767e-11   4.2163512269e-02   3.7504613346e-07   1.1023143059e-11   2.6928232586e-14   8.5545931034e-05   6.0029794894e-01   2.5858988644e-02   4.4352646328e-02   6.8920873739e-10   3.3458250491e-05   4.1859872392e-12   2.8205379070e-01
   3.9264000000e-03   6.3874861289e-01   6.3791449817e+02  -3.1509017349e+06   3.6376082861e-01   4.9366264847e-04   8.1826148464e-10   1.7684106326e-12   4.4942765384e-03   5.5531229973e-11   4.0852657165e-02   3.3194439161e-07   8.4402711330e-12   1.9699883125e-14   8.2324801049e-05   6.1412480588e-01   2.4987354355e-02   4.2869315738e-02   5.7313907910e-10   3.2394103885e-05   3.3829697303e-12   2.7205610302e-01
   3.9712000000e-03   6.5202135584e-01   6.2380043285e+02  -3.2101208793e+06   3.6943667090e-01   4.7641010612e-04   6.5547339008e-10   1.2168077658e-12   4.3340091961e-03   4.4857817904e-11   3.9500992465e-02   2.9159542932e-07   6.3812053445e-12   1.4236271984e-14   7.9121406204e-05   6.2830640337e-01   2.4093102965e-02   4.1347901143e-02   4.7111095393e-10   3.1297225655e-05   2.6840339060e-12   2.6183670202e-01
   4.0160000000e-03   6.6562865154e-01   6.0955439068e+02  -3.2704807127e+06   3.7542908013e-01   4.5861482840e-04   5.1587500222e-10   8.1540374697e-13   4.1691893259e-03   3.6038552881e-11   3.8103760130e-02   2.5419133370e-07   4.7562522012e-12   1.0147106032e-14   7.5912704301e-05   6.4282985309e-01   2.3173597315e-02   3.9783796773e-02   3.8244720267e-10   3.0164270601e-05   2.0872029831e-12   2.5136904570e-01
   4.0608000000e-03   6.7959049661e-01   5.9515777174e+02  -3.3320447205e+06   3.8177485870e-01   4.4026858152e-04   3.9833488816e-10   5.3118153059e-13   3.9997479333e-03   2.8766049448e-11   3.6659873427e-02   2.1989185956e-07   3.4892652431e-12   7.1220670080e-15   7.2684166292e-05   6.5774709154e-01   2.2228478567e-02   3.8176290953e-02   3.0636231958e-10   2.8994793741e-05   1.5882460804e-12   2.4065157038e-01
   4.1056000000e-03   6.9392910373e-01   5.8058978613e+02  -3.3948838279e+06   3.8851702014e-01   4.2131759280e-04   3.0127621149e-10   3.3576812063e-13   3.8252011870e-03   2.2781176396e-11   3.5164383828e-02   1.8876643564e-07   2.5146526257e-12   4.9131991741e-15   6.9414883371e-05   6.7305324457e-01   2.1255083660e-02   3.6520696387e-02   2.4190443266e-10   2.7785283926e-05   1.1803915019e-12   2.2965791960e-01
   4.1504000000e-03   7.0866924039e-01   5.6582707588e+02  -3.4590775263e+06   3.9570619508e-01   4.0174153593e-04   2.2282151643e-10   2.0562762171e-13   3.6453682410e-03   1.7870963244e-11   3.3615034083e-02   1.6083564200e-07   1.7766614034e-12   3.3244819429e-15   6.6090738879e-05   6.8880128735e-01   2.0252435392e-02   3.4815197484e-02   1.8805221212e-10   2.6534350885e-05   8.5507998488e-13   2.1838026348e-01
   4.1952000000e-03   7.2383871390e-01   5.5084325563e+02  -3.5247155302e+06   4.0340242422e-01   3.8148393844e-04   1.6082565523e-10   1.2183850250e-13   3.4597385052e-03   1.3857339610e-11   3.2006436354e-02   1.3603987309e-07   1.2276500360e-12   2.2010324867e-15   6.2692971976e-05   7.0499684748e-01   1.9217727013e-02   3.3054805158e-02   1.4370603575e-10   2.5238123758e-05   6.0229750960e-13   2.0679127591e-01
   4.2400000000e-03   7.3946889431e-01   5.3560835055e+02  -3.5918995237e+06   4.1167750632e-01   3.6051010084e-04   1.1302669507e-10   6.9789805989e-14   3.2679972360e-03   1.0594177371e-11   3.0334886718e-02   1.1427015771e-07   8.2744455029e-13   1.4219035730e-15   5.9207718750e-05   7.2169491292e-01   1.8149243405e-02   3.1236370604e-02   1.0775758551e-10   2.3894057257e-05   4.1137835632e-13   1.9487575910e-01
   4.2848000000e-03   7.5559546025e-01   5.2008810480e+02  -3.6607456323e+06   4.2061806849e-01   3.3875747287e-04   7.7134388390e-11   3.8636883322e-14   3.0695743696e-03   7.9598999700e-12   2.8594174050e-02   9.5356831413e-08   5.4231757838e-13   8.9329700807e-16   5.5617785333e-05   7.3891512416e-01   1.7043855727e-02   2.9354266714e-02   7.9102149543e-11   2.2497628417e-05   2.7154617866e-13   1.8260367779e-01
   4.3296000000e-03   7.7225924129e-01   5.0424312586e+02  -3.7313871968e+06   4.3032968184e-01   3.1617343999e-04   5.0950966910e-11   2.0686329368e-14   2.8639867230e-03   5.8542083581e-12   2.6778712700e-02   7.9092655002e-08   3.4441407059e-13   5.4354653965e-16   5.1908753396e-05   7.5671634671e-01   1.5898923633e-02   2.7403649374e-02   5.6682179765e-11   2.1044812759e-05   1.7253925055e-13   1.6995072343e-01
   4.3744000000e-03   7.8950742124e-01   4.8802782121e+02  -3.8039786206e+06   4.4094239912e-01   2.9268407402e-04   3.2446888934e-11   1.0726358330e-14   2.6505531730e-03   4.1931108164e-12   2.4880851435e-02   6.5233663508e-08   2.1105298041e-13   3.1866109181e-16   4.8063684714e-05   7.7513742805e-01   1.4710715115e-02   2.5377718623e-02   3.9501213414e-11   1.9529972837e-05   1.0501699290e-13   1.5688142499e-01
   4.4192000000e-03   8.0739496549e-01   4.7138907327e+02  -3.8786999063e+06   4.5261838721e-01   2.6821305901e-04   1.9825845781e-11   5.3974482325e-15   2.4285650507e-03   2.9058660887e-12   2.2892399709e-02   5.3515161720e-08   1.2416835387e-13   1.7876870204e-16   4.4066043170e-05   7.9424465234e-01   1.3475355201e-02   2.3269331844e-02   2.6644905810e-11   1.7947070830e-05   6.0871249751e-14   1.4335946113e-01
   4.4640000000e-03   8.2598667844e-01   4.5426458951e+02  -3.9557628952e+06   4.6556253714e-01   2.4266638405e-04   1.1556369075e-11   2.6407708516e-15   2.1971446480e-03   1.9316969988e-12   2.0803223822e-02   4.3657437432e-08   6.9710996051e-14   9.5060019697e-17   3.9896944024e-05   8.1410421319e-01   1.2188043167e-02   2.1069620132e-02   1.7288266885e-11   1.6288578359e-05   3.3365216805e-14   1.2933942858e-01
   4.5088000000e-03   8.4535977569e-01   4.3658086045e+02  -4.0354189119e+06   4.8003757012e-01   2.1593402401e-04   6.3828672643e-12   1.2574176222e-15   1.9552578541e-03   1.2174029594e-12   1.8601251073e-02   3.5374366037e-08   3.7075007637e-14   4.7259833410e-17   3.5535182494e-05   8.3479673228e-01   1.0843127382e-02   1.8768075046e-02   1.0701141430e-11   1.4545499970e-05   1.7154208364e-14   1.1476787986e-01
   4.5536000000e-03   8.6560765675e-01   4.1825067583e+02  -4.1179692349e+06   4.9638581699e-01   1.8788667904e-04   3.3163358968e-12   5.8234529471e-16   1.7016789841e-03   7.1541790126e-13   1.6271985519e-02   2.8378506368e-08   1.8522455500e-14   2.1516779045e-17   3.0956387012e-05   8.5642929591e-01   9.4339154194e-03   1.6352152943e-02   6.2486861344e-12   1.2707013852e-05   8.2009270231e-15   9.9581560890e-02
   4.5984000000e-03   8.8684490287e-01   3.9917021935e+02  -4.2037782092e+06   5.1506135835e-01   1.5836210820e-04   1.6108437898e-12   2.6210919182e-16   1.4348606926e-03   3.8242869173e-13   1.3797050094e-02   2.2382363758e-08   8.6247299201e-15   8.6801432365e-18   2.6130435652e-05   8.7911126249e-01   7.9519615948e-03   1.3805950731e-02   3.3890152197e-12   1.0759362992e-05   3.6186954548e-15   8.3700269000e-02
   4.6432000000e-03   9.0921478952e-01   3.7921597007e+02  -4.2932908849e+06   5.3667812527e-01   1.2716696676e-04   7.3119085226e-13   1.1511094738e-16   1.1529381659e-03   1.7869333802e-13   1.1153909798e-02   1.7099886747e-08   3.7409386812e-15   2.9333678114e-18   2.1021293926e-05   9.0301380659e-01   6.3871020889e-03   1.1110117643e-02   1.6700321756e-12   8.6856695187e-06   1.4725292477e-15   6.7027755082e-02
   4.6880000000e-03   9.3290002243e-01   3.5824217845e+02  -4.3870548823e+06   5.6208318101e-01   9.4050466163e-05   3.1486378627e-13   5.0123679361e-17   8.5347288395e-04   6.7938873107e-14   8.3129415386e-03   1.2242608877e-08   1.5478784836e-15   7.4663829676e-19   1.5582070908e-05   9.2831553215e-01   4.7260541763e-03   8.2392006813e-03   7.2471553736e-13   6.4636894488e-06   5.6159767717e-16   4.9437748849e-02
   4.7328000000e-03   9.5813893215e-01   3.3608101358e+02  -4.4857464066e+06   5.9246914162e-01   5.8694578616e-05   1.3151358120e-13   2.1765582539e-17   5.3333480843e-04   1.8017147644e-14   5.2355811756e-03   7.5199446352e-09   6.3937145730e-16   1.1216034241e-19   9.7525054015e-06   9.5527681953e-01   2.9517942715e-03   5.1601993974e-03   2.6568131301e-13   4.0644108627e-06   2.0693029472e-16   3.0768630022e-02
   4.7776000000e-03   9.8525096658e-01   3.1255062118e+02  -4.5901973712e+06   6.2954494735e-01   2.0678327123e-05   4.0964180192e-14   6.9006289782e-18   1.8832457219e-04   2.0492997351e-15   1.8695691856e-03   2.6451526484e-09   2.0096922298e-16   4.0719319159e-21   3.4515453128e-06   9.8424413976e-01   1.0415157169e-03   1.8283837440e-03   6.9812946768e-14   1.4483528608e-06   5.9754577090e-17   1.0803846177e-02
   4.8000000000e-03   1.0000000000e+00   3.0000000000e+02  -4.6458568819e+06   6.5169855213e-01   0.0000000000e+00   0.0000000000e+00   0.0000000000e+00   0.0000000000e+00   0.0000000000e+00   0.0000000000e+00   0.0000000000e+00   0.0000000000e+00   0.0000000000e+00   0.0000000000e+00   1.0000000000e+00   0.0000000000e+00   0.0000000000e+00   0.0000000000e+00   0.0000000000e+00   0.0000000000e+00   0.0000000000e+00