# time = 0.05
# Grid points = 160
# Pressure (Pa) = 101325
#             1_pos             2_posf             3_rho             4_dvisc             5_uvel             6_vvel             7_wvel             8_temp             9_mixf            10_chi            11_hr            12_y_H2            13_y_H            14_y_O            15_y_O2            16_y_OH            17_y_H2O            18_y_HO2            19_y_CH2            20_y_CH2(S)            21_y_CH3            22_y_CH4            23_y_CO            24_y_CO2            25_y_HCO            26_y_CH2O            27_y_CH2OH            28_y_N2            29_enth
  -7.2527296905e-01  -7.5000000000e-01   1.1719839921e+00   1.8630700790e-05   2.5348305195e-20  -4.9868704618e-92   1.3049442694e-91   3.0000000000e+02  -2.1502453731e-05   7.0470487822e-36  -6.1636514440e-69   1.1667654889e-59   3.7897462469e-87   4.9004994062e-64   2.3300000000e-01   8.6190648794e-64   1.0002673499e-51   2.7915014476e-55 -4.0430685485e-104  1.9149263791e-113   1.1527323571e-81   1.7319443727e-79   4.5226435087e-69   7.0730765343e-53  8.0436517031e-102   4.4574579823e-74  4.1533369797e-142   7.6700000000e-01   1.9075768848e+03
  -6.7557473892e-01  -7.0054593810e-01   1.1719839921e+00   1.8630700790e-05   3.3500914853e-18  -2.3901324940e-87   6.2104165117e-87   3.0000000000e+02  -2.1502453731e-05   4.8788308881e-36  -6.1004044569e-69   1.1778717351e-55   1.5570987703e-86   1.4993333376e-62   2.3300000000e-01   2.1308114963e-61   2.0237586469e-47   1.1469484301e-54  -3.8064968076e-99  1.8026960238e-108   3.9783593191e-77   6.0288736653e-75   1.7086764151e-64   1.9369526327e-48   2.2182513060e-97   1.2291865425e-69  4.7108028395e-137   7.6700000000e-01   1.9075768848e+03
  -6.2563234056e-01  -6.5060353974e-01   1.1719839921e+00   1.8630700790e-05   8.5184168805e-17  -1.0744382899e-82   2.7746279694e-82   3.0000000000e+02  -2.1502453731e-05   7.7550112128e-37   2.0090999682e-66   1.0715079736e-51   4.3753388586e-86   2.7899421459e-58   2.3300000000e-01   4.6312818131e-57   4.1460140815e-43   3.2228016498e-54 -4.9084757751e-102 -1.9674660078e-105   1.2676035446e-72   1.9364756084e-70   5.9726182861e-60   5.6988033374e-44   6.5812581873e-93   3.6471539606e-65  3.8099382179e-131   7.6700000000e-01   1.9075768848e+03
  -5.7568994220e-01  -6.0066114138e-01   1.1719839921e+00   1.8630700790e-05   2.8140080228e-18  -4.2218108412e-78   1.0830392332e-77   3.0000000000e+02  -2.1502453731e-05   7.7510153292e-37   5.6125576289e-62   8.5257592314e-48   5.3736490391e-87   5.3154190500e-54   2.3300000000e-01   8.9018857315e-53   7.2252761508e-39   5.0120029510e-56  -2.4164217867e-91   1.6673878822e-97   3.5303067301e-68   5.4373891938e-66   1.8252552734e-55   1.4253888330e-39   1.6600805406e-88   9.1996955298e-61  1.7825723799e-122   7.6700000000e-01   1.9075768848e+03
  -5.2574754384e-01  -5.5071874302e-01   1.1719839921e+00   1.8630700790e-05   2.1480657129e-17  -1.4308915284e-73   3.6447409839e-73   3.0000000000e+02  -2.1502453731e-05   3.1012052569e-36   1.3482868950e-57   5.8571321929e-44   4.2190317786e-83   8.7366556258e-50   2.3300000000e-01   1.4768609262e-48   1.0526025931e-34   7.3272168688e-52  -9.6512918742e-91   1.5514458318e-98   8.4807428119e-64   1.3170751072e-61   4.8124538864e-51   2.9779039055e-35   3.4976126424e-84   1.9382816443e-56  6.9555777154e-114   7.6700000000e-01   1.9075768848e+03
  -4.7580514549e-01  -5.0077634467e-01   1.1719839921e+00   1.8630700790e-05   5.8360809986e-19  -4.1039217611e-69   1.0374082771e-68   3.0000000000e+02  -2.1502453731e-05   1.5699402079e-35   2.7410186317e-53   3.4102866341e-40   4.0716320115e-79   1.2154479463e-45   2.3300000000e-01   2.0746445860e-44   1.2485705460e-30   1.6161950516e-47  -1.8836766684e-83  -4.4096573719e-84   1.7241044279e-59   2.7001606586e-57   1.0739966378e-46   5.0594366127e-31   5.9924125525e-80   3.3209933960e-52  1.9528689062e-105   7.6700000000e-01   1.9075768848e+03
  -4.2586274713e-01  -4.5083394631e-01   1.1719839921e+00   1.8630700790e-05   3.2019388597e-18  -9.6905022157e-65   2.4295415532e-64   3.0000000000e+02  -2.1502453731e-05   7.7510153292e-37   4.5884258616e-49   1.6389866541e-36   4.8984490659e-75   1.3927048955e-41   2.3300000000e-01   2.4008858709e-40   1.1582453267e-26   2.9355426517e-43   1.2995796485e-82  -5.3541475128e-90   2.8861260751e-55   4.5588179585e-53   1.9740171327e-42   6.7092797321e-27   8.0139034130e-76   4.4410865355e-48   3.7330261774e-97   7.6700000000e-01   1.9075768848e+03
  -3.7592034877e-01  -4.0089154795e-01   1.1719839921e+00   1.8630700790e-05   2.4760382271e-17  -1.8087021031e-60   4.4938175214e-60   3.0000000000e+02  -2.1502453731e-05   1.7439784491e-36   6.0735630551e-45   6.2557851019e-33   4.2138090657e-70   1.2624014541e-37   2.3300000000e-01   2.1979310057e-36   7.8789174732e-23   4.2154317407e-39   4.9475719184e-85   2.6123452797e-86   3.8202793786e-51   6.0874467472e-49   2.8697489895e-38   6.4999428225e-23   7.8288842825e-72   4.3385523669e-44   4.4787471627e-89   7.6700000000e-01   1.9075768848e+03
  -3.2597795041e-01  -3.5094914959e-01   1.1719839921e+00   1.8630700790e-05   5.2476941585e-17  -2.5017283414e-56   6.1510656720e-56   3.0000000000e+02  -2.1502453731e-05   5.6517847486e-34   5.9624346526e-41   1.7867603930e-29   7.7020340984e-63   8.4942060810e-34   2.3300000000e-01   1.4930882448e-32   3.5102804691e-19   4.4877391219e-35   1.2107483367e-74   3.0529732010e-78   3.7503784564e-47   6.0310698531e-45   3.0955948773e-34   4.0885579963e-19   4.9700134277e-68   2.7514548778e-40   2.9664798145e-81   7.6700000000e-01   1.9075768848e+03
  -2.7603555205e-01  -3.0100675123e-01   1.1719839921e+00   1.8630700790e-05   3.0656879728e-14  -2.2851415329e-52   5.5410902926e-52   3.0000000000e+02  -2.1502453730e-05   2.6249204197e-28   3.8749697164e-37   3.4541384428e-26   8.6734216257e-56   3.7907261596e-30   2.3300000000e-01   6.7186839923e-29   8.0929452846e-16   3.1579914464e-31   1.2687272569e-68   6.5514246760e-71   2.4361946605e-43   3.9579358867e-41   2.2123229852e-30   1.2923699960e-15   8.7818786385e-64   8.7638142232e-37   8.6371892593e-74   7.6700000000e-01   1.9075768848e+03
  -2.2609315369e-01  -2.5106435287e-01   1.1719839920e+00   1.8630700790e-05   1.8458039705e-11  -1.0626185600e-48   2.5014963207e-48   3.0000000001e+02  -2.1502453489e-05   7.9789232771e-24   2.0088528706e-33   3.7239664876e-23   3.2552919502e-49   8.7467895839e-27   2.3300000000e-01   1.5548715421e-25   4.7371334455e-13   1.1335813516e-27   7.5777474033e-63   3.9183834235e-64   8.1073260125e-40   1.3369306167e-37   8.1501612761e-27   8.0262682097e-13   1.0360099018e-57   5.4495702699e-34   6.6428484543e-67   7.6700000000e-01   1.9075768821e+03
  -1.7615075533e-01  -2.0112195451e-01   1.1719839848e+00   1.8630700875e-05   3.2195457862e-09  -7.5550206368e-46   1.0070733336e-45   3.0000000185e+02  -2.1502411552e-05   1.4493063433e-20   1.1811028294e-28   1.5273902385e-20   5.2889806040e-44   3.6997970896e-24   2.3299999982e-01   5.9830970901e-23   8.1890492025e-11   6.0379578945e-25   1.5687194774e-57   8.0900524223e-59   4.3498327840e-37   8.0675242907e-35   5.6371362194e-24   1.4111357269e-10   7.0114978295e-53   9.5845796825e-32   1.3721196330e-61   7.6699999996e-01   1.9075763898e+03
  -1.2620835700e-01  -1.5117955615e-01   1.1719836838e+00   1.8630704430e-05   1.3718636868e-07  -3.5443515490e-42   2.0384659787e-42   3.0000007870e+02  -2.1500655890e-05   2.0190301263e-17   1.6048644895e-22   1.1238919351e-17   7.0473106956e-38   4.9818562028e-21   2.3299999241e-01   6.9585490087e-20   3.4885082090e-09   1.6033373354e-21   4.5030747342e-51   2.3227534586e-52   1.0738181979e-33   2.2622471841e-31   1.9341591483e-20   6.0180487982e-09   3.4850673088e-48   4.0925333546e-30   3.9393575032e-55   7.6699999808e-01   1.9075557390e+03
  -8.8792092824e-02  -1.0123715784e-01   1.1719762937e+00   1.8630791711e-05   3.4117675073e-06  -1.1258443554e-38   3.3948294460e-39   3.0000196517e+02  -2.1457678889e-05   3.3142513639e-14   1.8691045243e-16   6.6536070981e-15   7.9162885848e-32   5.7464824512e-18   2.3299981096e-01   7.6187157755e-17   8.7150256848e-08   3.1718507571e-18   8.9055044723e-45   4.6029098457e-46   1.9436300214e-30   4.3767067934e-28   4.3592735024e-17   1.4935365306e-07   1.1289280927e-43   1.1573446723e-28   7.8042031230e-49   7.6699995253e-01   1.9070566315e+03
  -7.0124490583e-02  -7.6347027804e-02   1.1718466066e+00   1.8632323481e-05   6.0597320542e-05  -8.9595464513e-36   9.0158609622e-37   3.0003507159e+02  -2.0706876963e-05   4.4542212796e-12   1.4943226359e-11   1.0766998399e-12   6.0280858059e-27   1.6689065335e-15   2.3299664113e-01   2.1159440062e-14   1.5565092349e-06   1.5309029419e-15   1.0862572770e-39   5.6185253242e-41   8.5429051290e-28   2.0631195406e-25   2.4149951705e-14   2.6377465376e-06   3.6108984726e-39   1.1536455455e-26   9.5315006301e-44   7.6699916461e-01   1.8985241451e+03
  -5.7679387885e-02  -6.3901953362e-02   1.1707734260e+00   1.8645008802e-05   5.3329171167e-04  -1.5750193449e-33  -1.3022198429e-34   3.0030930499e+02  -1.4497157453e-05   2.1903371790e-10   4.7185634802e-08   4.3307069925e-11   1.7874909505e-23   9.4488070408e-14   2.3297042441e-01   1.1311996636e-12   1.3727369700e-05   1.3968584572e-13   4.7412589412e-36   2.4552351145e-37   6.9856485943e-26   1.8869198037e-23   2.7585888196e-12   2.3166001082e-05   2.2729441531e-35   1.2374895824e-24   4.1877670736e-40   7.6699268217e-01   1.8286109107e+03
  -4.7723931835e-02  -5.1456822408e-02   1.1646470038e+00   1.8717758201e-05   3.2416513951e-03  -1.1631514252e-31  -1.9176184999e-32   3.0188441676e+02   2.1139919004e-05   1.1392780109e-08   2.5617437946e-05   8.4780149358e-10   9.0591939103e-21   2.1649045635e-12   2.3281997330e-01   2.5243772937e-11   8.3658594812e-05   5.0047094046e-12   3.2645773343e-33   1.7013738915e-34   2.1739135964e-24   6.7379388114e-22   1.2942476381e-10   1.4070694655e-04   8.8814134538e-32   5.6209562097e-23   2.9931787929e-37   7.6695566015e-01   1.4302410132e+03
  -4.2124030503e-02  -4.3991041262e-02   1.1431969360e+00   1.8977027775e-05   1.2920635344e-02  -3.2474366700e-30  -5.4967746557e-31   3.0753149718e+02   1.4874347355e-04   1.5747565603e-07   2.0555522117e-03   8.0099491688e-09   7.0576776668e-19   1.8728442892e-11   2.3228129684e-01   2.2742670630e-10   3.3520109862e-04   6.3341105588e-11   3.0664293042e-31   1.6340960758e-32   2.3353860181e-23   8.4474887847e-21   2.2962636821e-09   5.5981141628e-04   1.0034450219e-28   8.3794097178e-22   3.2043293543e-35   7.6682368003e-01   1.5071427188e+01
  -3.8387428853e-02  -4.0257019744e-02   1.0942406203e+00   1.9596601802e-05   3.5646731410e-02  -1.1282120157e-28  -1.7212250717e-29   3.2123861099e+02   4.5385593463e-04   2.8822366801e-06   1.0994196832e-01   5.6182091105e-08   3.5349161739e-17   1.2099595751e-10   2.3099353778e-01   1.7068485560e-09   9.6274180186e-04   7.6168551320e-10   1.9522535791e-29   1.0941375188e-30   2.1211378299e-22   9.8947069402e-20   4.7917393692e-08   1.5298343293e-03   1.0628905304e-25   1.3324429592e-20   2.7507979323e-33   7.6651377940e-01  -3.2012519833e+03
  -3.5689634070e-02  -3.6517837963e-02   9.6128061514e-01   2.1508698735e-05   1.0456906532e-01  -2.3245201294e-27  -3.5241286675e-28   3.6541536220e+02   1.4075551985e-03   4.9898292870e-05   4.9338713087e+00   2.6912052415e-07   2.1929337730e-15   8.4155306951e-10   2.2696916014e-01   1.2983318282e-08   3.1342125561e-03   7.9971368388e-09  -3.3770146667e-25   1.0913722408e-28   1.7633310665e-21   9.5916284485e-19   7.5450601968e-07   4.3635676967e-03   1.1195210637e-22   1.7605679111e-19  -1.0527205620e-28   7.6553201416e-01  -1.2698236482e+04
  -3.4439147653e-02  -3.4861430178e-02   8.0743835370e-01   2.4281865347e-05   2.0138355005e-01  -1.3275468788e-26  -2.2428183840e-27   4.3438501576e+02   2.8363895383e-03   2.6402265451e-04   4.7720071631e+01   4.6184872559e-07   4.7650004643e-14   4.1119133809e-09   2.2093992990e-01   4.7834489171e-08   6.8910135852e-03   3.2167511665e-08  -1.0613250610e-24   7.0575244132e-28   5.4954350311e-21   2.6623669058e-18   3.7806472440e-06   8.1507051979e-03   1.2801565478e-20   7.0833183645e-19  -2.5027699005e-27   7.6401402471e-01  -2.5856287666e+04
  -3.3742577581e-02  -3.4016865128e-02   6.9513668364e-01   2.6869722611e-05   2.9435738861e-01  -2.2189253829e-26  -4.8794105224e-27   5.0373333266e+02   4.3115536678e-03   7.0840916735e-04   1.8944956002e+02   5.7233079162e-07   3.8669648330e-13   1.2422483573e-08   2.1471497837e-01   1.1614794746e-07   1.0825197433e-02   7.2850135344e-08  -5.2409115249e-24   3.0392899859e-27   1.0028232314e-20   3.4286813536e-18   7.7972527506e-06   1.1892974563e-02   2.1508085100e-19   1.2175631258e-18  -1.9649120108e-28   7.6255827863e-01  -3.9331443720e+04
  -3.3239925046e-02  -3.3468290034e-02   6.1493972346e-01   2.9146278623e-05   3.7716321878e-01  -1.7936877618e-26  -4.6914989397e-27   5.6852282698e+02   5.7497904034e-03   1.4170537560e-03   5.3268534800e+02   6.4800887355e-07   1.9119606643e-12   2.8719043922e-08   2.0864560144e-01   2.3616562745e-07   1.4600987848e-02   1.3098859030e-07   1.0509952341e-25  -1.8760725602e-24   1.5062083219e-20   3.6138185132e-18   1.1797380727e-05   1.5473186181e-02   1.5855703863e-18   1.7407487711e-18  -2.5816522940e-28   7.6126738327e-01  -5.2693751242e+04
  -3.2814195720e-02  -3.3011560058e-02   5.5008059758e-01   3.1353936298e-05   4.5973731028e-01   1.5144515458e-27   2.5182227306e-27   6.3454481361e+02   7.2737915994e-03   2.4970389739e-03   1.3498955853e+03   7.0790295924e-07   7.9640922018e-12   6.0657218833e-08   2.0221398540e-01   4.5845591069e-07   1.8467823086e-02   2.1676743349e-07   2.6297974878e-25  -5.1128061639e-24   2.0662864383e-20   3.4598807366e-18   1.5906511895e-05   1.9300785351e-02   8.7040229938e-18   2.5414016645e-18  -1.9601825892e-27   7.6000005586e-01  -6.6718304760e+04
  -3.2441147957e-02  -3.2616831381e-02   4.9761676251e-01   3.3461266543e-05   5.4085596805e-01   5.4631991857e-26   2.7207673008e-26   7.0036267570e+02   8.8541744871e-03   3.9493437908e-03   3.1812300342e+03   7.5740246640e-07   2.9033043454e-11   1.2040061654e-07   1.9554408619e-01   8.6041185777e-07   2.2335547514e-02   3.3626037984e-07   5.9956094514e-25  -1.2156564472e-23   2.6179781628e-20   3.1032430362e-18   1.9973753337e-05   2.3336100276e-02   3.8857637574e-17   3.9608178024e-18   3.8072075561e-27   7.5876221776e-01  -8.1244407406e+04
  -3.2110090257e-02  -3.2265464533e-02   4.5517886214e-01   3.5440136560e-05   6.1879722478e-01   1.1907954568e-25   6.6254199827e-26   7.6454400033e+02   1.0451613771e-02   5.7347210876e-03   7.0572579761e+03   8.0021687294e-07   9.4290793185e-11   2.2880427490e-07   1.8880182560e-01   1.5706408182e-06   2.6115745902e-02   4.9246413577e-07   1.1839184741e-24   1.0808827812e-25   3.0709538289e-20   2.6427816542e-18   2.3905713918e-05   2.7487765311e-02   1.4739424100e-16   6.5369783615e-18   1.1387354585e-26   7.5756766526e-01  -9.5829762838e+04
  -3.1808888855e-02  -3.1954715980e-02   4.2024199353e-01   3.7302385526e-05   6.9351367284e-01   2.0862588834e-25   1.2668795033e-25   8.2696487789e+02   1.2060165748e-02   7.8448500326e-03   1.4801585375e+04   8.4054632306e-07   2.7666163299e-10   4.2203242371e-07   1.8201222135e-01   2.8036965286e-06   2.9810311293e-02   6.8435704614e-07   2.3988809290e-24  -4.8441854653e-23   3.3538009053e-20   2.1433925553e-18   2.7748290101e-05   3.1740264019e-02   4.9039348679e-16   1.1112221830e-17   1.4939556586e-29   7.5640470414e-01  -1.1055574656e+05
  -3.1524384546e-02  -3.1663061729e-02   3.9030347118e-01   3.9105914256e-05   7.6687518596e-01   3.1655364510e-25   2.0978046268e-25   8.8921507344e+02   1.3714821738e-02   1.0348556707e-02   2.9915282931e+04   8.8376613502e-07   7.5933625162e-10   7.7386304219e-07   1.7502741442e-01   4.9875167351e-06   3.3506812987e-02   9.1020577663e-07   4.3009085177e-24  -8.8168723939e-23   3.3876961367e-20   1.6395050859e-18   3.1679806560e-05   3.6189062747e-02   1.4999435762e-15   1.9195859780e-17   8.9518904331e-26   7.5523747393e-01  -1.2563822225e+05
  -3.1252820755e-02  -3.1385707364e-02   3.6435763515e-01   4.0857687046e-05   8.3888451311e-01   4.3491903061e-25   3.1693874380e-25   9.5131552598e+02   1.5414499954e-02   1.3264362281e-02   5.7881499794e+04   9.3647932042e-07   1.9477840266e-09   1.4078485931e-06   1.6785167899e-01   8.8158793352e-06   3.7206449624e-02   1.1569479922e-06   7.1067900371e-24  -1.5318571672e-22   3.1347939211e-20   1.1716316797e-18   3.5860856525e-05   4.0835167501e-02   4.2386538749e-15   3.2905540152e-17   2.5614838193e-25   7.5405852392e-01  -1.4109672018e+05
  -3.0991954372e-02  -3.1119934146e-02   3.4169019907e-01   4.2560369744e-05   9.0942518238e-01   5.7436522091e-25   4.4768870036e-25   1.0131740888e+03   1.7155467928e-02   1.6618705697e-02   1.0677410588e+05   1.0094771486e-06   4.6764720182e-09   2.5229248031e-06   1.6050032085e-01   1.5373008616e-05   4.0904107490e-02   1.4099928509e-06  -1.2831703990e-21   9.1203165200e-25   2.6316604064e-20   7.7545535672e-19   4.0560301238e-05   4.5671267792e-02   1.1137794239e-14   5.5332842400e-17   1.2206274937e-25   7.5286342349e-01  -1.5697843174e+05
  -3.0740080097e-02  -3.0863974599e-02   3.2174422936e-01   4.4216217097e-05   9.7841182855e-01   7.0986924065e-25   6.0294492487e-25   1.0747084829e+03   1.8934683454e-02   2.0425142296e-02   1.8807752063e+05   1.1209153060e-06   1.0575815321e-08   4.4226004073e-06   1.5298555948e-01   2.6237568715e-05   4.4595828715e-02   1.6624857536e-06   1.2818827708e-23   1.1092417864e-24   2.0004361238e-20   4.7597810107e-19   4.6232502566e-05   5.0690583463e-02   2.7539506763e-14   9.2050539981e-17   2.2877325551e-24   7.5164834169e-01  -1.7337127996e+05
  -3.0496468420e-02  -3.0616185595e-02   3.0411850204e-01   4.5823464393e-05   1.0456245017e+00   8.4938719251e-25   7.7825946810e-25   1.1357027510e+03   2.0745232413e-02   2.4668568166e-02   3.1778827086e+05   1.3005159704e-06   2.2693169410e-08   7.5444437235e-06   1.4533583293e-01   4.3517904090e-05   4.8269147612e-02   1.9172084155e-06   1.5870048259e-23   1.3449359330e-24   1.4645327229e-20   2.8450738714e-19   5.3609772138e-05   5.5873986105e-02   6.4984911888e-14   1.5532051509e-16   7.1338848032e-24   7.5041312081e-01  -1.9024762065e+05
  -3.0260518099e-02  -3.0376751245e-02   2.8848696208e-01   4.7380065127e-05   1.1108784687e+00   9.9722263427e-25   9.7343175776e-25   1.1959370926e+03   2.2580593854e-02   2.9332938152e-02   5.1729512689e+05   1.5950275140e-06   4.6470687182e-08   1.2484363724e-05   1.3757792465e-01   6.9816213684e-05   5.1912562495e-02   2.1810146400e-06   2.2472176582e-23   1.8613925601e-24   1.2610431145e-20   2.0140034819e-19   6.3852989979e-05   6.1201217594e-02   1.4837246702e-13   2.7366969332e-16   2.3135079779e-23   7.4915831918e-01  -2.0758311905e+05
  -3.0030140248e-02  -3.0144284954e-02   2.7448617937e-01   4.8894591103e-05   1.1744752964e+00   1.0975329895e-24   1.1865594853e-24   1.2556188851e+03   2.4447981915e-02   3.4438839490e-02   8.1643143728e+05   2.0794948308e-06   9.1635812898e-08   2.0076168370e-05   1.2968074109e-01   1.0847035843e-04   5.5540594822e-02   2.4611308346e-06  -6.2695850239e-21   4.7475869303e-24   1.8363946480e-20   2.4098538205e-19   7.8888698831e-05   6.6690596526e-02   3.3366327460e-13   5.1594461052e-16   7.9068805721e-23   7.4787600007e-01  -2.2548453394e+05
  -2.9803577629e-02  -2.9915995543e-02   2.6183926367e-01   5.0373985402e-05   1.2366870513e+00   1.2488539009e-24   1.4182947273e-24   1.3149220470e+03   2.6355062302e-02   4.0003358606e-02   1.2553076402e+06   2.8724769454e-06   1.7521429299e-07   3.1440638476e-05   1.2161173482e-01   1.6358838241e-04   5.9165535761e-02   2.7612859261e-06  -2.4140521594e-20   1.8383929553e-23   4.5694560352e-20   5.1233118440e-19   1.0186207384e-04   7.2361538380e-02   7.4985636140e-13   1.0513613971e-15   2.8603679042e-22   7.4655849097e-01  -2.4405850848e+05
  -2.9580115783e-02  -2.9691159715e-02   2.5038108042e-01   5.1817335680e-05   1.2975202248e+00   1.3678634741e-24   1.6665659000e-24   1.3737242724e+03   2.8302287575e-02   4.6006041420e-02   1.8809785286e+06   4.1512582972e-06   3.2531064845e-07   4.7916456432e-05   1.1337001936e-01   2.3961293057e-04   6.2783569633e-02   3.0776461022e-06   1.0444979663e-21   8.0359288281e-23   1.5439207520e-19   1.5312363333e-18   1.3770981241e-04   7.8210095842e-02   1.6920696877e-12   2.2958822627e-15   1.0847464933e-21   7.4520352175e-01  -2.6337619243e+05
  -2.9359026770e-02  -2.9469071852e-02   2.3997745385e-01   5.3222777655e-05   1.3570098584e+00   1.4898093220e-24   1.9361697131e-24   1.4318684303e+03   3.0290887341e-02   5.2409161780e-02   2.7451824529e+06   6.1775186013e-06   5.8673447360e-07   7.1001946663e-05   1.0495363491e-01   3.4110410277e-04   6.6390283335e-02   3.4003916524e-06   6.7484656768e-21   5.0961741923e-22   6.7732482915e-19   5.8274845138e-18   1.9419696689e-04   8.4231064279e-02   3.8305027836e-12   5.2764853634e-15   4.2865862163e-21   7.4380854982e-01  -2.8354538740e+05
  -2.9139517498e-02  -2.9248981688e-02   2.3051950364e-01   5.4587357440e-05   1.4152267793e+00   1.5585525838e-24   2.1926875089e-24   1.4891546396e+03   3.2323077827e-02   5.9146496318e-02   3.8981688104e+06   9.3284332172e-06   1.0280136175e-06   1.0218513064e-04   9.6360194054e-02   4.7222577378e-04   6.9980699662e-02   3.7142066957e-06   8.3239415844e-20  -3.5996245624e-18   3.9512519667e-18   2.7950110489e-17   2.8334704793e-04   9.0416933378e-02   8.6552072168e-12   1.2502106220e-14   1.8091359165e-20   7.4237034429e-01  -3.0472212849e+05
  -2.8920674684e-02  -2.9030053309e-02   2.2191925818e-01   5.5906880340e-05   1.4722856847e+00   1.5829775415e-24   2.4823102722e-24   1.5453320748e+03   3.4402328769e-02   6.6114011339e-02   5.3792517946e+06   1.4136124275e-05   1.7496767959e-06   1.4266471390e-04   8.7587871257e-02   6.3604147253e-04   7.3549381147e-02   3.9991423789e-06   8.9321752770e-19  -4.1143256629e-17   2.7675385969e-17   1.6934915061e-16   4.2341656504e-04   9.6756264161e-02   1.9384334160e-11   2.9988502812e-14   8.8437116459e-20   7.4088447572e-01  -3.2712291104e+05
  -2.8701379966e-02  -2.8811296060e-02   2.1410557872e-01   5.7175853898e-05   1.5283592084e+00   1.4071781108e-24   2.7839331065e-24   1.6000952851e+03   3.6533941262e-02   7.3161867998e-02   7.2047954384e+06   2.1340753191e-05   2.8935910163e-06   1.9296421623e-04   7.8635808647e-02   8.3365930186e-04   7.7090932056e-02   4.2318156644e-06   6.6174328432e-18   4.5284152638e-19   2.2735513665e-16   1.3025331099e-15   6.4163113615e-04   1.0323198615e-01   4.2752812083e-11   7.1974467679e-14   5.5681219867e-19   7.3934455229e-01  -3.5103987565e+05
  -2.8480161243e-02  -2.8591463873e-02   2.0701997816e-01   5.8387592911e-05   1.5837050752e+00   1.5693923830e-24   3.1004499264e-24   1.6530886428e+03   3.8726288226e-02   8.0090388063e-02   9.3545420442e+06   3.1970408039e-05   4.6534162949e-06   2.5244664436e-04   6.9502787829e-02   1.0632579043e-03   8.0601238509e-02   4.3864465025e-06  -1.5070470638e-14   1.1383102070e-17   2.7523838058e-15   1.2766591203e-14   9.7812337161e-04   1.0982020424e-01   9.2456929854e-11   1.7480172574e-13  -1.2131559651e-16   7.3774093107e-01  -3.7686360119e+05
  -2.8254990567e-02  -2.8368858612e-02   2.0061403764e-01   5.9534165238e-05   1.6387008640e+00   1.4938780135e-24   3.4362787999e-24   1.7039057694e+03   4.0992625872e-02   8.6648939497e-02   1.1754768701e+07   4.7477277509e-05   7.2865522650e-06   3.1870073101e-04   6.0185441617e-02   1.3188840699e-03   8.4078794642e-02   4.4352207798e-06   1.7641409857e-15   1.1654882167e-16   3.4546015813e-14   1.5882853779e-13   1.4920693221e-03   1.1648800096e-01   1.9577490325e-10   4.6386705103e-13   1.0223445417e-16   7.3605890942e-01  -4.0511349904e+05
  -2.8022959113e-02  -2.8141122521e-02   1.9484815449e-01   6.0606067019e-05   1.6938985323e+00   1.3717569280e-24   3.7938293433e-24   1.7520795894e+03   4.3354054483e-02   9.2537430376e-02   1.4254392854e+07   6.9992999122e-05   1.1127087838e-05   3.8668772906e-04   5.0675709045e-02   1.5886792059e-03   8.7526324017e-02   4.3473883956e-06   4.2261074985e-14   2.7097123893e-15   6.3680382853e-13   2.5480072582e-12   2.2724344612e-03   1.2318879260e-01   4.0661930166e-10   2.2156302861e-12   2.4041646449e-15   7.3427590505e-01  -4.3648307009e+05
  -2.7779614746e-02  -2.7904795705e-02   1.8968964522e-01   6.1591772970e-05   1.7501411611e+00   1.1529289732e-24   4.1771586702e-24   1.7970716675e+03   4.5845633882e-02   9.7409884759e-02   1.6581806976e+07   1.0286767144e-04   1.6594803903e-05   4.4733801547e-04   4.0954776940e-02   1.8516327395e-03   9.0954163270e-02   4.0863337587e-06   1.3112397336e-12   8.1153072634e-14   1.5484301651e-11   5.3042539671e-11   3.4598206084e-03   1.2985266007e-01   8.3364832630e-10   3.3310218615e-11   7.3216851044e-14   7.3235605861e-01  -4.7191329988e+05
  -2.7517654009e-02  -2.7654433786e-02   1.8511165357e-01   6.2476390655e-05   1.8087892332e+00   7.8486949423e-25   4.5851886348e-24   1.8382327459e+03   4.8528269116e-02   1.0085496837e-01   1.8258490834e+07   1.5194578225e-04   2.4160212095e-05   4.8465087969e-04   3.0988959571e-02   2.0697649026e-03   9.4385529204e-02   3.6036166677e-06   5.3956316596e-11   3.1989718971e-12   5.1023485494e-10   1.4582068132e-09   5.2983276761e-03   1.3635225674e-01   1.7416405642e-09   9.7306757109e-10   2.9023149884e-12   7.3024079668e-01  -5.1266269555e+05
  -2.7224068283e-02  -2.7380874232e-02   1.8108973703e-01   6.3238388743e-05   1.8722021159e+00   2.3192615335e-25   5.0115743099e-24   1.8747058441e+03   5.1513480002e-02   1.0216605352e-01   1.8503381865e+07   2.2921583535e-04   3.4012247417e-05   4.6855710205e-04   2.0754556551e-02   2.1643540785e-03   9.7863825027e-02   2.8317729988e-06   2.9555181001e-09   1.6675732640e-10   2.3422640111e-08   5.4323956190e-08   8.2834333105e-03   1.4236498832e-01   5.4227655629e-09   3.8381285784e-08   1.4967342630e-10   7.2783410094e-01  -5.6008513985e+05
  -2.6866845328e-02  -2.7067262334e-02   1.7751940078e-01   6.3851808964e-05   1.9461660230e+00  -7.6584581479e-25   5.4606656742e-24   1.9057357136e+03   5.5077287777e-02   9.9825418299e-02   1.9390540608e+07   3.6988227244e-04   4.3685929334e-05   3.3422836092e-04   1.0315675679e-02   1.9163187200e-03   1.0149302020e-01   1.6958562877e-06   1.9728387151e-07   1.0574179607e-08   1.5253521021e-06   2.9090025592e-06   1.3785608548e-02   1.4678958298e-01   8.6304185045e-08   1.7582012842e-06   9.1881146991e-09   7.2494380555e-01  -6.1376900389e+05
  -2.6308797541e-02  -2.6666428322e-02   1.7423336528e-01   6.4161008177e-05   2.0555321194e+00  -9.1054019610e-25   6.0342063105e-24   1.9265433744e+03   6.0385975124e-02   1.2140095942e-01   2.5726850048e+07   7.7436983148e-04   1.9589399775e-05   1.7366291922e-05   1.5560322307e-03   4.2725682076e-04   1.0482464029e-01   3.5836226666e-07   5.9721329363e-06   2.7388919617e-07   1.3521906392e-04   2.6646864656e-04   2.7779759115e-02   1.4320779244e-01   5.7568779332e-07   5.0905668237e-05   2.1291824889e-07   7.2093320722e-01  -6.4806900871e+05
  -2.5577468437e-02  -2.5951166761e-02   1.7881390673e-01   6.2378095228e-05   2.1861760371e+00   1.0595189599e-24   6.3179990563e-24   1.8602749718e+03   6.9241611265e-02   1.8367465840e-01   2.0634373338e+06   1.0007587745e-03   2.3831971563e-06   1.8383005770e-07   5.9550100995e-04   3.3068211308e-05   1.0327146290e-01   9.9790395974e-08   2.6115801443e-06   1.0700445171e-07   6.1685670347e-04   7.4658715835e-03   3.4828327663e-02   1.3765447972e-01   1.3437927620e-07   8.7171990689e-05   8.7596955479e-08   7.1444089407e-01  -6.9521006823e+05
  -2.4932430778e-02  -2.5203770114e-02   1.8411698138e-01   6.0545449485e-05   2.2917225549e+00   2.9333889869e-24   6.3794252440e-24   1.7927558946e+03   7.8694622580e-02   2.3385100181e-01  -8.7568844485e+05   1.0799103959e-03   1.1712551537e-06   3.6220918925e-08   3.8355482753e-04   1.2823199726e-05   1.0129365078e-01   5.2843057367e-08   1.2557942120e-06   4.6808165559e-08   6.6425497804e-04   1.6818804696e-02   3.7652270748e-02   1.3475138096e-01   6.2475025086e-08   6.4797565339e-05   4.1629202671e-08   7.0727588482e-01  -7.5347788208e+05
  -2.4412911445e-02  -2.4661091442e-02   1.8852775774e-01   5.9059309916e-05   2.3724170349e+00   4.1356685680e-24   6.1972266334e-24   1.7393673681e+03   8.7280533891e-02   2.7361403741e-01  -6.8134367377e+05   1.1140366269e-03   7.6888702984e-07   1.4561004073e-08   3.1248553128e-04   7.1104358006e-06   9.9656001607e-02   3.9186253435e-08   7.6359044804e-07   2.6332142355e-08   6.5215607826e-04   2.5632929542e-02   3.9071840963e-02   1.3278918768e-01   3.8072307430e-08   4.9765286681e-05   2.5321138230e-08   7.0071281029e-01  -8.0308776612e+05
  -2.3914573977e-02  -2.4164731447e-02   1.9283961554e-01   5.7627430680e-05   2.4463315432e+00   4.8975067178e-24   5.8326153220e-24   1.6890493264e+03   9.6409799978e-02   3.1651149659e-01  -3.2985486586e+05   1.1304454820e-03   5.1453699307e-07   6.6957821805e-09   2.8130645141e-04   4.0858106225e-06   9.8060753815e-02   3.1955894484e-08   4.4626603100e-07   1.4246501534e-08   5.9565155523e-04   3.5180628935e-02   3.9984521356e-02   1.3101355951e-01   2.2829404864e-08   3.7206620829e-05   1.4896843352e-08   6.9371078904e-01  -8.5275137411e+05
  -2.3409444187e-02  -2.3664416506e-02   1.9731769470e-01   5.6160431348e-05   2.5181156350e+00   5.3122582100e-24   5.2933327341e-24   1.6385108332e+03   1.0662732074e-01   3.6453644496e-01  -7.5234706464e+04   1.1369699896e-03   3.3727808651e-07   3.1951420805e-09   2.6736240142e-04   2.2971473995e-06   9.6413635183e-02   2.7108617216e-08   2.4076522307e-07   7.0827571346e-09   5.1084693856e-04   4.5968112444e-02   4.0629999495e-02   1.2918263072e-01   1.2915024075e-08   2.6785207272e-05   8.1439114725e-09   6.8586072398e-01  -9.0543644050e+05
  -2.2898357650e-02  -2.3154471868e-02   2.0199867880e-01   5.4651239531e-05   2.5880695825e+00   5.4431303293e-24   4.6103348937e-24   1.5874478371e+03   1.1802519065e-01   4.1765926745e-01   6.4060593094e+04   1.1377075524e-03   2.1687720093e-07   1.5657317618e-09   2.6270946995e-04   1.2576983097e-06   9.4705292160e-02   2.3550949977e-08   1.2105760221e-07   3.2630793755e-09   4.1661264172e-04   5.8051684902e-02   4.1101371673e-02   1.2721330174e-01   6.9874539968e-09   1.8804048011e-05   4.1805848092e-09   6.7709088063e-01  -9.6161066372e+05
  -2.2387119342e-02  -2.2642243432e-02   2.0687053371e-01   5.3110813290e-05   2.6560100295e+00   5.3355297865e-24   3.8422402282e-24   1.5361773513e+03   1.3057010014e-01   4.7555739214e-01   1.1781943297e+05   1.1352915754e-03   1.3839889139e-07   7.9549525069e-10   2.6425360674e-04   6.7657457491e-07   9.2942801332e-02   2.0909708032e-08   5.8180364122e-08   1.4286641141e-09   3.2839882174e-04   7.1369490413e-02   4.1442032110e-02   1.2508396818e-01   3.7340648703e-09   1.3149427856e-05   2.0688444998e-09   6.6741971245e-01  -1.0212857229e+06
  -2.1878941721e-02  -2.2131995253e-02   2.1193244561e-01   5.1546481563e-05   2.7222453428e+00   5.0543140035e-24   3.0561364493e-24   1.4848988369e+03   1.4426046901e-01   5.3819444379e-01   1.2182197385e+05   1.1311818625e-03   8.8702164526e-08   4.2290015977e-10   2.7091733662e-04   3.6125769171e-07   9.1127167585e-02   1.9027495198e-08   2.7448024839e-08   6.1032411026e-10   2.5430585390e-04   8.5906810811e-02   4.1669137816e-02   1.2279196985e-01   2.0414184656e-09   9.3624715251e-06   1.0147158780e-09   6.5683864589e-01  -1.0847134438e+06
  -2.1375176512e-02  -2.1625888188e-02   2.1719180919e-01   4.9962756963e-05   2.7874136303e+00   4.5899224328e-24   2.3141755549e-24   1.4337257424e+03   1.5912717291e-01   6.0556856246e-01   1.0361070006e+05   1.1260433540e-03   5.7687246534e-08   2.3626752005e-10   2.8217528217e-04   1.9317548422e-07   8.9255516861e-02   1.7827984990e-08   1.3011881999e-08   2.6030181207e-10   1.9619589730e-04   1.0169280131e-01   4.1786108989e-02   1.2033953820e-01   1.1779041175e-09   6.9216179912e-06   5.0555055529e-10   6.4531441461e-01  -1.1523128683e+06
  -2.0875867839e-02  -2.1124464836e-02   2.2266460263e-01   4.8361572254e-05   2.8523738682e+00   4.0701128335e-24   1.6634397351e-24   1.3826927242e+03   1.7523493107e-01   6.7772956609e-01   7.9901547059e+04   1.1200943152e-03   3.8329645507e-08   1.3848802368e-10   2.9745436362e-04   1.0401901915e-07   8.7321901204e-02   1.7296305345e-08   6.2995118797e-09   1.1257632865e-10   1.5232131728e-04   1.1879748387e-01   4.1790568879e-02   1.1772524300e-01   7.3312476904e-10   5.3922030090e-06   2.6042592052e-10   6.3278937366e-01  -1.2246321334e+06
  -2.0380312698e-02  -2.0627270843e-02   2.2837504585e-01   4.6743020202e-05   2.9181202945e+00   3.4978848078e-24   1.1308107252e-24   1.3317780880e+03   1.9267809516e-01   7.5470831518e-01   5.8609488010e+04   1.1133349871e-03   2.6091203864e-08   8.4629287969e-11   3.1601065643e-04   5.6473549244e-08   8.5318051259e-02   1.7487820941e-08   3.1384531039e-09   4.9705377258e-11   1.1965208396e-04   1.3732412044e-01   4.1677854159e-02   1.1494149489e-01   4.9704582006e-10   4.4628765839e-06   1.4005217272e-10   6.1918491468e-01  -1.3023131004e+06
  -1.9887464934e-02  -2.0133354552e-02   2.3435513985e-01   4.5106169192e-05   2.9857258973e+00   2.9069184555e-24   7.2273683119e-25   1.2809283982e+03   2.1157497248e-01   8.3639077563e-01   4.2162014052e+04   1.1056688825e-03   1.8182399172e-08   5.3445962085e-11   3.3698574726e-04   3.0836223844e-08   8.3233846210e-02   1.8535171658e-08   1.6092240471e-09   2.2383741573e-11   9.5234578050e-05   1.5740155033e-01   4.1442170807e-02   1.1197497206e-01   3.6657909416e-10   3.9268208261e-06   7.8878488268e-11   6.0440557488e-01  -1.3860639809e+06
  -1.9396163850e-02  -1.9641575316e-02   2.4064445165e-01   4.3449750604e-05   3.0563077571e+00   2.3372561700e-24   4.2933846377e-25   1.2300789833e+03   2.3206271527e-01   9.2234756271e-01   3.0347005058e+04   1.0969559554e-03   1.2935762812e-08   3.4557018949e-11   3.5947186080e-04   1.6849741374e-08   8.1057427016e-02   2.0648667865e-08   8.4520744192e-10   1.0219622253e-11   7.6717737249e-05   1.7917817997e-01   4.1076805473e-02   1.0880790028e-01   2.9143708970e-10   3.6498145528e-06   4.6543302194e-11   5.8834284023e-01  -1.4766368527e+06
  -1.8905233887e-02  -1.9150752384e-02   2.4729020017e-01   4.1772696727e-05   3.1310015081e+00   1.7905016915e-24   2.3107826544e-25   1.1791696975e+03   2.5429292684e-01   1.0116302486e+00   2.2097582666e+04   1.0870287179e-03   9.3620821301e-09   2.2676952867e-11   3.8252885338e-04   9.1568261541e-09   7.8775009974e-02   2.4105424031e-08   4.5161209711e-10   4.6911030318e-12   6.2405882830e-05   2.0281727830e-01   4.0574021881e-02   1.0541935451e-01   2.4669306609e-10   3.5431331148e-06   2.8837914991e-11   5.7087878537e-01  -1.5748036485e+06
  -1.8413502966e-02  -1.8659715389e-02   2.5434772115e-01   4.0074545415e-05   3.2109315904e+00   1.2800922985e-24   1.0556277989e-25   1.1281563531e+03   2.7842755888e-01   1.1025628587e+00   1.6337831184e+04   1.0756898251e-03   6.8688519663e-09   1.4986284897e-11   4.0515682228e-04   4.9164042256e-09   7.6370471290e-02   2.9208957966e-08   2.4369597860e-10   2.1455633969e-12   5.1130533346e-05   2.2849278344e-01   3.9924880617e-02   1.0178640428e-01   2.1969418603e-10   3.5450708182e-06   1.8930945542e-11   5.5188989662e-01  -1.6813267802e+06
  -1.7919764283e-02  -1.8167290543e-02   2.6188171813e-01   3.8355674268e-05   3.2971704075e+00   8.1901786522e-25   3.2268391739e-26   1.0770166266e+03   3.0463534375e-01   1.1925199162e+00   1.2251324766e+04   1.0627004795e-03   5.0933955636e-09   9.9059032679e-12   4.2624957109e-04   2.5906352045e-09   7.3824729269e-02   3.6191254960e-08   1.3188689588e-10   9.6914504884e-13   4.2096943852e-05   2.5638571102e-01   3.9119055390e-02   9.7885051423e-02   2.0393295343e-10   3.6095947445e-06   1.3404083873e-11   5.3125075208e-01  -1.7969274427e+06
  -1.7421958360e-02  -1.7672238023e-02   2.6998227739e-01   3.6614691721e-05   3.3908400562e+00   4.2303465306e-25  -5.4405935065e-27   1.0256705851e+03   3.3313194318e-01   1.2782849565e+00   9.2836776539e+03   1.0477415202e-03   3.8056083393e-09   6.5041855479e-12   4.4458049503e-04   1.3293456204e-09   7.1110943479e-02   4.5066945228e-08   7.1058476324e-11   4.2807789369e-13   3.4749278325e-05   2.8672707996e-01   3.8143216891e-02   9.3684572668e-02   1.9615482467e-10   3.6998784808e-06   1.0407659808e-11   5.0880336534e-01  -1.9224566079e+06
  -1.6918471650e-02  -1.7171678698e-02   2.7874662819e-01   3.4853141762e-05   3.4928399169e+00   1.1190826229e-25  -2.0078676796e-26   9.7412368584e+02   3.6411330471e-01   1.3571501579e+00   7.0845441874e+03   1.0304249567e-03   2.8586332782e-09   4.2163049037e-12   4.5870117625e-04   6.5948213339e-10   6.8200390793e-02   5.5462087928e-08   3.7882948047e-11   1.8329781261e-13   2.8713190891e-05   3.1972715843e-01   3.6982609917e-02   8.9157533197e-02   1.9505832220e-10   3.7843137645e-06   8.7737839052e-12   4.8441062480e-01  -2.0585141558e+06
  -1.6408187113e-02  -1.6665264602e-02   2.8828594803e-01   3.3075516001e-05   3.6037698930e+00  -1.0458948975e-25  -2.1060858163e-26   9.2245446226e+02   3.9772461058e-01   1.4227612085e+00   5.4303048396e+03   1.0102992478e-03   2.1548054450e-09   2.6832648886e-12   4.6698160376e-04   3.1414633307e-10   6.5064399770e-02   6.6571526829e-08   1.9877844779e-11   7.5474893056e-14   2.3724608524e-05   3.5554234547e-01   3.5623293860e-02   8.4283549783e-02   2.0061346759e-10   3.8345501442e-06   7.6542973169e-12   4.5798150183e-01  -2.2052706358e+06
  -1.5889023858e-02  -1.6151109623e-02   2.9875817758e-01   3.1284018326e-05   3.7241967826e+00  -2.3246696540e-25  -1.5272536765e-26   8.7066469831e+02   4.3414948214e-01   1.4677871888e+00   4.1718621739e+03   9.8678202226e-04   1.6258808285e-09   1.6656869726e-12   4.6768971631e-04   1.4248009746e-10   6.1665965267e-02   7.7354449897e-08   1.0198759430e-11   2.9587315059e-14   1.9581763750e-05   3.9437023535e-01   3.4048981053e-02   7.9035716471e-02   2.1379719350e-10   3.8252384802e-06   6.5586704280e-12   4.2940114376e-01  -2.3632226410e+06
  -1.5358404058e-02  -1.5626938093e-02   3.1037472680e-01   2.9480376546e-05   3.8545108175e+00  -2.8788422835e-25  -7.4630110028e-27   8.1873305977e+02   4.7357494429e-01   1.4862070935e+00   3.2061243347e+03   9.5915106003e-04   1.2238065588e-09   1.0020726378e-12   4.5904537679e-04   6.0962119275e-11   5.7962532394e-02   8.6729717482e-08   5.0771491918e-12   1.0912223481e-14   1.6130607635e-05   4.3641237269e-01   3.2242494618e-02   7.3385666025e-02   2.3629425575e-10   3.7340594307e-06   5.3812139292e-12   3.9855878491e-01  -2.5328116514e+06
  -1.4812988970e-02  -1.5089870023e-02   3.2342417774e-01   2.7665584593e-05   3.9948315096e+00  -2.9128544744e-25  -6.1879303874e-28   7.6660846984e+02   5.1618698904e-01   1.4709316416e+00   2.4563082040e+03   9.2649829246e-04   9.1367132108e-10   5.8111406202e-13   4.3933887452e-04   2.4382995805e-11   5.3904927615e-02   9.3557499198e-08   2.4283405488e-12   3.7310193068e-15   1.3250161051e-05   4.8186967068e-01   3.0185914941e-02   6.7304939842e-02   2.6935007085e-10   3.5425593021e-06   4.2016477565e-12   3.6535182226e-01  -2.7143408231e+06
  -1.4248205090e-02  -1.4536107918e-02   3.3830892473e-01   2.5839674332e-05   4.1448773756e+00  -2.6170821466e-25   3.7206648157e-27   7.1420455792e+02   5.6215852125e-01   1.4137156065e+00   1.8599845948e+03   8.8765195689e-04   6.6917544253e-10   3.2467527968e-13   4.0711693999e-04   9.0637134382e-12   4.9436213677e-02   9.6244618760e-08   1.1013212133e-12   1.1606234526e-15   1.0843951153e-05   5.3092982532e-01   2.7860836329e-02   6.0768024068e-02   3.0987244801e-10   3.2378852804e-06   3.0999831717e-12   3.2969615263e-01  -2.9079140363e+06
  -1.3660368223e-02  -1.3960302263e-02   3.5550089271e-01   2.4010875865e-05   4.3029714312e+00  -2.1396285776e-25   5.0861656283e-27   6.6167186079e+02   6.1138201418e-01   1.3065606083e+00   1.3632385194e+03   8.4128529730e-04   4.7060257389e-10   1.7689454787e-13   3.6171063033e-04   3.1598554358e-12   4.4516228265e-02   9.2253996152e-08   4.6691477161e-13   3.2251546285e-16   8.8397014525e-06   5.8348232158e-01   2.5262017523e-02   5.3791826008e-02   3.4135521254e-10   2.8179688662e-06   2.1163445478e-12   2.9173285995e-01  -3.1122823916e+06
  -1.3045762918e-02  -1.3360434184e-02   3.7558084970e-01   2.2193198915e-05   4.4659390652e+00  -1.5904930457e-25   2.6522106877e-27   6.0932642593e+02   6.6338463414e-01   1.1459924797e+00   9.2068726845e+02   7.8596289783e-04   3.0394965310e-10   9.5077527080e-14   3.0405170031e-04   1.0548680161e-12   3.9134919505e-02   7.8912888056e-08   1.8126356407e-13   7.8254747247e-17   7.1639480722e-06   6.3902770820e-01   2.2404565099e-02   4.6448867846e-02   3.2934936832e-10   2.2990738192e-06   1.2742749950e-12   2.5188438218e-01  -3.3247720829e+06
  -1.2389413816e-02  -1.2731091652e-02   3.9968719354e-01   2.0375893947e-05   4.6319228169e+00  -1.1248456146e-25  -1.0271124017e-26   5.5678036617e+02   7.1812488799e-01   9.3528971653e-01   5.1538819805e+02   7.1916330116e-04   1.6439612629e-10   4.7179821679e-14   2.3634791992e-04   3.2487804865e-13   3.3237954793e-02   5.6521078469e-08   6.1942311454e-14  -2.8824676163e-15   5.6942151374e-06   6.9752895118e-01   1.9280057441e-02   3.8754380655e-02   2.4891462673e-10   1.7121578374e-06   6.1140469336e-13   2.1023568140e-01  -3.5448127038e+06
  -1.1655867970e-02  -1.2047735980e-02   4.3005833294e-01   1.8517459496e-05   4.8011710163e+00  -6.2249910849e-26   5.0083637303e-27   5.0280740821e+02   7.7633485694e-01   6.8486191056e-01   1.9803766227e+02   6.3593608695e-04   6.3733022211e-11   1.7514638638e-14   1.6204154899e-04   7.7148784858e-14   2.6686052807e-02   3.1338544174e-08   1.5600691258e-14  -5.9771641316e-16   4.2517552197e-06   7.5978061733e-01   1.5826523587e-02   3.0617829797e-02   1.3050976887e-10   1.1020670896e-06   1.9575654346e-13   1.6628561349e-01  -3.7750516526e+06
  -1.0769529919e-02  -1.1263999959e-02   4.7120486674e-01   1.6543740649e-05   4.9759288201e+00  -1.5799302210e-26   1.9132116116e-27   4.4532802700e+02   8.3950785536e-01   4.1663116044e-01   3.8813867833e+01   5.2666360704e-04   1.4264035485e-11   3.6903157511e-15   8.7711279188e-05   1.0372971070e-14   1.9255049122e-02   1.2622578089e-08   2.1735258702e-15  -5.5042654257e-17   2.6632069749e-06   8.2740380283e-01   1.1906637399e-02   2.1846793452e-02   4.2029977125e-11   5.4110388848e-07   3.2182987473e-14   1.1897012532e-01  -4.0214754914e+06
  -9.4260753204e-03  -1.0275059880e-02   5.4003368682e-01   1.4138974627e-05   5.1747716801e+00  -1.5658236581e-27   6.1643826893e-28   3.7543721663e+02   9.1506913836e-01   1.3783306652e-01   1.6575695960e+00   3.5743641898e-04   1.0272146069e-12   2.7890064731e-16   2.3570522334e-05   3.1705519267e-16   1.0016399233e-02   3.0928283170e-09   8.1917548136e-17  -4.2134868466e-19   8.9335643007e-07   9.0841802781e-01   6.8870134032e-03   1.1497172794e-02   6.2013901397e-12   1.2764688378e-07   1.4319290665e-15   6.2799355720e-02  -4.3168358463e+06
  -7.5012931902e-03  -8.5770907608e-03   5.9885753834e-01   1.2593519728e-05   5.2956020663e+00  -1.1242524037e-28   7.3979489392e-29   3.3150604395e+02   9.6363600106e-01   1.4214751902e-02   4.5173079730e-02   1.8303650129e-04   7.4353782393e-14   1.8647407179e-17   3.8857653632e-06   6.2107045367e-18   4.0829573038e-03   6.0722187703e-10   7.8248832129e-18  -7.9837106194e-22   1.8119536271e-07   9.6068410689e-01   3.2498749105e-03   4.9858342757e-03   1.3804916949e-12   2.0142177700e-08   1.8027264246e-15   2.6810102406e-02  -4.5052194939e+06
  -5.3547031285e-03  -6.4254956197e-03   6.1368650784e-01   1.2258676707e-05   5.3204635078e+00  -2.7756365415e-29   1.2643331935e-29   3.2211123183e+02   9.7391695562e-01   1.0690472613e-03   6.6234756268e-03   1.2979358614e-04   2.1232264396e-14   3.5977115416e-18   1.0136577644e-06   6.2474962529e-19   2.8297645173e-03   2.0999793479e-10   3.0627985204e-18   1.1986670951e-25   6.1573467444e-08   9.7178530746e-01   2.4492090601e-03   3.6394490108e-03   2.4252539203e-12   5.6277305030e-09   8.5083012865e-15   1.9165395293e-02  -4.5457003067e+06
  -2.1418676144e-03  -4.2839106373e-03   6.3125964250e-01   1.1877326237e-05   5.3518649591e+00  -2.6282551153e-30   1.1564838735e-30   3.1154654976e+02   9.8599605696e-01   2.4327347037e-04   1.1314491691e-03   7.4917518868e-05   4.7603668761e-15   3.3321114000e-19   1.1623646645e-07   2.0697400378e-20   1.4460220302e-03   3.0350895391e-11   6.2257620672e-19  -4.3850811493e-26   9.5504220759e-09   9.8482685290e-01   1.4143755040e-03   1.9854695978e-03   8.4918268351e-12   8.3731879606e-10   1.9312166560e-14   1.0252235791e-02  -4.5923678059e+06
   2.1421341029e-03   1.7540842611e-07   6.3125878470e-01   1.1877344284e-05   5.3518636181e+00   8.9563737677e-30   5.8443879120e-30   3.1154704806e+02   9.8599548735e-01   2.4329736847e-04   1.1317765500e-03   7.4920096110e-05   4.7634042301e-15   3.3368124952e-19   1.1627830574e-07   2.0716196593e-20   1.4460874583e-03   3.0360312557e-11   6.2268063201e-19   1.5750320346e-27   9.5528172826e-09   9.8482623795e-01   1.4144240814e-03   1.9855475000e-03   8.4913048054e-12   8.3754613444e-10   1.9311011710e-14   1.0252656206e-02  -4.5923656054e+06
   5.3548433280e-03   4.2840927974e-03   6.1368673386e-01   1.2258671508e-05   5.3204633610e+00   7.7712947980e-29   6.1362399405e-29   3.2211108809e+02   9.7391712816e-01   1.0692273876e-03   6.6233929930e-03   1.2979343510e-04   2.1232592558e-14   3.5980244191e-18   1.0136516516e-06   6.2476218156e-19   2.8297452391e-03   2.1000159265e-10   3.0623119489e-18   1.1986130405e-25   6.1572306238e-08   9.7178549244e-01   2.4491946465e-03   3.6394236491e-03   2.4251881630e-12   5.6276721782e-09   8.5068067065e-15   1.9165269525e-02  -4.5457009432e+06
   7.5013492557e-03   6.4255938586e-03   5.9885632498e-01   1.2593547959e-05   5.2955987545e+00   2.8100113603e-28   2.3488762542e-28   3.3150683850e+02   9.6363513092e-01   1.4215555800e-02   4.5178189759e-02   1.8304004833e-04   7.4357732987e-14   1.8649316349e-17   3.8860288824e-06   6.2115629997e-18   4.0830629091e-03   6.0728106903e-10   7.8309128523e-18  -7.9852912570e-22   1.8120467091e-07   9.6068316938e-01   3.2499417357e-03   4.9859504127e-03   1.3804599233e-12   2.0143541094e-08   1.8020851646e-15   2.6810747532e-02  -4.5052160886e+06
   9.4260867262e-03   8.5771046527e-03   5.4003330379e-01   1.4138986096e-05   5.1747681638e+00   1.6885014923e-27   1.0954979815e-27   3.7543754541e+02   9.1506877084e-01   1.3783351413e-01   1.6575986051e+00   3.5743699170e-04   1.0272305659e-12   2.7890657891e-16   2.3570865094e-05   3.1706350444e-16   1.0016443775e-02   3.0928801415e-09   8.1919980431e-17  -4.2134553561e-19   8.9335961494e-07   9.0841763438e-01   6.8870371081e-03   1.1497224535e-02   6.2014050145e-12   1.2764913956e-07   1.4319434361e-15   6.2799628236e-02  -4.3168344419e+06
   1.0769537863e-02   1.0275068800e-02   4.7120465184e-01   1.6543749909e-05   4.9759283623e+00   1.0732962086e-26   2.5667288317e-27   4.4532829436e+02   8.3950754746e-01   4.1663324590e-01   3.8813807438e+01   5.2666410566e-04   1.4264089389e-11   3.6903144449e-15   8.7711690339e-05   1.0372948469e-14   1.9255085231e-02   1.2622506607e-08   2.1735917888e-15  -5.4967290127e-17   2.6631985382e-06   8.2740347335e-01   1.1906656348e-02   2.1846835650e-02   4.2029658024e-11   5.4110715082e-07   3.2183445028e-14   1.1897035664e-01  -4.0214743099e+06
   1.1655871906e-02   1.1264006927e-02   4.3005824051e-01   1.8517464378e-05   4.8011693751e+00   2.6834162566e-26   5.4344266517e-27   5.0280755233e+02   7.7633471189e-01   6.8486405855e-01   1.9803994107e+02   6.3593621463e-04   6.3734512223e-11   1.7503347510e-14   1.6204177745e-04   7.7169358241e-14   2.6686067639e-02   3.1338759765e-08   1.5595486057e-14  -6.1513606844e-16   4.2517392706e-06   7.5978046245e-01   1.5826531755e-02   3.0617850404e-02   1.3048045840e-10   1.1020693031e-06   1.9575442934e-13   1.6628572442e-01  -3.7750510334e+06
   1.2389413423e-02   1.2047736885e-02   3.9968726432e-01   2.0375889097e-05   4.6319227183e+00   6.0727097513e-26   8.9556602544e-27   5.5678022586e+02   7.1812503889e-01   9.3529038109e-01   5.1525138838e+02   7.1916303447e-04   1.6434703521e-10   4.7177982444e-14   2.3634772570e-04   3.2479913256e-13   3.3237937135e-02   5.6520105804e-08   6.1897849284e-14  -2.2771737045e-15   5.6941995342e-06   6.9752911269e-01   1.9280048369e-02   3.8754359690e-02   2.4898787538e-10   1.7121563910e-06   6.1122249398e-13   2.1023556806e-01  -3.5448132888e+06
   1.3045761968e-02   1.2731089961e-02   3.7558092831e-01   2.2193192715e-05   4.4659387630e+00   2.0497654811e-25   2.7488525439e-26   6.0932624392e+02   6.6338480690e-01   1.1459929145e+00   9.2068244577e+02   7.8596267044e-04   3.0394887395e-10   9.5077562239e-14   3.0405146813e-04   1.0548623900e-12   3.9134900953e-02   7.8913267676e-08   1.8126184610e-13   7.8253863885e-17   7.1639200480e-06   6.3902789284e-01   2.2404555492e-02   4.6448843476e-02   3.2934808501e-10   2.2990719668e-06   1.2742661934e-12   2.5188425055e-01  -3.3247728115e+06
   1.3660368561e-02   1.3360433975e-02   3.5550091173e-01   2.4010874180e-05   4.3029707615e+00   3.3836327231e-25   5.5665150239e-26   6.6167181055e+02   6.1138205610e-01   1.3065614584e+00   1.3632350973e+03   8.4128523885e-04   4.7060189608e-10   1.7689435400e-13   3.6171054125e-04   3.1598488648e-12   4.4516223950e-02   9.2254168803e-08   4.6691319125e-13   3.2251422727e-16   8.8396882601e-06   5.8348236636e-01   2.5262015421e-02   5.3791819772e-02   3.4135490081e-10   2.8179682884e-06   2.1163414166e-12   2.9173282799e-01  -3.1122825793e+06
   1.4248205939e-02   1.3960303146e-02   3.3830891850e-01   2.5839675044e-05   4.1448767216e+00   4.9481005466e-25   1.0076522476e-25   7.1420457837e+02   5.6215850287e-01   1.4137165819e+00   1.8599824003e+03   8.8765196105e-04   6.6917509557e-10   3.2467512760e-13   4.0711689272e-04   9.0637107339e-12   4.9436215445e-02   9.6244649384e-08   1.1013200500e-12   1.1606223789e-15   1.0843944371e-05   5.3092980570e-01   2.7860837442e-02   6.0768026305e-02   3.0987225126e-10   3.2378851082e-06   3.0999817459e-12   3.2969616719e-01  -2.9079139559e+06
   1.4812989723e-02   1.4536108731e-02   3.2342416950e-01   2.7665585638e-05   3.9948310672e+00   6.7028790191e-25   1.7038339383e-25   7.6660850017e+02   5.1618696442e-01   1.4709325529e+00   2.4563066239e+03   9.2649830071e-04   9.1367111135e-10   5.8111393541e-13   4.3933881976e-04   2.4382998771e-11   5.3904929864e-02   9.3557488410e-08   2.4283396505e-12   3.7310186294e-15   1.3250157064e-05   4.8186964440e-01   3.0185916348e-02   6.7304943052e-02   2.6934994428e-10   3.5425590745e-06   4.2016469355e-12   3.6535184173e-01  -2.7143407123e+06
   1.5358404693e-02   1.5089870715e-02   3.1037471836e-01   2.9480377748e-05   3.8545105435e+00   8.5386915332e-25   2.7092684951e-25   8.1873309475e+02   4.7357491804e-01   1.4862078641e+00   3.2061233485e+03   9.5915106641e-04   1.2238064917e-09   1.0020725887e-12   4.5904531373e-04   6.0962139648e-11   5.7962534638e-02   8.6729696698e-08   5.0771492471e-12   1.0912225787e-14   1.6130605851e-05   4.3641234467e-01   3.2242496068e-02   7.3385669581e-02   2.3629417641e-10   3.7340591326e-06   5.3812136292e-12   3.9855880573e-01  -2.5328115310e+06
   1.5889024398e-02   1.5626938672e-02   2.9875816923e-01   3.1284019650e-05   3.7241966190e+00   1.0324991326e-24   4.0710080534e-25   8.7066473692e+02   4.3414945522e-01   1.4677877865e+00   4.1718617638e+03   9.8678202653e-04   1.6258809219e-09   1.6656870689e-12   4.6768964664e-04   1.4248016214e-10   6.1665967443e-02   7.7354427302e-08   1.0198761851e-11   2.9587328063e-14   1.9581763833e-05   3.9437020663e-01   3.4048982495e-02   7.9035720206e-02   2.1379714294e-10   3.8252381224e-06   6.5586704934e-12   4.2940116520e-01  -2.3632225158e+06
   1.6408187590e-02   1.6151110123e-02   2.8828593968e-01   3.3075517457e-05   3.6037697932e+00   1.1915457899e-24   5.8044582154e-25   9.2245450490e+02   3.9772458295e-01   1.4227616241e+00   5.4303049726e+03   1.0102992514e-03   2.1548057259e-09   2.6832652242e-12   4.6698152827e-04   3.1414649905e-10   6.5064401928e-02   6.6571504657e-08   1.9877852192e-11   7.5474936550e-14   2.3724610213e-05   3.5554231600e-01   3.5623295281e-02   8.4283553675e-02   2.0061343322e-10   3.8345497347e-06   7.6542975581e-12   4.5798152390e-01  -2.2052705062e+06
   1.6918472096e-02   1.6665265057e-02   2.7874661979e-01   3.4853143355e-05   3.4928398505e+00   1.3178125169e-24   7.8852255951e-25   9.7412373272e+02   3.6411327651e-01   1.3571503984e+00   7.0845448092e+03   1.0304249611e-03   2.8586337819e-09   4.2163055823e-12   4.5870109405e-04   6.5948251077e-10   6.8200392974e-02   5.5462067001e-08   3.7882964978e-11   1.8329793192e-13   2.8713193926e-05   3.1972712835e-01   3.6982611290e-02   8.9157537218e-02   1.9505829617e-10   3.7843133037e-06   8.7737843431e-12   4.8441064738e-01  -2.0585140226e+06
   1.7421958798e-02   1.7171679135e-02   2.6998226901e-01   3.6614693435e-05   3.3908400060e+00   1.4059777960e-24   1.0250757511e-24   1.0256706358e+03   3.3313191483e-01   1.2782850452e+00   9.2836786893e+03   1.0477415259e-03   3.8056091104e-09   6.5041866338e-12   4.4458040327e-04   1.3293464054e-09   7.1110945702e-02   4.5066925964e-08   7.1058510279e-11   4.2807818440e-13   3.4749282447e-05   2.8672704973e-01   3.8143218173e-02   9.3684576754e-02   1.9615480205e-10   3.6998779620e-06   1.0407660870e-11   5.0880338806e-01  -1.9224564741e+06
   1.7919764712e-02   1.7672238460e-02   2.6188171016e-01   3.8355676012e-05   3.2971703685e+00   1.4582380358e-24   1.2809361446e-24   1.0770166786e+03   3.0463531679e-01   1.1925198893e+00   1.2251326071e+04   1.0627004850e-03   5.0933966222e-09   9.9059045510e-12   4.2624946523e-04   2.5906366800e-09   7.3824731444e-02   3.6191237757e-08   1.3188695721e-10   9.6914568182e-13   4.2096948664e-05   2.5638568228e-01   3.9119056503e-02   9.7885055354e-02   2.0393293072e-10   3.6095941590e-06   1.3404086175e-11   5.3125077369e-01  -1.7969273158e+06
   1.8413503397e-02   1.8167290963e-02   2.5434771372e-01   4.0074547151e-05   3.2109315591e+00   1.4818086762e-24   1.5465219735e-24   1.1281564052e+03   2.7842753362e-01   1.1025627550e+00   1.6337832794e+04   1.0756898286e-03   6.8688534003e-09   1.4986285846e-11   4.0515669515e-04   4.9164068890e-09   7.6370473417e-02   2.9208942460e-08   2.4369608756e-10   2.1455647254e-12   5.1130538874e-05   2.2849275654e-01   3.9924881535e-02   1.0178640803e-01   2.1969416107e-10   3.5450701557e-06   1.8930949997e-11   5.5188991685e-01  -1.6813266631e+06
   1.8905234342e-02   1.8659715832e-02   2.4729019315e-01   4.1772698475e-05   3.1310014809e+00   1.4880484914e-24   1.8140102296e-24   1.1791697503e+03   2.5429290288e-01   1.0116301002e+00   2.2097585251e+04   1.0870287166e-03   9.3620842492e-09   2.2676952549e-11   3.8252869603e-04   9.1568311040e-09   7.8775012109e-02   2.4105409570e-08   4.5161230903e-10   4.6911059849e-12   6.2405890266e-05   2.0281725278e-01   4.0574022589e-02   1.0541935818e-01   2.4669304132e-10   3.5431323961e-06   2.8837923986e-11   5.7087880452e-01  -1.5748035399e+06
   1.9396164328e-02   1.9150752852e-02   2.4064444512e-01   4.3449752332e-05   3.0563077342e+00   1.4789346779e-24   2.0783992500e-24   1.2300790358e+03   2.3206269292e-01   9.2234740250e-01   3.0347009944e+04   1.0969559453e-03   1.2935766125e-08   3.4557015270e-11   3.5947166797e-04   1.6849750686e-08   8.1057429117e-02   2.0648653999e-08   8.4520788494e-10   1.0219629099e-11   7.6717748558e-05   1.7917815621e-01   4.1076805926e-02   1.0880790389e-01   2.9143707450e-10   3.6498138728e-06   4.6543321105e-11   5.8834285802e-01  -1.4766367546e+06
   1.9887465431e-02   1.9641575804e-02   2.3435513385e-01   4.5106170876e-05   2.9857258783e+00   1.4664313151e-24   2.3403837172e-24   1.2809284499e+03   2.1157495191e-01   8.3639062435e-01   4.2162023620e+04   1.1056688604e-03   1.8182404646e-08   5.3445952011e-11   3.3698552197e-04   3.0836241778e-08   8.3233848246e-02   1.8535158104e-08   1.6092250369e-09   2.2383758289e-11   9.5234596524e-05   1.5740152851e-01   4.1442170949e-02   1.1197497565e-01   3.6657911429e-10   3.9268203870e-06   7.8878529679e-11   6.0440559116e-01  -1.3860638940e+06
   2.0380313207e-02   2.0133355057e-02   2.2837504034e-01   4.6743021831e-05   2.9181202772e+00   1.4523689611e-24   2.6096011250e-24   1.3317781385e+03   1.9267807641e-01   7.5470818311e-01   5.8609505906e+04   1.1133349520e-03   2.6091213174e-08   8.4629269407e-11   3.1601041460e-04   5.6473584503e-08   8.5318053217e-02   1.7487807833e-08   3.1384553963e-09   4.9705419485e-11   1.1965211423e-04   1.3732410061e-01   4.1677853914e-02   1.1494149853e-01   4.9704593279e-10   4.4628767016e-06   1.4005226515e-10   6.1918492941e-01  -1.3023130243e+06
   2.0875868356e-02   2.0627271358e-02   2.2266459751e-01   4.8361573831e-05   2.8523738491e+00   1.4451922881e-24   2.9076644897e-24   1.3826927737e+03   1.7523491407e-01   6.7772945619e-01   7.9901573420e+04   1.1200942695e-03   3.8329660574e-08   1.3848799942e-10   2.9745413334e-04   1.0401908661e-07   8.7321903090e-02   1.7296293264e-08   6.2995169278e-09   1.1257643110e-10   1.5232136138e-04   1.1879746597e-01   4.1790568166e-02   1.1772524671e-01   7.3312505604e-10   5.3922039167e-06   2.6042611444e-10   6.3278938691e-01  -1.2246320669e+06
   2.1375177032e-02   2.1124465355e-02   2.1719180438e-01   4.9962758493e-05   2.7874136061e+00   1.4619625377e-24   3.2684652885e-24   1.4337257911e+03   1.5912715753e-01   6.0556847469e-01   1.0361072657e+05   1.1260433024e-03   5.7687269527e-08   2.3626750936e-10   2.8217509290e-04   1.9317560806e-07   8.9255518677e-02   1.7827974891e-08   1.3011892436e-08   2.6030204710e-10   1.9619595423e-04   1.0169278521e-01   4.1786107781e-02   1.2033954199e-01   1.1779046636e-09   6.9216195555e-06   5.0555093725e-10   6.4531442649e-01  -1.1523128097e+06
   2.1878942241e-02   2.1625888709e-02   2.1193244106e-01   5.1546483055e-05   2.7222453188e+00   1.6059379652e-24   3.7321832163e-24   1.4848988851e+03   1.4426045505e-01   5.3819437475e-01   1.2182196461e+05   1.1311818065e-03   8.8702195887e-08   4.2290019864e-10   2.7091719817e-04   3.6125790214e-07   9.1127169304e-02   1.9027487109e-08   2.7448043884e-08   6.1032459095e-10   2.5430591326e-04   8.5906796283e-02   4.1669136219e-02   1.2279197372e-01   2.0414191281e-09   9.3624724697e-06   1.0147165423e-09   6.5683865656e-01  -1.0847133916e+06
   2.2387119864e-02   2.2131995773e-02   2.0687052940e-01   5.3110814755e-05   2.6560100145e+00   1.6100591934e-24   4.3303113066e-24   1.5361773994e+03   1.3057008734e-01   4.7555733253e-01   1.1781906455e+05   1.1352914963e-03   1.3839893241e-07   7.9549542218e-10   2.6425355780e-04   6.7657490481e-07   9.2942803021e-02   2.0909704495e-08   5.8180393794e-08   1.4286649069e-09   3.2839890760e-04   7.1369477195e-02   4.1442030230e-02   1.2508397202e-01   3.7340666904e-09   1.3149432530e-05   2.0688455752e-09   6.6741972204e-01  -1.0212856760e+06
   2.2898358177e-02   2.2642243955e-02   2.0199867451e-01   5.4651240994e-05   2.5880695791e+00   1.7755022464e-24   5.0633810867e-24   1.5874478860e+03   1.1802517887e-01   4.1765921255e-01   6.4060489792e+04   1.1377074874e-03   2.1687728347e-07   1.5657330441e-09   2.6270953228e-04   1.2576990595e-06   9.4705293824e-02   2.3550958428e-08   1.2105768686e-07   3.2630819402e-09   4.1661273495e-04   5.8051672777e-02   4.1101369674e-02   1.2721330536e-01   6.9874581230e-09   1.8804054179e-05   4.1805876410e-09   6.7709088937e-01  -9.6161061805e+05
   2.3409444703e-02   2.3154472398e-02   1.9731769049e-01   5.6160432783e-05   2.5181156544e+00   2.0350136886e-24   5.8809931472e-24   1.6385108823e+03   1.0662731027e-01   3.6453639914e-01  -7.5234838445e+04   1.1369699120e-03   3.3727821996e-07   3.1951458231e-09   2.6736258288e-04   2.2971488074e-06   9.6413636856e-02   2.7108639470e-08   2.4076539568e-07   7.0827628045e-09   5.1084705296e-04   4.5968101734e-02   4.0629997501e-02   1.2918263384e-01   1.2915033316e-08   2.6785218536e-05   8.1439171972e-09   6.8586073167e-01  -9.0543639538e+05
   2.3914574480e-02   2.3664417007e-02   1.9283961121e-01   5.7627432139e-05   2.4463315926e+00   2.4323784456e-24   6.6801381702e-24   1.6890493779e+03   9.6409790610e-02   3.1651145919e-01  -3.2985515888e+05   1.1304453688e-03   5.1453718202e-07   6.6957901259e-09   2.8130666055e-04   4.0858131155e-06   9.8060755500e-02   3.1955922269e-08   4.4626633330e-07   1.4246512365e-08   5.9565166659e-04   3.5180619468e-02   3.9984519410e-02   1.3101356209e-01   2.2829420623e-08   3.7206635928e-05   1.4896853320e-08   6.9371079596e-01  -8.5275132604e+05
   2.4412911967e-02   2.4164731954e-02   1.8852775290e-01   5.9059311545e-05   2.3724171087e+00   3.0284641828e-24   7.3451864018e-24   1.7393674276e+03   8.7280524977e-02   2.7361399740e-01  -6.8134447336e+05   1.1140364389e-03   7.6888727186e-07   1.4561018316e-08   3.1248566305e-04   7.1104402749e-06   9.9656003338e-02   3.9186273155e-08   7.6359092501e-07   2.6332161156e-08   6.5215615741e-04   2.5632920789e-02   3.9071838494e-02   1.3278919026e-01   3.8072330243e-08   4.9765304277e-05   2.5321153918e-08   7.0071281716e-01  -8.0308770965e+05
   2.4932431292e-02   2.4661091981e-02   1.8411697660e-01   6.0545451155e-05   2.2917226547e+00   3.8944936470e-24   7.7991868142e-24   1.7927559579e+03   7.8694614781e-02   2.3385095844e-01  -8.7568909201e+05   1.0799100936e-03   1.1712554660e-06   3.6220963917e-08   3.8355513657e-04   1.2823208393e-05   1.0129365221e-01   5.2843105013e-08   1.2557950067e-06   4.6808199433e-08   6.6425503586e-04   1.6818797717e-02   3.7652266167e-02   1.3475138477e-01   6.2475063642e-08   6.4797587333e-05   4.1629229105e-08   7.0727589104e-01  -7.5347782528e+05
   2.5577469228e-02   2.5203770603e-02   1.7881390119e-01   6.2378097382e-05   2.1861761177e+00   5.2358340104e-24   7.9358357813e-24   1.8602750537e+03   6.9241600914e-02   1.8367457292e-01   2.0634602567e+06   1.0007583331e-03   2.3832013881e-06   1.8383106693e-07   5.9550311927e-04   3.3068288473e-05   1.0327146479e-01   9.9790855176e-08   2.6115875206e-06   1.0700476888e-07   6.1685716453e-04   7.4658630669e-03   3.4828317199e-02   1.3765448716e-01   1.3437969029e-07   8.7172101645e-05   8.7597208304e-08   7.1444090139e-01  -6.9520999994e+05
   2.6308798670e-02   2.5951167853e-02   1.7423336366e-01   6.4161009547e-05   2.0555321428e+00   6.1518554744e-24   7.4693719383e-24   1.9265434172e+03   6.0385964327e-02   1.2140090335e-01   2.5726918810e+07   7.7436896388e-04   1.9589549143e-05   1.7366576734e-05   1.5560360110e-03   4.2726066014e-04   1.0482464147e-01   3.5836301283e-07   5.9721192392e-06   2.7388864865e-07   1.3521764528e-04   2.6646484831e-04   2.7779736025e-02   1.4320780555e-01   5.7568890982e-07   5.0905348544e-05   2.1291784417e-07   7.2093321437e-01  -6.4806897466e+05
   2.6866846361e-02   2.6666429487e-02   1.7751940818e-01   6.3851807919e-05   1.9461660558e+00   5.7273397212e-24   6.9317101761e-24   1.9057356556e+03   5.5077277929e-02   9.9825424580e-02   1.9390512827e+07   3.6988178126e-04   4.3685912522e-05   3.3422890895e-04   1.0315701183e-02   1.9163201357e-03   1.0149301134e-01   1.6958594218e-06   1.9728130991e-07   1.0574043944e-08   1.5253318217e-06   2.9089624638e-06   1.3785590067e-02   1.4678957691e-01   8.6303277216e-08   1.7581802014e-06   9.1879976713e-09   7.2494381208e-01  -6.1376886561e+05
   2.7224069053e-02   2.7067263236e-02   1.8108974514e-01   6.3238387341e-05   1.8722021933e+00   4.5441095134e-24   6.2224554322e-24   1.8747057747e+03   5.1513472416e-02   1.0216606215e-01   1.8503377882e+07   2.2921557924e-04   3.4012215651e-05   4.6855717545e-04   2.0754580653e-02   2.1643539830e-03   9.7863816673e-02   2.8317749607e-06   2.9554819237e-09   1.6675530097e-10   2.3422360781e-08   5.4323319500e-08   8.2834234912e-03   1.4236497730e-01   5.4227363265e-09   3.8380850366e-08   1.4967161335e-10   7.2783410634e-01  -5.6008502310e+05
   2.7517654560e-02   2.7380874869e-02   1.8511166127e-01   6.2476389250e-05   1.8087893476e+00   3.8892289716e-24   5.5498477369e-24   1.8382326793e+03   4.8528263563e-02   1.0085496969e-01   1.8258489503e+07   1.5194563942e-04   2.4160187972e-05   4.8465074233e-04   3.0988979048e-02   2.0697643905e-03   9.4385522283e-02   3.6036173753e-06   5.3955914301e-11   3.1989483873e-12   5.1023131102e-10   1.4581973646e-09   5.2983223912e-03   1.3635224620e-01   1.7416371558e-09   9.7306119878e-10   2.9022937275e-12   7.3024080076e-01  -5.1266261185e+05
   2.7779615036e-02   2.7654434251e-02   1.8968965022e-01   6.1591772059e-05   1.7501413233e+00   3.3350347693e-24   4.9773020521e-24   1.7970716255e+03   4.5845630938e-02   9.7409880377e-02   1.6581781583e+07   1.0286760688e-04   1.6594791666e-05   4.4733785926e-04   4.0954788034e-02   1.8516322038e-03   9.0954159190e-02   4.0863336877e-06   1.3112466250e-12   8.1153517140e-14   1.5484393790e-11   5.3042897411e-11   3.4598186229e-03   1.2985265373e-01   8.3364737970e-10   3.3310424313e-11   7.3217252334e-14   7.3235606069e-01  -4.7191325776e+05
   2.8022959212e-02   2.7904795821e-02   1.9484815508e-01   6.0606066994e-05   1.6938987307e+00   2.8600023502e-24   4.4706304315e-24   1.7520795881e+03   4.3354053554e-02   9.2537425199e-02   1.4254381352e+07   6.9992948892e-05   1.1127076402e-05   3.8668748727e-04   5.0675712173e-02   1.5886786977e-03   8.7526322925e-02   4.3473865463e-06   4.2261272927e-14   2.7097244914e-15   6.3680672690e-13   2.5480173971e-12   2.2724330845e-03   1.2318879209e-01   4.0661864702e-10   2.2156334764e-12   2.4041750694e-15   7.3427590572e-01  -4.3648305883e+05
   2.8254990618e-02   2.8141122603e-02   2.0061403579e-01   5.9534165677e-05   1.6387010667e+00   2.4940874765e-24   4.0051292770e-24   1.7039057886e+03   4.0992625493e-02   8.6648943109e-02   1.1754737177e+07   4.7477253984e-05   7.2865422800e-06   3.1870038193e-04   6.0185442687e-02   1.3188833387e-03   8.4078794462e-02   4.4352180671e-06   1.7641592132e-15   1.1655017323e-16   3.4546460146e-14   1.5883096674e-13   1.4920676466e-03   1.1648800258e-01   1.9577441341e-10   4.6386704716e-13   1.0223563420e-16   7.3605890969e-01  -4.0511348889e+05
   2.8480161238e-02   2.8368858634e-02   2.0701997041e-01   5.8387594504e-05   1.5837052954e+00   2.3305634810e-24   3.5703989041e-24   1.6530887116e+03   3.8726288292e-02   8.0090389233e-02   9.3544293797e+06   3.1970322577e-05   4.6534037003e-06   2.5244625086e-04   6.9502785789e-02   1.0632566022e-03   8.0601240084e-02   4.3864406368e-06  -1.3237545323e-14   1.0782191711e-17   2.7142196035e-15   1.2758898444e-14   9.7811987095e-04   1.0982021179e-01   9.2456309889e-11   1.7467351200e-13  -7.7259962002e-17   7.3774092935e-01  -3.7686359319e+05
   2.8701379916e-02   2.8591463842e-02   2.1410557289e-01   5.7175854959e-05   1.5283594159e+00   1.8982767556e-24   3.1625188385e-24   1.6000953312e+03   3.6533942000e-02   7.3161863781e-02   7.2047672551e+06   2.1340735590e-05   2.8935838874e-06   1.9296384286e-04   7.8635805291e-02   8.3365853515e-04   7.7090933840e-02   4.2318097215e-06   6.6105980169e-18   4.5250679760e-19   2.2720978922e-16   1.3025637895e-15   6.4162976749e-04   1.0323199097e-01   4.2752614020e-11   7.1973572769e-14   5.5656446768e-19   7.3934455158e-01  -3.5103988171e+05
   2.8920674603e-02   2.8811295991e-02   2.2191925357e-01   5.5906881092e-05   1.4722858831e+00   1.6324093456e-24   2.7807347039e-24   1.5453321072e+03   3.4402329808e-02   6.6114014828e-02   5.3792464164e+06   1.4136113003e-05   1.7496740012e-06   1.4266457498e-04   8.7587867001e-02   6.3604120671e-04   7.3549383073e-02   3.9991387268e-06   8.9422268383e-19  -4.1223711115e-17   2.7693456476e-17   1.6943938586e-16   4.2341652724e-04   9.6756267865e-02   1.9384300781e-11   2.9988539241e-14   8.8460343718e-20   7.4088447481e-01  -3.2712292671e+05
   2.9139517397e-02   2.9030053216e-02   2.3051949847e-01   5.4587358215e-05   1.4152269690e+00   1.3655855280e-24   2.4266281451e-24   1.4891546724e+03   3.2323079021e-02   5.9146501383e-02   3.8981683316e+06   9.3284384343e-06   1.0280136975e-06   1.0218513068e-04   9.6360189144e-02   4.7222579571e-04   6.9980701689e-02   3.7142064249e-06   8.3332069757e-20  -3.6036280735e-18   3.9556535699e-18   2.7975430669e-17   2.8334722296e-04   9.0416937289e-02   8.6552127669e-12   1.2502130428e-14   1.8094634229e-20   7.4237034306e-01  -3.0472214411e+05
   2.9359026657e-02   2.9248981579e-02   2.3997744795e-01   5.3222778483e-05   1.3570100362e+00   1.2571083478e-24   2.1047784168e-24   1.4318684649e+03   3.0290888576e-02   5.2409167036e-02   2.7451832561e+06   6.1775192214e-06   5.8673466033e-07   7.1001963434e-05   1.0495362972e-01   3.4110417502e-04   6.6390285484e-02   3.4003917991e-06   6.7546639037e-21   5.1008568362e-22   6.7794715703e-19   5.8326451223e-18   1.9419709601e-04   8.4231068355e-02   3.8305062781e-12   5.2764919023e-15   4.2868747390e-21   7.4380854856e-01  -2.8354540382e+05
   2.9580115668e-02   2.9469071736e-02   2.5038107412e-01   5.1817336506e-05   1.2975203874e+00   1.0496442330e-24   1.8176735142e-24   1.3737243064e+03   2.8302288776e-02   4.6006046207e-02   1.8809795083e+06   4.1512595847e-06   3.2531084518e-07   4.7916476615e-05   1.1337001428e-01   2.3961300501e-04   6.2783571781e-02   3.0776467354e-06   1.0451521544e-21   8.0409716014e-23   1.5448880322e-19   1.5321780684e-18   1.3770986997e-04   7.8210099798e-02   1.6920713061e-12   2.2958846413e-15   1.0847753745e-21   7.4520352057e-01  -2.6337620894e+05
   2.9803577519e-02   2.9691159600e-02   2.6183925747e-01   5.0373986157e-05   1.2366871959e+00   7.1782133833e-25   1.5588410250e-24   1.3149220776e+03   2.6355063394e-02   4.0003362786e-02   1.2553084240e+06   2.8724779459e-06   1.7521441789e-07   3.1440654219e-05   1.2161173018e-01   1.6358843965e-04   5.9165537755e-02   2.7612867055e-06  -2.4144726169e-20   1.8388578056e-23   4.5706618616e-20   5.1246322065e-19   1.0186208965e-04   7.2361541962e-02   7.4985697291e-13   1.0513622615e-15   2.8603925564e-22   7.4655848994e-01  -2.4405852487e+05
   3.0030140150e-02   2.9915995437e-02   2.7448617373e-01   4.8894591735e-05   1.1744754210e+00   6.5645367925e-25   1.3271660674e-24   1.2556189103e+03   2.4447982851e-02   3.4438842785e-02   8.1643189067e+05   2.0794955621e-06   9.1635872996e-08   2.0076177485e-05   1.2968073712e-01   1.0847039215e-04   5.5540596549e-02   2.4611315144e-06  -6.2700964640e-21   4.7480573295e-24   1.8365787286e-20   2.4100915391e-19   7.8888699279e-05   6.6690599579e-02   3.3366348351e-13   5.1594493119e-16   7.9069082557e-23   7.4787599922e-01  -2.2548454988e+05
   3.0260518016e-02   3.0144284862e-02   2.8848695734e-01   4.7380065615e-05   1.1108785724e+00   4.8212508311e-25   1.1228577667e-24   1.1959371119e+03   2.2580594613e-02   2.9332940614e-02   5.1729531230e+05   1.5950279768e-06   4.6470708501e-08   1.2484367546e-05   1.3757792144e-01   6.9816228842e-05   5.1912563899e-02   2.1810150352e-06   2.2474887481e-23   1.8616171645e-24   1.2611950056e-20   2.0142505356e-19   6.3852981588e-05   6.1201220064e-02   1.4837251280e-13   2.7366976958e-16   2.3135177468e-23   7.4915831851e-01  -2.0758313408e+05
   3.0496468356e-02   3.0376751169e-02   3.0411849866e-01   4.5823464711e-05   1.0456245834e+00   3.9113142518e-25   9.4400447687e-25   1.1357027634e+03   2.0745232972e-02   2.4668569830e-02   3.1778831977e+05   1.3005161598e-06   2.2693174536e-08   7.5444448232e-06   1.4533583056e-01   4.3517909511e-05   4.8269148635e-02   1.9172085207e-06   1.5872772734e-23   1.3451668391e-24   1.4647839834e-20   2.8455674012e-19   5.3609753828e-05   5.5873987938e-02   6.4984904009e-14   1.5532048893e-16   7.1339571134e-24   7.5041312034e-01  -1.9024763424e+05
   3.0740080051e-02   3.0616185542e-02   3.2174422737e-01   4.4216217264e-05   9.7841188973e-01   3.1644872060e-25   7.8767059303e-25   1.0747084894e+03   1.8934683841e-02   2.0425143325e-02   1.8807752843e+05   1.1209152684e-06   1.0575816114e-08   4.4226006684e-06   1.5298555783e-01   2.6237570957e-05   4.4595829398e-02   1.6624856979e-06   1.2821346668e-23   1.1094597557e-24   2.0008290473e-20   4.7607200426e-19   4.6232475561e-05   5.0690584759e-02   2.7539492807e-14   9.2050495940e-17   2.2877892718e-24   7.5164834139e-01  -1.7337129198e+05
   3.0991954337e-02   3.0863974559e-02   3.4169019816e-01   4.2560369809e-05   9.0942522572e-01   2.5364689823e-25   6.4966220675e-25   1.0131740914e+03   1.7155468201e-02   1.6618706317e-02   1.0677410621e+05   1.0094769652e-06   4.6764720446e-09   2.5229249094e-06   1.6050031968e-01   1.5373010038e-05   4.0904107942e-02   1.4099927373e-06  -1.2834316256e-21   9.1221759427e-25   2.6321967610e-20   7.7561337255e-19   4.0560268535e-05   4.5671268726e-02   1.1137785390e-14   5.5332809428e-17   1.2166217028e-25   7.5286342330e-01  -1.5697844249e+05
   3.1252820729e-02   3.1119934116e-02   3.6435763522e-01   4.0857687035e-05   8.3888454058e-01   1.9441230774e-25   5.3901059257e-25   9.5131552580e+02   1.5414500139e-02   1.3264362616e-02   5.7881497881e+04   9.3647905189e-07   1.9477839345e-09   1.4078486467e-06   1.6785167819e-01   8.8158803586e-06   3.7206449896e-02   1.1569478293e-06   7.1082344811e-24  -1.5321739596e-22   3.1354296779e-20   1.1718679700e-18   3.5860820521e-05   4.0835168159e-02   4.2386494515e-15   3.2905518989e-17   2.5617012719e-25   7.5405852383e-01  -1.4109672958e+05
   3.1524384528e-02   3.1385707342e-02   3.9030347205e-01   3.9105914194e-05   7.6687519952e-01   1.4782690005e-25   4.3638389089e-25   8.8921507147e+02   1.3714821858e-02   1.0348556866e-02   2.9915279839e+04   8.8376579216e-07   7.5933615997e-10   7.7386304747e-07   1.7502741388e-01   4.9875175083e-06   3.3506813125e-02   9.1020554306e-07   4.3017561232e-24  -8.8186149286e-23   3.3883630880e-20   1.6398234278e-18   3.1679769026e-05   3.6189063198e-02   1.4999416296e-15   1.9195848265e-17   8.9529537458e-26   7.5523747391e-01  -1.2563823020e+05
   3.1808888842e-02   3.1663061714e-02   4.2024199502e-01   3.7302385436e-05   6.9351367429e-01   1.0894630881e-25   3.4651856754e-25   8.2696487498e+02   1.2060165821e-02   7.8448500914e-03   1.4801582705e+04   8.4054589237e-07   2.7666157818e-10   4.2203240083e-07   1.8201222102e-01   2.8036971653e-06   2.9810311338e-02   6.8435676577e-07   2.3993301370e-24  -4.8450951635e-23   3.3544287067e-20   2.1437823975e-18   2.7748253046e-05   3.1740264316e-02   4.9039273826e-16   1.1112218774e-17   1.0558539879e-29   7.5640470416e-01  -1.1055575297e+05
   3.2110090250e-02   3.1954715971e-02   4.5517886420e-01   3.5440136453e-05   6.1879721515e-01   7.5951900115e-26   2.6658310951e-25   7.6454399691e+02   1.0451613803e-02   5.7347210854e-03   7.0572564876e+03   8.0021635236e-07   9.4290771121e-11   2.2880424591e-07   1.8880182544e-01   1.5706413615e-06   2.6115745873e-02   4.9246386289e-07   1.1841246742e-24   1.0810710320e-25   3.0714876135e-20   2.6432164083e-18   2.3905679855e-05   2.7487765477e-02   1.4739399742e-16   6.5369805181e-18   1.1389069033e-26   7.5756766531e-01  -9.5829767652e+04
   3.2441147955e-02   3.2265464530e-02   4.9761676476e-01   3.3461266442e-05   5.4085594815e-01   4.5898939922e-26   1.9364837884e-25   7.0036267257e+02   8.8541744949e-03   3.9493437687e-03   3.1812295521e+03   7.5740187411e-07   2.9033038508e-11   1.2040059259e-07   1.9554408614e-01   8.6041231475e-07   2.2335547451e-02   3.3626015287e-07   5.9965487135e-25  -1.2158471989e-23   2.6183867808e-20   3.1036809309e-18   1.9973724982e-05   2.3336100357e-02   3.8857575971e-17   3.9608205601e-18   3.8077602266e-27   7.5876221782e-01  -8.1244410643e+04
   3.2814195719e-02   3.2616831380e-02   5.5008059944e-01   3.1353936227e-05   4.5973727993e-01   2.8357079352e-26   1.2930261828e-25   6.3454481149e+02   7.2737916002e-03   2.4970389596e-03   1.3498955723e+03   7.0790232823e-07   7.9640922302e-12   6.0657199853e-08   2.0221398538e-01   4.5845626836e-07   1.8467823035e-02   2.1676726166e-07   2.6301497151e-25  -5.1134916307e-24   2.0665615566e-20   3.4602647091e-18   1.5906491414e-05   1.9300785393e-02   8.7040118429e-18   2.5414004480e-18  -1.9604646124e-27   7.6000005591e-01  -6.6718306684e+04
   3.3239925046e-02   3.3011560058e-02   6.1493972469e-01   2.9146278584e-05   3.7716317527e-01   1.2427536086e-26   7.5811577311e-26   5.6852282586e+02   5.7497904015e-03   1.4170537496e-03   5.3268544045e+02   6.4800824246e-07   1.9119611219e-12   2.8719028514e-08   2.0864560144e-01   2.3616587834e-07   1.4600987819e-02   1.3098847021e-07   1.0511059715e-25  -1.8762701956e-24   1.5063654207e-20   3.6140937519e-18   1.1797368587e-05   1.5473186199e-02   1.5855691363e-18   1.7407405058e-18  -2.5819498618e-28   7.6126738329e-01  -5.2693752166e+04
   3.3742577582e-02   3.3468290035e-02   6.9513668421e-01   2.6869722596e-05   2.9435732463e-01   1.5375388283e-27   3.6623740589e-26   5.0373333225e+02   4.3115536650e-03   7.0840916521e-04   1.8944962205e+02   5.7233021293e-07   3.8669664465e-13   1.2422472755e-08   2.1471497838e-01   1.1614809576e-07   1.0825197424e-02   7.2850063669e-08  -5.2412736455e-24   3.0395033525e-27   1.0028923493e-20   3.4288255615e-18   7.7972473992e-06   1.1892974568e-02   2.1508079319e-19   1.2175477964e-18  -1.9650464421e-28   7.6255827863e-01  -3.9331444044e+04
   3.4439147654e-02   3.4016865130e-02   8.0743835382e-01   2.4281865344e-05   2.0138344148e-01  -1.7064221180e-27   1.0659152990e-26   4.3438501569e+02   2.8363895360e-03   2.6402265372e-04   4.7720087737e+01   4.6184829332e-07   4.7650019908e-14   4.1119087587e-09   2.2093992990e-01   4.7834545152e-08   6.8910135860e-03   3.2167486005e-08  -1.0613519615e-24   7.0576986979e-28   5.4955579719e-21   2.6624059853e-18   3.7806461275e-06   8.1507051958e-03   1.2801565790e-20   7.0831424042e-19  -2.5028278138e-27   7.6401402471e-01  -2.5856287724e+04
   3.5689634072e-02   3.4861430179e-02   9.6128061518e-01   2.1508698734e-05   1.0456879354e-01  -4.2053426817e-28   1.0938982161e-27   3.6541536218e+02   1.4075552000e-03   4.9898292626e-05   4.9338731962e+00   2.6912038771e-07   2.1929347916e-15   8.4155306810e-10   2.2696916013e-01   1.2983325692e-08   3.1342125561e-03   7.9971348910e-09  -3.3769221735e-25   1.0913425956e-28   1.7632821315e-21   9.5916867905e-19   7.5450598927e-07   4.3635676951e-03   1.1195215260e-22   1.7605016437e-19  -1.0526918397e-28   7.6553201417e-01  -1.2698236485e+04
   3.8387428855e-02   3.6517837965e-02   1.0942406203e+00   1.9596601802e-05   3.5645657923e-02  -1.5747884976e-29   3.8619209512e-29   3.2123861099e+02   4.5385593508e-04   2.8822366864e-06   1.0994797892e-01   5.6182083906e-08   3.5351960594e-17   1.2100454351e-10   2.3099353778e-01   1.7068810016e-09   9.6274180215e-04   7.6169235478e-10  -5.4073656579e-27   1.7947451269e-30   2.1211190028e-22   9.8947661779e-20   4.7917397765e-08   1.5298343296e-03   1.0639457163e-25   1.3323880644e-20  -8.5576318803e-31   7.6651377940e-01  -3.2012519844e+03
   4.2124030504e-02   4.0257019745e-02   1.1431969360e+00   1.8977027775e-05   1.2920459782e-02   3.6298859378e-31   9.5326842474e-31   3.0753149719e+02   1.4874347359e-04   1.5747565644e-07   2.0556364747e-03   8.0099491335e-09   7.0581231439e-19   1.8729515277e-11   2.3228129684e-01   2.2742903531e-10   3.3520109868e-04   6.3340106865e-11   3.0663899850e-31   1.6340460443e-32   2.3352911176e-23   8.4475462208e-21   2.2962638884e-09   5.5981141637e-04   1.0035060174e-28   8.3790347625e-22   3.2042390323e-35   7.6682368003e-01   1.5071426713e+01
   4.7723931836e-02   4.3991041263e-02   1.1646470038e+00   1.8717758201e-05   3.2416774070e-03   5.5145644324e-32   3.8209531433e-32   3.0188441676e+02   2.1139919017e-05   1.1392780117e-08   2.5618104567e-05   8.4780151352e-10   9.0595467321e-21   2.1649810876e-12   2.3281997330e-01   2.5243911868e-11   8.3658594838e-05   5.0046074708e-12   3.2644832056e-33   1.7013248324e-34   2.1738389306e-24   6.7379874084e-22   1.2942477556e-10   1.4070694659e-04   8.8816219277e-32   5.6207372349e-23   2.9930924838e-37   7.6695566015e-01   1.4302410131e+03
   5.7679387885e-02   5.1456822409e-02   1.1707734260e+00   1.8645008802e-05   5.3330489729e-04   1.3021353182e-33   6.8168903662e-34   3.0030930499e+02  -1.4497157451e-05   2.1903371806e-10   4.7185893886e-08   4.3307071063e-11   1.7875230243e-23   9.4489647214e-14   2.3297042441e-01   1.1312021274e-12   1.3727369704e-05   1.3967751987e-13   4.7412920762e-36   2.4552522689e-37   6.9856821369e-26   1.8869340689e-23   2.7585890731e-12   2.3166001090e-05   2.2729080696e-35   1.2374556070e-24   4.1877963333e-40   7.6699268217e-01   1.8286109107e+03
   7.0124490583e-02   6.3901953362e-02   1.1718466066e+00   1.8632323481e-05   6.0598363540e-05   9.9242162475e-36   5.0478305029e-36   3.0003507159e+02  -2.0706876962e-05   4.4542212823e-12   1.4943247951e-11   1.0766998687e-12   6.0281447722e-27   1.6689224053e-15   2.3299664113e-01   2.1159460728e-14   1.5565092357e-06   1.5307973121e-15   1.0863086790e-39   5.6187912797e-41   8.5433012788e-28   2.0631356618e-25   2.4149953981e-14   2.6377465389e-06   3.6108337884e-39   1.1536081269e-26   9.5319516604e-44   7.6699916461e-01   1.8985241451e+03
   8.8792092824e-02   7.6347027805e-02   1.1719762937e+00   1.8630791711e-05   3.4117666944e-06   1.3886041058e-38   7.4384592746e-39   3.0000196517e+02  -2.1457678889e-05   3.3142513667e-14   1.8691112023e-16   6.6536072763e-15   7.9163428493e-32   5.7465233093e-18   2.3299981096e-01   7.6187203884e-17   8.7150256926e-08   3.1717085964e-18   8.9061095218e-45   4.6032226411e-46   1.9437609233e-30   4.3767415247e-28   4.3592739194e-17   1.4935365319e-07   1.1288838679e-43   1.1572928102e-28   7.8047334360e-49   7.6699995253e-01   1.9070566315e+03
   1.2620835700e-01   1.0123715784e-01   1.1719836838e+00   1.8630704430e-05   1.3718603145e-07   4.5544657332e-42   2.6896771738e-42   3.0000007870e+02  -2.1500655890e-05   2.0190301257e-17   1.6048718087e-22   1.1238919641e-17   7.0473450851e-38   4.9818844118e-21   2.3299999241e-01   6.9585517874e-20   3.4885082111e-09   1.6033305800e-21   4.5034376365e-51   2.3229406443e-52   1.0739043273e-33   2.2622653141e-31   1.9341593344e-20   6.0180488017e-09   3.4850343061e-48   4.0924926679e-30   3.9396750228e-55   7.6699999808e-01   1.9075557390e+03
   1.7615075533e-01   1.5117955615e-01   1.1719839848e+00   1.8630700875e-05   3.2195375531e-09   8.3287827785e-46   6.8785298203e-46   3.0000000185e+02  -2.1502411552e-05   1.4493064281e-20   1.1811079827e-28   1.5273902721e-20   5.2889950852e-44   3.6998111192e-24   2.3299999982e-01   5.9830981400e-23   8.1890492072e-11   6.0384520318e-25   1.5689067769e-57   8.0907499381e-59   4.3501796328e-37   8.0675889424e-35   5.6371367556e-24   1.4111357278e-10   7.0114627173e-53   9.5845299499e-32   1.3722292849e-61   7.6699999996e-01   1.9075763898e+03
   2.2609315369e-01   2.0112195451e-01   1.1719839920e+00   1.8630700790e-05   1.8458013865e-11   7.8158222583e-49   1.1306567514e-48   3.0000000001e+02  -2.1502453489e-05   7.9789431745e-24   2.0089476021e-33   3.7239665570e-23   3.2552981754e-49   8.7468137100e-27   2.3300000000e-01   1.5548716670e-25   4.7371334481e-13   1.1337515690e-27  -6.4648897888e-61   3.9199628697e-64   8.1079052283e-40   1.3369412445e-37   8.1501620303e-27   8.0262682141e-13   1.0360093210e-57   5.4495494201e-34   6.6433235786e-67   7.6700000000e-01   1.9075768821e+03
   2.7603555205e-01   2.5106435287e-01   1.1719839921e+00   1.8630700790e-05   3.0603538635e-14   1.5802360650e-52   2.4311012226e-52   3.0000000000e+02  -2.1502453730e-05   2.6250630603e-28   3.8752385821e-37   3.4541385045e-26   8.6734334529e-56   3.7907362213e-30   2.3300000000e-01   6.7186844755e-29   8.0929452884e-16   3.1584780860e-31  -1.3907879894e-66  -3.8758514130e-67   2.4363637749e-43   3.9579672640e-41   2.2123231889e-30   1.2923699966e-15   8.7818784879e-64   8.7638081208e-37   8.6377894766e-74   7.6700000000e-01   1.9075768848e+03
   3.2597795041e-01   3.0100675123e-01   1.1719839921e+00   1.8630700790e-05   3.1554802473e-17   1.6574719667e-56   2.6492780335e-56   3.0000000000e+02  -2.1502453731e-05   4.8454833695e-34   5.9628391305e-41   1.7867604241e-29   7.7020408221e-63   8.4942281428e-34   2.3300000000e-01   1.4930883455e-32   3.5102804707e-19   4.4884375278e-35   4.8358130650e-72   9.1071276694e-75   3.7506328736e-47   6.0311175559e-45   3.0955951612e-34   4.0885579981e-19   4.9702827518e-68   2.7514539831e-40   2.9666812788e-81   7.6700000000e-01   1.9075768848e+03
   3.7592034877e-01   3.5094914959e-01   1.1719839921e+00   1.8630700790e-05   2.0819501547e-18   1.1531697552e-60   1.9052704163e-60   3.0000000000e+02  -2.1502453731e-05   1.3916297744e-64   6.0739663800e-45   6.2557852084e-33   4.2139003853e-70   1.2624046749e-37   2.3300000000e-01   2.1979311460e-36   7.8789174767e-23   4.2160920035e-39  -2.2358036609e-79  -1.9287870496e-85   3.8205330706e-51   6.0874947919e-49   2.8697492518e-38   6.4999428255e-23   7.8288800531e-72   4.3385515002e-44   4.4790449452e-89   7.6700000000e-01   1.9075768848e+03
   4.2586274713e-01   4.0089154795e-01   1.1719839921e+00   1.8630700790e-05   3.8663580708e-21   5.9550518599e-65   1.0152055320e-64   3.0000000000e+02  -2.1502453731e-05   4.8453834744e-36   4.5887243424e-49   1.6389866815e-36   4.8990737081e-75   1.3927083910e-41   2.3300000000e-01   2.4008860165e-40   1.1582453273e-26   2.9360047698e-43  -9.0025126124e-82   1.2521665134e-92   2.8863138198e-55   4.5588538626e-53   1.9740173126e-42   6.7092797351e-27   8.0138963865e-76   4.4410859121e-48   3.7332693524e-97   7.6700000000e-01   1.9075768848e+03
   4.7580514549e-01   4.5083394631e-01   1.1719839921e+00   1.8630700790e-05  -7.3929789880e-20   2.4325713199e-69   4.2754755509e-69   3.0000000000e+02  -2.1502453731e-05   3.1012052569e-36   2.7411933536e-53   3.4102866899e-40   4.0719830975e-79   1.2154509496e-45   2.3300000000e-01   2.0746447057e-44   1.2485705465e-30   1.6164509688e-47   4.8560377810e-84  -1.0224720744e-87   1.7242143282e-59   2.7001818797e-57   1.0739967353e-46   5.0594366149e-31   5.9929784534e-80   3.3209930414e-52  1.9529935925e-105   7.6700000000e-01   1.9075768848e+03
   5.2574754384e-01   5.0077634467e-01   1.1719839921e+00   1.8630700790e-05   2.4059506203e-17   8.1845818315e-74   1.4823265950e-73   3.0000000000e+02  -2.1502453731e-05   4.8453834744e-36   1.3483711280e-57   5.8571322867e-44   4.2472965393e-83   8.7366768875e-50   2.3300000000e-01   1.4768610074e-48   1.0526025935e-34   7.5354163188e-52   2.4700885977e-88  -5.9287174060e-93   8.4812726384e-64   1.3170854366e-61   4.8124543220e-51   2.9779039068e-35   3.4977517550e-84   1.9382814784e-56  6.9560131225e-114   7.6700000000e-01   1.9075768848e+03
   5.7568994220e-01   5.5071874302e-01   1.1719839921e+00   1.8630700790e-05   3.8114121574e-19   2.3313353124e-78   4.3488237713e-78   3.0000000000e+02  -2.1502453731e-05   1.5675094241e-65   5.6129013413e-62   8.5257593652e-48   2.0868066922e-86   5.3154317961e-54   2.3300000000e-01   8.9018861974e-53   7.2252761539e-39   1.1914282935e-54  -2.3810319204e-96  1.1482144897e-105   3.5305229256e-68   5.4374317478e-66   1.8252554381e-55   1.4253888336e-39   1.6600770765e-88   9.1996948754e-61  1.7826853072e-122   7.6700000000e-01   1.9075768848e+03
   6.2563234056e-01   6.0066114138e-01   1.1719839921e+00   1.8630700790e-05   1.1588164907e-16   5.7313969586e-83   1.1004871517e-82   3.0000000000e+02  -2.1502453731e-05   1.9377538323e-37   2.0092209687e-66   1.0715079900e-51   4.1082717787e-88   2.7898598517e-58   2.3300000000e-01   4.6312737910e-57   4.1460140832e-43   3.0217789475e-56  2.1987954145e-107  3.6323411160e-113   1.2676796541e-72   1.9364907317e-70   5.9726188233e-60   5.6988033398e-44   6.5812573332e-93   3.6471537391e-65  3.4214932323e-131   7.6700000000e-01   1.9075768848e+03
   6.7557473892e-01   6.5060353974e-01   1.1719839921e+00   1.8630700790e-05   3.0961487493e-18   1.2326533213e-87   2.4342389044e-87   3.0000000000e+02  -2.1502453731e-05   7.0804120120e-36  -6.1004007316e-69   1.1778717528e-55   2.1738287273e-86   1.6194935205e-62   2.3300000000e-01   2.1381160919e-61   2.0237586477e-47   1.6012275062e-54 -6.0190533942e-101  6.8033308065e-121   3.9785935817e-77   6.0289206499e-75   1.7086765683e-64   1.9369526335e-48   2.2179520617e-97   1.2291864774e-69  6.5745409818e-137   7.6700000000e-01   1.9075768848e+03
   7.2527296905e-01   7.0054593810e-01   1.1719839921e+00   1.8630700790e-05   2.6150067837e-20   2.4695725454e-92   5.0426148959e-92   3.0000000000e+02  -2.1502453731e-05   2.8183352837e-35  -6.1636514465e-69   1.1667655060e-59   1.6412227647e-85   1.6784452814e-62   2.3300000000e-01   2.6011038135e-62   1.0002673499e-51   1.2089136149e-53 -4.0478976081e-106 -3.6730813532e-110   1.1527987153e-81   1.7319578361e-79   4.5226439120e-69   7.0730765333e-53  8.0434410563e-102   4.4574577813e-74  1.7986392978e-140   7.6700000000e-01   1.9075768848e+03