# time = 0.075
# Grid points = 164
# Pressure (Pa) = 101325
#             1_pos             2_posf             3_rho             4_dvisc             5_uvel             6_vvel             7_wvel             8_temp             9_mixf            10_chi            11_hr            12_y_H2            13_y_H            14_y_O            15_y_O2            16_y_OH            17_y_H2O            18_y_HO2            19_y_CH2            20_y_CH2(S)            21_y_CH3            22_y_CH4            23_y_CO            24_y_CO2            25_y_HCO            26_y_CH2O            27_y_CH2OH            28_y_N2            29_enth
  -7.2525438805e-01  -7.5000000000e-01   1.1719839921e+00   1.8630700790e-05   3.7274549145e-19  -1.8452495137e-84   4.6470086382e-84   3.0000000000e+02  -2.1502453731e-05   7.8487153165e-37   2.9016941705e-68   1.9077536495e-53   4.1758972985e-87   4.7107280125e-60   2.3300000000e-01   7.5574901840e-59   1.6784004300e-45   3.0759299682e-55 -1.1797175356e-100 -1.9654520103e-103   2.2128641844e-74   3.4428105056e-72   1.0702477205e-61   2.2641203690e-46   2.6149722292e-95   1.4491474125e-67  1.0400609659e-134   7.6700000000e-01   1.9075768848e+03
  -6.7562380196e-01  -7.0050877611e-01   1.1719839921e+00   1.8630700790e-05   5.9448151626e-17  -2.4307035689e-80   6.0967897634e-80   3.0000000000e+02  -2.1502453731e-05   9.5522530053e-36   3.2863433718e-64   5.2338939842e-50   1.6406463586e-86   3.0425673102e-56   2.3300000000e-01   4.9528732609e-55   1.1522356487e-41   1.2063668563e-54  1.7222917878e-111 -7.9551138057e-109   2.0671531967e-70   3.2354650536e-68   1.0926373679e-57   2.2244095455e-42   2.5906013535e-91   1.4356407261e-63  5.4133711903e-127   7.6700000000e-01   1.9075768848e+03
  -6.2585385367e-01  -6.5073882781e-01   1.1719839921e+00   1.8630700790e-05   1.2169894937e-16  -1.7007107630e-76   4.2485822415e-76   3.0000000000e+02  -2.1502453731e-05   1.9512055122e-37   1.6469857625e-60   8.3087311836e-47   1.0032054361e-85   1.0702999621e-52   2.3300000000e-01   1.7665972111e-51   4.2658678350e-38   4.0206417550e-54  -3.6877399080e-92  2.3961552158e-102   1.0359562768e-66   1.6309107306e-64   5.9671895699e-54   1.1641916022e-38   1.3668509792e-87   7.5747479249e-60  9.6450916024e-120   7.6700000000e-01   1.9075768848e+03
  -5.7608390537e-01  -6.0096887952e-01   1.1719839921e+00   1.8630700790e-05   3.5828106931e-18  -1.5301411195e-73   3.8098283851e-73   3.0000000000e+02  -2.1502453731e-05   3.1227334923e-36   1.4581793742e-57   6.4190228109e-44   4.6034194129e-83   9.1943606166e-50   2.3300000000e-01   1.5148896164e-48   3.0866490162e-35   7.8807747949e-52  -1.3029485821e-90   8.6475520231e-97   9.1719679930e-64   1.4469057066e-61   5.3242549946e-51   8.5843854473e-36   1.0082988612e-84   5.5877176185e-57  7.4672627919e-114   7.6700000000e-01   1.9075768848e+03
  -5.2631395708e-01  -5.5119893122e-01   1.1719839921e+00   1.8630700790e-05   2.0596796885e-17  -2.6753900351e-69   6.6245175850e-69   3.0000000000e+02  -2.1502453731e-05   1.7566884785e-36   1.8045382787e-53   2.2961477306e-40   2.7020057329e-79   7.8352257796e-46   2.3300000000e-01   1.3091233645e-44   2.5698430365e-31   1.0591952637e-47  -1.1209436376e-89   3.9100647742e-99   1.1350570188e-59   1.8024964035e-57   7.2124084160e-47   1.0231191240e-31   1.2118061529e-80   6.7154996713e-53  7.9353093973e-106   7.6700000000e-01   1.9075768848e+03
  -4.7654400878e-01  -5.0142898293e-01   1.1719839921e+00   1.8630700790e-05   1.0302461564e-18  -3.8528155374e-65   9.4786255670e-65   3.0000000000e+02  -2.1502453731e-05   1.5808385650e-35   1.8400556184e-49   6.8017857809e-37   1.9680494134e-75   5.5037606196e-42   2.3300000000e-01   9.3222618664e-41   1.6816265581e-27   1.1727455417e-43  -3.9995776342e-80  -2.6996672237e-86   1.1573974736e-55   1.8507394940e-53   8.0534418136e-43   9.5582142006e-28   1.1414792368e-76   6.3261134536e-49   5.7335637789e-98   7.6700000000e-01   1.9075768848e+03
  -4.2677406049e-01  -4.5165903464e-01   1.1719839921e+00   1.8630700790e-05   4.0029917883e-18  -4.4030796520e-61   1.0744558655e-60   3.0000000000e+02  -2.1502453731e-05   3.1227334923e-36   1.4898678182e-45   1.6144917194e-33   3.4892143351e-71   3.0721644789e-38   2.3300000000e-01   5.2721163501e-37   8.1701859876e-24   1.0306066352e-39   5.9477093665e-84   3.1227837659e-85   9.3712887337e-52   1.5097307447e-49   7.1458674825e-39   6.5967009380e-24   7.9435042627e-73   4.4020740849e-45   2.6157623723e-90   7.6700000000e-01   1.9075768848e+03
  -3.7700411219e-01  -4.0188908634e-01   1.1719839921e+00   1.8630700790e-05   4.5419022539e-17  -3.7632575953e-57   9.0730220961e-57   3.0000000000e+02  -2.1502453731e-05   4.8790196085e-36   9.0303551551e-42   2.9225084102e-30   1.7555848156e-64   1.2856587538e-34   2.3300000000e-01   2.2325006412e-33   2.6697337101e-20   6.7736524252e-36   2.5261034546e-73  -1.1668419531e-70   5.6801053760e-48   9.2302842064e-46   4.7548018980e-35   3.0278659775e-20   3.6760754406e-69   2.0367933105e-41   6.6965681936e-83   7.6700000000e-01   1.9075768848e+03
  -3.2723416390e-01  -3.5211913805e-01   1.1719839921e+00   1.8630700790e-05   2.6979901088e-15  -2.1745600995e-53   5.1169191369e-53   3.0000000000e+02  -2.1502453731e-05   8.9461181537e-31   3.7052800459e-38   3.7484188390e-27   8.3676411158e-58   3.6544852129e-31   2.3300000000e-01   6.3986250526e-30   4.8218629903e-17   3.0063602044e-32   8.9992587432e-72   4.6355536584e-73   2.3305125525e-44   3.8336123099e-42   2.1535879625e-31   7.4226656499e-17   1.3011527511e-65   5.0297671731e-38   7.8630611553e-76   7.6700000000e-01   1.9075768848e+03
  -2.7746421561e-01  -3.0234918975e-01   1.1719839921e+00   1.8630700790e-05   1.6068743137e-12  -6.9929313190e-50   1.5121699014e-49   3.0000000000e+02  -2.1502453717e-05   3.4281141881e-26   8.7780973434e-35   3.0895255646e-24   1.5300976600e-51   5.8200686417e-28   2.3300000000e-01   1.0125256608e-26   2.8281775151e-14   7.3400327247e-29  -9.9933147582e-65  -8.3318722270e-64   5.3092297678e-41   8.9815679301e-39   5.5610725614e-28   4.7256610280e-14   3.9766025890e-60   3.2077064676e-35   2.8329605006e-69   7.6700000000e-01   1.9075768846e+03
  -2.2769426731e-01  -2.5257924146e-01   1.1719839916e+00   1.8630700795e-05   3.0933130221e-10  -9.4092206750e-47   8.6058478026e-47   3.0000000012e+02  -2.1502450975e-05   1.0447664763e-22   1.1530254518e-30   1.6908438562e-21   4.8660572423e-46   3.5682036901e-25   2.3299999999e-01   5.4399239092e-24   5.3699109146e-12   6.3744261036e-26   1.5086554282e-59   7.7805721530e-61   4.6011216430e-38   9.0798331602e-36   6.7654934187e-25   9.2076702602e-12   4.1596452604e-55   6.2534050953e-33   1.3196074207e-63   7.6700000000e-01   1.9075768527e+03
  -1.7792431902e-01  -2.0280929317e-01   1.1719839660e+00   1.8630701098e-05   1.7054557665e-08  -3.8967873381e-43   1.7221767046e-43   3.0000000667e+02  -2.1502301620e-05   8.9474574710e-20   1.4921114460e-24   1.2134828565e-18   6.5493696165e-40   4.8150569337e-22   2.3299999936e-01   6.5547044180e-21   2.9549063410e-10   1.5957122352e-22   4.1992867193e-53   2.1682977120e-54   1.0641919624e-34   2.3093018898e-32   2.0403917934e-21   5.0854915853e-10   2.7751669950e-50   3.4591332237e-31   3.6767789962e-57   7.6699999984e-01   1.9075751036e+03
  -1.2815437076e-01  -1.5303934487e-01   1.1719832260e+00   1.8630709838e-05   4.9908024061e-07  -1.0870293623e-39   2.4478742789e-40   3.0000019556e+02  -2.1497999947e-05   1.5263045573e-16   1.4303083355e-18   6.5930098122e-16   6.0616647579e-34   5.0364320762e-19   2.3299998120e-01   6.5586339839e-18   8.6729848433e-09   2.8112161470e-19   6.7589842981e-47   3.4942938817e-48   1.7139959476e-31   3.9533723382e-29   4.0500205378e-18   1.4847941844e-08   9.5061295037e-46   1.1372844526e-29   5.9241080378e-51   7.6699999528e-01   1.9075252427e+03
  -9.0846130255e-02  -1.0326939665e-01   1.1719627893e+00   1.8630951201e-05   1.3732906931e-05  -1.3715266969e-36   6.6325127609e-38   3.0000541196e+02  -2.1379863415e-05   1.8885535066e-13   2.8945590648e-13   1.7737507967e-13   1.1698435137e-28   2.3262473448e-16   2.3299948243e-01   2.9076059885e-15   2.4021107069e-07   2.1262171333e-16   2.0594097889e-41   1.0650743229e-42   1.1784574410e-28   2.9196906128e-26   3.5339790081e-15   4.0573215220e-07   6.9797544605e-41   1.6332343343e-27   1.8057763775e-45   7.6699987162e-01   1.9061912686e+03
  -7.2211225192e-02  -7.8422863860e-02   1.1716533224e+00   1.8634606847e-05   2.1392454604e-04  -3.9026191989e-34  -3.6608076174e-35   3.0008442169e+02  -1.9594069021e-05   1.2438625385e-11   2.7091718039e-09   1.1918687702e-11   1.0273565124e-24   2.2573989216e-14   2.3299194301e-01   2.6983512462e-13   3.7477513542e-06   3.2822184655e-14   2.6449027174e-37   1.3683999830e-38   1.6316694949e-26   4.4711780848e-24   6.6746944987e-13   6.2959900909e-06   1.1408887006e-36   2.8790444029e-25   2.3236554978e-41   7.6699801323e-01   1.8862496738e+03
  -5.9787929735e-02  -6.5999586524e-02   1.1699010342e+00   1.8655333144e-05   1.3480632937e-03  -2.5097245236e-32  -4.0598847389e-33   3.0053257185e+02  -9.4737931865e-06   2.6708007867e-10   1.2512421827e-06   2.1925341456e-10   4.3928298257e-22   4.7106810120e-13   2.3294921748e-01   5.5583290442e-12   2.3649137177e-05   1.0485506160e-12   1.5134753114e-34   7.8446630017e-36   4.5437809589e-25   1.4156507882e-22   2.7644816405e-11   3.9607271558e-05   1.5812469325e-33   1.1435085667e-23   1.3439300512e-38   7.6698752585e-01   1.7739581568e+03
  -4.9818271989e-02  -5.3576272945e-02   1.1634510891e+00   1.8732018538e-05   5.5120337691e-03  -9.0738877468e-31  -1.4681671652e-31   3.0219353842e+02   2.7845685384e-05   1.2244129277e-08   1.2676205909e-04   2.5361841589e-09   4.0612150737e-20   4.2669923501e-12   2.3279167562e-01   5.5587265697e-11   9.7683262020e-05   1.4809608791e-11   1.7370399015e-32   9.0640813324e-34   5.2617656593e-24   1.9763341601e-21   6.0909682339e-10   1.6139155744e-04   1.6070405290e-30   1.8747022009e-22   1.6042791143e-36   7.6694924635e-01   1.3693880382e+03
  -4.4180843481e-02  -4.6060271032e-02   1.1407891095e+00   1.9006444851e-05   2.0274488249e-02  -3.2765251325e-29  -5.0389568915e-30   3.0817553858e+02   1.6100216328e-04   1.7830688474e-07   1.0686713430e-02   2.1433893469e-08   2.7773876664e-18   2.9238794979e-11   2.3222965489e-01   5.2654532638e-10   3.6979951831e-04   2.1823561108e-10   1.7601251240e-30   9.4030102517e-32   5.8097315400e-23   2.8265856157e-20   1.4943358750e-08   5.8698758319e-04   2.5341813421e-27   3.5709798144e-21   1.8664660492e-34   7.6681352085e-01  -4.0884837600e+01
  -4.1362296134e-02  -4.2301415929e-02   1.1034715222e+00   1.9476072102e-05   4.5164405435e-02  -2.2592861675e-28  -3.3848843616e-29   3.1855174099e+02   3.8860595360e-04   1.8333364818e-07   1.3799884353e-01   6.7538490431e-08   3.2982969377e-17   8.1014175731e-11   2.3126913616e-01   2.0320138466e-09   8.6372241283e-04   9.7544151315e-10   2.4508143804e-29   1.3604637500e-30   2.2083884419e-22   1.2483615991e-19   9.5365972334e-08   1.2879348179e-03   1.9608348434e-25   1.8515227545e-20   3.2636744082e-33   7.6657904062e-01  -2.4324485267e+03
  -3.9479145511e-02  -4.0423176338e-02   1.0886409031e+00   1.9668948490e-05   5.4067487040e-02  -3.3329579486e-28  -4.2598115653e-29   3.2286419991e+02   4.7813028089e-04   4.4749110318e-06   3.0102336159e-01   1.0292511238e-07   7.6510202467e-17   1.1538382574e-10   2.3089148545e-01   3.1575746895e-09   1.0866522371e-03   1.4206778004e-09   5.1747558692e-29   2.9157712319e-30   3.0633467053e-22   1.8002505141e-19   1.5764227037e-07   1.5339675751e-03   7.5912811796e-25   2.6506041474e-20   7.5430069172e-33   7.6648762948e-01  -3.2520493486e+03
  -3.7845667161e-02  -3.8535114684e-02   9.6759784405e-01   2.1402316943e-05   1.3940927223e-01  -2.0104625546e-27   5.3785956348e-29   3.6293869728e+02   1.3172693841e-03   3.1246048827e-05   5.5127920955e+00   2.5934536242e-07   2.1824381258e-15   5.0441693356e-10   2.2735053193e-01   1.5723343417e-08   3.2829742117e-03   7.5836847424e-09  -3.9027880810e-25   9.3698823806e-29   1.2792698929e-21   8.4734688398e-19   1.2251885005e-06   3.7896450608e-03   1.8097905064e-22   1.5361331301e-19   4.8794348891e-31   7.6557534045e-01  -1.2080439586e+04
  -3.6700495282e-02  -3.7156219637e-02   8.5398189464e-01   2.3348972353e-05   2.2668442425e-01   5.8726848260e-28   4.1052158310e-27   4.1068519561e+02   2.2888992276e-03   1.8215517940e-04   3.0109031537e+01   3.6470370324e-07   2.3072025493e-14   2.0210334051e-09   2.2325031972e-01   4.2177374219e-08   6.1484531020e-03   2.0019682540e-08  -2.0602614767e-24   4.8537452399e-28   2.4963053575e-21   1.3234139217e-18   3.2145549803e-06   6.0583575659e-03   5.2575419989e-21   2.7857716947e-19   4.4451108919e-30   7.6453922613e-01  -2.1694107518e+04
  -3.5951260647e-02  -3.6244770926e-02   7.2746814371e-01   2.6039244240e-05   3.5753318125e-01   1.7867925591e-26   2.1025741410e-26   4.8119740363e+02   3.7842118081e-03   5.9764714477e-04   1.1756313650e+02   4.4019306564e-07   1.9452490869e-13   6.8415990695e-09   2.1693953241e-01   9.9942967251e-08   1.0372479828e-02   4.7065342785e-08  -2.8474793712e-24   1.2358646189e-27   4.6208702638e-21   1.6991760518e-18   6.3366590948e-06   9.6092199838e-03   8.9056846386e-20   4.3862888338e-19  -1.2901584450e-28   7.6307183708e-01  -3.6491534101e+04
  -3.5426323486e-02  -3.5657750369e-02   6.4087694212e-01   2.8332144015e-05   4.7275527295e-01   5.2911585689e-26   5.3022351559e-26   5.4527697306e+02   5.2244627538e-03   1.1876379798e-03   3.0916028958e+02   4.9089138468e-07   9.1432970769e-13   1.6270311834e-08   2.1086085069e-01   1.9211068643e-07   1.4278936304e-02   8.5134727379e-08  -7.8340016593e-24   3.4409003258e-27   6.9592218035e-21   1.7909623759e-18   9.2211751123e-06   1.3049466493e-02   6.0476939103e-19   5.9886146217e-19  -9.2795095789e-28   7.6180074093e-01  -5.1478415325e+04
  -3.4996673975e-02  -3.5194896603e-02   5.7526229437e-01   3.0415323929e-05   5.8138777941e-01   1.0777331034e-25   1.0035958912e-25   6.0650367247e+02   6.6683735184e-03   1.9859834734e-03   7.0030269809e+02   5.2979718280e-07   3.3477541211e-12   3.3212801283e-08   2.0476648698e-01   3.4182184547e-07   1.8026835397e-02   1.3707268763e-07   8.8355043614e-26   7.6878609094e-27   9.4567645543e-21   1.7385598869e-18   1.1944221675e-05   1.6573235647e-02   2.8209321031e-18   8.3712989394e-19   3.2863408538e-28   7.6062045585e-01  -6.6856741102e+04
  -3.4626144427e-02  -3.4798451346e-02   5.2382792884e-01   3.2326292009e-05   6.8382759362e-01   1.7842489881e-25   1.5979756688e-25   6.6507081231e+02   8.1065813456e-03   2.9681793300e-03   1.4609326551e+03   5.6143119544e-07   1.0495679345e-11   6.2041106031e-08   1.9869598145e-01   5.8305910293e-07   2.1620845927e-02   2.0490834738e-07   1.8246744734e-25   1.6227252806e-26   1.2035538639e-20   1.6145613231e-18   1.4500773010e-05   2.0155191564e-02   1.0532198757e-17   1.2308429984e-18   9.7086069173e-28   7.5951206884e-01  -8.2314610678e+04
  -3.4291966087e-02  -3.4453837509e-02   4.8200636918e-01   3.4111125364e-05   7.8158554371e-01   2.5764019818e-25   2.3000530130e-25   7.2176786732e+02   9.5530582011e-03   4.1482356164e-03   2.8978804491e+03   5.8895373464e-07   2.9707053713e-11   1.0995711196e-07   1.9259036869e-01   9.7108456925e-07   2.5119422480e-02   2.9118141353e-07   3.8163250794e-25  -1.1533312193e-23   1.4707007017e-20   1.4631458460e-18   1.6949077130e-05   2.3825149369e-02   3.4186934530e-17   1.8950731983e-18   2.6179804540e-27   7.5844614918e-01  -9.8084981791e+04
  -3.3976708896e-02  -3.4130094666e-02   4.4628432993e-01   3.5841002120e-05   8.7800627161e-01   3.6085782378e-25   3.0976620946e-25   7.7848578818e+02   1.1049716960e-02   5.5827931539e-03   5.6522605295e+03   6.1496814828e-07   8.0148360478e-11   1.9199515424e-07   1.8627270354e-01   1.6191411673e-06   2.8630076316e-02   4.0086797884e-07   7.4672376661e-25  -2.2610205861e-23   1.7577378801e-20   1.3089741801e-18   1.9393365003e-05   2.7694859751e-02   1.0358729974e-16   3.0546983889e-18   6.8334114665e-27   7.5738013998e-01  -1.1447374314e+05
  -3.3677053123e-02  -3.3823323125e-02   4.1550845050e-01   3.7517486525e-05   9.7290793221e-01   4.7150834732e-25   4.0081137906e-25   8.3505494649e+02   1.2590925883e-02   7.2786462058e-03   1.0803285810e+04   6.4133788302e-07   2.0622934741e-10   3.3249206401e-07   1.7976669329e-01   2.7035444382e-06   3.2142456807e-02   5.3417892025e-07  -2.6440737484e-22   1.2957900750e-25   2.0812148935e-20   1.1749467207e-18   2.1873408980e-05   3.1755975183e-02   2.9515349649e-16   5.0524272687e-18  -2.4635369251e-25   7.5630878955e-01  -1.3142175540e+05
  -3.3390146227e-02  -3.3530783121e-02   3.8874159592e-01   3.9144973877e-05   1.0662408558e+00   5.9128580265e-25   5.0081206669e-25   8.9143040520e+02   1.4173862711e-02   9.2462667211e-03   2.0116535637e+04   6.7073457027e-07   5.0517593872e-10   5.7276674542e-07   1.7308413990e-01   4.5145976472e-06   3.5654157493e-02   6.8768225641e-07   2.7002833747e-24   2.4014636808e-25   2.4746810297e-20   1.0776489515e-18   2.4459146786e-05   3.6004317388e-02   7.9316319713e-16   8.4139469649e-18   4.6958993768e-26   7.5522647978e-01  -1.4890263472e+05
  -3.3113462049e-02  -3.3249509334e-02   3.6522968150e-01   4.0729774905e-05   1.1580436397e+00   7.1862852704e-25   6.0748344820e-25   9.4766742871e+02   1.5798270057e-02   1.1501282248e-02   3.6325250807e+04   7.0733748358e-07   1.1779853842e-09   9.8113171168e-07   1.6622594611e-01   7.5187324860e-06   3.9168659235e-02   8.5506651338e-07   5.9785235280e-24  -1.8455340985e-22   3.0217764368e-20   1.0294479949e-18   2.7263358595e-05   4.0440670903e-02   2.0174857875e-15   1.3927355758e-17   1.2890080965e-25   7.5412739695e-01  -1.6692203575e+05
  -3.2846403542e-02  -3.2977414764e-02   3.4449406672e-01   4.2269659322e-05   1.2478693490e+00   8.5246583452e-25   7.1837087901e-25   1.0035415896e+03   1.7455589658e-02   1.4046601074e-02   6.3354936919e+04   7.5768264826e-07   2.6135065102e-09   1.6623965427e-06   1.5922796736e-01   1.2404550960e-05   4.2671308500e-02   1.0294289598e-06   1.2762101783e-23  -4.1628858718e-22   3.8269805175e-20   1.0442141175e-18   3.0446625715e-05   4.5042046436e-02   4.8692440301e-15   2.2797333026e-17   3.5911608156e-25   7.5301237440e-01  -1.8540864275e+05
  -3.2587830194e-02  -3.2715392320e-02   3.2610471142e-01   4.3765542530e-05   1.3355230858e+00   9.9798033783e-25   8.3204110834e-25   1.0589520840e+03   1.9141618421e-02   1.6885072344e-02   1.0670985352e+05   8.3229627634e-07   5.5347286857e-09   2.7713751414e-06   1.5210758142e-01   2.0134876369e-05   4.6157401459e-02   1.2079086500e-06  -4.4565825529e-21   2.3449340117e-24   5.1356053516e-20   1.1479334804e-18   3.4269625373e-05   4.9795834868e-02   1.1228608031e-14   3.7212464109e-17  -8.3645279933e-24   7.5187996063e-01  -2.0440174224e+05
  -3.2335050554e-02  -3.2460268067e-02   3.0959363695e-01   4.5229359818e-05   1.4214929117e+00   1.1617376439e-24   9.4581129854e-25   1.1142302946e+03   2.0865369843e-02   2.0033637423e-02   1.7490414844e+05   9.4903656098e-07   1.1321749225e-08   4.5495708806e-06   1.4482624163e-01   3.2110152816e-05   4.9647786256e-02   1.3946739793e-06   6.1004140705e-23   5.0514761378e-24   7.5032772440e-20   1.4070078006e-18   3.9184651272e-05   5.4727339605e-02   2.5171235886e-14   6.2057147156e-17   2.9786129097e-24   7.5072043310e-01  -2.2401989716e+05
  -3.2086641315e-02  -3.2209833040e-02   2.9465897124e-01   4.6666373519e-05   1.5059252848e+00   1.3390078199e-24   1.0592705381e-24   1.1694899433e+03   2.2630252551e-02   2.3507049851e-02   2.8061689078e+05   1.1369128820e-06   2.2554725575e-08   7.3543928895e-06   1.3736896927e-01   5.0213773575e-05   5.3149552502e-02   1.5970041631e-06   1.6425694252e-22   1.3282241179e-23   1.2602666531e-19   1.9929959122e-18   4.5909867167e-05   5.9847009263e-02   5.5667081984e-14   1.0859824716e-16   9.4029793495e-24   7.4952823446e-01  -2.4429948165e+05
  -3.1841979287e-02  -3.1963449591e-02   2.8109821830e-01   4.8077121039e-05   1.5887434624e+00   1.5668566360e-24   1.1703715922e-24   1.2246785047e+03   2.4435378179e-02   2.7308904445e-02   4.4205753152e+05   1.4420698724e-06   4.3947327480e-08   1.1693921597e-05   1.2973892815e-01   7.6849678837e-05   5.6659911205e-02   1.8221186023e-06  -8.4758287846e-20   4.5907973350e-23   2.5288985754e-19   3.3709820309e-18   5.5589557344e-05   6.5152659783e-02   1.2286355098e-13   2.0340462605e-16  -2.2073597311e-22   7.4830105957e-01  -2.6524004166e+05
  -3.1600456040e-02  -3.1720508983e-02   2.6874230367e-01   4.9461907588e-05   1.6699091915e+00   1.8566063288e-24   1.2770612907e-24   1.2797404340e+03   2.6280540960e-02   3.1439925288e-02   6.8483185854e+05   1.9376271103e-06   8.3975381862e-08   1.8273900863e-05   1.2193657009e-01   1.1502217652e-04   6.0176233503e-02   2.0753388440e-06   2.3763585474e-21  -1.0832963619e-19   6.0724231790e-19   6.9527142013e-18   7.0076528042e-05   7.0643219918e-02   2.7324935730e-13   4.1094369604e-16   1.2800122740e-22   7.4703650694e-01  -2.8685633262e+05
  -3.1361467803e-02  -3.1480403096e-02   2.5745131882e-01   5.0820519560e-05   1.7494145062e+00   2.1130202078e-24   1.3779333404e-24   1.3346045103e+03   2.8166132376e-02   3.5893360451e-02   1.0433474099e+06   2.7380485841e-06   1.5751149276e-07   2.8032645578e-05   1.1396034807e-01   1.6833321228e-04   6.3695580914e-02   2.3583504607e-06  -1.3626185990e-18   7.4328648353e-22   1.7599546238e-18   1.7683834683e-17   9.2370007185e-05   7.6317987315e-02   6.1598044950e-13   8.9148548066e-16  -5.0611957003e-21   7.4573209393e-01  -3.0918261008e+05
  -3.1124327505e-02  -3.1242532510e-02   2.4710798417e-01   5.2152306227e-05   1.8273007136e+00   2.4368222907e-24   1.4714871940e-24   1.3891857327e+03   3.0093664294e-02   4.0651710156e-02   1.5612743736e+06   4.0202486283e-06   2.8992295792e-07   4.2150361648e-05   1.0580514617e-01   2.4088527097e-04   6.7215315209e-02   2.6679655035e-06   4.4476772535e-20   3.2529006564e-21   6.2010661982e-18   5.5932024613e-17   1.2731837922e-04   8.2177414760e-02   1.4092018656e-12   2.0506857987e-15   2.7661744653e-21   7.4438479171e-01  -3.3228698996e+05
  -3.0888228032e-02  -3.1006122501e-02   2.3761489945e-01   5.3455939204e-05   1.9036621625e+00   2.9231930001e-24   1.5566214498e-24   1.4433744391e+03   3.2065954369e-02   4.5680883639e-02   2.2902182106e+06   6.0535652413e-06   5.2314184153e-07   6.2007239470e-05   9.7462572095e-02   3.3703808668e-04   7.0732888748e-02   2.9952288788e-06   4.4029240280e-19  -2.4554545015e-17   2.9574042666e-17   2.2214399669e-16   1.8272603036e-04   8.8222495598e-02   3.2613873387e-12   4.9337718696e-15   1.8456981847e-20   7.4299070026e-01  -3.5628207467e+05
  -3.0652404087e-02  -3.0770333564e-02   2.2890004353e-01   5.4727969447e-05   1.9785867692e+00   3.4137208775e-24   1.6331156965e-24   1.4969742414e+03   3.4085540631e-02   5.0914463496e-02   3.2843256282e+06   9.2383637973e-06   9.2376293063e-07   8.9028557587e-05   8.8929356463e-02   4.6084309383e-04   7.4242491876e-02   3.3245125503e-06   3.8976262794e-18  -2.3168161572e-16   1.6957295072e-16   1.1160784570e-15   2.7095276936e-04   9.4447930174e-02   7.5835440460e-12   1.2275980945e-14   1.4796011883e-19   7.4154591042e-01  -3.8131665913e+05
  -3.0415401487e-02  -3.0534474610e-02   2.2089128654e-01   5.5965927524e-05   2.0523748240e+00   3.9810314555e-24   1.7014323906e-24   1.5498314536e+03   3.6160621092e-02   5.6261512903e-02   4.5930273803e+06   1.4168265262e-05   1.5948283670e-06   1.2448087894e-04   8.0184774156e-02   6.1562567165e-04   7.7744831859e-02   3.6335314777e-06   2.4072954531e-17   1.6142664260e-18   1.1228851048e-15   7.1588367339e-15   4.1155808305e-04   1.0085740106e-01   1.7595005176e-11   3.1755337849e-14   1.2979307576e-18   7.4004193165e-01  -4.0766924123e+05
  -3.0174982363e-02  -3.0296328365e-02   2.1352072640e-01   5.7167674117e-05   2.1255473765e+00   4.6434123447e-24   1.7632344198e-24   1.6018122834e+03   3.8306165878e-02   6.1596403111e-02   6.2519569393e+06   2.1737887051e-05   2.6938850675e-06   1.6917458661e-04   7.1190124011e-02   8.0339325063e-04   8.1246593063e-02   3.8944642413e-06   3.1289191856e-16   2.0402750296e-17   1.0525794549e-14   5.9569681615e-14   6.3585591194e-04   1.0746234572e-01   4.0573943335e-11   9.4037358216e-14   1.7015914761e-17   7.3846418718e-01  -4.3577292677e+05
  -2.9928502592e-02  -3.0053636361e-02   2.0674597779e-01   5.8327381848e-05   2.1986955384e+00   5.3978509631e-24   1.8210978135e-24   1.6526319989e+03   4.0540146047e-02   6.6727409753e-02   8.2591023279e+06   3.3289897538e-05   4.4538551809e-06   2.2274666306e-04   6.1911318125e-02   1.0230704084e-03   8.4751825179e-02   4.0720387989e-06   5.2615677228e-15   3.3327898409e-16   1.2990569934e-13   6.4935368257e-13   9.9354326443e-04   1.1426162216e-01   9.2735978626e-11   4.3857780618e-13   2.9085748904e-16   7.3679405832e-01  -4.6620109350e+05
  -2.9672135987e-02  -2.9803368822e-02   2.0053706851e-01   5.9436585544e-05   2.2726783270e+00   6.2575936073e-24   1.8778771285e-24   1.7019006214e+03   4.2889762679e-02   7.1394280756e-02   1.0544387223e+07   5.0915508508e-05   7.2144207127e-06   2.8270038330e-04   5.2304364618e-02   1.2685281577e-03   8.8268305351e-02   4.1229573257e-06   1.1677508665e-13   7.1668213621e-15   2.1514976001e-12   9.4071515286e-12   1.5654107078e-03   1.2124508619e-01   2.1029586672e-10   4.7114351343e-12   6.5141442419e-15   7.3500335148e-01  -4.9977682041e+05
  -2.9399833565e-02  -2.9540903152e-02   1.9487364073e-01   6.0483498925e-05   2.3488500693e+00   7.2361189433e-24   1.9345921398e-24   1.7491019715e+03   4.5399788816e-02   7.5253015837e-02   1.2911518351e+07   7.8094359626e-05   1.1464105146e-05   3.4263058262e-04   4.2304293882e-02   1.5246228382e-03   9.1812508522e-02   3.9922311303e-06   3.5189916416e-12   2.0820538538e-13   4.9158264169e-11   1.8476784674e-10   2.4897642982e-03   1.2838610066e-01   4.7856192903e-10   9.7052276322e-11   1.9495448187e-13   7.3304652771e-01  -5.3771782705e+05
  -2.9098445788e-02  -2.9258763979e-02   1.8970046169e-01   6.1459341923e-05   2.4302369813e+00   8.3488684786e-24   1.9879735732e-24   1.7939155103e+03   4.8174595997e-02   7.7865688142e-02   1.4924436533e+07   1.2170002733e-04   1.7927822085e-05   3.8850910935e-04   3.1717413148e-02   1.7590513919e-03   9.5450512588e-02   3.5978088817e-06   1.5140593521e-10   8.5676190928e-12   1.6326331625e-09   5.1363953285e-09   4.0420752284e-03   1.3567359541e-01   1.2220352400e-09   3.0065989876e-09   8.1461394144e-12   7.3082560630e-01  -5.8226292052e+05
  -2.8740134884e-02  -2.8938127596e-02   1.8495446022e-01   6.2346372320e-05   2.5230532030e+00   9.6208846655e-24   2.0295707493e-24   1.8357994444e+03   5.1437799763e-02   7.8434722094e-02   1.5752653544e+07   1.9871171349e-04   2.7444526867e-05   3.8518976820e-04   2.0209497211e-02   1.8826658453e-03   9.9315824918e-02   2.7979092501e-06   9.7899697645e-09   5.2549518977e-10   8.5396976717e-08   2.2048097655e-07   6.9051074064e-03   1.4293052571e-01   8.7726914330e-09   1.3276097992e-07   4.9725979318e-10   7.2814177677e-01  -6.3711564784e+05
  -2.8244409605e-02  -2.8542142171e-02   1.8046586399e-01   6.3101286210e-05   2.6447874777e+00   1.1009450785e-23   2.0696070183e-24   1.8737700260e+03   5.5824008684e-02   8.0872768538e-02   2.3191611572e+07   3.7355579586e-04   3.7085583341e-05   2.2404613955e-04   7.3819921125e-03   1.5247018606e-03   1.0370466766e-01   1.3608479450e-06   8.6778416435e-07   4.2991315482e-08   7.4774440506e-06   1.7112148538e-05   1.3540628626e-02   1.4867437749e-01   2.8159179395e-07   7.4116456177e-06   3.9019656738e-08   7.2450435126e-01  -7.0571547618e+05
  -2.7531933285e-02  -2.7946677038e-02   1.7986687658e-01   6.2655896371e-05   2.8070798616e+00   1.2620437034e-23   2.3661760223e-24   1.8632646913e+03   6.2297669187e-02   1.0719237859e-01   1.3141415070e+07   7.3958418524e-04   4.5303013741e-06   1.5948718694e-06   1.9387593000e-03   8.7996628711e-05   1.0571955928e-01   4.4973125521e-07   4.3563712495e-06   1.8269372949e-07   4.2704102350e-04   2.2976859315e-03   2.6790865539e-02   1.4189774734e-01   3.1469857117e-07   1.0307488054e-04   1.5512050495e-07   7.1998610210e-01  -7.3645045836e+05
  -2.6811535712e-02  -2.7117189532e-02   1.8515929076e-01   6.0883705433e-05   2.9540953830e+00   1.2587314481e-23   2.6905043912e-24   1.7970205126e+03   7.0601590571e-02   1.4552269473e-01   5.4162335489e+05   8.5226847937e-04   1.1872095469e-06   1.0643850679e-07   1.0315810835e-03   1.7028553799e-05   1.0414631636e-01   1.4596635015e-07   1.1674673603e-06   4.4164891983e-08   4.9995185923e-04   1.0056738743e-02   3.0421221014e-02   1.3927531174e-01   6.8315056791e-08   6.9409671002e-05   4.0556707564e-08   7.1362741238e-01  -8.0147586385e+05
  -2.6231427162e-02  -2.6505881893e-02   1.8976021588e-01   5.9406723896e-05   3.0647079726e+00   1.1823298977e-23   3.0017419483e-24   1.7429417118e+03   7.8180187888e-02   1.7149122897e-01  -3.0363147686e+05   9.0534800520e-04   7.1008052965e-07   3.1423200092e-08   6.8164443900e-04   8.3662635585e-06   1.0267561404e-01   8.3417622217e-08   6.5350546078e-07   2.2789476817e-08   5.0560841283e-04   1.7628801818e-02   3.2205287767e-02   1.3752349862e-01   3.6368829143e-08   5.1937701579e-05   2.2660926952e-08   7.0781233269e-01  -8.5504441385e+05
  -2.5682039865e-02  -2.5956972432e-02   1.9419119046e-01   5.8007112060e-05   3.1630663688e+00   1.0753451782e-23   3.2991045736e-24   1.6928364050e+03   8.6149334267e-02   1.9906133763e-01  -2.4176522370e+05   9.3765610224e-04   4.7111725138e-07   1.2029389785e-08   4.9430646544e-04   4.6817467136e-06   1.0122384971e-01   5.4838023483e-08   3.8747561649e-07   1.2494368126e-08   4.7943885735e-04   2.5806590227e-02   3.3417495782e-02   1.3588232348e-01   2.1374262707e-08   3.9018517651e-05   1.3518211857e-08   7.0171366627e-01  -9.0553357852e+05
  -2.5127077298e-02  -2.5407107298e-02   1.9873773390e-01   5.6588696599e-05   3.2562010797e+00   9.5269083939e-24   3.5468220911e-24   1.6431211179e+03   9.5047351379e-02   2.3007952448e-01  -9.1162270145e+04   9.5853848450e-04   3.1141348185e-07   4.9956897988e-09   3.8749139297e-04   2.6245944697e-06   9.9712963076e-02   3.8696434239e-08   2.1541762963e-07   6.4043634250e-09   4.2487349713e-04   3.5073160343e-02   3.4371977240e-02   1.3412582313e-01   1.2159729151e-08   2.8381062483e-05   7.6155726104e-09   6.9491357047e-01  -9.5687383863e+05
  -2.4563864874e-02  -2.4847047298e-02   2.0346055392e-01   5.5135368663e-05   3.3446797102e+00   8.3431181089e-24   3.7040040233e-24   1.5931717115e+03   1.0501350589e-01   2.6481851925e-01   1.6974240411e+04   9.7214189743e-04   2.0235816990e-07   2.2046851941e-09   3.2969268498e-04   1.4420669831e-06   9.8129834015e-02   2.9329865209e-08   1.1130537160e-07   3.0370936507e-09   3.5550508721e-04   4.5531033823e-02   3.5180582347e-02   1.3218742346e-01   6.6315393635e-09   2.0066160090e-05   4.0174785564e-09   6.8729191957e-01  -1.0101416255e+06
  -2.3995697053e-02  -2.4280682450e-02   2.0837229389e-01   5.3648267310e-05   3.4282539189e+00   7.3472159422e-24   3.7495158769e-24   1.5429890600e+03   1.1609581438e-01   3.0356186398e-01   6.9398543949e+04   9.8113543337e-04   1.2987014289e-07   1.0339083030e-09   3.0143735553e-04   7.7670848471e-07   9.6472742898e-02   2.3761321185e-08   5.4316443292e-08   1.3531020617e-09   2.8500208642e-04   5.7201299345e-02   3.5890774905e-02   1.3005556632e-01   3.5382090623e-09   1.4019958516e-05   2.0181434749e-09   6.7879702910e-01  -1.0658705649e+06
  -2.3424809267e-02  -2.3710711655e-02   2.1348386934e-01   5.2129055596e-05   3.5070438859e+00   6.5853470595e-24   3.6804470775e-24   1.4926106194e+03   1.2835926846e-01   3.4676740005e-01   8.2117816375e+04   9.8719717914e-04   8.3055424188e-08   5.1308830262e-10   2.8984488931e-04   4.1251804537e-07   9.4737621502e-02   2.0260719602e-08   2.5600761820e-08   5.7879397568e-10   2.2232009187e-04   7.0135836907e-02   3.6517140259e-02   1.2773392220e-01   1.9020141264e-09   9.8746282296e-06   9.8819981740e-10   6.6936569693e-01  -1.1246258756e+06
  -2.2852570006e-02  -2.3138906879e-02   2.1880535630e-01   5.0579463440e-05   3.5814814049e+00   5.9853716050e-24   3.5031119753e-24   1.4420874438e+03   1.4188759650e-01   3.9486327417e-01   7.3942147099e+04   9.9128842603e-04   5.3466737903e-08   2.6768133686e-10   2.8717099825e-04   2.1776850827e-07   9.2919707015e-02   1.7939538713e-08   1.1932989321e-08   2.4322761264e-10   1.7126285032e-04   8.4416449241e-02   3.7056536787e-02   1.2522798008e-01   1.0627381468e-09   7.1508199582e-06   4.8355872678e-10   6.5892215062e-01  -1.1870183292e+06
  -2.2279708756e-02  -2.2566233134e-02   2.2434899839e-01   4.9000825434e-05   3.6522538644e+00   5.4884125029e-24   3.2312898536e-24   1.3914593694e+03   1.5678217824e-01   4.4812760957e-01   5.8444986632e+04   9.9392617569e-04   3.4953679044e-08   1.4598698147e-10   2.8932454744e-04   1.1507246990e-07   9.1013696762e-02   1.6420952930e-08   5.6130807818e-09   1.0238994560e-10   1.3190086399e-04   1.0014995226e-01   3.7498420557e-02   1.2253851940e-01   6.3336128451e-10   5.4103978792e-06   2.4168718122e-10   6.4737867586e-01  -1.2537193951e+06
  -2.1706599426e-02  -2.1993184379e-02   2.3013027610e-01   4.7394363651e-05   3.7202179380e+00   5.0334665613e-24   2.8904904630e-24   1.3407576504e+03   1.7315572185e-01   5.0652632669e-01   4.3049423785e+04   9.9536844846e-04   2.3339647512e-08   8.2875228002e-11   2.9442528875e-04   6.1113382023e-08   8.9013793460e-02   1.5601589122e-08   2.7001870246e-09   4.3720244136e-11   1.0241393219e-04   1.1745825167e-01   3.7830175509e-02   1.1966073695e-01   4.0903937970e-10   4.3208773289e-06   1.2530797898e-10   6.3464041044e-01  -1.3254436395e+06
  -2.1133409779e-02  -2.1420014473e-02   2.3616797587e-01   4.5761648437e-05   3.7863223624e+00   4.5507900871e-24   2.5165415177e-24   1.2900162447e+03   1.9112547844e-01   5.6959658757e-01   3.0651918692e+04   9.9571903680e-04   1.5950203556e-08   4.8762384757e-11   3.0170459893e-04   3.2630809498e-08   8.6913380839e-02   1.5514149477e-08   1.3354029863e-09   1.9018480645e-11   8.0486257666e-05   1.3646907348e-01   3.8039224054e-02   1.1658607247e-01   2.8755455078e-10   3.6552715162e-06   6.7956780746e-11   6.2061061814e-01  -1.4029169796e+06
  -2.0559733579e-02  -2.0846805085e-02   2.4248911369e-01   4.4103687882e-05   3.8515974371e+00   4.0410755221e-24   2.1429445713e-24   1.2392424958e+03   2.1082285336e-01   6.3663230291e-01   2.1631641048e+04   9.9497667376e-04   1.1141909751e-08   2.9573269034e-11   3.1083571519e-04   1.7459228206e-08   8.4702898534e-02   1.6268261433e-08   6.7776070485e-10   8.4037808639e-12   6.4041196496e-05   1.5732512998e-01   3.8113462042e-02   1.1330194018e-01   2.1899875864e-10   3.2666856753e-06   3.8667541001e-11   6.0518340316e-01  -1.4869097214e+06
  -1.9985421819e-02  -2.0272662072e-02   2.4912084989e-01   4.2423162592e-05   3.9170371677e+00   3.5087346639e-24   1.7885627168e-24   1.1884880278e+03   2.3237000827e-01   7.0670568546e-01   1.5380007480e+04   9.9305569422e-04   7.9360329633e-09   1.8380951056e-11   3.2155413272e-04   9.3188258846e-09   8.2372257433e-02   1.8035951811e-08   3.5135964790e-10   3.7501669957e-12   5.1520450000e-05   1.8015906963e-01   3.8040537787e-02   1.0979639417e-01   1.7901465206e-10   3.0621664480e-06   2.3168629107e-11   5.8826251267e-01  -1.5781099062e+06
  -1.9410509284e-02  -1.9698181567e-02   2.5609499894e-01   4.0723800469e-05   3.9836519957e+00   2.9714648879e-24   1.4577985318e-24   1.1378232949e+03   2.5587700039e-01   7.7885897689e-01   1.1107258019e+04   9.8980431831e-04   5.7480143366e-09   1.1639465710e-11   3.3345727780e-04   4.9371651976e-09   7.9910900267e-02   2.1041349474e-08   1.8501308587e-10   1.6785520936e-12   4.1825801641e-05   2.0509032944e-01   3.7808508882e-02   1.0605757151e-01   1.5539829002e-10   2.9802624672e-06   1.4753443940e-11   5.6976459015e-01  -1.6771305729e+06
  -1.8834309655e-02  -1.9122837002e-02   2.6346251035e-01   3.9007174018e-05   4.0525828196e+00   2.4459398035e-24   1.1511303286e-24   1.0872441758e+03   2.8148665223e-01   8.5227316794e-01   8.1615408309e+03   9.8500830187e-04   4.2215668716e-09   7.4608157104e-12   3.4594276229e-04   2.5810979856e-09   7.7303512896e-02   2.5534734225e-08   9.8341011670e-11   7.4768411922e-13   3.4194793270e-05   2.3227279978e-01   3.7405297062e-02   1.0206595928e-01   1.4190131098e-10   2.9774517861e-06   1.0166182247e-11   5.4958427508e-01  -1.7846814819e+06
  -1.8255829518e-02  -1.8545782308e-02   2.7129350878e-01   3.7273809323e-05   4.1250183953e+00   1.9451468506e-24   8.7289051556e-25   1.0367080187e+03   3.0936688467e-01   9.2578778262e-01   6.0901959802e+03   9.7839119039e-04   3.1356958969e-09   4.8087703230e-12   3.5818506648e-04   1.3228354177e-09   7.4530643031e-02   3.1704857659e-08   5.2438828543e-11   3.2870457053e-13   2.8099745380e-05   2.6188689305e-01   3.6818038326e-02   9.7796271591e-02   1.3537225352e-10   3.0203544799e-06   7.7455828734e-12   5.2760042128e-01  -1.9015282723e+06
  -1.7673794176e-02  -1.7965876729e-02   2.7968017227e-01   3.5523681667e-05   4.2021138777e+00   1.4770736561e-24   6.3027914903e-25   9.8615045670e+02   3.3970953473e-01   9.9812688144e-01   4.5998751034e+03   9.6960444151e-04   2.3496736385e-09   3.0952656342e-12   3.6915019417e-04   6.5977760782e-10   7.1567629984e-02   3.9536413261e-08   2.7871687010e-11   1.4135139561e-13   2.3168165531e-05   2.9413850472e-01   3.6032290225e-02   9.3218720300e-02   1.3441123650e-10   3.0814730175e-06   6.5266887197e-12   5.0367780778e-01  -2.0284529738e+06
  -1.7086711466e-02  -1.7381711624e-02   2.8873997426e-01   3.3756938855e-05   4.2849058935e+00   1.0512683947e-24   4.2942595025e-25   9.3550674700e+02   3.7272070153e-01   1.0667738291e+00   3.5045562302e+03   9.5821049875e-04   1.7717565264e-09   1.9758209416e-12   3.7762001543e-04   3.1762655898e-10   6.8384149049e-02   4.8692376718e-08   1.4666317992e-11   5.8877137008e-14   1.9133647491e-05   3.2924895283e-01   3.5031536213e-02   8.8301118029e-02   1.3877639029e-10   3.1369984244e-06   5.8227004045e-12   4.7767609178e-01  -2.1660458135e+06
  -1.6492928924e-02  -1.6791711307e-02   2.9862063430e-01   3.1974509949e-05   4.3742394211e+00   6.8619616871e-25   2.7370734818e-25   8.8472874489e+02   4.0860652811e-01   1.1255824556e+00   2.6861441561e+03   9.4366335416e-04   1.3409241050e-09   1.2422468680e-12   3.8222130469e-04   1.4627632568e-10   6.4944577940e-02   5.8535181443e-08   7.5865328745e-12   2.3504498688e-14   1.5804808820e-05   3.6743998250e-01   3.3797342484e-02   8.3010968484e-02   1.4916594387e-10   3.1656100034e-06   5.1631159589e-12   4.4946221333e-01  -2.3149711556e+06
  -1.5890608824e-02  -1.6194146541e-02   3.0951104404e-01   3.0178163006e-05   4.4706956420e+00   4.0210506197e-25   1.6273381368e-25   8.3378463294e+02   4.4756011542e-01   1.1695648908e+00   2.0677845665e+03   9.2528728543e-04   1.0157631606e-09   7.6458580219e-13   3.8146643705e-04   6.3838426354e-11   6.1208619314e-02   6.8286495485e-08   3.8289746362e-12   8.8908576634e-15   1.3043408253e-05   4.0891989680e-01   3.2310001890e-02   7.7317211702e-02   1.6715226504e-10   3.1478983070e-06   4.3807429082e-12   4.1892125572e-01  -2.4758022163e+06
  -1.5277619078e-02  -1.5587071106e-02   3.2165852032e-01   2.8370275970e-05   4.5744989573e+00   1.9579043990e-25   9.0062428518e-26   7.8265155238e+02   4.8974849139e-01   1.1928945572e+00   1.5966744260e+03   9.0225131968e-04   7.6730748936e-10   4.5889853202e-13   3.7381774744e-04   2.6165343687e-11   5.7131893513e-02   7.7122239210e-08   1.8701814927e-12   3.1466848136e-15   1.0748444890e-05   4.5386971816e-01   3.0549432191e-02   7.1192341543e-02   1.9484160308e-10   3.0664005704e-06   3.5304131016e-12   3.8596665257e-01  -2.6488727956e+06
  -1.4651334822e-02  -1.4968167049e-02   3.3539540152e-01   2.6553460226e-05   4.6853938152e+00   5.2672112682e-26   4.6806846728e-26   7.3130514792e+02   5.3529553956e-01   1.1888868919e+00   1.2332517431e+03   8.7353487860e-04   5.7443142836e-10   2.6917445931e-13   3.5779411690e-04   1.0013002440e-11   5.2666725383e-02   8.3941062878e-08   8.7564706383e-13   1.0273845734e-15   8.8448715257e-06   5.0242506713e-01   2.8496282594e-02   6.4615687828e-02   2.3305982184e-10   2.9063746125e-06   2.7055376648e-12   3.5055307206e-01  -2.8342106914e+06
  -1.4008320343e-02  -1.4334502595e-02   3.5117869402e-01   2.4730178357e-05   4.8024999144e+00  -3.5791125156e-26   2.4054781749e-26   6.7971128143e+02   5.8425638549e-01   1.1502572150e+00   9.4387529776e+02   8.3787955559e-04   4.2076103058e-10   1.5666468200e-13   3.3214685315e-04   3.5939231291e-12   4.7763933432e-02   8.6744366470e-08   3.8842334039e-13   3.0449176042e-16   7.2754630800e-06   5.5464898459e-01   2.6133440869e-02   5.7578358710e-02   2.7532652297e-10   2.6575306955e-06   1.9556249618e-12   3.1269523555e-01  -3.0314583135e+06
  -1.3343725556e-02  -1.3682138090e-02   3.6965240049e-01   2.2902118914e-05   4.9241970918e+00  -8.0787150465e-26   1.4548055369e-26   6.2781483313e+02   6.3658735307e-01   1.0701140232e+00   6.9537010577e+02   7.9371652772e-04   2.9271388689e-10   9.2824303794e-14   2.9613261779e-04   1.2393433558e-12   4.2376096266e-02   8.2223906590e-08   1.6037545080e-13   8.0246252656e-17   5.9896083239e-06   6.1050009609e-01   2.3447850498e-02   5.0088892371e-02   2.9714047369e-10   2.3169322005e-06   1.2928129736e-12   2.7248882628e-01  -3.2398080606e+06
  -1.2649750503e-02  -1.3005313022e-02   3.9176736045e-01   2.1067945565e-05   5.0481577387e+00  -1.0591431546e-25   1.2965352373e-26   5.7548735557e+02   6.9215069033e-01   9.4384960058e-01   4.5835537416e+02   7.3902505591e-04   1.8072971859e-10   5.4884052545e-14   2.4986924967e-04   4.1830673426e-13   3.6459372787e-02   6.7380837770e-08   6.0206678025e-14   1.8462215013e-17   4.9247949584e-06   6.6983800793e-01   2.0430460598e-02   4.2173591878e-02   2.6029404628e-10   1.8927693102e-06   7.2547934111e-13   2.3010278698e-01  -3.4581306983e+06
  -1.1911308303e-02  -1.2294187983e-02   4.1906425310e-01   1.9216583585e-05   5.1717668418e+00  -6.0299266334e-26   2.8174753395e-27   5.2235450191e+02   7.5085585665e-01   7.6964302627e-01   2.3291194852e+02   6.7095775893e-04   8.6656507610e-11   2.7335841135e-14   1.9464755737e-04   1.2549558682e-13   2.9963410653e-02   4.4292395426e-08   1.8549110178e-14   3.2892584774e-18   3.9753903426e-06   7.3257495166e-01   1.7067464561e-02   3.3856574264e-02   1.6101376294e-10   1.4074091648e-06   2.9820913871e-13   1.8566656617e-01  -3.6856950151e+06
  -1.1082200162e-02  -1.1528428622e-02   4.5500700456e-01   1.7286634336e-05   5.2946246531e+00  -3.3273126293e-26   5.1788972593e-27   4.6663635798e+02   8.1381194824e-01   5.3701627885e-01   7.1495420944e+01   5.8351604608e-04   2.6217505440e-11   8.4667741824e-15   1.3228332595e-04   2.5617161779e-14   2.2703687360e-02   2.1703033308e-08   3.7626928353e-15  -2.1675873793e-16   2.9656499215e-06   7.9991061814e-01   1.3266041806e-02   2.5000443783e-02   6.0520461580e-11   8.9152717643e-07   7.0416398894e-14   1.3839953057e-01  -3.9270866741e+06
  -9.9586865822e-03  -1.0635971702e-02   5.1174369952e-01   1.5026591025e-05   5.4217421533e+00  -1.4788451304e-26   1.2684873676e-27   4.0107668272e+02   8.8682573630e-01   2.1521993224e-01   7.5944056258e+00   4.5372637091e-04   3.1577263577e-12   9.8948803357e-16   6.2776062269e-05   2.0161186465e-15   1.3859489596e-02   6.9164980169e-09   2.5990740112e-16  -1.0097836950e-17   1.6466026483e-06   8.7810042012e-01   8.5815432611e-03   1.4952283631e-02   9.9708484747e-12   3.7807061271e-07   5.4597488844e-15   8.3987729360e-02  -4.2080688130e+06
  -8.4366525597e-03  -9.2814014623e-03   5.6398144452e-01   1.3458193351e-05   5.4953183276e+00  -4.3541906208e-27   7.2407375296e-28   3.5602175506e+02   9.3672371863e-01   4.1000118184e-02   6.1664749369e-01   3.0274691221e-04   3.4810123162e-13   9.3406123371e-17   2.3203871682e-05   1.2986096023e-16   7.5629115027e-03   2.1531040833e-09   1.5761615868e-17  -1.0101740689e-19   7.1432089906e-07   9.3169493250e-01   5.1474274132e-03   8.3947774274e-03   1.6645660077e-12   1.2727894280e-07   3.8366641651e-16   4.6873156618e-02  -4.4006069289e+06
  -6.7485540399e-03  -7.5919036572e-03   5.9882300013e-01   1.2591266597e-05   5.5317497581e+00  -5.8631470239e-28   1.5656431429e-28   3.3146038689e+02   9.6379410773e-01   6.9845506628e-03   5.6480753839e-02   1.9563744491e-04   6.5720413382e-14   1.4771928866e-17   6.2339052115e-06   8.3758006318e-18   4.1323807790e-03   6.7980547483e-10   1.9744218547e-18   3.8152687554e-24   2.3758301485e-07   9.6083509381e-01   3.1927143116e-03   4.8930278528e-03   6.5214419517e-13   3.1252801390e-08   7.3110367998e-17   2.6744642381e-02  -4.5056188776e+06
  -4.4291521708e-03  -5.9052044226e-03   6.1161130891e-01   1.2301101806e-05   5.5438028044e+00  -2.7145842565e-28   8.2329570721e-29   3.2332608503e+02   9.7277553955e-01   8.1023276442e-04   1.7717673555e-02   1.4494240973e-04   2.8029676232e-14   5.6886725529e-18   3.3824865353e-06   2.2561691911e-18   3.0340296822e-03   3.9681485542e-10   1.0577098495e-18   6.7022929348e-25   1.3622969293e-07   9.7054307526e-01   2.4810188063e-03   3.7298553191e-03   6.1434101964e-13   1.7321826203e-08   1.2122328726e-15   2.0063542086e-02  -4.5408891641e+06
  -1.4765491898e-03  -2.9530999190e-03   6.2770931223e-01   1.1951226060e-05   5.5588988428e+00  -1.6737271579e-29   7.7006721594e-30   3.1359272311e+02   9.8370843472e-01   1.8274468257e-04   1.7833453603e-03   9.3261058089e-05   8.1437661171e-15   8.9059193935e-19   4.6318873102e-07   1.0494283836e-19   1.7187988356e-03   8.2347034124e-11   5.7074974171e-19   1.0303389930e-26   2.5364555487e-08   9.8234169975e-01   1.6067114820e-03   2.2771787398e-03   2.8671242904e-12   2.4032245838e-09   9.1243371770e-15   1.1961859095e-02  -4.5832905120e+06
   1.4765522108e-03   1.5393332368e-09   6.2770887277e-01   1.1951235521e-05   5.5588988602e+00   3.1655130413e-29   2.2472280960e-29   3.1359298407e+02   9.8370812964e-01   1.8275096035e-04   1.7840098311e-03   9.3262022445e-05   8.1449874366e-15   8.9085823333e-19   4.6321097241e-07   1.0496253242e-19   1.7188335757e-03   8.2352453735e-11   5.7080708185e-19   1.0304701339e-26   2.5365664985e-08   9.8234137124e-01   1.6067373606e-03   2.2772217271e-03   2.8686063798e-12   2.4033505864e-09   9.1248731131e-15   1.1962083009e-02  -4.5832893575e+06
   4.4291551419e-03   2.9531028822e-03   6.1161147762e-01   1.2301097963e-05   5.5438021396e+00   2.8394607736e-28   1.5736635567e-28   3.2332597845e+02   9.7277566461e-01   8.1019270577e-04   1.7717902761e-02   1.4494194829e-04   2.8029413047e-14   5.6889432575e-18   3.3824770039e-06   2.2561879024e-18   3.0340152012e-03   3.9683085324e-10   1.0571187192e-18   6.7021216157e-25   1.3622809757e-07   9.7054321006e-01   2.4810082168e-03   3.7298380352e-03   6.1439255085e-13   1.7321792514e-08   1.2121625831e-15   2.0063450113e-02  -4.5408896368e+06
   6.7485563205e-03   5.9052074015e-03   5.9882330566e-01   1.2591259208e-05   5.5317484675e+00   5.7207959254e-28   2.8848734234e-28   3.3146018180e+02   9.6379435456e-01   6.9845762260e-03   5.6481119821e-02   1.9563671709e-04   6.5719575607e-14   1.4772443219e-17   6.2339208713e-06   8.3758811306e-18   4.1323533467e-03   6.7983266174e-10   1.9737424315e-18   3.8151911775e-24   2.3758121758e-07   9.6083535963e-01   3.1926925133e-03   4.8929923640e-03   6.5213355612e-13   3.1252904813e-08   7.3079239953e-17   2.6744461997e-02  -4.5056197968e+06
   8.4366534950e-03   7.5919052394e-03   5.6398158902e-01   1.3458189378e-05   5.4953161939e+00   3.7168319892e-27   1.2987448423e-27   3.5602164352e+02   9.3672385309e-01   4.1000722029e-02   6.1664450145e-01   3.0274622494e-04   3.4809943211e-13   9.3407115128e-17   2.3203866038e-05   1.2986054629e-16   7.5628954618e-03   2.1531252445e-09   1.5761448679e-17  -1.0101654976e-19   7.1431654159e-07   9.3169507789e-01   5.1474155266e-03   8.3947599558e-03   1.6645578339e-12   1.2727898539e-07   3.8366480820e-16   4.6873057327e-02  -4.4006074336e+06
   9.9586871295e-03   9.2814017505e-03   5.1174343072e-01   1.5026600256e-05   5.4217395883e+00   1.6217173893e-26   4.7854986008e-27   4.0107694878e+02   8.8682543652e-01   2.1522002305e-01   7.5944734444e+00   4.5372679020e-04   3.1577640286e-12   9.8950908419e-16   6.2776228883e-05   2.0161406051e-15   1.3859525341e-02   6.9165580440e-09   2.5988484801e-16  -1.0090746635e-17   1.6466006573e-06   8.7810009897e-01   8.5815646405e-03   1.4952325770e-02   9.9709736869e-12   3.7807170990e-07   5.4598263957e-15   8.3987950653e-02  -4.2080676720e+06
   1.1082201508e-02   1.0635972509e-02   4.5500695945e-01   1.7286636640e-05   5.2946228621e+00   4.6048034133e-26   1.3482746541e-26   4.6663642217e+02   8.1381186123e-01   5.3701433769e-01   7.1502220863e+01   5.8351646051e-04   2.6220416176e-11   8.4671792835e-15   1.3228338093e-04   2.5619639230e-14   2.2703698798e-02   2.1703395508e-08   3.7589565612e-15  -2.1201265972e-16   2.9656413961e-06   7.9991052433e-01   1.3266048169e-02   2.5000453388e-02   6.0520864458e-11   8.9152764336e-07   7.0420842705e-14   1.3839959651e-01  -3.9270863654e+06
   1.1911310125e-02   1.1528430507e-02   4.1906422229e-01   1.9216585554e-05   5.1717647366e+00   8.7792059148e-26   2.9801677656e-26   5.2235455711e+02   7.5085578747e-01   7.6964251210e-01   2.3299382715e+02   6.7095806182e-04   8.6689024064e-11   2.7342897187e-14   1.9464761427e-04   1.2551594435e-13   2.9963418867e-02   4.4293118567e-08   1.8150673839e-14   3.1964285050e-18   3.9753795565e-06   7.3257487729e-01   1.7067468722e-02   3.3856582754e-02   1.6113504675e-10   1.4074098801e-06   2.9825682712e-13   1.8566661936e-01  -3.6856947567e+06
   1.2649752146e-02   1.2294189743e-02   3.9176734267e-01   2.1067947045e-05   5.0481563949e+00   1.3274678817e-25   6.9543211438e-26   5.7548739627e+02   6.9215063926e-01   9.4384974933e-01   4.5818009449e+02   7.3902522332e-04   1.8065279330e-10   5.4859061957e-14   2.4986927490e-04   4.1823489505e-13   3.6459377980e-02   6.7381206395e-08   6.0196493750e-14   1.8458320344e-17   4.9247852648e-06   6.6983795319e-01   2.0430463232e-02   4.2173598905e-02   2.6024767439e-10   1.8927697939e-06   7.2518996348e-13   2.3010282668e-01  -3.4581305065e+06
   1.3343726984e-02   1.3005314548e-02   3.6965238863e-01   2.2902120132e-05   4.9241960688e+00   3.1287527204e-25   1.3413954034e-25   6.2781486638e+02   6.3658731335e-01   1.0701143817e+00   6.9536639242e+02   7.9371660109e-04   2.9271234834e-10   9.2823857669e-14   2.9613260906e-04   1.2393426139e-12   4.2376099955e-02   8.2224079119e-08   1.6037523096e-13   8.0246179279e-17   5.9896043255e-06   6.1050005365e-01   2.3447852272e-02   5.0088898056e-02   2.9713887280e-10   2.3169324366e-06   1.2928056961e-12   2.7248885751e-01  -3.2398079089e+06
   1.4008321592e-02   1.3682139420e-02   3.5117868493e-01   2.4730179461e-05   4.8024990946e+00   4.8007199567e-25   2.2418592656e-25   6.7971131160e+02   5.8425635212e-01   1.1502576344e+00   9.4387494901e+02   8.3787957017e-04   4.2076099337e-10   1.5666466825e-13   3.3214681545e-04   3.5939242879e-12   4.7763936358e-02   8.6744363320e-08   3.8842333194e-13   3.0449182041e-16   7.2754618937e-06   5.5464894905e-01   2.6133442200e-02   5.7578363546e-02   2.7532643770e-10   2.6575306813e-06   1.9556250050e-12   3.1269526203e-01  -3.0314581832e+06
   1.4651335922e-02   1.4334503765e-02   3.3539539389e-01   2.6553461283e-05   4.6853931679e+00   6.3459449537e-25   3.4292850129e-25   7.3130517699e+02   5.3529551028e-01   1.1888873043e+00   1.2332516072e+03   8.7353485656e-04   5.7443144532e-10   2.6917444288e-13   3.5779405529e-04   1.0013006722e-11   5.2666727836e-02   8.3941020668e-08   8.7564729342e-13   1.0273850383e-15   8.8448715626e-06   5.0242503602e-01   2.8496283628e-02   6.4615692119e-02   2.3305977078e-10   2.9063743863e-06   2.7055379682e-12   3.5055309548e-01  -2.8342105741e+06
   1.5277620047e-02   1.4968168080e-02   3.2165851367e-01   2.8370276998e-05   4.5744984590e+00   7.7626956033e-25   4.9261495347e-25   7.8265158089e+02   4.8974846540e-01   1.1928949280e+00   1.5966744735e+03   9.0225127494e-04   7.6730755063e-10   4.5889851819e-13   3.7381766640e-04   2.6165356188e-11   5.7131895596e-02   7.7122199727e-08   1.8701822414e-12   3.1466866064e-15   1.0748445862e-05   4.5386969061e-01   3.0549432961e-02   7.1192345428e-02   1.9484156871e-10   3.0664001810e-06   3.5304135858e-12   3.8596667350e-01  -2.6488726888e+06
   1.5890609677e-02   1.5587072014e-02   3.0951103815e-01   3.0178164005e-05   4.4706952679e+00   9.0778399981e-25   6.7491226204e-25   8.3378466094e+02   4.4756009241e-01   1.1695652057e+00   2.0677848242e+03   9.2528722685e-04   1.0157632787e-09   7.6458578244e-13   3.8146634026e-04   6.3838457880e-11   6.1208621081e-02   6.8286462988e-08   3.8289764751e-12   8.8908632782e-15   1.3043410129e-05   4.0891987246e-01   3.2310002404e-02   7.7317215254e-02   1.6715224254e-10   3.1478978000e-06   4.3807435576e-12   4.1892127439e-01  -2.4758021195e+06
   1.6492929676e-02   1.6194147340e-02   2.9862062899e-01   3.1974510919e-05   4.3742391467e+00   1.0409904377e-24   8.9062692039e-25   8.8472877241e+02   4.0860650775e-01   1.1255827124e+00   2.6861446309e+03   9.4366328728e-04   1.3409242887e-09   1.2422468137e-12   3.8222119459e-04   1.4627639690e-10   6.4944579448e-02   5.8535154089e-08   7.5865367869e-12   2.3504513981e-14   1.5804811538e-05   3.6743996101e-01   3.3797342746e-02   8.3010971765e-02   1.4916592821e-10   3.1656094142e-06   5.1631166889e-12   4.4946222994e-01  -2.3149710680e+06
   1.7086712132e-02   1.6791712013e-02   2.8873996940e-01   3.3756939803e-05   4.2849056966e+00   1.1831315188e-24   1.1376843480e-24   9.3550677423e+02   3.7272068341e-01   1.0667740326e+00   3.5045569164e+03   9.5821042666e-04   1.7717567820e-09   1.9758207846e-12   3.7761989266e-04   3.1762670807e-10   6.8384150369e-02   4.8692353193e-08   1.4666325622e-11   5.8877174793e-14   1.9133650974e-05   3.2924893375e-01   3.5031536227e-02   8.8301121110e-02   1.3877637759e-10   3.1369977743e-06   5.8227011706e-12   4.7767610663e-01  -2.1660457341e+06
   1.7673794773e-02   1.7381712252e-02   2.7968016773e-01   3.5523682602e-05   4.2021137396e+00   1.3257405471e-24   1.4133439950e-24   9.8615048398e+02   3.3970951840e-01   9.9812703981e-01   4.5998760035e+03   9.6960436541e-04   2.3496739789e-09   3.0952652306e-12   3.6915005683e-04   6.5977790408e-10   7.1567631188e-02   3.9536392782e-08   2.7871701278e-11   1.4135148362e-13   2.3168169771e-05   2.9413848758e-01   3.6032289994e-02   9.3218723257e-02   1.3441122435e-10   3.0814723137e-06   6.5266897139e-12   5.0367782120e-01  -2.0284529014e+06
   1.8255830058e-02   1.7965877294e-02   2.7129350445e-01   3.7273810260e-05   4.1250183012e+00   1.4692855303e-24   1.7140005776e-24   1.0367080465e+03   3.0936686970e-01   9.2578790700e-01   6.0901971497e+03   9.7839111001e-04   3.1356963517e-09   4.8087693680e-12   3.5818490956e-04   1.3228359941e-09   7.4530644182e-02   3.1704839462e-08   5.2438855101e-11   3.2870477067e-13   2.8099750530e-05   2.6188687740e-01   3.6818037847e-02   9.7796274506e-02   1.3537224048e-10   3.0203537193e-06   7.7455845877e-12   5.2760043358e-01  -1.9015282057e+06
   1.8834310151e-02   1.8545782823e-02   2.6346250612e-01   3.9007174974e-05   4.0525827579e+00   1.6281803332e-24   2.0350794469e-24   1.0872442045e+03   2.8148663827e-01   8.5227326427e-01   8.1615423944e+03   9.8500821593e-04   4.2215675032e-09   7.4608135468e-12   3.4594257743e-04   2.5810991018e-09   7.7303514039e-02   2.5534717422e-08   9.8341062241e-11   7.4768457583e-13   3.4194799701e-05   2.3227278523e-01   3.7405296330e-02   1.0206596223e-01   1.4190129624e-10   2.9774509637e-06   1.0166185460e-11   5.4958428653e-01  -1.7846814199e+06
   1.9410509745e-02   1.9122837478e-02   2.5609499475e-01   4.0723801456e-05   3.9836519573e+00   1.8209905049e-24   2.3705223887e-24   1.1378233251e+03   2.5587698720e-01   7.7885904796e-01   1.1107260224e+04   9.8980422501e-04   5.7480152342e-09   1.1639460862e-11   3.3345705416e-04   4.9371673687e-09   7.9910901422e-02   2.1041333086e-08   1.8501318437e-10   1.6785531418e-12   4.1825809847e-05   2.0509031574e-01   3.7808507889e-02   1.0605757457e-01   1.5539827289e-10   2.9802615841e-06   1.4753449880e-11   5.6976460094e-01  -1.6771305148e+06
   1.9985422253e-02   1.9698182012e-02   2.4912084572e-01   4.2423163614e-05   3.9170371461e+00   2.0584708383e-24   2.7113743066e-24   1.1884880596e+03   2.3236999575e-01   7.0670573050e-01   1.5380010302e+04   9.9305559164e-04   7.9360342106e-09   1.8380940233e-11   3.2155385928e-04   9.3188299998e-09   8.2372258598e-02   1.8035934801e-08   3.5135983855e-10   3.7501693640e-12   5.1520460267e-05   1.8015905668e-01   3.8040536523e-02   1.0979639740e-01   1.7901463056e-10   3.0621655060e-06   2.3168639674e-11   5.8826252285e-01  -1.5781098516e+06
   2.0559733990e-02   2.0272662493e-02   2.4248910957e-01   4.4103688930e-05   3.8515974278e+00   2.3346174041e-24   3.0435291781e-24   1.2392425289e+03   2.1082284159e-01   6.3663232071e-01   2.1631644014e+04   9.9497656004e-04   1.1141911327e-08   2.9573245115e-11   3.1083538417e-04   1.7459235708e-08   8.4702899692e-02   1.6268242766e-08   6.7776105963e-10   8.4037859739e-12   6.4041208542e-05   1.5732511788e-01   3.8113460493e-02   1.1330194360e-01   2.1899872680e-10   3.2666846489e-06   3.8667558857e-11   6.0518341266e-01  -1.4869096710e+06
   2.1133410167e-02   2.0846805487e-02   2.3616797195e-01   4.5761649472e-05   3.7863223634e+00   2.6511771978e-24   3.3459705679e-24   1.2900162780e+03   1.9112546782e-01   5.6959658212e-01   3.0651920071e+04   9.9571890975e-04   1.5950205281e-08   4.8762333369e-11   3.0170420968e-04   3.2630822413e-08   8.6913381941e-02   1.5514128278e-08   1.3354036182e-09   1.9018491122e-11   8.0486270801e-05   1.3646906264e-01   3.8039222193e-02   1.1658607604e-01   2.8755449703e-10   3.6552703445e-06   6.7956809726e-11   6.2061062666e-01  -1.4029169352e+06
   2.1706599794e-02   2.1420014847e-02   2.3013027251e-01   4.7394364648e-05   3.7202179479e+00   3.0024759131e-24   3.5928385822e-24   1.3407576830e+03   1.7315571246e-01   5.0652630459e-01   4.3049420914e+04   9.9536830506e-04   2.3339649293e-08   8.2875123418e-11   2.9442485084e-04   6.1113404260e-08   8.9013794481e-02   1.5601564887e-08   2.7001881902e-09   4.3720266052e-11   1.0241394694e-04   1.1745824221e-01   3.7830173296e-02   1.1966074071e-01   4.0903929635e-10   4.3208760344e-06   1.2530802841e-10   6.3464041791e-01  -1.3254436021e+06
   2.2279709113e-02   2.1993184741e-02   2.2434899513e-01   4.9000826387e-05   3.6522538787e+00   3.3939375724e-24   3.7594586867e-24   1.3914594012e+03   1.5678216996e-01   4.4812757697e-01   5.8444986792e+04   9.9392601429e-04   3.4953683641e-08   1.4598679500e-10   2.8932408738e-04   1.1507251849e-07   9.1013697705e-02   1.6420926797e-08   5.6130839696e-09   1.0239001019e-10   1.3190089223e-04   1.0014994405e-01   3.7498417925e-02   1.2253852340e-01   6.3336130412e-10   5.4103973993e-06   2.4168731109e-10   6.4737868235e-01  -1.2537193645e+06
   2.2852570355e-02   2.2566233486e-02   2.1880535339e-01   5.0579464334e-05   3.5814814106e+00   3.8314916503e-24   3.8309485514e-24   1.4420874741e+03   1.4188758931e-01   3.9486323970e-01   7.3942179554e+04   9.9128825755e-04   5.3466753178e-08   2.6768106862e-10   2.8717056533e-04   2.1776863229e-07   9.2919707880e-02   1.7939514003e-08   1.1932999854e-08   2.4322784064e-10   1.7126291459e-04   8.4416442250e-02   3.7056533658e-02   1.2522798432e-01   1.0627388035e-09   7.1508227843e-06   4.8355914197e-10   6.5892215617e-01  -1.1870183050e+06
   2.3424809607e-02   2.3138907224e-02   2.1348386664e-01   5.2129056445e-05   3.5070439148e+00   4.2801574454e-24   3.8088756025e-24   1.4926106487e+03   1.2835926227e-01   3.4676737002e-01   8.2117038407e+04   9.8719704915e-04   8.3055376585e-08   5.1308729621e-10   2.8984444119e-04   4.1251784003e-07   9.4737622014e-02   2.0260683839e-08   2.5600734424e-08   5.7879325850e-10   2.2232001709e-04   7.0135831083e-02   3.6517136710e-02   1.2773392703e-01   1.9020105104e-09   9.8746149343e-06   9.8819882587e-10   6.6936570163e-01  -1.1246258577e+06
   2.3995697382e-02   2.3710711990e-02   2.0837229178e-01   5.3648268059e-05   3.4282539124e+00   4.6813200874e-24   3.7101626594e-24   1.5429890862e+03   1.1609580911e-01   3.0356183915e-01   6.9398559667e+04   9.8113525387e-04   1.2987016749e-07   1.0339077948e-09   3.0143706778e-04   7.7670883786e-07   9.6472743455e-02   2.3761301367e-08   5.4316480729e-08   1.3531030531e-09   2.8500216808e-04   5.7201294560e-02   3.5890770776e-02   1.3005557122e-01   3.5382110639e-09   1.4019963738e-05   2.0181448330e-09   6.7879703294e-01  -1.0658705534e+06
   2.4563865196e-02   2.4280682775e-02   2.0346055218e-01   5.5135369345e-05   3.3446797113e+00   4.9088626644e-24   3.5596103405e-24   1.5931717356e+03   1.0501350130e-01   2.6481849896e-01   1.6974186565e+04   9.7214171449e-04   2.0235819090e-07   2.2046848981e-09   3.2969252986e-04   1.4420675017e-06   9.8129834387e-02   2.9329853973e-08   1.1130542830e-07   3.0370953167e-09   3.5550515822e-04   4.5531029869e-02   3.5180577839e-02   1.3218742866e-01   6.6315421963e-09   2.0066165741e-05   4.0174805564e-09   6.8729192272e-01  -1.0101416193e+06
   2.5127077613e-02   2.4847047617e-02   1.9873773244e-01   5.6588697217e-05   3.2562010981e+00   4.8550338447e-24   3.3827060136e-24   1.6431211399e+03   9.5047347377e-02   2.3007950619e-01  -9.1162350751e+04   9.5853831461e-04   3.1141350635e-07   4.9956915835e-09   3.8749145781e-04   2.6245952910e-06   9.9712963312e-02   3.8696444105e-08   2.1541771934e-07   6.4043663261e-09   4.2487356320e-04   3.5073157073e-02   3.4371972526e-02   1.3412582835e-01   1.2159734265e-08   2.8381070281e-05   7.6155757351e-09   6.9491357303e-01  -9.5687383531e+05
   2.5682040171e-02   2.5407107610e-02   1.9419118921e-01   5.8007112612e-05   3.1630664284e+00   4.3224192738e-24   3.2036210419e-24   1.6928364249e+03   8.6149330848e-02   1.9906132225e-01  -2.4176521945e+05   9.3765595028e-04   4.7111728857e-07   1.2029399231e-08   4.9430682907e-04   4.6817480731e-06   1.0122384989e-01   5.4838069263e-08   3.8747575757e-07   1.2494373113e-08   4.7943892003e-04   2.5806587602e-02   3.3417491156e-02   1.3588232826e-01   2.1374272370e-08   3.9018528618e-05   1.3518216785e-08   7.0171366827e-01  -9.0553357565e+05
   2.6231427464e-02   2.5956972731e-02   1.8976021467e-01   5.9406724417e-05   3.0647081011e+00   3.5625705767e-24   3.0451296066e-24   1.7429417309e+03   7.8180184882e-02   1.7149121670e-01  -3.0363119111e+05   9.0534786602e-04   7.1008059848e-07   3.1423231372e-08   6.8164511053e-04   8.3662660399e-06   1.0267561430e-01   8.3417713921e-08   6.5350568690e-07   2.2789485515e-08   5.0560847055e-04   1.7628799618e-02   3.2205283607e-02   1.3752350243e-01   3.6368847056e-08   5.1937716516e-05   2.2660934961e-08   7.0781233437e-01  -8.5504440751e+05
   2.6811536040e-02   2.6505882197e-02   1.8515928940e-01   6.0883705989e-05   2.9540956071e+00   2.6488097845e-24   2.9249001650e-24   1.7970205332e+03   7.0601587558e-02   1.4552268057e-01   5.4162485012e+05   8.5226833786e-04   1.1872097635e-06   1.0643863443e-07   1.0315822237e-03   1.7028560557e-05   1.0414631670e-01   1.4596653636e-07   1.1674678679e-06   4.4164913006e-08   4.9995191881e-04   1.0056736564e-02   3.0421217488e-02   1.3927531414e-01   6.8315102789e-08   6.9409696606e-05   4.0556725853e-08   7.1362741424e-01  -8.0147584739e+05
   2.7531933519e-02   2.7117189883e-02   1.7986687636e-01   6.2655896541e-05   2.8070802505e+00   1.7991790141e-24   2.8585201975e-24   1.8632646972e+03   6.2297667766e-02   1.0719237132e-01   1.3141429473e+07   7.3958408541e-04   4.5303032465e-06   1.5948738961e-06   1.9387615519e-03   8.7996678123e-05   1.0571955901e-01   4.4973191923e-07   4.3563733932e-06   1.8269382572e-07   4.2704108498e-04   2.2976855230e-03   2.6790862737e-02   1.4189774762e-01   3.1469885372e-07   1.0307492296e-04   1.5512058676e-07   7.1998610300e-01  -7.3645043920e+05
   2.8244409662e-02   2.7946677154e-02   1.8046586340e-01   6.3101286358e-05   2.6447880391e+00   2.0535033820e-24   2.6441916065e-24   1.8737700327e+03   5.5824008781e-02   8.0872770271e-02   2.3191612524e+07   3.7355579513e-04   3.7085581003e-05   2.2404611914e-04   7.3819919910e-03   1.5247017935e-03   1.0370466755e-01   1.3608479137e-06   8.6778432944e-07   4.2991323542e-08   7.4774456786e-06   1.7112150702e-05   1.3540629054e-02   1.4867437789e-01   2.8159183642e-07   7.4116471895e-06   3.9019663558e-08   7.2450435075e-01  -7.0571547128e+05
   2.8740134861e-02   2.8542142169e-02   1.8495445874e-01   6.2346372630e-05   2.5230538345e+00   2.0823242577e-24   2.5655457557e-24   1.8357994587e+03   5.1437800544e-02   7.8434723813e-02   1.5752652841e+07   1.9871173276e-04   2.7444528566e-05   3.8518975263e-04   2.0209494616e-02   1.8826658451e-03   9.9315825556e-02   2.7979089652e-06   9.7899825264e-09   5.2549586937e-10   8.5397084790e-08   2.2048123793e-07   6.9051083160e-03   1.4293052792e-01   8.7726993532e-09   1.3276114353e-07   4.9726043106e-10   7.2814177559e-01  -6.3711565709e+05
   2.9098445739e-02   2.8938127554e-02   1.8970045960e-01   6.1459342348e-05   2.4302376286e+00   2.2555895999e-24   2.4189048104e-24   1.7939155296e+03   4.8174597003e-02   7.7865691213e-02   1.4924436474e+07   1.2170004573e-04   1.7927824759e-05   3.8850912115e-04   3.1717409443e-02   1.7590514731e-03   9.5450513587e-02   3.5978086529e-06   1.5140606802e-10   8.5676264346e-12   1.6326344385e-09   5.1363988131e-09   4.0420759758e-03   1.3567359858e-01   1.2220356663e-09   3.0066011388e-09   8.1461462706e-12   7.3082560498e-01  -5.8226293373e+05
   2.9399833496e-02   2.9258763923e-02   1.9487363807e-01   6.0483499445e-05   2.3488507081e+00   2.4584339626e-24   2.2715135140e-24   1.7491019949e+03   4.5399789968e-02   7.5253020126e-02   1.2911518104e+07   7.8094374658e-05   1.1464107655e-05   3.4263061501e-04   4.2304289405e-02   1.5246229624e-03   9.1812509806e-02   3.9922310231e-06   3.5189935076e-12   2.0820549697e-13   4.9158284808e-11   1.8476791904e-10   2.4897648905e-03   1.2838610447e-01   4.7856211845e-10   9.7052320880e-11   1.9495457470e-13   7.3304652633e-01  -5.3771784280e+05
   2.9672135899e-02   2.9540903070e-02   2.0053706520e-01   5.9436586165e-05   2.2726789417e+00   2.6235981931e-24   2.1386767540e-24   1.7019006490e+03   4.2889763960e-02   7.1394285920e-02   1.0544387690e+07   5.0915520154e-05   7.2144227331e-06   2.8270042354e-04   5.2304359448e-02   1.2685283053e-03   8.8268306934e-02   4.1229573521e-06   1.1677543339e-13   7.1668425420e-15   2.1515036422e-12   9.4071771311e-12   1.5654111297e-03   1.2124509057e-01   2.1029596833e-10   4.7114473009e-12   6.5141635378e-15   7.3500335007e-01  -4.9977683855e+05
   2.9928502502e-02   2.9803368727e-02   2.0674597428e-01   5.8327382477e-05   2.1986961116e+00   2.7411839069e-24   2.0213090255e-24   1.6526320266e+03   4.0540147282e-02   6.6727415512e-02   8.2591038184e+06   3.3289906355e-05   4.4538565702e-06   2.2274670083e-04   6.1911313036e-02   1.0230705497e-03   8.4751826800e-02   4.0720389513e-06   5.2615730947e-15   3.3327931881e-16   1.2990580838e-13   6.4935417677e-13   9.9354352809e-04   1.1426162648e-01   9.2736025568e-11   4.3857811825e-13   2.9085778543e-16   7.3679405701e-01  -4.6620111175e+05
   3.0174982293e-02   3.0053636277e-02   2.1352072340e-01   5.7167674631e-05   2.1255478925e+00   2.7949173687e-24   1.9164231675e-24   1.6018123058e+03   3.8306166869e-02   6.1596408587e-02   6.2519582146e+06   2.1737889472e-05   2.6938856108e-06   1.6917460923e-04   7.1190119863e-02   8.0339334513e-04   8.1246594399e-02   3.8944642616e-06   3.1289194363e-16   2.0402751678e-17   1.0525793844e-14   5.9569674871e-14   6.3585604982e-04   1.0746234933e-01   4.0573958181e-11   9.4037387589e-14   1.7015916494e-17   7.3846418612e-01  -4.3577294338e+05
   3.0415401444e-02   3.0296328308e-02   2.2089128440e-01   5.5965927875e-05   2.0523752730e+00   2.7869042316e-24   1.8195485210e-24   1.5498314688e+03   3.6160621770e-02   5.6261516330e-02   4.5930271323e+06   1.4168261909e-05   1.5948281090e-06   1.2448086459e-04   8.0184771292e-02   6.1562567374e-04   7.7744832799e-02   3.6335307319e-06   2.4072956093e-17   1.6142665052e-18   1.1228851451e-15   7.1588356295e-15   4.1155810336e-04   1.0085740374e-01   1.7595002683e-11   3.1755335017e-14   1.2979308314e-18   7.4004193089e-01  -4.0766925587e+05
   3.0652404067e-02   3.0534474580e-02   2.2890004170e-01   5.4727969739e-05   1.9785871507e+00   2.7270034992e-24   1.7286944761e-24   1.4969742539e+03   3.4085541077e-02   5.0914466948e-02   3.2843235112e+06   9.2383567577e-06   9.2376223251e-07   8.9028505380e-05   8.8929354483e-02   4.6084301283e-04   7.4242492605e-02   3.3245103292e-06   3.8970377104e-18  -2.3158789179e-16   1.6956848015e-16   1.1160727160e-15   2.7095254482e-04   9.4447932345e-02   7.5835318694e-12   1.2275951033e-14   1.4795405859e-19   7.4154590987e-01  -3.8131667080e+05
   3.0888228028e-02   3.0770333554e-02   2.3761489942e-01   5.3455939213e-05   1.9036624698e+00   2.6489193566e-24   1.6394088245e-24   1.4433744398e+03   3.2065954595e-02   4.5680886558e-02   2.2902182353e+06   6.0535597800e-06   5.2314146865e-07   6.2007209158e-05   9.7462571125e-02   3.3703805527e-04   7.0732888957e-02   2.9952272605e-06   4.4032559641e-19  -2.4560306116e-17   2.9574409018e-17   2.2214270954e-16   1.8272600235e-04   8.8222496786e-02   3.2613842681e-12   4.9337674537e-15   1.8457268868e-20   7.4299069993e-01  -3.5628208751e+05
   3.1124327510e-02   3.1006122502e-02   2.4710798509e-01   5.2152306104e-05   1.8273009526e+00   2.5321777789e-24   1.5499022250e-24   1.3891857279e+03   3.0093664402e-02   4.0651711563e-02   1.5612744461e+06   4.0202470408e-06   2.8992290217e-07   4.2150359935e-05   1.0580514569e-01   2.4088526789e-04   6.7215315172e-02   2.6679652811e-06   4.4476722704e-20   3.2528960889e-21   6.2010571062e-18   5.5931987311e-17   1.2731835677e-04   8.2177415508e-02   1.4092013734e-12   2.0506850151e-15   2.7661713277e-21   7.4438479151e-01  -3.3228700240e+05
   3.1361467813e-02   3.1242532518e-02   2.5745132057e-01   5.0820519337e-05   1.7494146814e+00   2.2838334097e-24   1.4586481923e-24   1.3346045016e+03   2.8166132401e-02   3.5893361411e-02   1.0433473978e+06   2.7380492540e-06   1.5751149828e-07   2.8032644871e-05   1.1396034796e-01   1.6833320542e-04   6.3695580708e-02   2.3583505771e-06  -1.3626245438e-18   7.4328124175e-22   1.7599528788e-18   1.7683835517e-17   9.2369980335e-05   7.6317987763e-02   6.1598030676e-13   8.9148526195e-16  -5.0611031176e-21   7.4573209383e-01  -3.0918262276e+05
   3.1600456053e-02   3.1480403109e-02   2.6874230613e-01   4.9461907294e-05   1.6699093100e+00   1.9992279907e-24   1.3654234720e-24   1.2797404226e+03   2.6280540930e-02   3.1439925774e-02   6.8483175250e+05   1.9376269849e-06   8.3975366325e-08   1.8273898438e-05   1.2193657021e-01   1.1502216531e-04   6.0176233184e-02   2.0753387033e-06   2.3763483567e-21  -1.0832852064e-19   6.0724079329e-19   6.9526958772e-18   7.0076499143e-05   7.0643220175e-02   2.7324920382e-13   4.1094347170e-16   1.2800098473e-22   7.4703650693e-01  -2.8685634552e+05
   3.1841979300e-02   3.1720508996e-02   2.8109822133e-01   4.8077120703e-05   1.5887435328e+00   1.7176999302e-24   1.2683719108e-24   1.2246784919e+03   2.4435378121e-02   2.7308904509e-02   4.4205743688e+05   1.4420697188e-06   4.3947316411e-08   1.1693919513e-05   1.2973892838e-01   7.6849669407e-05   5.6659910818e-02   1.8221184043e-06  -8.4756880806e-20   4.5907205892e-23   2.5288569004e-19   3.3709230871e-18   5.5589527272e-05   6.5152659933e-02   1.2286345715e-13   2.0340446869e-16  -2.2073125491e-22   7.4830105962e-01  -2.6524005441e+05
   3.2086641328e-02   3.1963449604e-02   2.9465897464e-01   4.6666373170e-05   1.5059253165e+00   1.4469930019e-24   1.1675807102e-24   1.1694899302e+03   2.2630252484e-02   2.3507049665e-02   2.8061681851e+05   1.1369127016e-06   2.2554718714e-08   7.3543913806e-06   1.3736896954e-01   5.0213766918e-05   5.3149552088e-02   1.5970039262e-06   1.6424595844e-22   1.3281352040e-23   1.2601824612e-19   1.9928547067e-18   4.5909835579e-05   5.9847009364e-02   5.5667028242e-14   1.0859812938e-16   9.4026593233e-24   7.4952823454e-01  -2.4429949382e+05
   3.2335050565e-02   3.2209833052e-02   3.0959364053e-01   4.5229359479e-05   1.4214929142e+00   1.1972355869e-24   1.0627782826e-24   1.1142302820e+03   2.0865369780e-02   2.0033637114e-02   1.7490409896e+05   9.4903635182e-07   1.1321745443e-08   4.5495699173e-06   1.4482624187e-01   3.2110148805e-05   4.9647785850e-02   1.3946737231e-06   6.0992016178e-23   5.0504716907e-24   7.5017861251e-20   1.4067112754e-18   3.9184619047e-05   5.4727339695e-02   2.5171207353e-14   6.2057049642e-17   2.9783049132e-24   7.5072043321e-01  -2.2401990831e+05
   3.2587830203e-02   3.2460268078e-02   3.2610471495e-01   4.3765542223e-05   1.3355230677e+00   9.7517500782e-25   9.5639784191e-25   1.0589520728e+03   1.9141618373e-02   1.6885072009e-02   1.0670982210e+05   8.3229603680e-07   5.5347267702e-09   2.7713745793e-06   1.5210758161e-01   2.0134874306e-05   4.6157401090e-02   1.2079083884e-06  -4.4545618228e-21   2.3438677116e-24   5.1332701320e-20   1.1473782497e-18   3.4269594659e-05   4.9795834965e-02   1.1228594285e-14   3.7212372788e-17  -8.3601788456e-24   7.5187996075e-01  -2.0440175202e+05
   3.2846403549e-02   3.2715392328e-02   3.4449406993e-01   4.2269659065e-05   1.2478693173e+00   7.7532790588e-25   8.4750886215e-25   1.0035415805e+03   1.7455589633e-02   1.4046600791e-02   6.3354918295e+04   7.5768237594e-07   2.6135056170e-09   1.6623962384e-06   1.5922796745e-01   1.2404550130e-05   4.2671308200e-02   1.0294287041e-06   1.2751371910e-23  -4.1593908246e-22   3.8237622092e-20   1.0432775089e-18   3.0446598943e-05   4.5042046562e-02   4.8692381524e-15   2.2797238050e-17   3.5892904546e-25   7.5301237451e-01  -1.8540865098e+05
   3.3113462052e-02   3.2977414769e-02   3.6522968419e-01   4.0729774709e-05   1.1580435991e+00   5.9922818617e-25   7.3756796898e-25   9.4766742188e+02   1.5798270056e-02   1.1501282053e-02   3.6325240476e+04   7.0733717452e-07   1.1779850018e-09   9.8113155415e-07   1.6622594610e-01   7.5187323157e-06   3.9168659019e-02   8.5506627316e-07   5.9706541573e-24  -1.8431017571e-22   3.0177995791e-20   1.0280056313e-18   2.7263337500e-05   4.0440671054e-02   2.0174835920e-15   1.3927250290e-17   1.2878302313e-25   7.5412739704e-01  -1.6692204238e+05
   3.3390146228e-02   3.3249509336e-02   3.8874159802e-01   3.9144973739e-05   1.0662408083e+00   4.4885275632e-25   6.3056788111e-25   8.9143040050e+02   1.4173862728e-02   9.2462666076e-03   2.0116530289e+04   6.7073422348e-07   5.0517578949e-10   5.7276666372e-07   1.7308413982e-01   4.5145977725e-06   3.5654157356e-02   6.8768204084e-07   2.6954354625e-24   2.3971523434e-25   2.4702381438e-20   1.0756068864e-18   2.4459131819e-05   3.6004317546e-02   7.9316248298e-16   8.4138274540e-18   4.6893603009e-26   7.5522647986e-01  -1.4890263981e+05
   3.3677053122e-02   3.3530783121e-02   4.1550845196e-01   3.7517486438e-05   9.7290787738e-01   3.2469543922e-25   5.2411795032e-25   8.3505494363e+02   1.2590925912e-02   7.2786461591e-03   1.0803283222e+04   6.4133750545e-07   2.0622929477e-10   3.3249201881e-07   1.7976669316e-01   2.7035446611e-06   3.2142456743e-02   5.3417873586e-07  -2.6382792677e-22   1.2929566783e-25   2.0766643803e-20   1.1722832911e-18   2.1873399254e-05   3.1755975340e-02   2.9515329129e-16   5.0522933853e-18  -2.4580520741e-25   7.5630878960e-01  -1.3142175924e+05
   3.3976708892e-02   3.3823323123e-02   4.4628433079e-01   3.5841002072e-05   8.7800620679e-01   2.2542495727e-25   4.2305103242e-25   7.7848578670e+02   1.1049716998e-02   5.5827931495e-03   5.6522593307e+03   6.1496775587e-07   8.0148343434e-11   1.9199512598e-07   1.8627270337e-01   1.6191413880e-06   2.8630076312e-02   4.0086782832e-07   7.4491118358e-25  -2.2555100197e-23   1.7534721067e-20   1.3057761416e-18   1.9393358778e-05   2.7694859900e-02   1.0358724478e-16   3.0545540872e-18   6.8183178331e-27   7.5738014000e-01  -1.1447374607e+05
   3.4291966083e-02   3.4130094662e-02   4.8200636958e-01   3.4111125344e-05   7.8158546396e-01   1.4817890829e-25   3.2948616915e-25   7.2176786672e+02   9.5530582417e-03   4.1482356315e-03   2.8978798991e+03   5.8895335037e-07   2.9707048380e-11   1.0995709261e-07   1.9259036851e-01   9.7108474504e-07   2.5119422516e-02   2.9118129780e-07   3.8068048416e-25  -1.1504434831e-23   1.4670325363e-20   1.4596355771e-18   1.6949072522e-05   2.3825149505e-02   3.4186919177e-17   1.8949268608e-18   2.6117917766e-27   7.5844614919e-01  -9.8084984113e+04
   3.4626144422e-02   3.4453837504e-02   5.2382792892e-01   3.2326292003e-05   6.8382749153e-01   9.4533543583e-26   2.4470135160e-25   6.6507081220e+02   8.1065813858e-03   2.9681793497e-03   1.4609324054e+03   5.6143084496e-07   1.0495677642e-11   6.2041093129e-08   1.9869598127e-01   5.8305922477e-07   2.1620845984e-02   2.0490826642e-07   1.8202965197e-25   1.6188318807e-26   1.2006659249e-20   1.6110872469e-18   1.4500768646e-05   2.0155191685e-02   1.0532193896e-17   1.2307069298e-18   9.6860164567e-28   7.5951206884e-01  -8.2314612608e+04
   3.4996673969e-02   3.4798451340e-02   5.7526229429e-01   3.0415323930e-05   5.8138764285e-01   5.6809257355e-26   1.7008703547e-25   6.0650367254e+02   6.6683735552e-03   1.9859834903e-03   7.0030259788e+02   5.2979689032e-07   3.3477536094e-12   3.3212794046e-08   2.0476648682e-01   3.4182192166e-07   1.8026835458e-02   1.3707263868e-07   8.8163078840e-26   7.6711580302e-27   9.4362163859e-21   1.7355440516e-18   1.1944216982e-05   1.6573235749e-02   2.8209305669e-18   8.3701837430e-19   3.2793256869e-28   7.6062045585e-01  -6.6856742707e+04
   3.5426323480e-02   3.5194896597e-02   6.4087694204e-01   2.8332144015e-05   4.7275508026e-01   3.0278209198e-26   1.0484579186e-25   5.4527697311e+02   5.2244627836e-03   1.1876379906e-03   3.0916026027e+02   4.9089116672e-07   9.1432958958e-13   1.6270308419e-08   2.1086085056e-01   1.9211073457e-07   1.4278936352e-02   8.5134700900e-08  -7.8192417486e-24   3.4343894795e-27   6.9460501197e-21   1.7888241978e-18   9.2211703031e-06   1.3049466569e-02   6.0476899785e-19   5.9878692995e-19  -9.2625344714e-28   7.6180074094e-01  -5.1478416566e+04
   3.5951260643e-02   3.5657750363e-02   7.2746814372e-01   2.6039244239e-05   3.5753289231e-01   1.3061516510e-26   5.4019669447e-26   4.8119740362e+02   3.7842118286e-03   5.9764714955e-04   1.1756313083e+02   4.4019291777e-07   1.9452488086e-13   6.8415958765e-09   2.1693953232e-01   9.9943002380e-08   1.0372479858e-02   4.7065327957e-08   1.5064424208e-26   1.1854779280e-27   4.6117099546e-21   1.6981092167e-18   6.3366550145e-06   9.6092200307e-03   8.9056761767e-20   4.3859252224e-19   2.0693379652e-29   7.6307183710e-01  -3.6491534908e+04
   3.6700495278e-02   3.6244770922e-02   8.5398189435e-01   2.3348972359e-05   2.2668395640e-01   3.3256983283e-27   1.8061793117e-26   4.1068519575e+02   2.2888992411e-03   1.8215518115e-04   3.0109025892e+01   3.6470359024e-07   2.3071996551e-14   2.0210265076e-09   2.2325031966e-01   4.2177396960e-08   6.1484531220e-03   2.0019683273e-08  -2.0588417061e-24   4.8503147965e-28   2.4945360821e-21   1.3231864878e-18   3.2145528032e-06   6.0583575934e-03   5.2575318162e-21   2.7856728308e-19   4.4419744682e-30   7.6453922615e-01  -2.1694107878e+04
   3.7845667159e-02   3.7156219634e-02   9.6759784397e-01   2.1402316944e-05   1.3940853390e-01   1.8674602336e-28   3.8626501123e-27   3.6293869731e+02   1.3172693882e-03   3.1246049210e-05   5.5128003201e+00   2.5934524883e-07   2.1824386548e-15   5.0441553401e-10   2.2735053191e-01   1.5723371661e-08   3.2829742160e-03   7.5836879990e-09  -3.9029808090e-25   9.3703380184e-29   1.2793293825e-21   8.4734235844e-19   1.2251878741e-06   3.7896450668e-03   1.8097900157e-22   1.5360915354e-19   4.8796713944e-31   7.6557534046e-01  -1.2080439665e+04
   3.9479145512e-02   3.8535114685e-02   1.0886409030e+00   1.9668948490e-05   5.4065606043e-02  -3.1458832108e-29   2.8122380291e-28   3.2286419992e+02   4.7813028149e-04   4.4749110521e-06   3.0104040559e-01   1.0292506802e-07   7.6513389596e-17   1.1538662130e-10   2.3089148544e-01   3.1576540479e-09   1.0866522375e-03   1.4207373472e-09  -1.9122902884e-26   4.6976769562e-30   3.0638416839e-22   1.8002654065e-19   1.5764223718e-07   1.5339675757e-03   7.5940959282e-25   2.6505305468e-20  -3.2275124385e-30   7.6648762948e-01  -3.2520493540e+03
   4.1362296134e-02   4.0423176339e-02   1.1034715222e+00   1.9476072102e-05   4.5162928951e-02  -2.8340298355e-29   1.4814535297e-28   3.1855174099e+02   3.8860595409e-04   1.8333364870e-07   1.3800503944e-01   6.7538463539e-08   3.2982450191e-17   8.1009507085e-11   2.3126913615e-01   2.0320676014e-09   8.6372241327e-04   9.7549995605e-10   2.4511593056e-29   1.3606521320e-30   2.2086358800e-22   1.2483728367e-19   9.5365962705e-08   1.2879348184e-03   1.9608038635e-25   1.8514686681e-20   3.2641271792e-33   7.6657904062e-01  -2.4324485299e+03
   4.4180843481e-02   4.2301415930e-02   1.1407891095e+00   1.9006444851e-05   2.0274153998e-02  -4.3119137708e-30   1.4100892979e-29   3.0817553858e+02   1.6100216343e-04   1.7830688526e-07   1.0687451760e-02   2.1433887941e-08   2.7776162092e-18   2.9240760024e-11   2.3222965489e-01   5.2655873684e-10   3.6979951848e-04   2.1824214618e-10   1.7602186262e-30   9.4035099198e-32   5.8098922246e-23   2.8266047513e-20   1.4943359389e-08   5.8698758343e-04   2.5343878159e-27   3.5708504734e-21   1.8665652095e-34   7.6681352085e-01  -4.0884838718e+01
   4.9818271989e-02   4.6060271032e-02   1.1634510890e+00   1.8732018538e-05   5.5120909770e-03   2.1486668017e-32   3.0828967492e-31   3.0219353842e+02   2.7845685405e-05   1.2244129301e-08   1.2676681569e-04   2.5361839282e-09   4.0614216214e-20   4.2671802971e-12   2.3279167562e-01   5.5587853247e-11   9.7683262056e-05   1.4809576569e-11   1.7370063622e-32   9.0639062303e-34   5.2616083689e-24   1.9763475347e-21   6.0909687097e-10   1.6139155749e-04   1.6071112217e-30   1.8746226148e-22   1.6042481366e-36   7.6694924635e-01   1.3693880379e+03
   5.9787929735e-02   5.3576272946e-02   1.1699010342e+00   1.8655333144e-05   1.3480828418e-03   1.0657507366e-32   8.2970402259e-33   3.0053257185e+02  -9.4737931826e-06   2.6708007891e-10   1.2512730666e-06   2.1925341621e-10   4.3929922218e-22   4.7108391504e-13   2.3294921748e-01   5.5583590462e-12   2.3649137185e-05   1.0485276399e-12   1.5134363944e-34   7.8444612831e-36   4.5436395882e-25   1.4156609806e-22   2.7644818891e-11   3.9607271571e-05   1.5812455697e-33   1.1434644628e-23   1.3438954936e-38   7.6698752585e-01   1.7739581568e+03
   7.2211225192e-02   6.5999586524e-02   1.1716533224e+00   1.8634606847e-05   2.1392797522e-04   2.9918779541e-34   1.6278756104e-34   3.0008442169e+02  -1.9594069021e-05   1.2438625393e-11   2.7091918699e-09   1.1918687987e-11   1.0273767083e-24   2.2574403047e-14   2.3299194301e-01   2.6983579126e-13   3.7477513556e-06   3.2820261835e-14   2.6449147668e-37   1.3684062151e-38   1.6316728943e-26   4.4712117292e-24   6.6746951109e-13   6.2959900932e-06   1.1408652542e-36   2.8789616803e-25   2.3236660817e-41   7.6699801323e-01   1.8862496738e+03
   9.0846130256e-02   7.8422863860e-02   1.1719627893e+00   1.8630951201e-05   1.3733016880e-05   1.3996242202e-36   7.1972948507e-37   3.0000541196e+02  -2.1379863415e-05   1.8885535078e-13   2.8945683688e-13   1.7737508434e-13   1.1698568033e-28   2.3262731109e-16   2.3299948243e-01   2.9076095462e-15   2.4021107083e-07   2.1260748458e-16   2.0594906157e-41   1.0651161307e-42   1.1785022556e-28   2.9197132569e-26   3.5339793390e-15   4.0573215244e-07   6.9796199964e-41   1.6331815900e-27   1.8058472567e-45   7.6699987162e-01   1.9061912686e+03
   1.2815437076e-01   1.0326939665e-01   1.1719832260e+00   1.8630709838e-05   4.9907988255e-07   1.2783763361e-39   6.7541754659e-40   3.0000019557e+02  -2.1497999947e-05   1.5263045578e-16   1.4303138950e-18   6.5930099885e-16   6.0617107683e-34   5.0364720478e-19   2.3299998120e-01   6.5586387513e-18   8.6729848502e-09   2.8110726932e-19   6.7593983135e-47   3.4945079516e-48   1.7140997024e-31   3.9534035388e-29   4.0500209231e-18   1.4847941856e-08   9.5058550284e-46   1.1372464654e-29   5.9244709437e-51   7.6699999528e-01   1.9075252427e+03
   1.7792431902e-01   1.5303934487e-01   1.1719839660e+00   1.8630701098e-05   1.7054529136e-08   4.8668542267e-43   2.7587707674e-43   3.0000000667e+02  -2.1502301620e-05   8.9474576297e-20   1.4921181229e-24   1.2134828882e-18   6.5494045545e-40   4.8150872342e-22   2.3299999936e-01   6.5547075945e-21   2.9549063428e-10   1.5956805684e-22   4.1996018452e-53   2.1684593966e-54   1.0642709226e-34   2.3093203070e-32   2.0403919891e-21   5.0854915883e-10   2.7751438015e-50   3.4591023634e-31   3.6770535710e-57   7.6699999984e-01   1.9075751036e+03
   2.2769426731e-01   2.0280929317e-01   1.1719839916e+00   1.8630700795e-05   3.0933078673e-10   1.1116585375e-46   7.7050796986e-47   3.0000000012e+02  -2.1502450975e-05   1.0447676503e-22   1.1530353103e-30   1.6908438962e-21   4.8660728154e-46   3.5682199945e-25   2.3299999999e-01   5.4399253204e-24   5.3699109177e-12   6.3746998020e-26  -6.7716198718e-58   7.7805090973e-61   4.6014820759e-38   9.0799058239e-36   6.7654940650e-25   9.2076702655e-12   4.1596504669e-55   6.2533731126e-33   1.3197111330e-63   7.6700000000e-01   1.9075768527e+03
   2.7746421561e-01   2.5257924146e-01   1.1719839921e+00   1.8630700790e-05   1.6068257386e-12   5.5820900060e-50   7.2215991013e-50   3.0000000000e+02  -2.1502453717e-05   3.4281305537e-26   8.7787109679e-35   3.0895256264e-24   1.5301006177e-51   5.8200860171e-28   2.3300000000e-01   1.0125257617e-26   2.8281775166e-14   7.3410447408e-29   3.1827031448e-65   1.6598590135e-66   5.3096150188e-41   8.9816394162e-39   5.5610730789e-28   4.7256610306e-14   3.9765863423e-60   3.2076943205e-35   2.8331663509e-69   7.6700000000e-01   1.9075768846e+03
   3.2723416390e-01   3.0234918975e-01   1.1719839921e+00   1.8630700790e-05   2.6461877968e-15   1.5762141786e-53   2.2998490340e-53   3.0000000000e+02  -2.1502453731e-05   8.8627446257e-31   3.7055416557e-38   3.7484189088e-27   8.3676522447e-58   3.6544952624e-31   2.3300000000e-01   6.3986255624e-30   4.8218629927e-17   3.0068104738e-32   1.0280701408e-70   4.6412168255e-73   2.3306771052e-44   3.8336427491e-42   2.1535881615e-31   7.4226656535e-17   1.3011568090e-65   5.0297622041e-38   7.8636169868e-76   7.6700000000e-01   1.9075768848e+03
   3.7700411219e-01   3.5211913805e-01   1.1719839921e+00   1.8630700790e-05   3.6676509022e-18   2.6141991786e-57   3.9915793414e-57   3.0000000000e+02  -2.1502453731e-05   3.1227334923e-36   9.0309818819e-42   2.9225084629e-30   1.7555863957e-64   1.2856621867e-34   2.3300000000e-01   2.2325008046e-33   2.6697337113e-20   6.7746895654e-36  -1.8353114830e-73   3.9482599180e-80   5.6804995880e-48   9.2303573760e-46   4.7548023359e-35   3.0278659789e-20   3.6759314678e-69   2.0367922695e-41   6.6970334581e-83   7.6700000000e-01   1.9075768848e+03
   4.2677406049e-01   4.0188908634e-01   1.1719839921e+00   1.8630700790e-05   2.0185754872e-20   2.9709100048e-61   4.6648946378e-61   3.0000000000e+02  -2.1502453731e-05   9.5623151483e-36   1.4899697711e-45   1.6144917479e-33   3.4894313250e-71   3.0721725442e-38   2.3300000000e-01   5.2721167171e-37   8.1701859914e-24   1.0307659978e-39   1.1764893295e-79  -1.0820559521e-83   9.3719300188e-52   1.5097426960e-49   7.1458681390e-39   6.5967009410e-24   7.9435031856e-73   4.4020726354e-45   2.6159415652e-90   7.6700000000e-01   1.9075768848e+03
   4.7654400878e-01   4.5165903464e-01   1.1719839921e+00   1.8630700790e-05   3.8244769104e-19   2.5372984295e-65   4.0726141061e-65   3.0000000000e+02  -2.1502453731e-05   1.2490933969e-35   1.8401799439e-49   6.8017858991e-37   1.9682967647e-75   5.5037748871e-42   2.3300000000e-01   9.3222624910e-41   1.6816265588e-27   1.1729279610e-43  -1.5480765967e-82   1.0049060535e-88   1.1574756744e-55   1.8507541261e-53   8.0534425519e-43   9.5582142050e-28   1.1415414723e-76   6.3261119529e-49   5.7339515998e-98   7.6700000000e-01   1.9075768848e+03
   5.2631395708e-01   5.0142898293e-01   1.1719839921e+00   1.8630700790e-05   3.1081919722e-17   1.7235497845e-69   2.8204599366e-69   3.0000000000e+02  -2.1502453731e-05   7.0255468272e-36   1.8046587559e-53   2.2961477700e-40   2.7022332181e-79   7.8352458749e-46   2.3300000000e-01   1.3091234494e-44   2.5698430376e-31   1.0593627183e-47  -4.4524169439e-88  -4.7240145800e-94   1.1351327992e-59   1.8025106369e-57   7.2124090760e-47   1.0231191244e-31   1.2118059242e-80   6.7154984421e-53  7.9358397864e-106   7.6700000000e-01   1.9075768848e+03
   5.7608390537e-01   5.5119893122e-01   1.1719839921e+00   1.8630700790e-05   1.5718112154e-18   9.6556273208e-74   1.6085638475e-73   3.0000000000e+02  -2.1502453731e-05   7.8088456716e-37   1.4582756203e-57   6.4190229198e-44   4.6059289678e-83   9.1943839712e-50   2.3300000000e-01   1.5148897117e-48   3.0866490176e-35   7.8992607990e-52  -3.1586067205e-90   2.6605544723e-99   9.1725733820e-64   1.4469171187e-61   5.3242554808e-51   8.5843854511e-36   1.0082987155e-84   5.5877167915e-57  7.4677562458e-114   7.6700000000e-01   1.9075768848e+03
   6.2585385367e-01   6.0096887952e-01   1.1719839921e+00   1.8630700790e-05   1.8612467668e-16   1.0594804259e-76   1.7846815513e-76   3.0000000000e+02  -2.1502453731e-05   1.5357258851e-65   1.6470936905e-60   8.3087313218e-47   5.8632389193e-86   1.0703026642e-52   2.3300000000e-01   1.7665973199e-51   4.2658678360e-38   9.4992036356e-55  -4.2868222198e-93  1.4673515206e-102   1.0360241637e-66   1.6309235842e-64   5.9671901130e-54   1.1641916025e-38   1.3668565757e-87   7.5747469050e-60  9.6457234696e-120   7.6700000000e-01   1.9075768848e+03
   6.7562380196e-01   6.5073882781e-01   1.1719839921e+00   1.8630700790e-05   7.4869827215e-18   1.4891691285e-80   2.5443523851e-80   3.0000000000e+02  -2.1502453731e-05   1.7643199552e-36   3.2865567353e-64   5.2338940709e-50   2.1185190395e-86   3.0425750269e-56   2.3300000000e-01   4.9528735641e-55   1.1522356491e-41   1.5583646001e-54  -8.2945495154e-96  2.8658780099e-105   2.0672874027e-70   3.2354905289e-68   1.0926374673e-57   2.2244095462e-42   2.5905880959e-91   1.4356405593e-63  5.4138916189e-127   7.6700000000e-01   1.9075768848e+03
   7.2525438805e-01   7.0050877611e-01   1.1719839921e+00   1.8630700790e-05   1.5949602427e-19   1.1111085931e-84   1.9264065209e-84   3.0000000000e+02  -2.1502453731e-05   3.1394861266e-36   2.9019203645e-68   1.9077536809e-53   1.5953436641e-85   4.7265441084e-60   2.3300000000e-01   7.5599267345e-59   1.6784004306e-45   1.1751193016e-53  -9.6536476395e-97  3.3043787284e-106   2.2130064609e-74   3.4428375864e-72   1.0702478177e-61   2.2641203699e-46   2.6153305805e-95   1.4491472662e-67  6.5756124603e-134   7.6700000000e-01   1.9075768848e+03