# time = 0.025
# Grid points = 162
# Pressure (Pa) = 101325
#             1_pos             2_posf             3_rho             4_dvisc             5_uvel             6_vvel             7_wvel             8_temp             9_mixf            10_chi            11_hr            12_y_H2            13_y_H            14_y_O            15_y_O2            16_y_OH            17_y_H2O            18_y_HO2            19_y_CH2            20_y_CH2(S)            21_y_CH3            22_y_CH4            23_y_CO            24_y_CO2            25_y_HCO            26_y_CH2O            27_y_CH2OH            28_y_N2            29_enth
  -7.2518245319e-01  -7.5000000000e-01   1.1719839921e+00   1.8630700790e-05  -5.5160787490e-17 -1.2228732336e-104 -1.3167906454e-104   3.0000000000e+02  -2.1502453731e-05   1.2512524508e-35  -6.1636532763e-69   3.6365603247e-70   6.1248846184e-88   7.7808715779e-65   2.3300000000e-01   7.0453810061e-65   1.8070414116e-60   4.5115469507e-56  2.5428101461e-124 -1.6398666080e-123   1.6260193334e-93   2.0317011501e-91   5.0169580075e-81   6.6529319187e-62  7.4293792940e-111   4.1171592623e-83  6.2035448763e-152   7.6700000000e-01   1.9075768848e+03
  -6.7545546281e-01  -7.0036490638e-01   1.1719839921e+00   1.8630700790e-05  -6.1675959728e-17  -1.8453905139e-99 -7.3036414828e-100   3.0000000000e+02  -2.1502453731e-05   7.8946541594e-37  -6.1636532777e-69   8.8525925177e-66   3.8834228268e-86   4.4860325345e-63   2.3300000000e-01   4.7270346421e-63   7.0236562380e-56   2.8605030710e-54  9.3238880615e-116 -6.0576844073e-115   1.5963199288e-88   2.0784657623e-86   5.2621323856e-76   3.4008132073e-57  3.8250613049e-106   2.1197443896e-78  2.0238616534e-145   7.6700000000e-01   1.9075768848e+03
  -6.2563657568e-01  -6.5054601924e-01   1.1719839921e+00   1.8630700790e-05  -6.1720871220e-17  -2.5256344240e-94  -3.7826968315e-97   3.0000000000e+02  -2.1502453731e-05   7.7894956796e-37  -6.1636532523e-69   2.1181154445e-61   6.1889737269e-88   1.3110107149e-64   2.3300000000e-01   5.9413068640e-65   2.9765844068e-51   4.5587541236e-56 -8.6724766862e-111  7.5548723752e-125   1.5013642575e-83   2.0178634235e-81   5.3451062494e-71   2.0477075768e-52  2.3226897102e-101   1.2871713359e-73  1.9589047689e-142   7.6700000000e-01   1.9075768848e+03
  -5.7581768854e-01  -6.0072713211e-01   1.1719839921e+00   1.8630700790e-05  -5.9075103858e-17  -3.1287586618e-89   7.4394694891e-90   3.0000000000e+02  -2.1502453731e-05   1.9493820393e-37  -6.1615517210e-69   4.8860209240e-57   1.0538663627e-86   2.8888959173e-63   2.3300000000e-01   1.9370555740e-62   1.1463181001e-46   7.7627085667e-55  8.5378798013e-104  1.5726051201e-104   1.3218815519e-78   1.8214199904e-76   5.1245256036e-66   1.1311608732e-47   1.2941598212e-96   7.1718800199e-69  1.8582448849e-136   7.6700000000e-01   1.9075768848e+03
  -5.2599880141e-01  -5.5090824498e-01   1.1719839921e+00   1.8630700790e-05   1.5609757548e-18  -3.4761705274e-84   1.3318685905e-84   3.0000000000e+02  -2.1502453731e-05   9.5449430573e-36   1.6391547017e-67   1.0628886473e-52   5.4212581731e-88   3.2514793727e-59   2.3300000000e-01   7.9235118141e-58   3.8781067406e-42   3.9928303388e-56  7.2941557095e-104 -1.3678236384e-105   1.0697999896e-73   1.5044876475e-71   4.5442390799e-61   5.4872011513e-43   6.3321543143e-92   3.5091075538e-64  1.3261218463e-132   7.6700000000e-01   1.9075768848e+03
  -4.7617991427e-01  -5.0108935784e-01   1.1719839921e+00   1.8630700790e-05  -6.1526925518e-17  -3.4165184623e-79   1.6091470349e-79   3.0000000000e+02  -2.1502453731e-05   9.5435375807e-36   1.2423432750e-62   2.1264449789e-48   1.0841844237e-86   1.4974365786e-54   2.3300000000e-01   3.2819222939e-53   1.1328264532e-37   7.1237648191e-55   1.3437822903e-94  9.0746606394e-102   7.8143598912e-69   1.1188265964e-66   3.6541778953e-56   2.2971884364e-38   2.6738154828e-87   1.4817555942e-59  2.2603248972e-123   7.6700000000e-01   1.9075768848e+03
  -4.2636102714e-01  -4.5127047071e-01   1.1719839921e+00   1.8630700790e-05  -6.0305802499e-17  -2.9156966758e-74   1.5271791359e-74   3.0000000000e+02  -2.1502453731e-05   1.1198424854e-66   8.0316590335e-58   3.8108804711e-44   2.7191640734e-83   6.2621748186e-50   2.3300000000e-01   1.2737058256e-48   2.7934997666e-33   4.5751627604e-52   5.2035042042e-89   3.5540774417e-96   5.0519244002e-64   7.3564096831e-62   2.6103859915e-51   8.1132353542e-34   9.5248935949e-83   5.2784339848e-55  4.9850919941e-114   7.6700000000e-01   1.9075768848e+03
  -3.7654214001e-01  -4.0145158357e-01   1.1719839921e+00   1.8630700790e-05  -3.8820662556e-17  -2.1071357181e-69   1.1699617109e-69   3.0000000000e+02  -2.1502453731e-05   7.7894956796e-37   4.4915661278e-53   5.9481042608e-40   6.9892075533e-79   2.3007005047e-45   2.3300000000e-01   4.4630528352e-44   5.6394317476e-29   2.7354512968e-47   1.2234486528e-86  -7.9486859752e-86   2.8252011717e-59   4.1841401312e-57   1.6182466720e-46   2.3435461052e-29   2.7750288150e-78   1.5378428942e-50  8.6983311789e-105   7.6700000000e-01   1.9075768848e+03
  -3.2672325287e-01  -3.5163269644e-01   1.1719839921e+00   1.8630700790e-05  -5.9418280372e-17  -1.2456300236e-64   7.1435800140e-65   3.0000000000e+02  -2.1502453731e-05   7.7894956796e-37   2.1104801273e-48   7.8258255106e-36   2.4802396508e-74   7.1570986358e-41   2.3300000000e-01   1.3495275515e-39   8.9136609384e-25   1.3821905704e-42   4.6223344090e-82   2.0179292105e-89   1.3274948556e-54   2.0010253913e-52   8.4545416733e-42   5.2922995364e-25   6.3206175484e-74   3.5027140612e-46   1.1228170747e-95   7.6700000000e-01   1.9075768848e+03
  -2.7690436574e-01  -3.0181380930e-01   1.1719839921e+00   1.8630700790e-05  -2.2439331324e-18  -5.7282639931e-60   3.3388289862e-60   3.0000000000e+02  -2.1502453731e-05   7.7894956796e-37   8.0013222246e-44   8.3181392948e-32   2.0956885067e-67   1.8009493085e-36   2.3300000000e-01   3.3369760553e-35   1.0264476060e-20   5.6464139488e-38  -2.1345669994e-74  -1.4398115645e-77   5.0328424829e-50   7.7302115975e-48   3.5743728897e-37   8.6852668500e-21   1.0461712310e-69   5.7976606451e-42   9.7623409450e-87   7.6700000000e-01   1.9075768848e+03
  -2.2708547860e-01  -2.5199492217e-01   1.1719839921e+00   1.8630700790e-05   1.2601971948e-15  -1.8930486976e-55   1.1068374744e-55   3.0000000000e+02  -2.1502453731e-05   6.5194724362e-29   2.2942131304e-39   6.6944190506e-28   2.0241297140e-59   3.4268281476e-32   2.3300000000e-01   6.2714161862e-31   7.4905098815e-17   1.7457476109e-33   1.3237733783e-70   7.6767684135e-75   1.4430404032e-45   2.2610691376e-43   1.1456974904e-32   8.9826895606e-17   1.1380654929e-65   6.0471186331e-38   4.9772707707e-78   7.6700000000e-01   1.9075768848e+03
  -1.7726659147e-01  -2.0217603504e-01   1.1719839921e+00   1.8630700790e-05   4.9169559663e-12  -3.8601147458e-51   2.2263604979e-51   3.0000000001e+02  -2.1502453610e-05   1.9660576074e-23   4.5980987581e-35   3.5810657534e-24   1.2230853400e-51   4.3142916015e-28   2.3300000000e-01   7.8161498179e-27   2.4024714239e-13   3.5707993604e-29   1.4517335441e-65   6.6771589701e-67   2.7362902351e-41   4.3758615870e-39   2.4312321892e-28   3.9870163913e-13   2.5917111557e-59   2.7057121452e-34   1.1358077566e-69   7.6700000000e-01   1.9075768835e+03
  -1.2744770433e-01  -1.5235714790e-01   1.1719839807e+00   1.8630700924e-05   2.6765783902e-09  -2.9300066691e-47   1.5994099206e-47   3.0000000290e+02  -2.1502387686e-05   8.5533035326e-19   4.8579916854e-29   8.3635201741e-21   2.1754570461e-44   2.3111505457e-24   2.3299999972e-01   4.1458132726e-23   1.2841769676e-10   3.0913230066e-25   5.4758274161e-58   2.8318939872e-59   2.1975251637e-37   3.5884311359e-35   2.1856812748e-24   2.2054496108e-10   7.5915247741e-53   1.4978193401e-31   4.8008154775e-62   7.6699999993e-01   1.9075761148e+03
  -9.0085416047e-02  -1.0253826077e-01   1.1719824398e+00   1.8630719123e-05   3.6783060904e-07  -1.9204498707e-45  -6.4047141607e-46   3.0000039628e+02  -2.1493385306e-05   4.6538097321e-16   2.3626972116e-24   1.8343970141e-18   1.0631176572e-39   5.1810264908e-22   2.3299996171e-01   9.0627424070e-21   1.7562676714e-08   7.3561434910e-23   2.8639051834e-53   1.4792832964e-54   5.2510826930e-35   8.8279131290e-33   5.5472997990e-22   3.0422220359e-08   2.2896396382e-48   2.0665098328e-29   2.5082962251e-57   7.6699999030e-01   1.9074693990e+03
  -7.1406148829e-02  -7.7632571326e-02   1.1719673561e+00   1.8630897273e-05   3.9392807948e-06   2.2831251478e-41  -2.4278323437e-41   3.0000424702e+02  -2.1405280133e-05   5.3252735482e-14   2.6536467790e-19   3.5571739848e-16   1.1685979772e-34   1.9816930356e-19   2.3299958974e-01   3.0061867151e-18   1.8823239171e-07   5.6386502065e-20   6.8865065564e-48   3.5438064740e-49   3.7921436866e-32   7.3108368329e-30   5.6587828682e-19   3.2592077695e-07   8.1470758607e-45   2.2153384225e-28   6.0130486948e-52   7.6699989611e-01   1.9064259082e+03
  -5.8953301881e-02  -6.5179726331e-02   1.1718512547e+00   1.8632268616e-05   3.1320776768e-05   3.7187807494e-38  -4.2360638323e-38   3.0003388884e+02  -2.0728465160e-05   8.7407585294e-12   4.5360904061e-14   7.5521986817e-14   1.9121890274e-29   8.8706171048e-17   2.3299673227e-01   1.2555633056e-15   1.5026410420e-06   4.5537317002e-17   2.1177692734e-42   1.0995434811e-43   2.8173926171e-29   5.8733200512e-27   5.3364839677e-16   2.5895589874e-06   3.1082433134e-41   1.9463180528e-27   1.8645877762e-46   7.6699917553e-01   1.8984833859e+03
  -4.8181924351e-02  -5.2726877431e-02   1.1704117817e+00   1.8649287690e-05   3.6926476909e-04   2.4037599475e-35  -3.1331471459e-35   3.0040186317e+02  -1.2357348858e-05   2.7128250217e-09   2.6639108734e-09   8.7694119708e-12   1.2259776355e-24   1.9018358587e-14   2.3296139000e-01   2.5060206930e-13   1.7829538180e-05   1.7222264151e-14   2.4366292353e-37  -1.3487064136e-37   9.7283482208e-27   2.2146816502e-24   2.3945703531e-13   3.0442458003e-05   5.6934056727e-37   1.2749679185e-25   1.2633396106e-41   7.6699033800e-01   1.8019830676e+03
  -4.1364350201e-02  -4.3636971270e-02   1.1563117962e+00   1.8817667519e-05   3.7305909604e-03   4.5432259777e-33  -7.6523618263e-33   3.0405465424e+02   7.0872285426e-05   8.8529777175e-08   1.0891670779e-05   4.5091813636e-10   4.3193330151e-21   1.4740716975e-12   2.3261000310e-01   1.8033846159e-11   1.7975951707e-04   2.2168314372e-12   1.2017471359e-33   6.3170503696e-35   1.1332029964e-24   2.8804475419e-22   3.8213632603e-11   3.0772451145e-04   1.4948730839e-32   1.9886556458e-23   1.1592103128e-37   7.6690251236e-01   8.4014716093e+02
  -3.6818638310e-02  -3.9091729132e-02   1.1087547506e+00   1.9409027542e-05   1.5677402994e-02   1.8987992027e-31  -5.6658850391e-31   3.1705772938e+02   3.6708349682e-04   1.5345422507e-06   5.0483314305e-03   8.0582290955e-09   2.1463768799e-18   3.4901564167e-11   2.3135947872e-01   3.9390574605e-10   7.5601849129e-04   8.2587939691e-11   8.1356624787e-31   4.4922340663e-32   3.7529522406e-23   1.1066785031e-20   1.9435602140e-09   1.2917507524e-03   2.6370051141e-28   9.9572561957e-22   1.0490637131e-34   7.6659274153e-01  -2.5352939721e+03
  -3.3554303806e-02  -3.4545547487e-02   9.9168385284e-01   2.1041926490e-05   4.9106128341e-02   3.0566167962e-30  -1.8724072686e-29   3.5435020276e+02   1.2055290241e-03   3.1807979404e-05   6.5403320263e-01   9.7846127145e-08   3.8684345141e-16   4.9087421710e-10   2.2782034974e-01   5.1242820865e-09   2.4168055066e-03   1.6229052598e-09   7.9142897703e-29  -1.5918311237e-28   6.5871217628e-22   2.2431707478e-19   5.0771192846e-08   4.0103298973e-03   1.3088322421e-24   2.4393864184e-20   2.3655883560e-32   7.6575235900e-01  -1.1224548060e+04
  -3.2074388016e-02  -3.2563060125e-02   8.3872252145e-01   2.3673669778e-05   1.0473823771e-01  -1.2032877052e-29  -6.3579453911e-28   4.1863800627e+02   2.6072895969e-03   1.4863917752e-04   2.2835055433e+01   3.7622188821e-07   2.0899149942e-14   3.9405905761e-09   2.2190493821e-01   3.0626394431e-08   5.3514268493e-03   2.0770808039e-08   1.4892826860e-26   5.5942538911e-28   7.1707786908e-21   2.8936554824e-18   1.0239284878e-06   8.3795493021e-03   1.4998159069e-21   5.3019662804e-19   5.3854168031e-30   7.6436263015e-01  -2.3654051831e+04
  -3.1263826605e-02  -3.1585715908e-02   7.3304153101e-01   2.5957786243e-05   1.5348107067e-01  -5.0121382726e-28  -4.1093978269e-27   4.7852303024e+02   3.9061939846e-03   4.1325922474e-04   1.1443614138e+02   5.9925992474e-07   1.8643186202e-13   1.2761466037e-08   2.1642444683e-01   7.2449907762e-08   8.3236955071e-03   6.1978572192e-08   4.2894746311e-26   3.1944727278e-27   1.8252589995e-20   6.7808733886e-18   3.9857201588e-06   1.2181561053e-02   5.2463656915e-20   2.0058779188e-18   5.8212194178e-29   7.6306556444e-01  -3.5134836431e+04
  -3.0702678411e-02  -3.0941937302e-02   6.5046026007e-01   2.8123817301e-05   1.9985234994e-01  -2.2962203390e-27  -1.2973321587e-26   5.3865901389e+02   5.2173800714e-03   9.5384265074e-04   3.9011659478e+02   7.7359732684e-07   1.0980442189e-12   3.0866808256e-08   2.1089265615e-01   1.5482285251e-07   1.1474015240e-02   1.2888074052e-07   5.6194747461e-26   1.2711178772e-26   3.2633460138e-20   9.6913101428e-18   8.6751425268e-06   1.5829411687e-02   6.6458338999e-19   4.1764042368e-18   1.9112682817e-28   7.6179415361e-01  -4.6346854444e+04
  -3.0270141066e-02  -3.0463419520e-02   5.8328660648e-01   3.0224607577e-05   2.4540515590e-01  -2.0883301079e-27  -2.9227557996e-26   5.9994687933e+02   6.5785125341e-03   1.9087497245e-03   1.1141706488e+03   9.1148667131e-07   5.1600600233e-12   6.5246389973e-08   2.0515029269e-01   3.1355461961e-07   1.4777748389e-02   2.2915980800e-07   1.6244341159e-25   3.8212240111e-26   5.0084634246e-20   1.1060339406e-17   1.4526081760e-05   1.9512216835e-02   5.1176547077e-18   7.0041396523e-18   8.5725598446e-28   7.6054369655e-01  -5.7536730796e+04
  -2.9911562985e-02  -3.0076862613e-02   5.2752350783e-01   3.2277413105e-05   2.9122377327e-01   6.3510543292e-27  -5.3368180820e-26   6.6252020220e+02   8.0075610864e-03   3.3367659454e-03   2.8555277949e+03   1.0245529705e-06   2.0750247239e-11   1.2829292910e-07   1.9912127672e-01   6.0808602733e-07   1.8187547561e-02   3.7399552580e-07   6.5098092880e-25  -1.1478552296e-24   6.9649956399e-20   1.1114759230e-17   2.1089399853e-05   2.3364049874e-02   2.9110452724e-17   1.1080090054e-17   3.2807670316e-27   7.5930390150e-01  -6.8942171278e+04
  -2.9605719339e-02  -2.9746263357e-02   4.8209407534e-01   3.4219477489e-05   3.3572339794e-01   3.2546306141e-26  -8.2516463587e-26   7.2405319205e+02   9.4520187740e-03   5.1242815524e-03   6.7204553751e+03   1.1192716608e-06   7.2683843842e-11   2.4024286054e-07   1.9302695548e-01   1.1337459995e-06   2.1561116225e-02   5.6890983252e-07   9.2293612697e-25   2.2998783671e-25   8.8069411065e-20   1.0286844729e-17   2.7811161108e-05   2.7272475645e-02   1.3095278436e-16   1.7513108845e-17   1.0481236984e-26   7.5810857925e-01  -8.0098019235e+04
  -2.9336170313e-02  -2.9465175320e-02   4.4495991065e-01   3.6034656254e-05   3.7784403383e-01   8.5444776408e-26  -1.1463774090e-25   7.8354216501e+02   1.0887429375e-02   7.2453395726e-03   1.4744324435e+04   1.2025014534e-06   2.2587377781e-10   4.3513803180e-07   1.8697038881e-01   2.0453814007e-06   2.4854630095e-02   8.1614587199e-07   1.8790998658e-24   4.7759351150e-25   1.0357065950e-19   9.0060330529e-18   3.4447562557e-05   3.1164015826e-02   4.9153318406e-16   2.8189616312e-17   3.1075997616e-26   7.5697201831e-01  -9.0907758220e+04
  -2.9086444837e-02  -2.9207165307e-02   4.1311879987e-01   3.7793641493e-05   4.1909971767e-01   1.7384091329e-25  -1.5108277741e-25   8.4294071236e+02   1.2357442472e-02   9.8490997204e-03   3.1190607486e+04   1.2821012458e-06   6.5571923765e-10   7.8664997903e-07   1.8076722764e-01   3.6675784478e-06   2.8162778199e-02   1.1232882386e-06   3.5997798178e-24   9.2912899162e-25   1.1450364921e-19   7.5117085893e-18   4.1182194976e-05   3.5173820397e-02   1.6635813946e-15   4.6950632675e-17   9.1754330151e-26   7.5584813130e-01  -1.0164139942e+05
  -2.8851535550e-02  -2.8965724366e-02   3.8543745811e-01   3.9508088226e-05   4.5979264382e-01   3.0862041325e-25  -1.8812956975e-25   9.0243727758e+02   1.3867571854e-02   1.2995267854e-02   6.3283461885e+04   1.3643482774e-06   1.7776355060e-09   1.4216151483e-06   1.7439393150e-01   6.5386452784e-06   3.1490181699e-02   1.4798208256e-06   1.8721067173e-23   1.5159805813e-24   1.1926673894e-19   6.0015947469e-18   4.8116117084e-05   3.9334086087e-02   5.1317446357e-15   7.9476010355e-17   5.8809148921e-25   7.5472287839e-01  -1.1241130644e+05
  -2.8628533963e-02  -2.8737346734e-02   3.6116506122e-01   4.1181945566e-05   4.9996601027e-01   5.0499506761e-25  -2.3419166646e-25   9.6200290043e+02   1.5417513054e-02   1.6722129314e-02   1.2212625131e+05   1.4583476241e-06   4.4840834911e-09   2.5514718722e-06   1.6785137033e-01   1.1532785763e-05   3.4832778189e-02   1.8616714793e-06   3.2737429725e-23   2.5921381537e-24   1.1740196332e-19   4.6181268999e-18   5.5442371173e-05   4.3653282455e-02   1.4478354871e-14   1.3335985140e-16   1.8647723835e-24   7.5358971790e-01  -1.2328403139e+05
  -2.8417392727e-02  -2.8519721193e-02   3.3992357693e-01   4.2802149338e-05   5.3919138663e-01   7.6648409447e-25  -2.7676149326e-25   1.0210086616e+03   1.6990019512e-02   2.1003721241e-02   2.2240013066e+05   1.5777189974e-06   1.0474122842e-08   4.4855528075e-06   1.6121176256e-01   1.9894777848e-05   3.8153654059e-02   2.2400718880e-06   5.2369777835e-23   4.7147448082e-24   1.1031051357e-19   3.4712842446e-18   6.3435584742e-05   4.8086593271e-02   3.7355919718e-14   2.1749560833e-16   5.7770536831e-24   7.5245634593e-01  -1.3420435530e+05
  -2.8216211732e-02  -2.8315064262e-02   3.2123163151e-01   4.4368642488e-05   5.7738267634e-01   1.1053540934e-24  -3.2774980693e-25   1.0792892914e+03   1.8581466098e-02   2.5827734955e-02   3.8191537674e+05   1.7445457721e-06   2.2725007801e-08   7.6457076770e-06   1.5448973706e-01   3.3272501286e-05   4.1448064030e-02   2.5984593877e-06   2.7033746848e-23   7.2192025899e-24   1.0325105728e-19   2.6278055138e-18   7.2638192171e-05   5.2623298749e-02   8.8912528410e-14   3.4473578870e-16   1.7113933799e-23   7.5132097803e-01  -1.4532155473e+05
  -2.8020985279e-02  -2.8117359202e-02   3.0446161545e-01   4.5904399568e-05   6.1502414576e-01   1.4922287710e-24  -3.8235271674e-25   1.1375725339e+03   2.0211835709e-02   3.1275474903e-02   6.2712589262e+05   1.9974364085e-06   4.6725902149e-08   1.2681209179e-05   1.4760006544e-01   5.4115822708e-05   4.4757337941e-02   2.9405100294e-06   1.4477999973e-22   1.0412840649e-23   1.0304181079e-19   2.1543865062e-18   8.4087460952e-05   5.7320815261e-02   2.0065091528e-13   5.4394700364e-16   4.9348155281e-23   7.5016591220e-01  -1.5680443085e+05
  -2.7830365874e-02  -2.7924611355e-02   2.8932297608e-01   4.7412674752e-05   6.5216109537e-01   2.0215524820e-24  -4.4016509585e-25   1.1958933444e+03   2.1884239747e-02   3.7374154852e-02   9.9038615082e+05   2.3953237007e-06   9.1748176967e-08   2.0435319934e-05   1.4052876677e-01   8.5416450796e-05   4.8085366312e-02   3.2713358431e-06   2.6633823138e-22   2.2812158276e-23   1.2488618339e-19   2.1924238232e-18   9.9303271472e-05   6.2188888347e-02   4.3574525896e-13   8.7659441817e-16   1.4185008303e-22   7.4898606513e-01  -1.6872627483e+05
  -2.7643582827e-02  -2.7736120393e-02   2.7561422724e-01   4.8892523559e-05   6.8876676527e-01   2.6227296554e-24  -5.0293710037e-25   1.2541356884e+03   2.3598692206e-02   4.4138573662e-02   1.5096551741e+06   3.0265255583e-06   1.7281656047e-07   3.1954015267e-05   1.3327525377e-01   1.3065204896e-04   5.1428430150e-02   3.5944493142e-06   7.0060906923e-22   5.8841774435e-23   2.0966533451e-19   3.1131147172e-18   1.2062456436e-04   6.7227306505e-02   9.2152089118e-13   1.4772242043e-15   4.1601109906e-22   7.4777898515e-01  -1.8116106721e+05
  -2.7459857922e-02  -2.7551045261e-02   2.6316153465e-01   5.0343302803e-05   7.2484819570e-01   3.2075449448e-24  -5.6866588153e-25   1.3121988833e+03   2.5356630918e-02   5.1581144215e-02   2.2279230349e+06   4.0205261250e-06   3.1352165659e-07   4.8484112884e-05   1.2583364850e-01   1.9373043194e-04   5.4784186392e-02   3.9098211780e-06   2.4484553167e-21   2.0155687206e-22   4.8072300969e-19   6.1189218105e-18   1.5166238218e-04   7.2438420542e-02   1.9178743424e-12   2.6432206411e-15   1.2668350502e-21   7.4654162376e-01  -1.9420686738e+05
  -2.7278981507e-02  -2.7368670582e-02   2.5185167491e-01   5.1759809820e-05   7.6032597000e-01   3.8837112223e-24  -6.3570474613e-25   1.3697993740e+03   2.7154927207e-02   5.9663310179e-02   3.1876672409e+06   5.5569759107e-06   5.4882042761e-07   7.1345903831e-05   1.1821877653e-01   2.7852979104e-04   5.8140220003e-02   4.2123698304e-06   1.0681032824e-20   8.6160070028e-22   1.4141608659e-18   1.5583742651e-17   1.9776366755e-04   7.7808646163e-02   3.9490433733e-12   5.0271941755e-15   4.0464789700e-21   7.4527439977e-01  -2.0794200757e+05
  -2.7099973174e-02  -2.7189292432e-02   2.4154745322e-01   5.3141775426e-05   7.9528119417e-01   4.6891518646e-24  -6.9741063232e-25   1.4268526417e+03   2.8998279566e-02   6.8357101174e-02   4.4281590954e+06   7.8848833518e-06   9.2947835815e-07   1.0189306275e-04   1.1041457256e-01   3.8894724595e-04   6.1497852267e-02   4.4927563230e-06   5.6393315930e-20   4.4572336595e-21   5.1665255871e-18   4.9598079734e-17   2.6693349586e-04   8.3344233457e-02   8.0675882949e-12   1.0068868215e-14   1.3793151013e-20   7.4397226078e-01  -2.2254877504e+05
  -2.6921020416e-02  -2.7010653915e-02   2.3209200897e-01   5.4494726751e-05   8.2997764449e-01   5.4139608358e-24  -7.5198748598e-25   1.4835243121e+03   3.0901630407e-02   7.7660192109e-02   5.9915868048e+06   1.1368206290e-05   1.5313219476e-06   1.4160700458e-04   1.0236507829e-01   5.2932518213e-04   6.4873888706e-02   4.7416510915e-06   3.6379920535e-19   2.8165677649e-20   2.3575404326e-17   1.9738953635e-16   3.7169772534e-04   8.9078130017e-02   1.6417803521e-11   2.1026516124e-14   5.3171692215e-20   7.4262263188e-01  -2.3830697998e+05
  -2.6740833919e-02  -2.6831386917e-02   2.2339277798e-01   5.5817988282e-05   8.6457826476e-01   6.2470730358e-24  -8.0549063416e-25   1.5397354671e+03   3.2875676304e-02   8.7493380716e-02   7.9048756832e+06   1.6508811682e-05   2.4609504146e-06   1.9163967602e-04   9.4037793198e-02   7.0314662137e-04   6.8273738586e-02   4.9456100151e-06   2.8773347235e-18   2.1974672870e-19   1.3593195329e-16   9.8907524959e-16   5.3063418719e-04   9.5023799618e-02   3.3247077648e-11   4.5239032193e-14   2.6096903799e-19   7.4121533271e-01  -2.5551825358e+05
  -2.6558033572e-02  -2.6650280920e-02   2.1537992944e-01   5.7108850760e-05   8.9926118169e-01   7.0134771458e-24  -8.6114100699e-25   1.5953264663e+03   3.4932597471e-02   9.7722303013e-02   1.0172937496e+07   2.4006033376e-05   3.8663672467e-06   2.5254293606e-04   8.5402241447e-02   9.1257941195e-04   7.1701554075e-02   5.0886789725e-06   4.5575643577e-17   2.1507687385e-18   1.0732759250e-15   6.2970707704e-15   7.7137596972e-04   1.0118849861e-01   6.6860404011e-11   1.0014914623e-13   2.1318739823e-18   7.3973824640e-01  -2.7455745034e+05
  -2.6370785523e-02  -2.6465786225e-02   2.0799184227e-01   5.8364132560e-05   9.3428232493e-01   7.8545399782e-24  -9.1892830726e-25   1.6501226563e+03   3.7089910439e-02   1.0815690232e-01   1.2770553866e+07   3.4860072513e-05   5.9530540667e-06   3.2390452320e-04   7.6418116451e-02   1.1578903751e-03   7.5165430421e-02   5.1525879640e-06   3.5333597866e-16   2.5660540868e-17   9.1007171199e-15   5.1350315681e-14   1.1355533910e-03   1.0757893525e-01   1.3343223126e-10   2.3472918629e-13   2.0936778831e-17   7.3817420374e-01  -2.9592023024e+05
  -2.6176526036e-02  -2.6275784822e-02   2.0117329103e-01   5.9580034654e-05   9.7001447423e-01   8.7205802626e-24  -9.7903380521e-25   1.7039318876e+03   3.9373598227e-02   1.1853901722e-01   1.5627665955e+07   5.0557499459e-05   9.0083010784e-06   4.0373944685e-04   6.7029724244e-02   1.4363695411e-03   7.8679711150e-02   5.1153613683e-06   5.6930979114e-15   4.0338198618e-16   1.1130131063e-13   5.4653308140e-13   1.6873338285e-03   1.1420026461e-01   2.6470192433e-10   7.2715238156e-13   3.3068800639e-16   7.3649817576e-01  -3.2027928427e+05
  -2.5971499317e-02  -2.6077267250e-02   1.9487516390e-01   6.0751520215e-05   1.0070116705e+00   9.5984304369e-24  -1.0428475134e-24   1.7565245824e+03   4.1823353374e-02   1.2852283768e-01   1.8600724083e+07   7.3436508652e-05   1.3439267051e-05   4.8739224160e-04   5.7158442425e-02   1.7402693399e-03   8.2268133674e-02   4.9480995992e-06   1.2165960720e-13   8.3755430306e-15   1.8270452593e-12   7.7236136797e-12   2.5297465315e-03   1.2105162127e-01   5.2455492838e-10   5.2038007958e-12   7.0576435803e-15   7.3467257010e-01  -3.4857665618e+05
  -2.5749895227e-02  -2.5865731383e-02   1.8905590350e-01   6.1870758262e-05   1.0461279889e+00   1.0492441130e-23  -1.1127093535e-24   1.8075790563e+03   4.4502213939e-02   1.3762851490e-01   2.1408429427e+07   1.0748245987e-04   1.9827952151e-05   5.6525176315e-04   4.6693261348e-02   2.0521033554e-03   8.5968625848e-02   4.6088990035e-06   3.5884050847e-12   2.3834538279e-13   4.1776813551e-11   1.4913534943e-10   3.8396490903e-03   1.2811038905e-01   1.0509361473e-09   9.4163227948e-11   2.0533300876e-13   7.3263879890e-01  -3.8217050455e+05
  -2.5500563948e-02  -2.5634059070e-02   1.8365335211e-01   6.2929905904e-05   1.0890158755e+00   1.1422050375e-23  -1.1927097555e-24   1.8568507640e+03   4.7534202670e-02   1.4515032391e-01   2.3487909143e+07   1.6063118239e-04   2.9021291360e-05   6.1740613653e-04   3.5417599965e-02   2.3334477639e-03   8.9864707167e-02   4.0265975394e-06   1.5419542409e-10   9.7884926832e-12   1.4072131459e-09   4.1208069164e-09   5.9659194948e-03   1.3532015102e-01   2.2987909748e-09   2.8504791885e-09   8.4964979422e-12   7.3028707853e-01  -4.2327208575e+05
  -2.5196804245e-02  -2.5367068826e-02   1.7852782991e-01   6.3924013181e-05   1.1396370298e+00   1.2454635125e-23  -1.2898356326e-24   1.9044719972e+03   5.1219906764e-02   1.4949106018e-01   2.3856535554e+07   2.5376768804e-04   4.2074463931e-05   5.9504740582e-04   2.2844888579e-02   2.4786609599e-03   9.4166007583e-02   3.0576626206e-06   1.0227364203e-08   6.1619114215e-10   7.6271720653e-08   1.7931098798e-07   9.7990972512e-03   1.4244977449e-01   1.2017219739e-08   1.2620312509e-07   5.2677485670e-10   7.2736721874e-01  -4.7584372160e+05
  -2.4740301471e-02  -2.5026539664e-02   1.7315084397e-01   6.4861630339e-05   1.2124716732e+00   1.3806021022e-23  -1.4313358873e-24   1.9524160576e+03   5.6645875770e-02   1.5819735575e-01   3.2897774007e+07   4.8411048477e-04   5.5724264773e-05   3.3006489186e-04   7.7599832600e-03   1.9914100701e-03   9.9502857693e-02   1.3545487113e-06   1.0434117569e-06   5.7924139998e-08   7.6927581432e-06   1.5652021139e-05   1.9059195901e-02   1.4774344721e-01   3.6823357360e-07   7.6611044553e-06   4.6618184515e-08   7.2303932960e-01  -5.4569371885e+05
  -2.4050460113e-02  -2.4454063278e-02   1.7193128610e-01   6.4340641020e-05   1.3154318463e+00   1.4963689402e-23  -1.5109383938e-24   1.9414058807e+03   6.5143343916e-02   2.3078205900e-01   1.7720134359e+07   1.0388569340e-03   7.0913741397e-06   1.8730012070e-06   1.5304688168e-03   1.1161100700e-04   1.0154719258e-01   3.4356208464e-07   7.3486177409e-06   3.3708607731e-07   5.9115653542e-04   2.7646752500e-03   3.8551422372e-02   1.3652868823e-01   4.7618498515e-07   1.2122428941e-04   2.4565538250e-07   7.1719698850e-01  -5.6088159106e+05
  -2.3410276338e-02  -2.3646856949e-02   1.7735268396e-01   6.2274155754e-05   1.4020601299e+00   1.6129499856e-23  -1.5722875456e-24   1.8645388672e+03   7.5756325728e-02   3.3080757994e-01  -6.5559469151e+05   1.1945546863e-03   2.2313356763e-06   1.3000512288e-07   7.2257727934e-04   2.5289490986e-05   9.9343609065e-02   1.1774610698e-07   2.8298834165e-06   1.1646052278e-07   8.3630894550e-04   1.2574072852e-02   4.3391007969e-02   1.3272052087e-01   1.4493723545e-07   9.2375300795e-05   9.0729365509e-08   7.0909402244e-01  -6.2247011950e+05
  -2.2949197588e-02  -2.3173695727e-02   1.8156840869e-01   6.0736974750e-05   1.4636714871e+00   1.6390107756e-23  -1.5908842809e-24   1.8087705220e+03   8.4532452606e-02   3.9796007276e-01  -1.5700425705e+06   1.2532858758e-03   1.4272118580e-06   4.1678069278e-08   4.6192113874e-04   1.3470675737e-05   9.7587961707e-02   6.8124516716e-08   1.7976195493e-06   6.8463497286e-08   8.8662915156e-04   2.1371785064e-02   4.5262423439e-02   1.3072117968e-01   8.7979712062e-08   7.2978339307e-05   5.6876034815e-08   7.0236481698e-01  -6.7112561687e+05
  -2.2501626672e-02  -2.2724699448e-02   1.8574369645e-01   5.9230504768e-05   1.5234010862e+00   1.5730056536e-23  -1.5732727112e-24   1.7555511632e+03   9.4161573751e-02   4.7628205561e-01  -1.0643920800e+06   1.2802413097e-03   9.5600103451e-07   1.6440658538e-08   3.3756977695e-04   7.7057644734e-06   9.5846911745e-02   4.5502372089e-08   1.1207413662e-06   3.9525189379e-08   8.6360730622e-04   3.1367671081e-02   4.6223028877e-02   1.2902178490e-01   5.4463487520e-08   5.6010492192e-05   3.5279941451e-08   6.9499320079e-01  -7.2045387170e+05
  -2.2053665168e-02  -2.2278553896e-02   1.9005132769e-01   5.7693712407e-05   1.5838463430e+00   1.4097678405e-23  -1.5061547475e-24   1.7024555217e+03   1.0496491813e-01   5.6155979412e-01  -4.8256310615e+05   1.2877863218e-03   6.2938028870e-07   7.0841202025e-09   2.8179085558e-04   4.3653235599e-06   9.4082334929e-02   3.4096480240e-08   6.4172174905e-07   2.0883653896e-08   7.7863638088e-04   4.2791827783e-02   4.6676760028e-02   1.2732543894e-01   3.1863589200e-08   4.1135519229e-05   2.0242845577e-08   6.8672853865e-01  -7.7299878556e+05
  -2.1604732653e-02  -2.1828776441e-02   1.9457052963e-01   5.6109585381e-05   1.6456368930e+00   1.1741247432e-23  -1.3800564999e-24   1.6486968551e+03   1.1702274418e-01   6.5212906654e-01  -7.3497668856e+04   1.2834954098e-03   4.0465621095e-07   3.2932748719e-09   2.6747466715e-04   2.4087803387e-06   9.2284830088e-02   2.8613430660e-08   3.3725774165e-07   1.0073568882e-08   6.5828449066e-04   5.5653068468e-02   4.6827753115e-02   1.2550006197e-01   1.7597369425e-08   2.9146010894e-05   1.0743996269e-08   6.7749266477e-01  -8.2994973041e+05
  -2.1159674971e-02  -2.1380688866e-02   1.9930921958e-01   5.4488765179e-05   1.7086407122e+00   9.0852471600e-24  -1.2006566815e-24   1.5944959872e+03   1.3024538918e-01   7.4600150040e-01   1.4272016446e+05   1.2726517021e-03   2.5675788747e-07   1.6629588327e-09   2.7900064185e-04   1.3015767249e-06   9.0462130707e-02   2.6231607167e-08   1.6660160264e-07   4.5409225941e-09   5.3117023591e-04   6.9799441466e-02   4.6786698898e-02   1.2350718336e-01   9.4341605188e-09   2.0344840070e-05   5.4067591851e-09   6.6733960593e-01  -8.9149891027e+05
  -2.0721483081e-02  -2.0938661076e-02   2.0426387834e-01   5.2843540903e-05   1.7730456608e+00   6.4890160858e-24  -9.8847230084e-25   1.5401823133e+03   1.4455981057e-01   8.4296555617e-01   2.1747237793e+05   1.2585009655e-03   1.6299084619e-07   9.0724828285e-10   3.0585043852e-04   6.9615454782e-07   8.8617677008e-02   2.5350399277e-08   7.9742757358e-08   1.9714600711e-09   4.1701555874e-04   8.5118574614e-02   4.6607451789e-02   1.2134277453e-01   5.0940577987e-09   1.4339200747e-05   2.6618012328e-09   6.5631684102e-01  -9.5767539096e+05
  -2.0290837520e-02  -2.0504305085e-02   2.0943759460e-01   5.1181455564e-05   1.8394597570e+00   4.1675844645e-24  -7.7211592590e-25   1.4859638782e+03   1.5995792977e-01   9.4386240824e-01   2.1304265385e+05   1.2427281347e-03   1.0478264577e-07   5.2685937620e-10   3.4129465721e-04   3.7234708227e-07   8.6748963694e-02   2.5218391750e-08   3.8030999852e-08   8.4740950156e-10   3.2407721306e-04   1.0158610758e-01   4.6312995826e-02   1.1900775689e-01   2.8692957747e-09   1.0443267335e-05   1.3196011385e-09   6.4442508680e-01  -1.0286569929e+06
  -1.9867058662e-02  -2.0077369956e-02   2.1484449303e-01   4.9505466657e-05   1.9087434953e+00   2.2275021251e-24  -5.8043624804e-25   1.4319155006e+03   1.7649024408e-01   1.0496301270e+00   1.7654143391e+05   1.2260748704e-03   6.8796204835e-08   3.2080463455e-10   3.8139904968e-04   2.0051400434e-07   8.4849000827e-02   2.5634007925e-08   1.8443005902e-08   3.6779488846e-10   2.5250279857e-04   1.1925186146e-01   4.5911929222e-02   1.1649877296e-01   1.7313952845e-09   8.0053148919e-06   6.7304499169e-10   6.3162013702e-01  -1.1048342601e+06
  -1.9448872301e-02  -1.9656747368e-02   2.2050933837e-01   4.7815640783e-05   1.9818555593e+00   7.2494647094e-25  -4.3240595564e-25   1.3780242825e+03   1.9424855214e-01   1.1608388456e+00   1.3481864877e+05   1.2087922140e-03   4.6306527233e-08   2.0236105221e-10   4.2390446058e-04   1.0894868431e-07   8.2907363074e-02   2.6720437565e-08   9.1900235830e-09   1.6274079156e-10   1.9869843848e-04   1.3821518477e-01   4.5406005987e-02   1.1380787576e-01   1.1354522290e-09   6.5317320952e-06   3.5738719492e-10   6.1782545054e-01  -1.1867668199e+06
  -1.9034811810e-02  -1.9240997235e-02   2.2646625395e-01   4.6110577121e-05   2.0597813653e+00  -3.4400642351e-25  -3.2828934672e-25   1.3242320676e+03   2.1335384105e-01   1.2777267798e+00   9.9220448447e+04   1.1908957768e-03   3.1942183958e-08   1.3091317322e-10   4.6730716863e-04   5.9593902944e-08   8.0910765012e-02   2.8786348132e-08   4.7120532357e-09   7.3436843837e-11   1.5830665309e-04   1.5860822393e-01   4.4792894474e-02   1.1092369381e-01   8.1066749006e-10   5.6867630282e-06   1.9823330453e-10   6.0294210016e-01  -1.2751242772e+06
  -1.8623409337e-02  -1.8828626385e-02   2.3275836958e-01   4.4388231245e-05   2.1435294313e+00  -1.0156238607e-24  -2.5511734908e-25   1.2704605386e+03   2.3395071618e-01   1.4003621610e+00   7.2321088313e+04   1.1722914917e-03   2.2511280967e-08   8.6065728602e-11   5.1028106640e-04   3.2641548424e-08   7.8843538152e-02   3.2243230755e-08   2.4743267317e-09   3.3591965872e-11   1.2758667801e-04   1.8058820885e-01   4.4067224029e-02   1.0783179680e-01   6.2504829389e-10   5.2508149191e-06   1.1465023778e-10   5.8685373139e-01  -1.3706516318e+06
  -1.8213250789e-02  -1.8418192289e-02   2.3943934896e-01   4.2646192002e-05   2.2341697687e+00  -1.3651420958e-24  -2.0001834198e-25   1.2166189404e+03   2.5620733287e-01   1.5283910228e+00   5.3021621915e+04   1.1528311963e-03   1.6142497919e-08   5.7016384731e-11   5.5139452187e-04   1.7780003443e-08   7.6687963665e-02   3.7540302053e-08   1.3205954636e-09   1.5434379986e-11   1.0376931982e-04   2.0433680088e-01   4.3221144348e-02   1.0451407985e-01   5.1368416904e-10   5.0786931694e-06   6.8976877725e-11   5.6942686409e-01  -1.4741680494e+06
  -1.7802955863e-02  -1.8008309289e-02   2.4657536921e-01   4.0881985333e-05   2.3328758468e+00  -1.4877881011e-24  -1.5633756706e-25   1.1626124812e+03   2.8031467784e-01   1.6597772325e+00   3.9340562278e+04   1.1323296276e-03   1.1730671310e-08   3.7770707281e-11   5.8900385498e-04   9.5592752606e-09   7.4424474191e-02   4.5067244324e-08   7.1052506976e-10   7.0515673580e-12   8.4936118212e-05   2.3005931904e-01   4.2244849277e-02   1.0094825446e-01   4.4385297516e-10   5.0689936159e-06   4.3245066426e-11   5.5051169684e-01  -1.5865626849e+06
  -1.7391114180e-02  -1.7597602436e-02   2.5424422672e-01   3.9094117465e-05   2.4408795126e+00  -1.4436086997e-24  -1.2124897949e-25   1.1083738847e+03   3.0647539218e-01   1.7885114488e+00   2.9539424944e+04   1.1105529389e-03   8.6087756115e-09   2.4847411889e-11   6.2122328907e-04   5.0346492527e-09   7.2031474881e-02   5.4980349477e-08   3.8239372585e-10   3.1717892640e-12   6.9787547551e-05   2.5797305100e-01   4.1127252716e-02   9.7109459168e-02   3.9865778430e-10   5.1452448061e-06   2.8549931451e-11   5.2995198375e-01  -1.7087179888e+06
  -1.6975872449e-02  -1.7184625924e-02   2.6253582662e-01   3.7282620070e-05   2.5593082596e+00  -1.2882711094e-24  -9.2251815570e-26   1.0538799585e+03   3.3489733357e-01   1.9035441343e+00   2.2369913170e+04   1.0871644554e-03   6.3605143812e-09   1.6124384298e-11   6.4593032800e-04   2.5777116897e-09   6.9482313427e-02   6.6968344267e-08   2.0435178276e-10   1.3908965880e-12   5.7431780362e-05   2.8830078586e-01   3.9855732020e-02   9.2972759533e-02   3.6928138921e-10   5.2452763248e-06   2.0209896322e-11   5.0759256081e-01  -1.8414199433e+06
  -1.6554950889e-02  -1.6767118975e-02   2.7154432223e-01   3.5450964982e-05   2.6887962262e+00  -1.0716064594e-24  -6.6488113062e-26   9.9920997225e+02   3.6576254773e-01   1.9920470269e+00   1.7012973435e+04   1.0616863101e-03   4.7189734388e-09   1.0255014768e-11   6.6073259100e-04   1.2737238653e-09   6.6743871005e-02   8.0070846284e-08   1.0774782570e-10   5.8937687360e-13   4.7256045002e-05   3.2123812716e-01   3.8416382506e-02   8.8520182913e-02   3.5131107070e-10   5.3156886940e-06   1.5483043917e-11   4.8330635923e-01  -1.9851333353e+06
  -1.6126300231e-02  -1.6342782804e-02   2.8136422476e-01   3.3607200778e-05   2.8293401644e+00  -8.3682027434e-25  -4.3273488495e-26   9.4456893491e+02   3.9917848887e-01   2.0498702505e+00   1.2949169008e+04   1.0335485567e-03   3.5085217562e-09   6.3527646486e-12   6.6307224188e-04   6.0372866487e-10   6.3781672366e-02   9.2737160875e-08   5.5782479380e-11   2.3959487341e-13   3.8838321072e-05   3.5690143714e-01   3.6797088060e-02   8.3745789877e-02   3.4292826690e-10   5.3101426111e-06   1.2548664474e-11   4.5703314603e-01  -2.1396551938e+06
  -1.5687616524e-02  -1.5909817657e-02   2.9213553435e-01   3.1756912837e-05   2.9811251271e+00  -6.1759505039e-25  -2.6953255844e-26   8.9006524885e+02   4.3526146285e-01   2.0687317880e+00   9.8322836455e+03   1.0021275195e-03   2.6066686943e-09   3.8045682132e-12   6.5057809737e-04   2.7243302358e-10   6.0559471279e-02   1.0323571678e-07   2.8186783190e-11   9.2600752543e-14   3.1850232484e-05   3.9541637195e-01   3.4986697898e-02   7.8636757112e-02   3.4390992134e-10   5.1912397684e-06   1.0279481473e-11   4.2871084817e-01  -2.3049430641e+06
  -1.5240487230e-02  -1.5465415390e-02   3.0393834816e-01   2.9919749242e-05   3.1429023582e+00  -4.2810788708e-25  -1.6342901026e-26   8.3621437573e+02   4.7380736510e-01   2.0477163538e+00   7.4359459516e+03   9.6708658859e-04   1.9317183379e-09   2.1931891002e-12   6.2155361196e-04   1.1687215438e-10   5.7068894643e-02   1.0996377764e-07   1.3878711621e-11   3.3929891883e-14   2.6072444963e-05   4.3656636798e-01   3.2992178521e-02   7.3220369041e-02   3.5456649872e-10   4.9342674695e-06   8.2284810241e-12   3.9853243051e-01  -2.4795679851e+06
  -1.4796097398e-02  -1.5015559070e-02   3.1657589146e-01   2.8152301344e-05   3.3090178917e+00  -2.8038989150e-25  -9.4333969253e-27   7.8459941166e+02   5.1363053952e-01   1.9834346743e+00   5.6110638950e+03   9.2900042262e-04   1.4307328158e-09   1.2275739787e-12   5.7673246292e-04   4.8590445947e-11   5.3387670461e-02   1.1177473639e-07   6.7438271506e-12   1.2011829730e-14   2.1389638725e-05   4.7908686634e-01   3.0875146319e-02   6.7658598538e-02   3.7338187779e-10   4.5419722991e-06   6.3759874445e-12   3.6745994020e-01  -2.6576070292e+06
  -1.4359174138e-02  -1.4576635726e-02   3.3001782686e-01   2.6478232224e-05   3.4756614872e+00  -1.7681001374e-25  -4.4391952230e-27   7.3579411579e+02   5.5388643552e-01   1.8755742858e+00   4.1981331489e+03   8.8823896587e-04   1.0530434063e-09   6.7045364178e-13   5.1896352399e-04   1.9786658021e-11   4.9569475770e-02   1.0835492755e-07   3.2374761859e-12   4.1264535791e-15   1.7587648960e-05   5.2207700010e-01   2.8685719799e-02   6.2061002480e-02   3.9519721997e-10   4.0403004537e-06   4.7622971012e-12   3.3617786158e-01  -2.8352229401e+06
  -1.3922642178e-02  -1.4141712550e-02   3.4455549171e-01   2.4877334134e-05   3.6430195562e+00  -1.0635819091e-25  -7.9194775977e-28   6.8913983881e+02   5.9474474148e-01   1.7250067000e+00   3.0541175317e+03   8.4412879990e-04   7.5662118771e-10   3.5515011526e-13   4.5055755178e-04   7.8253520846e-12   4.5577093849e-02   9.9509403288e-08   1.5086791395e-12   1.3447945978e-15   1.4418612764e-05   5.6571909396e-01   2.6419816491e-02   5.6395399065e-02   4.0949364070e-10   3.4532382184e-06   3.3785534926e-12   3.0457593775e-01  -3.0128790716e+06
  -1.3478786384e-02  -1.3703571806e-02   3.6055869802e-01   2.3332059171e-05   3.8112249099e+00  -5.8534932567e-26   1.1415506123e-27   6.4407318605e+02   6.3636128349e-01   1.5331795143e+00   2.0945814691e+03   7.9583110020e-04   5.1703736954e-10   1.8196934116e-13   3.7427235387e-04   2.9778269423e-12   4.1374703205e-02   8.5293342146e-08   6.6741751433e-13   4.0381439478e-16   1.1701903738e-05   6.1018127068e-01   2.4072706070e-02   5.0632493330e-02   4.0018083308e-10   2.8099380147e-06   2.2195910744e-12   2.7255412520e-01  -3.1909843018e+06
  -1.3018374741e-02  -1.3254000962e-02   3.7851746274e-01   2.1826340053e-05   3.9803768079e+00  -2.2413863802e-26   2.9083231277e-28   6.0008879525e+02   6.7887706185e-01   1.3049604381e+00   1.2906510495e+03   7.4229224665e-04   3.2343260343e-10   8.9638429524e-14   2.9355330941e-04   1.0691486838e-12   3.6928251752e-02   6.6750225249e-08   2.7142211468e-13   1.0705388835e-16   9.2937369462e-06   6.5561661096e-01   2.1639061008e-02   4.4745785267e-02   3.5304607301e-10   2.1456799126e-06   1.2976432513e-12   2.4002293862e-01  -3.3699233084e+06
  -1.2529286941e-02  -1.2782748521e-02   3.9910394415e-01   2.0344620865e-05   4.1505796041e+00   3.1149257508e-27  -5.4691477193e-27   5.5671341934e+02   7.2241595228e-01   1.0498884473e+00   6.6722381315e+02   6.8216982062e-04   1.7606741265e-10   4.1297150234e-14   2.1279234890e-04   3.4653023700e-13   3.2207007121e-02   4.6507676762e-08   9.8139437549e-14   2.3489115421e-17   7.0790740727e-06   7.0216103274e-01   1.9112308362e-02   3.8711848307e-02   2.6990902514e-10   1.5027680602e-06   6.3879093410e-13   2.0690421250e-01  -3.5500810975e+06
  -1.1994102261e-02  -1.2275825361e-02   4.2326081987e-01   1.8871387613e-05   4.3219599870e+00  -2.3392423475e-27  -4.3399789421e-27   5.1350117235e+02   7.6707001202e-01   7.8313461202e-01   2.6461857122e+02   6.1373290262e-04   7.8626524520e-11   1.6760404402e-14   1.3755799589e-04   9.2672477107e-14   2.7188419316e-02   2.8207660068e-08   2.8289120880e-14   3.7958438181e-18   4.9930431435e-06   7.4991820820e-01   1.6483004308e-02   3.2512745877e-02   1.7433726362e-10   9.3018156810e-07   2.4814013248e-13   1.7314037971e-01  -3.7318258280e+06
  -1.1385403474e-02  -1.1712379161e-02   4.5230465261e-01   1.7392046525e-05   4.4946543043e+00  -8.2932302167e-27  -1.5629970066e-27   4.7007999583e+02   8.1285550769e-01   5.2580168792e-01   7.2239617282e+01   5.3477841584e-04   2.7168655383e-11   5.5490531031e-15   7.4548325408e-05   1.8196486072e-14   2.1870548970e-02   1.4606432888e-08   5.9221276347e-15   3.8120261271e-19   3.0732327764e-06   7.9891370092e-01   1.3734853392e-02   2.6142944509e-02   9.5311197188e-11   4.7899626160e-07   7.1314301169e-14   1.3872505851e-01  -3.9153695492e+06
  -1.0654319437e-02  -1.1058427788e-02   4.8799987916e-01   1.5895607753e-05   4.6689882864e+00  -4.1134956689e-27   8.5727430803e-29   4.2627020867e+02   8.5966936405e-01   3.0425325071e-01   1.1854989251e+01   4.4260018556e-04   6.8667014403e-12   1.3739488085e-15   3.0419491364e-05   2.2512065390e-15   1.6292965289e-02   6.1733174933e-09   8.1416606406e-16   1.8230299880e-20   1.4975664431e-06   8.4905056408e-01   1.0831048209e-02   1.9614901797e-02   4.5613061022e-11   1.8709011235e-07   1.4804880427e-14   1.0373581007e-01  -4.1005501645e+06
  -9.6430482316e-03  -1.0250211085e-02   5.3542077629e-01   1.4293890628e-05   4.8560152979e+00  -1.0603080436e-27   1.3580280915e-28   3.7976936906e+02   9.0974818553e-01   1.2796549898e-01   8.2620460989e-01   3.2826739304e-04   1.0628271999e-12   1.9547226288e-16   7.0957028820e-06   1.1738315259e-16   1.0268504195e-02   1.6777323178e-09   8.5945759662e-17   1.5441859608e-22   4.5510138628e-07   9.0275051730e-01   7.5170328940e-03   1.2606055761e-02   2.1429537076e-11   4.4927234374e-08   1.7755453948e-14   6.6522025022e-02  -4.2967873757e+06
  -7.6131275328e-03  -9.0358853781e-03   5.9734509463e-01   1.2642151833e-05   5.0479790386e+00  -6.6616828902e-29   1.8009639182e-29   3.3275292304e+02   9.6140080371e-01   2.2206408634e-02   2.3449211814e-02   1.6775868563e-04   8.4602564965e-14   1.0757668225e-17   5.2889809199e-07   1.3123896472e-18   4.1601228498e-03   1.5776014669e-10   6.1989198274e-18   2.1154828097e-25   5.1229690109e-08   9.5829679463e-01   3.6080422472e-03   5.4559883324e-03   2.6316492856e-11   4.5330919430e-09   1.0276830471e-13   2.8310708408e-02  -4.4980550900e+06
  -3.0951893531e-03  -6.1903696875e-03   6.3470219158e-01   1.1805656343e-05   5.1498997265e+00  -1.2554211786e-30   6.1685109296e-31   3.0957187919e+02   9.8826210473e-01   6.1590275555e-04   3.6455675774e-04   5.9314863955e-05   6.5879331387e-15   2.3401825353e-19   1.5189619749e-08   5.1971134673e-21   1.1864262643e-03   5.6844214874e-12   2.3981040349e-19   3.1698493791e-28   2.6383031713e-09   9.8728483106e-01   1.2146439084e-03   1.6864954366e-03   1.0949672419e-11   2.7133227658e-10   1.9749545276e-14   8.5682703491e-03  -4.6012414721e+06
   3.0951713118e-03  -9.0187791098e-09   6.3470227922e-01   1.1805654495e-05   5.1498999571e+00  -7.5707650006e-31   3.4388618730e-31   3.0957182850e+02   9.8826216470e-01   6.1588934560e-04   3.6456439451e-04   5.9314611479e-05   6.5890102407e-15   2.3410278037e-19   1.5189267783e-08   5.1978531168e-21   1.1864198122e-03   5.6842754942e-12   2.3985885904e-19   3.1702831036e-28   2.6382572253e-09   9.8728489584e-01   1.2146382860e-03   1.6864869378e-03   1.0949832363e-11   2.7132788096e-10   1.9749834200e-14   8.5682263980e-03  -4.6012417012e+06
   7.6131098039e-03   6.1903516424e-03   5.9734547619e-01   1.2642142813e-05   5.0479791469e+00  -2.6348538821e-29   1.6582179328e-29   3.3275266975e+02   9.6140108586e-01   2.2206121273e-02   2.3448853548e-02   1.6775773483e-04   8.4606219450e-14   1.0758949305e-17   5.2888016528e-07   1.3124457718e-18   4.1600899422e-03   1.5776067640e-10   6.2001291630e-18   2.1154510145e-25   5.1228492239e-08   9.5829709834e-01   3.6080199232e-03   5.4559492234e-03   2.6316172399e-11   4.5329704295e-09   1.0276109988e-13   2.8310500013e-02  -4.4980561848e+06
   9.6430365844e-03   9.0358679654e-03   5.3542118539e-01   1.4293878358e-05   4.8560143029e+00  -4.7236529992e-28   2.9286527789e-28   3.7976901466e+02   9.0974856357e-01   1.2796428351e-01   8.2617246828e-01   3.2826642428e-04   1.0628094583e-12   1.9547382932e-16   7.0955834823e-06   1.1738222400e-16   1.0268458531e-02   1.6777540161e-09   8.5950269156e-17   1.5441206363e-22   4.5509755173e-07   9.0275092301e-01   7.5170071064e-03   1.2606003265e-02   2.1425544522e-11   4.4926529619e-08   1.7708248042e-14   6.6521744359e-02  -4.2967888653e+06
   1.0654316204e-02   1.0250205203e-02   4.8799996537e-01   1.5895604471e-05   4.6689882713e+00  -3.2412006260e-27   1.4033467797e-27   4.2627011302e+02   8.5966946777e-01   3.0425232963e-01   1.1854930151e+01   4.4259995688e-04   6.8666533632e-12   1.3739455444e-15   3.0419405901e-05   2.2512027009e-15   1.6292952782e-02   6.1733475873e-09   8.1414670522e-16   1.8230259144e-20   1.4975675003e-06   8.4905067522e-01   1.0831041695e-02   1.9614887340e-02   4.5612621558e-11   1.8708956269e-07   1.4803953172e-14   1.0373573272e-01  -4.1005505702e+06
   1.1385404004e-02   1.1058427204e-02   4.5230457839e-01   1.7392049897e-05   4.4946540711e+00  -5.6057126966e-27   3.5763976455e-27   4.7008009560e+02   8.1285540669e-01   5.2580143285e-01   7.2241581125e+01   5.3477856953e-04   2.7169547543e-11   5.5491641132e-15   7.4548463437e-05   1.8194305096e-14   2.1870560588e-02   1.4606609725e-08   5.9217158667e-15   3.8120805909e-19   3.0732267783e-06   7.9891359289e-01   1.3734859411e-02   2.6142958595e-02   9.5309863881e-11   4.7899725446e-07   7.1312523280e-14   1.3872513453e-01  -3.9153691321e+06
   1.1994104961e-02   1.1712380805e-02   4.2326067320e-01   1.8871395830e-05   4.3219597167e+00   1.0611614621e-26   1.0084905509e-26   5.1350141353e+02   7.6706976041e-01   7.8313454070e-01   2.6450297096e+02   6.1373326636e-04   7.8588506891e-11   1.6762128981e-14   1.3755840763e-04   9.2506357991e-14   2.7188447352e-02   2.8208018597e-08   2.8302814308e-14   3.7947086168e-18   4.9930095848e-06   7.4991793922e-01   1.6483018987e-02   3.2512781440e-02   1.7442052089e-10   9.3018477016e-07   2.4815053237e-13   1.7314056967e-01  -3.7318248068e+06
   1.2529290279e-02   1.2275829117e-02   3.9910380225e-01   2.0344630204e-05   4.1505795411e+00  -1.6191065458e-26   4.4406424622e-27   5.5671369400e+02   7.2241567671e-01   1.0498884705e+00   6.6696453357e+02   6.8217022184e-04   1.7599349493e-10   4.1298054778e-14   2.1279286609e-04   3.4571276059e-13   3.2207037492e-02   4.6508420059e-08   9.8134087639e-14   2.3473742468e-17   7.0790244501e-06   7.0216073817e-01   1.9112324299e-02   3.8711886539e-02   2.7001441836e-10   1.5027721531e-06   6.3898884901e-13   2.0690442166e-01  -3.5500799551e+06
   1.3018376721e-02   1.2782751442e-02   3.7851739644e-01   2.1826345117e-05   3.9803769858e+00  -1.3816517045e-26   4.6643539394e-27   6.0008894427e+02   6.7887691876e-01   1.3049608524e+00   1.2906465359e+03   7.4229246176e-04   3.2343297888e-10   8.9639137400e-14   2.9355359928e-04   1.0691498489e-12   3.6928267127e-02   6.6750913341e-08   2.7142125961e-13   1.0705333420e-16   9.2936952636e-06   6.5561645802e-01   2.1639069197e-02   4.4745804839e-02   3.5304898565e-10   2.1456822459e-06   1.2976524299e-12   2.4002304795e-01  -3.3699227009e+06
   1.3478787088e-02   1.3254002001e-02   3.6055868505e-01   2.3332060341e-05   3.8112251276e+00  -2.9653838493e-26   1.1571830466e-26   6.4407322011e+02   6.3636125095e-01   1.5331802912e+00   2.0945744934e+03   7.9583116214e-04   5.1703671300e-10   1.8196938396e-13   3.7427243464e-04   2.9778238383e-12   4.1374706687e-02   8.5293632377e-08   6.6741492461e-13   4.0381295259e-16   1.1701878770e-05   6.1018123590e-01   2.4072707853e-02   5.0632497680e-02   4.0018034824e-10   2.8099386569e-06   2.2195885153e-12   2.7255415025e-01  -3.1909841649e+06
   1.3922642482e-02   1.3703572175e-02   3.4455548970e-01   2.4877334349e-05   3.6430196591e+00  -3.1062889265e-26   2.1460214772e-26   6.8913984494e+02   5.9474473547e-01   1.7250074879e+00   3.0541124010e+03   8.4412882298e-04   7.5662061020e-10   3.5514996240e-13   4.5055758811e-04   7.8253459329e-12   4.5577094485e-02   9.9509499872e-08   1.5086762755e-12   1.3447921216e-15   1.4418598664e-05   5.6571908755e-01   2.6419816712e-02   5.6395399840e-02   4.0949333563e-10   3.4532384792e-06   3.3785509050e-12   3.0457594248e-01  -3.0128790468e+06
   1.4359174356e-02   1.4141712789e-02   3.3001782481e-01   2.6478232449e-05   3.4756615103e+00  -2.9886143964e-26   3.9123769216e-26   7.3579412243e+02   5.5388643019e-01   1.8755748351e+00   4.1981297053e+03   8.8823898866e-04   1.0530430177e-09   6.7045350167e-13   5.1896356541e-04   1.9786651323e-11   4.9569476279e-02   1.0835496712e-07   3.2374733412e-12   4.1264501856e-15   1.7587640852e-05   5.2207699442e-01   2.8685719939e-02   6.2061003220e-02   3.9519706011e-10   4.0403007339e-06   4.7622952732e-12   3.3617786582e-01  -2.8352229152e+06
   1.4796097572e-02   1.4576635924e-02   3.1657588937e-01   2.8152301589e-05   3.3090178887e+00  -1.9294467316e-26   5.6542887822e-26   7.8459941901e+02   5.1363053433e-01   1.9834350230e+00   5.6110616013e+03   9.2900044946e-04   1.4307325724e-09   1.2275739254e-12   5.7673250943e-04   4.8590440168e-11   5.3387670906e-02   1.1177475831e-07   6.7438243522e-12   1.2011825411e-14   2.1389633860e-05   4.7908686080e-01   3.0875146419e-02   6.7658599325e-02   3.7338179636e-10   4.5419726029e-06   6.3759862110e-12   3.6745994434e-01  -2.6576070032e+06
   1.5240487355e-02   1.5015559220e-02   3.0393834677e-01   2.9919749413e-05   3.1429023522e+00   2.1071951035e-26   4.9714116641e-26   8.3621438099e+02   4.7380736190e-01   2.0477166003e+00   7.4359443801e+03   9.6708661754e-04   1.9317181845e-09   2.1931891514e-12   6.2155365970e-04   1.1687214805e-10   5.7068894840e-02   1.0996379214e-07   1.3878708551e-11   3.3929885630e-14   2.6072441783e-05   4.3656636455e-01   3.2992178505e-02   7.3220369618e-02   3.5456646070e-10   4.9342677730e-06   8.2284801456e-12   3.9853243311e-01  -2.4795679673e+06
   1.5687616608e-02   1.5465415490e-02   2.9213553357e-01   3.1756912934e-05   2.9811251223e+00   5.7118258650e-26   4.1550972024e-26   8.9006525191e+02   4.3526146132e-01   2.0687319830e+00   9.8322824729e+03   1.0021275491e-03   2.6066685906e-09   3.8045683886e-12   6.5057814471e-04   2.7243301244e-10   6.0559471266e-02   1.0323572748e-07   2.8186779221e-11   9.2600741438e-14   3.1850230096e-05   3.9541637029e-01   3.4986697823e-02   7.8636757488e-02   3.4390990530e-10   5.1912400669e-06   1.0279480772e-11   4.2871084946e-01  -2.3049430537e+06
   1.6126300290e-02   1.5909817725e-02   2.8136422424e-01   3.3607200846e-05   2.8293401594e+00   8.2847804121e-26   4.9137451356e-26   9.4456893705e+02   3.9917848795e-01   2.0498704066e+00   1.2949168004e+04   1.0335485859e-03   3.5085216797e-09   6.3527649851e-12   6.6307228612e-04   6.0372864495e-10   6.3781672262e-02   9.2737168833e-08   5.5782473710e-11   2.3959485234e-13   3.8838319006e-05   3.5690143612e-01   3.6797088026e-02   8.3745790157e-02   3.4292826046e-10   5.3101428903e-06   1.2548663808e-11   4.5703314684e-01  -2.1396551862e+06
   1.6554950933e-02   1.6342782854e-02   2.7154432184e-01   3.5450965041e-05   2.6887962215e+00   9.4416109485e-26   7.9450114794e-26   9.9920997408e+02   3.6576254692e-01   1.9920471468e+00   1.7012972410e+04   1.0616863376e-03   4.7189733710e-09   1.0255015267e-11   6.6073262840e-04   1.2737238296e-09   6.6743870877e-02   8.0070851683e-08   1.0774781688e-10   5.8937683126e-13   4.7256042957e-05   3.2123812626e-01   3.8416382576e-02   8.8520183126e-02   3.5131106751e-10   5.3156889293e-06   1.5483043108e-11   4.8330635992e-01  -1.9851333286e+06
   1.6975872484e-02   1.6767119013e-02   2.6253582630e-01   3.7282620129e-05   2.5593082559e+00   8.1307377523e-26   1.1137136475e-25   1.0538799603e+03   3.3489733269e-01   1.9035442226e+00   2.2369911981e+04   1.0871644800e-03   6.3605143059e-09   1.6124384892e-11   6.4593035531e-04   2.5777116277e-09   6.9482313310e-02   6.6968347271e-08   2.0435176839e-10   1.3908965017e-12   5.7431778180e-05   2.8830078485e-01   3.9855732227e-02   9.2972759679e-02   3.6928138572e-10   5.2452764938e-06   2.0209895179e-11   5.0759256153e-01  -1.8414199368e+06
   1.7391114210e-02   1.7184625955e-02   2.5424422644e-01   3.9094117531e-05   2.4408795099e+00   3.1881411301e-26   1.2934385531e-25   1.1083738866e+03   3.0647539111e-01   1.7885115108e+00   2.9539423551e+04   1.1105529598e-03   8.6087755325e-09   2.4847412461e-11   6.2122330463e-04   5.0346491622e-09   7.2031474797e-02   5.4980350514e-08   3.8239370370e-10   3.1717891033e-12   6.9787545258e-05   2.5797304979e-01   4.1127253072e-02   9.7109459244e-02   3.9865777895e-10   5.1452448987e-06   2.8549929873e-11   5.2995198458e-01  -1.7087179822e+06
   1.7802955890e-02   1.7597602464e-02   2.4657536894e-01   4.0881985410e-05   2.3328758452e+00  -5.9203722861e-26   1.3785078060e-25   1.1626124833e+03   2.8031467659e-01   1.6597772735e+00   3.9340560787e+04   1.1323296446e-03   1.1730671251e-08   3.7770707694e-11   5.8900385943e-04   9.5592751751e-09   7.4424474150e-02   4.5067244061e-08   7.1052504016e-10   7.0515671131e-12   8.4936116014e-05   2.3005931762e-01   4.2244849769e-02   1.0094825446e-01   4.4385296776e-10   5.0689936397e-06   4.3245064520e-11   5.5051169779e-01  -1.5865626781e+06
   1.8213250815e-02   1.8008309316e-02   2.3943934869e-01   4.2646192089e-05   2.2341697677e+00  -1.9848315195e-25   1.5610817815e-25   1.2166189428e+03   2.5620733148e-01   1.5283910474e+00   5.3021620689e+04   1.1528312099e-03   1.6142497963e-08   5.7016385067e-11   5.5139451832e-04   1.7780003495e-08   7.6687963670e-02   3.7540301207e-08   1.3205954364e-09   1.5434379776e-11   1.0376931813e-04   2.0433679930e-01   4.3221144941e-02   1.0451407978e-01   5.1368416184e-10   5.0786931516e-06   6.8976876028e-11   5.6942686513e-01  -1.4741680424e+06
   1.8623409363e-02   1.8418192315e-02   2.3275836929e-01   4.4388231341e-05   2.1435294304e+00  -4.0607538874e-25   1.9198507870e-25   1.2704605413e+03   2.3395071474e-01   1.4003621726e+00   7.2321088250e+04   1.1722915037e-03   2.2511281298e-08   8.6065729660e-11   5.1028105978e-04   3.2641548991e-08   7.8843538204e-02   3.2243229938e-08   2.4743267457e-09   3.3591966284e-11   1.2758667745e-04   1.8058820721e-01   4.4067224674e-02   1.0783179665e-01   6.2504829283e-10   5.2508149048e-06   1.1465023785e-10   5.8685373247e-01  -1.3706516247e+06
   1.9034811834e-02   1.8828626410e-02   2.2646625364e-01   4.6110577220e-05   2.0597813639e+00  -6.9600205207e-25   2.2784476361e-25   1.3242320705e+03   2.1335383966e-01   1.2777267814e+00   9.9220450908e+04   1.1908957919e-03   3.1942184926e-08   1.3091317729e-10   4.6730716391e-04   5.9593904786e-08   8.0910765103e-02   2.8786347762e-08   4.7120533811e-09   7.3436846610e-11   1.5830665437e-04   1.5860822234e-01   4.4792895120e-02   1.1092369361e-01   8.1066750559e-10   5.6867630655e-06   1.9823330983e-10   6.0294210121e-01  -1.2751242702e+06
   1.9448872323e-02   1.9240997258e-02   2.2050933804e-01   4.7815640877e-05   1.9818555570e+00  -1.0778841022e-24   2.4271507161e-25   1.3780242853e+03   1.9424855093e-01   1.1608388405e+00   1.3481865599e+05   1.2087922404e-03   4.6306529545e-08   2.0236106362e-10   4.2390445952e-04   1.0894868869e-07   8.2907363185e-02   2.6720437808e-08   9.1900240489e-09   1.6274080085e-10   1.9869844218e-04   1.3821518334e-01   4.5406006602e-02   1.1380787550e-01   1.1354522739e-09   6.5317321969e-06   3.5738721200e-10   6.1782545147e-01  -1.1867668133e+06
   1.9867058679e-02   1.9656747388e-02   2.1484449271e-01   4.9505466732e-05   1.9087434928e+00  -1.5533585253e-24   2.2589143580e-25   1.4319155028e+03   1.7649024317e-01   1.0496301209e+00   1.7654145244e+05   1.2260749218e-03   6.8796210026e-08   3.2080465682e-10   3.8139904471e-04   2.0051401301e-07   8.4849000919e-02   2.5634008195e-08   1.8443007054e-08   3.6779491304e-10   2.5250280470e-04   1.1925186030e-01   4.5911929837e-02   1.1649877263e-01   1.7313953413e-09   8.0053148480e-06   6.7304503202e-10   6.3162013774e-01  -1.1048342542e+06
   2.0290837531e-02   2.0077369970e-02   2.0943759435e-01   5.1181455604e-05   1.8394597572e+00  -2.0811155240e-24   1.7013935422e-25   1.4859638791e+03   1.5995792918e-01   9.4386241067e-01   2.1304268296e+05   1.2427282283e-03   1.0478265512e-07   5.2685936677e-10   3.4129461756e-04   3.7234708916e-07   8.6748963697e-02   2.5218389315e-08   3.8031000787e-08   8.4740952351e-10   3.2407721505e-04   1.0158610664e-01   4.6312996631e-02   1.1900775647e-01   2.8692954946e-09   1.0443265921e-05   1.3196011690e-09   6.4442508729e-01  -1.0286569882e+06
   2.0721483096e-02   2.0504305093e-02   2.0426387819e-01   5.2843540922e-05   1.7730456719e+00  -2.5820326915e-24   6.3875741499e-26   1.5401823129e+03   1.4455980979e-01   8.4296557108e-01   2.1747241835e+05   1.2585011199e-03   1.6299086362e-07   9.0724798573e-10   3.0585028822e-04   6.9615453703e-07   8.8617676843e-02   2.5350386547e-08   7.9742754380e-08   1.9714599955e-09   4.1701554748e-04   8.5118573242e-02   4.6607453291e-02   1.2134277400e-01   5.0940556083e-09   1.4339194187e-05   2.6618011320e-09   6.5631684160e-01  -9.5767538710e+05
   2.1159674995e-02   2.0938661099e-02   1.9930921972e-01   5.4488765140e-05   1.7086407577e+00  -2.9195893230e-24  -1.0482904909e-25   1.5944959833e+03   1.3024538797e-01   7.4600149517e-01   1.4272062943e+05   1.2726519795e-03   2.5675794552e-07   1.6629572890e-09   2.7900022462e-04   1.3015767197e-06   9.0462130149e-02   2.6231564282e-08   1.6660161246e-07   4.5409225896e-09   5.3117019069e-04   6.9799439120e-02   4.6786702155e-02   1.2350718249e-01   9.4341479532e-09   2.0344811234e-05   5.4067592973e-09   6.6733960667e-01  -8.9149890923e+05
   2.1604732667e-02   2.1380688891e-02   1.9457052937e-01   5.6109585413e-05   1.6456369048e+00  -2.9768482198e-24  -3.4526641311e-25   1.6486968553e+03   1.1702274356e-01   6.5212904875e-01  -7.3497613017e+04   1.2834955683e-03   4.0465625144e-07   3.2932729815e-09   2.6747442315e-04   2.4087802930e-06   9.2284830021e-02   2.8613404382e-08   3.3725772483e-07   1.0073568359e-08   6.5828446453e-04   5.5653067259e-02   4.6827754517e-02   1.2550006152e-01   1.7597365584e-08   2.9146005423e-05   1.0743995708e-08   6.7749266520e-01  -8.2994972758e+05
   2.2053665174e-02   2.1828776444e-02   1.9005132723e-01   5.7693712477e-05   1.5838463442e+00  -2.7111017341e-24  -6.5868475509e-25   1.7024555242e+03   1.0496491786e-01   5.6155979137e-01  -4.8256322167e+05   1.2877864227e-03   6.2938032992e-07   7.0841154738e-09   2.8179054261e-04   4.3653235486e-06   9.4082335133e-02   3.4096442109e-08   6.4172173481e-07   2.0883653440e-08   7.7863636153e-04   4.2791827142e-02   4.6676760664e-02   1.2732543875e-01   3.1863585638e-08   4.1135516409e-05   2.0242845060e-08   6.8672853887e-01  -7.7299878287e+05
   2.2501626681e-02   2.2278553903e-02   1.8574369576e-01   5.9230504912e-05   1.5234010837e+00  -2.4388901198e-24  -1.0207372360e-24   1.7555511689e+03   9.4161573418e-02   4.7628205731e-01  -1.0643926657e+06   1.2802413658e-03   9.5600107462e-07   1.6440642428e-08   3.3756921264e-04   7.7057645747e-06   9.5846912128e-02   4.5502294928e-08   1.1207413659e-06   3.9525189444e-08   8.6360728839e-04   3.1367670449e-02   4.6223029181e-02   1.2902178508e-01   5.4463479986e-08   5.6010488536e-05   3.5279941217e-08   6.9499320109e-01  -7.2045386893e+05
   2.2949197600e-02   2.2724699459e-02   1.8156840788e-01   6.0736974956e-05   1.4636714837e+00  -2.4412447767e-24  -1.3675257221e-24   1.8087705305e+03   8.4532452208e-02   3.9796007398e-01  -1.5700439624e+06   1.2532858953e-03   1.4272118799e-06   4.1678023952e-08   4.6192029876e-04   1.3470675944e-05   9.7587962073e-02   6.8124389818e-08   1.7976195462e-06   6.8463497328e-08   8.8662912554e-04   2.1371784428e-02   4.5262423381e-02   1.3072118048e-01   8.7979695763e-08   7.2978333531e-05   5.6876034135e-08   7.0236481735e-01  -6.7112561498e+05
   2.3410276357e-02   2.3173695741e-02   1.7735268319e-01   6.2274155992e-05   1.4020601260e+00  -2.7960618488e-24  -1.6053281224e-24   1.8645388771e+03   7.5756325257e-02   3.3080757719e-01  -6.5559689742e+05   1.1945546732e-03   2.2313356418e-06   1.3000502720e-07   7.2257642204e-04   2.5289491238e-05   9.9343609192e-02   1.1774596105e-07   2.8298833502e-06   1.1646052046e-07   8.3630890754e-04   1.2574072316e-02   4.3391007173e-02   1.3272052263e-01   1.4493720821e-07   9.2375293338e-05   9.0729362330e-08   7.0909402280e-01  -6.2247011937e+05
   2.4050460130e-02   2.3646856972e-02   1.7193128574e-01   6.4340641187e-05   1.3154318429e+00  -3.4447132886e-24  -1.6255666248e-24   1.9414058880e+03   6.5143343608e-02   2.3078205528e-01   1.7720131338e+07   1.0388568884e-03   7.0913736259e-06   1.8730009553e-06   1.5304685311e-03   1.1161100487e-04   1.0154719226e-01   3.4356200684e-07   7.3486174133e-06   3.3708606403e-07   5.9115652054e-04   2.7646752448e-03   3.8551420371e-02   1.3652869090e-01   4.7618494304e-07   1.2122428665e-04   2.4565537069e-07   7.1719698851e-01  -5.6088159377e+05
   2.4740301479e-02   2.4454063288e-02   1.7315084365e-01   6.4861630446e-05   1.2124716703e+00  -3.3593786854e-24  -9.6514726778e-25   1.9524160623e+03   5.6645875605e-02   1.5819735454e-01   3.2897772874e+07   4.8411046403e-04   5.5724261153e-05   3.3006488028e-04   7.7599833627e-03   1.9914100457e-03   9.9502857718e-02   1.3545487014e-06   1.0434117905e-06   5.7924142012e-08   7.6927584993e-06   1.5652021888e-05   1.9059195157e-02   1.4774344766e-01   3.6823357736e-07   7.6611047850e-06   4.6618185976e-08   7.2303932983e-01  -5.4569371500e+05
   2.5196804251e-02   2.5026539670e-02   1.7852782965e-01   6.3924013252e-05   1.1396370281e+00  -3.2667112928e-24  -6.3472510995e-25   1.9044720003e+03   5.1219906652e-02   1.4949105792e-01   2.3856534100e+07   2.5376767820e-04   4.2074461516e-05   5.9504738738e-04   2.2844888762e-02   2.4786609329e-03   9.4166007730e-02   3.0576625696e-06   1.0227364882e-08   6.1619118409e-10   7.6271726728e-08   1.7931100147e-07   9.7990968636e-03   1.4244977445e-01   1.2017219650e-08   1.2620313417e-07   5.2677489117e-10   7.2736721890e-01  -4.7584371821e+05
   2.5500563954e-02   2.5367068833e-02   1.8365335187e-01   6.2929905955e-05   1.0890158750e+00  -3.0304614839e-24  -4.4419529623e-25   1.8568507662e+03   4.7534202603e-02   1.4515032232e-01   2.3487908092e+07   1.6063117940e-04   2.9021290363e-05   6.1740612584e-04   3.5417600141e-02   2.3334477496e-03   8.9864707378e-02   4.0265974928e-06   1.5419545481e-10   9.7884946484e-12   1.4072134427e-09   4.1208077805e-09   5.9659193303e-03   1.3532015076e-01   2.2987908555e-09   2.8504797902e-09   8.4964995071e-12   7.3028707860e-01  -4.2327208264e+05
   2.5749895232e-02   2.5634059075e-02   1.8905590338e-01   6.1870758282e-05   1.0461279896e+00  -2.7256736230e-24  -3.1499512495e-25   1.8075790571e+03   4.4502213890e-02   1.3762851118e-01   2.1408428874e+07   1.0748245663e-04   1.9827951252e-05   5.6525174846e-04   4.6693261579e-02   2.0521033295e-03   8.5968626055e-02   4.6088989438e-06   3.5884118442e-12   2.3834583889e-13   4.1776894855e-11   1.4913564782e-10   3.8396491424e-03   1.2811038858e-01   1.0509361158e-09   9.4163418042e-11   2.0533340069e-13   7.3263879891e-01  -3.8217050252e+05
   2.5971499323e-02   2.5865731389e-02   1.9487516392e-01   6.0751520190e-05   1.0070116718e+00  -2.3206372171e-24  -2.2289407768e-25   1.7565245812e+03   4.1823353381e-02   1.2852283965e-01   1.8600723412e+07   7.3436524612e-05   1.3439269891e-05   4.8739229238e-04   5.7158442584e-02   1.7402694165e-03   8.2268133818e-02   4.9481001716e-06   1.2166016889e-13   8.3755820406e-15   1.8270537353e-12   7.7236496427e-12   2.5297467549e-03   1.2105162067e-01   5.2455508290e-10   5.2038211822e-12   7.0576764186e-15   7.3467257003e-01  -3.4857665306e+05
   2.6176526042e-02   2.6077267256e-02   2.0117329112e-01   5.9580034645e-05   9.7001447582e-01  -2.1917642975e-24  -1.5605064645e-25   1.7039318872e+03   3.9373598142e-02   1.1853901766e-01   1.5627673495e+07   5.0557473186e-05   9.0082979589e-06   4.0373940162e-04   6.7029724509e-02   1.4363694998e-03   7.8679711326e-02   5.1153602430e-06   5.6930191994e-15   4.0337638648e-16   1.1129976518e-13   5.4652568173e-13   1.6873339577e-03   1.1420026412e-01   2.6470185734e-10   7.2714849321e-13   3.3068345461e-16   7.3649817579e-01  -3.2027928519e+05
   2.6370785529e-02   2.6275784828e-02   2.0799184246e-01   5.8364132499e-05   9.3428232614e-01  -1.9880262415e-24  -1.0809305420e-25   1.6501226535e+03   3.7089910423e-02   1.0815690603e-01   1.2770553886e+07   3.4860096398e-05   5.9530577125e-06   3.2390461408e-04   7.6418116738e-02   1.1578905143e-03   7.5165430439e-02   5.1525896560e-06   3.5333775655e-16   2.5660672852e-17   9.1007632481e-15   5.1350618200e-14   1.1355536662e-03   1.0757893444e-01   1.3343234506e-10   2.3472939558e-13   2.0936882409e-17   7.3817420371e-01  -2.9592022498e+05
   2.6558033578e-02   2.6465786231e-02   2.1537992996e-01   5.7108850677e-05   8.9926118389e-01  -1.7585995217e-24  -7.3463445110e-26   1.5953264627e+03   3.4932597318e-02   9.7722303345e-02   1.0172942254e+07   2.4006017641e-05   3.8663659749e-06   2.5254292430e-04   8.5402242106e-02   9.1257940337e-04   7.1701553919e-02   5.0886781275e-06   4.5478330521e-17   2.1486472925e-18   1.0727306013e-15   6.2969412687e-15   7.7137619828e-04   1.0118849797e-01   6.6860406423e-11   1.0014755132e-13   2.1305145881e-18   7.3973824635e-01  -2.7455744936e+05
   2.6740833924e-02   2.6650280926e-02   2.2339277840e-01   5.5817988188e-05   8.6457826608e-01  -1.5659675214e-24  -4.9630261749e-26   1.5397354630e+03   3.2875676271e-02   8.7493376837e-02   7.9048776648e+06   1.6508835213e-05   2.4609528475e-06   1.9163975739e-04   9.4037793617e-02   7.0314673780e-04   6.8273738525e-02   4.9456128095e-06   2.8768865465e-18   2.1971588107e-19   1.3591337073e-16   9.8904122779e-16   5.3063456140e-04   9.5023798692e-02   3.3247133857e-11   4.5238971989e-14   2.6094838182e-19   7.4121533267e-01  -2.5551824898e+05
   2.6921020421e-02   2.6831386922e-02   2.3209200952e-01   5.4494726663e-05   8.2997764618e-01  -1.4902616671e-24  -3.4965548929e-26   1.4835243084e+03   3.0901630348e-02   7.7660190725e-02   5.9915893811e+06   1.1368197997e-05   1.5313217049e-06   1.4160701525e-04   1.0236507866e-01   5.2932520538e-04   6.4873888708e-02   4.7416508648e-06   3.6376431038e-19   2.8163072015e-20   2.3573242245e-17   1.9738035347e-16   3.7169809635e-04   8.9078129278e-02   1.6417817368e-11   2.1026525310e-14   5.3170069121e-20   7.4262263186e-01  -2.3830697977e+05
   2.7099973179e-02   2.7010653920e-02   2.4154745335e-01   5.3141775397e-05   7.9528119637e-01  -1.4551339748e-24  -3.1849508005e-26   1.4268526404e+03   2.8998279567e-02   6.8357100158e-02   4.4281612625e+06   7.8848932210e-06   9.2947913075e-07   1.0189310310e-04   1.1041457267e-01   3.8894731149e-04   6.1497852325e-02   4.4927583938e-06   5.6390751727e-20   4.4570324274e-21   5.1662918558e-18   4.9596198271e-17   2.6693365812e-04   8.3344233125e-02   8.0675998707e-12   1.0068879733e-14   1.3793058576e-20   7.4397226067e-01  -2.2254877393e+05
   2.7278981512e-02   2.7189292437e-02   2.5185167487e-01   5.1759809822e-05   7.6032597171e-01  -1.3623502257e-24  -2.6857069100e-26   1.3697993740e+03   2.7154927180e-02   5.9663311403e-02   3.1876686593e+06   5.5569761785e-06   5.4882059291e-07   7.1345923633e-05   1.1821877661e-01   2.7852983159e-04   5.8140220067e-02   4.2123706183e-06   1.0680761522e-20   8.6157885532e-22   1.4141248185e-18   1.5583360708e-17   1.9776366082e-04   7.7808646058e-02   3.9490444012e-12   5.0271960886e-15   4.0464702148e-21   7.4527439968e-01  -2.0794200687e+05
   2.7459857926e-02   2.7368670587e-02   2.6316153461e-01   5.0343302806e-05   7.2484819650e-01  -9.7259605201e-25  -2.6301985903e-26   1.3121988834e+03   2.5356630886e-02   5.1581144715e-02   2.2279237043e+06   4.0205284139e-06   3.1352178192e-07   4.8484124111e-05   1.2583364859e-01   1.9373045209e-04   5.4784186439e-02   3.9098220911e-06   2.4484330769e-21   2.0155505981e-22   4.8071864416e-19   6.1188696521e-18   1.5166230075e-04   7.2438420513e-02   1.9178740733e-12   2.6432203218e-15   1.2668345367e-21   7.4654162370e-01  -1.9420686699e+05
   2.7643582831e-02   2.7551045265e-02   2.7561422733e-01   4.8892523549e-05   6.8876676515e-01  -6.1288509574e-25  -2.8382031554e-26   1.2541356880e+03   2.3598692165e-02   4.4138573957e-02   1.5096551809e+06   3.0265264342e-06   1.7281656914e-07   3.1954015868e-05   1.3327525389e-01   1.3065204926e-04   5.1428430170e-02   3.5944494303e-06   7.0061426905e-22   5.8842211196e-23   2.0966689076e-19   3.1131393396e-18   1.2062446807e-04   6.7227306484e-02   9.2152020183e-13   1.4772230916e-15   4.1601099798e-22   7.4777898513e-01  -1.8116106739e+05
   2.7830365878e-02   2.7736120397e-02   2.8932297629e-01   4.7412674731e-05   6.5216109456e-01  -3.9187841192e-25  -3.1214144060e-26   1.1958933436e+03   2.1884239706e-02   3.7374154867e-02   9.9038596173e+05   2.3953239498e-06   9.1748163350e-08   2.0435317369e-05   1.4052876690e-01   8.5416445648e-05   4.8085366311e-02   3.2713354916e-06   2.6634298673e-22   2.2812569346e-23   1.2488844325e-19   2.1924641025e-18   9.9303186713e-05   6.2188888313e-02   4.3574482317e-13   8.7659344296e-16   1.4185005902e-22   7.4898606512e-01  -1.6872627529e+05
   2.8020985282e-02   2.7924611359e-02   3.0446161572e-01   4.5904399542e-05   6.1502414459e-01  -2.3674658395e-25  -3.3558341165e-26   1.1375725329e+03   2.0211835671e-02   3.1275474808e-02   6.2712569248e+05   1.9974361465e-06   4.6725887722e-08   1.2681206407e-05   1.4760006556e-01   5.4115817750e-05   4.4757337931e-02   2.9405093970e-06   1.4478319024e-22   1.0413076467e-23   1.0304415802e-19   2.1544356881e-18   8.4087396669e-05   5.7320815215e-02   2.0065070034e-13   5.4394632327e-16   4.9348166334e-23   7.5016591220e-01  -1.5680443137e+05
   2.8216211735e-02   2.8117359206e-02   3.2123163180e-01   4.4368642462e-05   5.7738267506e-01  -1.0377758193e-25  -3.4955605997e-26   1.0792892905e+03   1.8581466065e-02   2.5827734834e-02   3.8191523636e+05   1.7445452890e-06   2.2724999452e-08   7.6457057093e-06   1.5448973718e-01   3.3272498160e-05   4.1448064019e-02   2.5984586904e-06   2.7034338339e-23   7.2193604983e-24   1.0325332851e-19   2.6278623907e-18   7.2638149429e-05   5.2623298694e-02   8.8912443583e-14   3.4473537148e-16   1.7113951928e-23   7.5132097803e-01  -1.4532155517e+05
   2.8417392730e-02   2.8315064265e-02   3.3992357718e-01   4.2802149318e-05   5.3919138546e-01  -1.9704444228e-26  -3.4898439302e-26   1.0210086609e+03   1.6990019486e-02   2.1003721144e-02   2.2240004690e+05   1.5777184216e-06   1.0474118855e-08   4.4855515881e-06   1.6121176265e-01   1.9894776232e-05   3.8153654056e-02   2.2400712280e-06   5.2370694077e-23   4.7148272805e-24   1.1031245211e-19   3.4713426667e-18   6.3435560171e-05   4.8086593217e-02   3.7355891065e-14   2.1749536811e-16   5.7770648022e-24   7.5245634593e-01  -1.3420435559e+05
   2.8628533966e-02   2.8519721196e-02   3.6116506138e-01   4.1181945554e-05   4.9996600928e-01   5.6705112214e-26  -3.3391042493e-26   9.6200290000e+02   1.5417513035e-02   1.6722129254e-02   1.2212620688e+05   1.4583470334e-06   4.4840818532e-09   2.5514711604e-06   1.6785137040e-01   1.1532785064e-05   3.4832778194e-02   1.8616709092e-06   3.2737811513e-23   2.5921683943e-24   1.1740334009e-19   4.6181761731e-18   5.5442359462e-05   4.3653282409e-02   1.4478346531e-14   1.3335971763e-16   1.8647768524e-24   7.5358971788e-01  -1.2328403154e+05
   2.8851535552e-02   2.8737346736e-02   3.8543745820e-01   3.9508088220e-05   4.5979264296e-01   1.0689864148e-25  -3.1755712876e-26   9.0243727737e+02   1.3867571839e-02   1.2995267820e-02   6.3283440545e+04   1.3643477255e-06   1.7776349096e-09   1.4216147422e-06   1.7439393156e-01   6.5386450297e-06   3.1490181710e-02   1.4798203775e-06   1.8721179552e-23   1.5159896929e-24   1.1926746034e-19   6.0016237368e-18   4.8116112669e-05   3.9334086049e-02   5.1317424430e-15   7.9475936257e-17   5.8809261759e-25   7.5472287837e-01  -1.1241130647e+05
   2.9086444838e-02   2.8965724368e-02   4.1311879990e-01   3.7793641492e-05   4.1909971681e-01   1.3174578944e-25  -2.8781896669e-26   8.4294071230e+02   1.2357442460e-02   9.8490997024e-03   3.1190598419e+04   1.2821007764e-06   6.5571904619e-10   7.8664975730e-07   1.8076722768e-01   3.6675783807e-06   2.8162778211e-02   1.1232879365e-06   3.5997853302e-24   9.2913041146e-25   1.1450382648e-19   7.5117120245e-18   4.1182193773e-05   3.5173820370e-02   1.6635808602e-15   4.6950586420e-17   9.1754368422e-26   7.5584813127e-01  -1.0164139941e+05
   2.9336170315e-02   2.9207165309e-02   4.4495991064e-01   3.6034656254e-05   3.7784403278e-01   1.3369485223e-25  -2.4645108984e-26   7.8354216502e+02   1.0887429366e-02   7.2453395614e-03   1.4744321237e+04   1.2025010978e-06   2.2587372591e-10   4.3513792517e-07   1.8697038885e-01   2.0453813897e-06   2.4854630107e-02   8.1614571333e-07   1.8790969361e-24   4.7759276683e-25   1.0357049862e-19   9.0060129288e-18   3.4447562415e-05   3.1164015807e-02   4.9153306907e-16   2.8189570465e-17   3.1075946844e-26   7.5697201828e-01  -9.0907758203e+04
   2.9605719340e-02   2.9465175321e-02   4.8209407530e-01   3.4219477490e-05   3.3572339641e-01   1.1863390022e-25  -1.9728434788e-26   7.2405319210e+02   9.4520187682e-03   5.1242815461e-03   6.7204545299e+03   1.1192714311e-06   7.2683832991e-11   2.4024282080e-07   1.9302695550e-01   1.1337460002e-06   2.1561116236e-02   5.6890977549e-07   9.2293266764e-25   2.2998697467e-25   8.8069080922e-20   1.0286806732e-17   2.7811161202e-05   2.7272475636e-02   1.3095276523e-16   1.7513040228e-17   1.0481197192e-26   7.5810857922e-01  -8.0098019240e+04
   2.9911562986e-02   2.9746263358e-02   5.2752350779e-01   3.2277413107e-05   2.9122377069e-01   9.0686542651e-26  -1.3837106115e-26   6.6252020226e+02   8.0075610831e-03   3.3367659422e-03   2.8555276737e+03   1.0245528575e-06   2.0750245856e-11   1.2829292059e-07   1.9912127673e-01   6.0808602837e-07   1.8187547569e-02   3.7399551789e-07   6.5097682559e-25  -1.1478479764e-24   6.9649517929e-20   1.1114708574e-17   2.1089399951e-05   2.3364049872e-02   2.9110450913e-17   1.1079983230e-17   3.2807454117e-27   7.5930390148e-01  -6.8942171303e+04
   3.0270141067e-02   3.0076862614e-02   5.8328660647e-01   3.0224607577e-05   2.4540515122e-01   5.8345436703e-26  -8.0739866956e-27   5.9994687935e+02   6.5785125322e-03   1.9087497218e-03   1.1141706746e+03   9.1148663879e-07   5.1600600481e-12   6.5246391391e-08   2.0515029270e-01   3.1355462157e-07   1.4777748392e-02   2.2915981497e-07   1.6244145774e-25   3.8211780385e-26   5.0084031478e-20   1.1060281546e-17   1.4526081813e-05   1.9512216835e-02   5.1176547506e-18   7.0039956933e-18   8.5724531561e-28   7.6054369654e-01  -5.7536730821e+04
   3.0702678411e-02   3.0463419520e-02   6.5046026008e-01   2.8123817300e-05   1.9985234098e-01   2.9832625114e-26  -2.4135939042e-27   5.3865901388e+02   5.2173800710e-03   9.5384264881e-04   3.9011663641e+02   7.7359732993e-07   1.0980443298e-12   3.0866812436e-08   2.1089265615e-01   1.5482285744e-07   1.1474015240e-02   1.2888075001e-07   5.6193204609e-26   1.2710829770e-26   3.2632563159e-20   9.6912535777e-18   8.6751425453e-06   1.5829411688e-02   6.6458345819e-19   4.1762539841e-18   1.9112154116e-28   7.6179415361e-01  -4.6346854459e+04
   3.1263826606e-02   3.0941937303e-02   7.3304153103e-01   2.5957786242e-05   1.5348105021e-01   1.0209321710e-26   9.7825953067e-28   4.7852303022e+02   3.9061939856e-03   4.1325922406e-04   1.1443617538e+02   5.9925993555e-07   1.8643194226e-13   1.2761472916e-08   2.1642444683e-01   7.2449916264e-08   8.3236955057e-03   6.1978576048e-08   4.2892015607e-26   3.1942691348e-27   1.8251424531e-20   6.7808303909e-18   3.9857201606e-06   1.2181561054e-02   5.2463679414e-20   2.0057739840e-18   5.8208491044e-29   7.6306556444e-01  -3.5134836434e+04
   3.2074388017e-02   3.1585715909e-02   8.3872252157e-01   2.3673669776e-05   1.0473816717e-01   1.5279699103e-27   6.3238103433e-28   4.1863800621e+02   2.6072895976e-03   1.4863917746e-04   2.2835086702e+01   3.7622189733e-07   2.0899235846e-14   3.9406106305e-09   2.2190493821e-01   3.0626412841e-08   5.3514268461e-03   2.0770777476e-08   1.4891010579e-26   5.5935717729e-28   7.1699000334e-21   2.8936359758e-18   1.0239284846e-06   8.3795492985e-03   1.4998220563e-21   5.3016903867e-19   5.3847611928e-30   7.6436263016e-01  -2.3654051818e+04
   3.3554303807e-02   3.2563060126e-02   9.9168385285e-01   2.1041926490e-05   4.9106011923e-02   4.1874984861e-29   2.3841090776e-29   3.5435020276e+02   1.2055290245e-03   3.1807979427e-05   6.5403365946e-01   9.7846130977e-08   3.8684396977e-16   4.9087494466e-10   2.2782034974e-01   5.1242824057e-09   2.4168055065e-03   1.6229046928e-09   1.1458494414e-28  -1.6032020756e-28   6.5864339154e-22   2.2431548181e-19   5.0771192575e-08   4.0103298971e-03   1.3084892690e-24   2.4393068781e-20   3.8454275883e-32   7.6575235900e-01  -1.1224548059e+04
   3.6818638310e-02   3.4545547488e-02   1.1087547506e+00   1.9409027542e-05   1.5676985237e-02   1.2758190934e-30   6.7632937686e-31   3.1705772938e+02   3.6708349691e-04   1.5345422521e-06   5.0483842161e-03   8.0582295334e-09   2.1464134718e-18   3.4902109130e-11   2.3135947872e-01   3.9390663636e-10   7.5601849140e-04   8.2587171345e-11   8.1367126669e-31   4.4920000885e-32   3.7527488174e-23   1.1066703371e-20   1.9435602068e-09   1.2917507526e-03   2.6370485213e-28   9.9571522694e-22   1.0490439600e-34   7.6659274153e-01  -2.5352939725e+03
   4.1364350201e-02   3.9091729132e-02   1.1563117961e+00   1.8817667520e-05   3.7306212902e-03   2.0048297906e-32   5.3746345353e-33   3.0405465424e+02   7.0872285455e-05   8.8529777220e-08   1.0891726327e-05   4.5091816920e-10   4.3193871534e-21   1.4740886701e-12   2.3261000310e-01   1.8033871836e-11   1.7975951712e-04   2.2167622555e-12   1.2017587889e-33   6.3171106808e-35   1.1332121863e-24   2.8804253545e-22   3.8213632422e-11   3.0772451155e-04   1.4948957886e-32   1.9886954221e-23   1.1592214948e-37   7.6690251236e-01   8.4014716054e+02
   4.8181924351e-02   4.3636971270e-02   1.1704117817e+00   1.8649287690e-05   3.6927935698e-04   1.1151941800e-34   1.9093873415e-35   3.0040186317e+02  -1.2357348855e-05   2.7128250237e-09   1.9679222431e-09   8.7694127654e-12   7.9698124173e-25   1.9018480115e-14   2.3296139000e-01   2.5060223028e-13   1.7829538184e-05   1.7220824407e-14   1.4625662294e-37   7.5742663281e-39   9.7288525371e-27   2.2146640610e-24   2.3945703424e-13   3.0442458011e-05   4.8532288287e-37   1.2749868324e-25   1.2943400969e-41   7.6699033800e-01   1.8019830675e+03
   5.8953301882e-02   5.2726877431e-02   1.1718512547e+00   1.8632268616e-05   3.1321075245e-05   2.2128872232e-37   3.0272078908e-38   3.0003388884e+02  -2.0728465160e-05   8.7407585328e-12   4.6033089674e-14   7.5521995051e-14   1.9533824496e-29   8.8706609777e-17   2.3299673227e-01   1.2555638314e-15   1.5026410428e-06   4.5536887087e-17   2.1285380163e-42   1.0996124301e-43   2.8175925546e-29   5.8732725118e-27   5.3364839655e-16   2.5895589889e-06   3.1091311745e-41   1.9461745338e-27   1.8657564147e-46   7.6699917553e-01   1.8984833860e+03
   7.1406148829e-02   6.5179726332e-02   1.1719673561e+00   1.8630897273e-05   3.9392659611e-06   2.0868613342e-40   2.3897759828e-41   3.0000424702e+02  -2.1405280132e-05   5.3252735541e-14   2.6532031432e-19   3.5571744448e-16   1.1683217949e-34   1.9817007330e-19   2.3299958974e-01   3.0061875515e-18   1.8823239183e-07   5.6389856500e-20   6.8869379317e-48   3.5440748503e-49   3.7924297924e-32   7.3107770597e-30   5.6587828999e-19   3.2592077715e-07   8.1469539715e-45   2.2153045767e-28   6.0135051060e-52   7.6699989611e-01   1.9064259081e+03
   9.0085416047e-02   7.7632571326e-02   1.1719824398e+00   1.8630719123e-05   3.6782890676e-07   2.1029651951e-43   1.7248262837e-44   3.0000039628e+02  -2.1493385306e-05   4.6538097377e-16   2.3627078857e-24   1.8343973238e-18   1.0631207514e-39   5.1810386729e-22   2.3299996171e-01   9.0627434353e-21   1.7562676724e-08   7.3571729945e-23   2.8640783927e-53   1.4793728646e-54   5.2514000407e-35   8.8278410523e-33   5.5472999162e-22   3.0422220376e-08   2.2896275329e-48   2.0664986670e-29   2.5084481068e-57   7.6699999030e-01   1.9074693990e+03
   1.2744770433e-01   1.0253826077e-01   1.1719839807e+00   1.8630700924e-05   2.6765639387e-09   8.8018818621e-46   6.6828893447e-47   3.0000000290e+02  -2.1502387686e-05   8.5533034914e-19   4.8580109083e-29   8.3635216533e-21   2.1754605641e-44   2.3111554265e-24   2.3299999972e-01   4.1458136544e-23   1.2841769683e-10   3.0917975069e-25   5.4761441698e-58   2.8320552342e-59   2.1976484629e-37   3.5884018919e-35   2.1856813304e-24   2.2054496120e-10   7.5914953416e-53   1.4978133916e-31   4.8010852849e-62   7.6699999993e-01   1.9075761148e+03
   1.7726659147e-01   1.5235714790e-01   1.1719839921e+00   1.8630700790e-05   4.9169207716e-12   7.8364650746e-50   5.6806568553e-51   3.0000000001e+02  -2.1502453610e-05   1.9660595643e-23   4.5983238082e-35   3.5810664115e-24   1.2230868235e-51   4.3143000639e-28   2.3300000000e-01   7.8161504353e-27   2.4024714250e-13   3.5713589018e-29   1.8937319630e-65   7.6064520779e-67   2.7364314769e-41   4.3758261088e-39   2.4312322578e-28   3.9870163931e-13   2.5917106604e-59   2.7057110900e-34   1.1358665142e-69   7.6700000000e-01   1.9075768835e+03
   2.2708547860e-01   2.0217603504e-01   1.1719839921e+00   1.8630700790e-05   1.2604324129e-15   2.9432828313e-54   2.0331762317e-55   3.0000000000e+02  -2.1502453731e-05   6.5223239816e-29   2.2943215830e-39   6.6944203258e-28   2.0241316391e-59   3.4268344048e-32   2.3300000000e-01   6.2714166110e-31   7.4905098848e-17   1.7460251933e-33   7.0069640416e-74   2.8250016910e-75   1.4431086200e-45   2.2610509077e-43   1.1456975259e-32   8.9826895646e-17   1.1380528608e-65   6.0471177452e-38   4.9775073137e-78   7.6700000000e-01   1.9075768848e+03
   2.7690436574e-01   2.5199492217e-01   1.1719839921e+00   1.8630700790e-05  -4.2152586538e-17   7.3048751902e-59   4.7886636082e-60   3.0000000000e+02  -2.1502453731e-05   1.9473739199e-37   8.0016672006e-44   8.3181409338e-32   2.0956914442e-67   1.8009523740e-36   2.3300000000e-01   3.3369762486e-35   1.0264476064e-20   5.6473204466e-38   1.3084599204e-74   1.3311752167e-80   5.0330594733e-50   7.7301496428e-48   3.5743730103e-37   8.6852668538e-21   1.0461995155e-69   5.7976601445e-42   9.7627663816e-87   7.6700000000e-01   1.9075768848e+03
   3.2672325287e-01   3.0181380930e-01   1.1719839921e+00   1.8630700790e-05  -6.0891880371e-17   1.3702641810e-63   8.4671044206e-65   3.0000000000e+02  -2.1502453731e-05   1.7532388603e-36   2.1107627390e-48   7.8258271020e-36   1.2224745865e-67   7.1571100185e-41   2.3300000000e-01   1.3495276184e-39   8.9136609421e-25   1.3824133649e-42   1.9136577894e-82  -3.7288139039e-88   1.3275470837e-54   2.0010094517e-52   8.4545419806e-42   5.2922995386e-25   6.3206171743e-74   3.5027138507e-46   1.1228620533e-95   7.6700000000e-01   1.9075768848e+03
   3.7654214001e-01   3.5163269644e-01   1.1719839921e+00   1.8630700790e-05  -6.1712037407e-17   2.0731889929e-68   1.1889102324e-69   3.0000000000e+02  -2.1502453731e-05   1.9493820393e-37   3.6354464138e-44   5.9481055085e-40   2.2268158330e-59   2.3007039210e-45   2.3300000000e-01   4.4630530230e-44   5.6394317499e-29   2.7358910956e-47   1.4740836601e-87   1.8562920114e-98   2.8253028702e-59   4.1841070130e-57   1.6182467347e-46   2.3435461061e-29   2.7750242397e-78   1.5378428242e-50  8.6987916174e-105   7.6700000000e-01   1.9075768848e+03
   4.2636102714e-01   4.0145158357e-01   1.1719839921e+00   1.8630700790e-05  -6.1715249042e-17   2.6358952816e-73   1.3547448660e-74   3.0000000000e+02  -2.1502453731e-05   7.0129554410e-36   9.9037450230e-53   3.8108812977e-44   6.0662804190e-68   6.2621834384e-50   2.3300000000e-01   1.2737058704e-48   2.7934997676e-33   4.5856387692e-52   1.2182659895e-94  -7.9150144653e-94   5.0520913358e-64   7.3563518612e-62   2.6103860985e-51   8.1132353573e-34   9.5248929682e-83   5.2784337937e-55  4.9801079466e-114   7.6700000000e-01   1.9075768848e+03
   4.7617991427e-01   4.5127047071e-01   1.1719839921e+00   1.8630700790e-05  -3.5148700230e-17   2.9016635473e-78   1.2357525309e-79   3.0000000000e+02  -2.1502453731e-05   7.0129554410e-36   9.2041715687e-61   2.1264454588e-48   5.5617212627e-76   1.4974384627e-54   2.3300000000e-01   3.2819223883e-53   1.1328264536e-37   4.4761117350e-54  2.2725936759e-105  3.8846250889e-106   7.8145977272e-69   1.1188178750e-66   3.6541780525e-56   2.2971884373e-38   2.6738147188e-87   1.4817555502e-59  2.2622605588e-123   7.6700000000e-01   1.9075768848e+03
   5.2599880141e-01   5.0108935784e-01   1.1719839921e+00   1.8630700790e-05  -6.1560960304e-17   2.8329661377e-83   8.1694364779e-85   3.0000000000e+02  -2.1502453731e-05   9.5449430573e-36   1.6639380452e-67   1.0628888994e-52   1.5157235939e-84   3.2514806445e-59   2.3300000000e-01   7.9235118382e-58   3.8781067420e-42   4.4360767951e-56  5.9004555374e-100  1.9450601438e-105   1.0698300777e-73   1.5044760460e-71   4.5442392839e-61   5.4872011532e-43   6.3321546975e-92   3.5091074666e-64  1.3784044419e-132   7.6700000000e-01   1.9075768848e+03
   5.7581768854e-01   5.5090824498e-01   1.1719839921e+00   1.8630700790e-05  -6.1717730211e-17   2.5057244527e-88   1.7992737353e-90   3.0000000000e+02  -2.1502453731e-05   1.9473739199e-37  -5.0251576261e-69   4.8860221579e-57   7.3998970992e-85   7.0200034059e-63   2.3300000000e-01   2.5053821962e-62   1.1463181005e-46   3.2347910646e-54  2.9238046089e-109  7.4546795348e-117   1.3219160160e-78   1.8214061574e-76   5.1245258428e-66   1.1311608736e-47   1.2941596499e-96   7.1718798684e-69 -2.2775268815e-134   7.6700000000e-01   1.9075768848e+03
   6.2563657568e-01   6.0072713211e-01   1.1719839921e+00   1.8630700790e-05  -6.1715098873e-17   2.0490852738e-93  -5.3337174186e-95   3.0000000000e+02  -2.1502453731e-05   1.7532388603e-36  -6.1636532494e-69   2.1181160216e-61   4.4968448721e-91   1.2312468327e-67   2.3300000000e-01   4.9683651043e-67   2.9765844078e-51   3.2971360241e-59 -8.1574185752e-109  2.3996045719e-109   1.5014006635e-83   2.0178484409e-81   5.3451065077e-71   2.0477075774e-52  2.3226896047e-101   1.2871713125e-73  9.4646622920e-144   7.6700000000e-01   1.9075768848e+03
   6.7545546281e-01   6.5054601924e-01   1.1719839921e+00   1.8630700790e-05  -4.1966217546e-17   1.5814779617e-98  -1.1751704011e-99   3.0000000000e+02  -2.1502453731e-05   4.8892653080e-36  -6.1636532766e-69   8.8525951395e-66   1.2952428884e-87   2.7948402263e-64   2.3300000000e-01   5.6872600044e-65   7.0236562400e-56   9.5406713948e-56  2.4918440192e-113  7.5904006248e-119   1.5963560733e-88   2.0784508478e-86   5.2621326480e-76   3.4008132082e-57  3.8250610336e-106   2.1197443568e-78  6.7343923544e-147   7.6700000000e-01   1.9075768848e+03
   7.2518245319e-01   7.0036490638e-01   1.1719839921e+00   1.8630700790e-05  -1.0609120766e-18  1.1827327657e-103 -1.6642437278e-104   3.0000000000e+02  -2.1502453731e-05   1.2512524508e-35  -6.1636532768e-69   3.6365614936e-70   8.8285363406e-87   1.7338539389e-63   2.3300000000e-01   1.9566987033e-63   1.8070414119e-60   6.5030403002e-55  2.8488093351e-118  1.0355606819e-129   1.6260538964e-93   2.0316873076e-91   5.0169582644e-81   6.6529319196e-62  7.4293790414e-111   4.1171592160e-83  8.9365521980e-151   7.6700000000e-01   1.9075768848e+03