# L (m)  = 1
# P (Pa) = 101325
#             001_x           002_mixf              003_T              004_h             005_pv        006_density             007_H2              008_H              009_O             010_O2             011_OH            012_H2O            013_HO2            014_CH2         015_CH2(S)            016_CH3            017_CH4             018_CO            019_CO2            020_HCO           021_CH2O          022_CH2OH             023_N2
                  0   0.0000000000e+00   3.0000000000e+02   1.9075768848e+03   0.0000000000e+00   1.1719839921e+00   0.0000000000e+00   0.0000000000e+00   0.0000000000e+00   2.3300000000e-01   0.0000000000e+00   0.0000000000e+00   0.0000000000e+00   0.0000000000e+00   0.0000000000e+00   0.0000000000e+00   0.0000000000e+00   0.0000000000e+00   0.0000000000e+00   0.0000000000e+00   0.0000000000e+00   0.0000000000e+00   7.6700000000e-01
   2.0000000000e-03   2.0000000000e-03   3.5564900258e+02  -4.6734072323e+04   9.7330292380e-03   9.8682868061e-01   2.8166400342e-06   2.2616402810e-11   4.5337324029e-07   2.2479332364e-01   2.7845048898e-07   4.4558173182e-03   1.9946007042e-06   3.5268831005e-13   2.1038914893e-14   2.6243387045e-08   4.2628319570e-06   3.4890169070e-04   4.9254935891e-03   2.6209947406e-12   6.3159915720e-07   1.0689020923e-16   7.6546600000e-01
   6.0000000000e-03   6.0000000000e-03   4.6429221041e+02  -1.4399635438e+05   2.9185377132e-02   7.5320656933e-01   8.5891371420e-06   2.5565025445e-10   1.3417646346e-06   2.0839227277e-01   8.4412563932e-07   1.3363440124e-02   6.0455759819e-06   2.8308025764e-12   2.0062599103e-13   9.2096391379e-08   1.3951915156e-05   1.0578120484e-03   1.4755535823e-02   3.1843687663e-11   2.0743300200e-06   4.0369402252e-15   7.6239800000e-01
   1.0000000000e-02   1.0000000000e-02   5.6878119751e+02  -2.4116513731e+05   4.8594070633e-02   6.1263122200e-01   1.4806259002e-05   1.2034832756e-09   2.2321849168e-06   1.9202989745e-01   1.4947880223e-06   2.2257827759e-02   1.0490755314e-05   1.0312435557e-11   7.7127248206e-13   2.1543416982e-07   2.7490751963e-05   1.8004602486e-03   2.4520976366e-02   1.4300535257e-10   4.1066482673e-06   3.9753338160e-14   7.5933000000e-01
   1.4000000000e-02   1.4000000000e-02   6.6856492534e+02  -3.3808213447e+05   6.7921331152e-02   5.1931391035e-01   2.1859793555e-05   4.3993533141e-09   3.1370467486e-06   1.7573889141e-01   2.3422145809e-06   3.1126081104e-02   1.5743102517e-05   3.4694287614e-11   2.5815092624e-12   4.8630350005e-07   4.8753983088e-05   2.6005276143e-03   3.4172862640e-02   5.0571909845e-10   7.3098467992e-06   2.6656039179e-13   7.5626200000e-01
   1.8000000000e-02   1.8000000000e-02   7.6332859543e+02  -4.3443241030e+05   8.7114409356e-02   4.5318380807e-01   3.0302303108e-05   1.3726932077e-08   4.0648374240e-06   1.5956416897e-01   3.5926402204e-06   3.9948136960e-02   2.2092524425e-05   1.2033184439e-10   8.6045184488e-12   1.1021483008e-06   8.3981754380e-05   3.4829443600e-03   4.3653025733e-02   1.6466144178e-09   1.2572269429e-05   1.4980852431e-12   7.5319400000e-01
   2.2000000000e-02   2.2000000000e-02   8.5289216888e+02  -5.2973248976e+05   1.0609526879e-01   4.0409108386e-01   4.0943227021e-05   3.7297262883e-08   5.0444772992e-06   1.4357120687e-01   5.5852981741e-06   4.8691517950e-02   2.9526845916e-05   4.3650717475e-10   2.9355259142e-11   2.4965074607e-06   1.4359994142e-04   4.4731670207e-03   5.2889640592e-02   5.2036804265e-09   2.1228300477e-05   7.5578274226e-12   7.5012600000e-01
   2.6000000000e-02   2.6000000000e-02   9.3703326935e+02  -6.2334934091e+05   1.2474577737e-01   3.6641406066e-01   5.4965565381e-05   8.8575118838e-08   6.1069377077e-06   1.2785790024e-01   8.6860838960e-06   5.7303530859e-02   3.7668799381e-05   1.6009142654e-09   9.9877371005e-11   5.5848638092e-06   2.4504235961e-04   5.5946524535e-03   6.1792628491e-02   1.5869962511e-08   3.5127163552e-05   3.4786204226e-11   7.4705800000e-01
   3.0000000000e-02   3.0000000000e-02   1.0153026891e+03  -7.1450652102e+05   1.4288815455e-01   3.3685504233e-01   7.4034620918e-05   1.8345342658e-07   7.1275426795e-06   1.1257027872e-01   1.2855970854e-05   6.5700597437e-02   4.5861756871e-05   5.5402426974e-09   3.1792585706e-10   1.2160668664e-05   4.1691210578e-04   6.8631330427e-03   7.0250389451e-02   4.4192575401e-08   5.6415038636e-05   1.4277140638e-10   7.4399000000e-01
   3.4000000000e-02   3.4000000000e-02   1.0868230221e+03  -8.0229574136e+05   1.6026493634e-01   3.1343185147e-01   1.0028697353e-04   3.2556964843e-07   7.6253610295e-06   9.7918811819e-02   1.6947277170e-05   7.3756739817e-02   5.3052024990e-05   1.6591761826e-08   8.7133618009e-10   2.5281157310e-05   7.0434398757e-04   8.2763003392e-03   7.8131609206e-02   1.0333866200e-07   8.6555172170e-05   4.9296106704e-10   7.4092200000e-01
   3.8000000000e-02   3.8000000000e-02   1.1501857789e+03  -8.8571278629e+05   1.7653501837e-01   2.9495147676e-01   1.3592409468e-04   4.7519637515e-07   6.9550446447e-06   8.4180978115e-02   1.8555556003e-05   8.1299950768e-02   5.7450074250e-05   3.9101234576e-08   1.8738220686e-09   4.8815448797e-05   1.1733899236e-03   9.8006260090e-03   8.5298517497e-02   1.8536045575e-07   1.2413462226e-04   1.3146552548e-09   7.3785400000e-01
   4.2000000000e-02   4.2000000000e-02   1.2039323482e+03  -9.6373453160e+05   1.9132045143e-01   2.8060729308e-01   1.8211034745e-04   5.4308893429e-07   5.1079252514e-06   7.1659950291e-02   1.5968499832e-05   8.8135648004e-02   5.7098981432e-05   6.6166873194e-08   2.8897711098e-09   8.4550328360e-05   1.9073750846e-03   1.1366722298e-02   9.1635970777e-02   2.3668219940e-07   1.6264616335e-04   2.4726909612e-09   7.3478600000e-01
   4.6000000000e-02   4.6000000000e-02   1.2473436545e+03  -1.0354343368e+06   2.0432395669e-01   2.6970289680e-01   2.3768208971e-04   4.9017851259e-07   3.1004846558e-06   6.0585552564e-02   1.1032935517e-05   9.4109686638e-02   5.1677589771e-05   7.7934807139e-08   3.1069508598e-09   1.2775739340e-04   2.9857087160e-03   1.2891031787e-02   9.7085556170e-02   2.1737308000e-07   1.9242185428e-04   3.1835322018e-09   7.3171800000e-01
   5.0000000000e-02   5.0000000000e-02   1.2809383307e+03  -1.1001280463e+06   2.1543647719e-01   2.6153252549e-01   2.9936337676e-04   4.0092347610e-07   1.7705655061e-06   5.1031021359e-02   7.0956096230e-06   9.9168135404e-02   4.3246301941e-05   7.4629668966e-08   2.7261788370e-09   1.6882662901e-04   4.4533160237e-03   1.4312758897e-02   1.0165621951e-01   1.7222242745e-07   2.0759254651e-04   3.2732959888e-09   7.2865000000e-01
   5.4000000000e-02   5.4000000000e-02   1.3060292674e+03  -1.1575465476e+06   2.2471961023e-01   2.5545379876e-01   3.6346268053e-04   3.4228676100e-07   1.0723878913e-06   4.2934625662e-02   4.9034334799e-06   1.0334849871e-01   3.4353061234e-05   7.0466005826e-08   2.3681227819e-09   2.0168436754e-04   6.3120046828e-03   1.5602876705e-02   1.0540477214e-01   1.3633882452e-07   2.0919147444e-04   3.2371525611e-09   7.2558200000e-01
   5.8000000000e-02   5.8000000000e-02   1.3239679258e+03  -1.2080214577e+06   2.3232746426e-01   2.5098020101e-01   4.2691286209e-04   3.0739264766e-07   7.0368948566e-07   3.6164782387e-02   3.6706576402e-06   1.0673527374e-01   2.6491651147e-05   6.7916916524e-08   2.1155250368e-09   2.2570789795e-04   8.5359397194e-03   1.6752336121e-02   1.0841294154e-01   1.1184557609e-07   2.0074726244e-04   3.2080740671e-09   7.2251400000e-01
   6.2000000000e-02   6.2000000000e-02   1.3358666370e+03  -1.2523977280e+06   2.3845313229e-01   2.4777174502e-01   4.8741264743e-04   2.8071292648e-07   4.8028079711e-07   3.0561450846e-02   2.8608953678e-06   1.0943004692e-01   2.0173265610e-05   6.4412970178e-08   1.8688463085e-09   2.4201575326e-04   1.1087218523e-02   1.7763058919e-02   1.1077261380e-01   9.2246659689e-08   1.8622581830e-04   3.0857189201e-09   7.1944600000e-01
   6.6000000000e-02   6.6000000000e-02   1.3449527747e+03  -1.2883952201e+06   2.4329852505e-01   2.4516269806e-01   5.4336782379e-04   2.5664295381e-07   3.3422006745e-07   2.5959923764e-02   2.2901642091e-06   1.1153594035e-01   1.5277780738e-05   6.0498803268e-08   1.6494409751e-09   2.5229607479e-04   1.3924146580e-02   1.8642729327e-02   1.1257648755e-01   7.5760811434e-08   1.6880889336e-04   2.9200687054e-09   7.1637800000e-01
   7.0000000000e-02   7.0000000000e-02   1.3579130637e+03  -1.3083063527e+06   2.4705587135e-01   2.4192711178e-01   5.9379050323e-04   2.3476070400e-07   2.3824776539e-07   2.2204989416e-02   1.9091493482e-06   1.1314867529e-01   1.1531259104e-05   5.7113252800e-08   1.4903328626e-09   2.5819770051e-04   1.7006158521e-02   1.9401250899e-02   1.1391215466e-01   6.1944040747e-08   1.5074627905e-04   2.7688591425e-09   7.1331000000e-01
   7.4000000000e-02   7.4000000000e-02   1.3698174390e+03  -1.3209162972e+06   2.4989809596e-01   2.3896600633e-01   6.3816598956e-04   2.1383268560e-07   1.7167689534e-07   1.9158085581e-02   1.6214353568e-06   1.1435233984e-01   8.7385368232e-06   5.3518143672e-08   1.3496267133e-09   2.6075071553e-04   2.0296691350e-02   2.0048706371e-02   1.1485888376e-01   5.0556444123e-08   1.3352289472e-04   2.5953153001e-09   7.1024200000e-01
   7.8000000000e-02   7.8000000000e-02   1.3778888549e+03  -1.3319223760e+06   2.5197664047e-01   2.3674014981e-01   6.7635417572e-04   1.9381150132e-07   1.2456459443e-07   1.6698719583e-02   1.3831692354e-06   1.1521892151e-01   6.7075184905e-06   4.9426480403e-08   1.2087833501e-09   2.6073508704e-04   2.3763438541e-02   2.0594793260e-02   1.1548657153e-01   4.1348501250e-08   1.1796287994e-04   2.3911791138e-09   7.0717400000e-01
   8.2000000000e-02   8.2000000000e-02   1.3820401927e+03  -1.3429217998e+06   2.5342203028e-01   2.3523111937e-01   7.0850066514e-04   1.7510952795e-07   9.1272275914e-08   1.4723776957e-02   1.1813587983e-06   1.1580913777e-01   5.2516760680e-06   4.5033915360e-08   1.0697095059e-09   2.5885079420e-04   2.7378159739e-02   2.1048733194e-02   1.1585565865e-01   3.4021586448e-08   1.0440051974e-04   2.1714544247e-09   7.0410600000e-01
   8.6000000000e-02   8.6000000000e-02   1.3827943948e+03  -1.3543766410e+06   2.5434562407e-01   2.3432891486e-01   7.3495464014e-04   1.5799726065e-07   6.7765200099e-08   1.3145897903e-02   1.0100305946e-06   1.1617374010e-01   4.2137193612e-06   4.0598667402e-08   9.3737667641e-10   2.5568465303e-04   3.1116410355e-02   2.1419353482e-02   1.1601757585e-01   2.8251827980e-08   9.2861763692e-05   1.9513236429e-09   7.0103800000e-01
   9.0000000000e-02   9.0000000000e-02   1.3807661798e+03  -1.3663912233e+06   2.5484184355e-01   2.3391953714e-01   7.5619980616e-04   1.4255272290e-07   5.1099798968e-08   1.1891517489e-02   8.6480898573e-07   1.1635495532e-01   3.4727146506e-06   3.6317542133e-08   8.1544457694e-10   2.5167765536e-04   3.4957164242e-02   2.1715209293e-02   1.1601547913e-01   2.3728704466e-08   8.3203286467e-05   1.7409458063e-09   6.9797000000e-01
   9.4000000000e-02   9.4000000000e-02   1.3765276967e+03  -1.3789421002e+06   2.5499039894e-01   2.3390323730e-01   7.7279846873e-04   1.2872453907e-07   3.9182837288e-08   1.0898955852e-02   7.4186780771e-07   1.1638783811e-01   2.9405741040e-06   3.2310393976e-08   7.0572143184e-10   2.4712888386e-04   3.8882406627e-02   2.1944655922e-02   1.1588510644e-01   2.0180736611e-08   7.5204600443e-05   1.5457754294e-09   6.9490200000e-01
   9.8000000000e-02   9.8000000000e-02   1.3705725547e+03  -1.3919626452e+06   2.5485828464e-01   2.3419705823e-01   7.8534690566e-04   1.1639177059e-07   3.0557341052e-08   1.0116723887e-02   6.3778107288e-07   1.1630143445e-01   2.5550108742e-06   2.8635188398e-08   6.0857535999e-10   2.4222192227e-04   4.2876758404e-02   2.2115840579e-02   1.1565566270e-01   1.7384203499e-08   6.8623411059e-05   1.3679863054e-09   6.9183400000e-01
   1.0200000000e-01   1.0200000000e-01   1.3633114878e+03  -1.4053768235e+06   2.5450149395e-01   2.3473337029e-01   7.9444045140e-04   1.0540495957e-07   2.4221964413e-08   9.5020748525e-03   5.4953922943e-07   1.1611974244e-01   2.2725893899e-06   2.5308372604e-08   5.2348020684e-10   2.3705803170e-04   4.6927153195e-02   2.2236624119e-02   1.1535068694e-01   1.5161637878e-08   6.3226017891e-05   1.2077933346e-09   6.8876600000e-01
   1.0600000000e-01   1.0600000000e-01   1.3550789077e+03  -1.4191124794e+06   2.5396648584e-01   2.3545756916e-01   8.0064721318e-04   9.5610827914e-08   1.9492352965e-08   9.0197713361e-03   4.7456177663e-07   1.1586249862e-01   2.0631320526e-06   2.2321968723e-08   4.4945200205e-10   2.3168677314e-04   5.1022563925e-02   2.2314461973e-02   1.1498887803e-01   1.3375750616e-08   5.8802120745e-05   1.0643932832e-09   6.8569800000e-01
   1.1000000000e-01   1.1000000000e-01   1.3461427604e+03  -1.4331059690e+06   2.5329146050e-01   2.3632585462e-01   8.0448958453e-04   8.6865399376e-08   1.5900969756e-08   8.6410207852e-03   4.1067838780e-07   1.1554582892e-01   1.9056210757e-06   1.9655459957e-08   3.8533512400e-10   2.2613010538e-04   5.5153766205e-02   2.2356276568e-02   1.1458486543e-01   1.1922099177e-08   5.5170441190e-05   9.3654380283e-10   6.8263000000e-01
   1.1400000000e-01   1.1400000000e-01   1.3367147935e+03  -1.4473031363e+06   2.5250749464e-01   2.3730331353e-01   8.0643271465e-04   7.9039725298e-08   1.3127252709e-08   8.3425384813e-03   3.5608670964e-07   1.1518279938e-01   1.7853364309e-06   1.7283107698e-08   3.2996558041e-10   2.2039919522e-04   5.9313125707e-02   2.2368347546e-02   1.1414991500e-01   1.0722120456e-08   5.2179225507e-05   8.2287953509e-10   6.7956200000e-01
   1.1800000000e-01   1.1800000000e-01   1.3269601506e+03  -1.4616588117e+06   2.5163957072e-01   2.3836231493e-01   8.0687895707e-04   7.2021299507e-08   1.0949919079e-08   8.1057098326e-03   3.0929994314e-07   1.1478389295e-01   1.6919019755e-06   1.5178009054e-08   2.8225177940e-10   2.1450476518e-04   6.3494400515e-02   2.2356236455e-02   1.1369256236e-01   9.7171579436e-09   4.9704094733e-05   7.2206300216e-10   6.7649400000e-01
   1.2200000000e-01   1.2200000000e-01   1.3170059229e+03  -1.4761357897e+06   2.5070751724e-01   2.3948117143e-01   8.0616717871e-04   6.5713228794e-08   9.2147684056e-09   7.9158365526e-03   2.6909392217e-07   1.1435742857e-01   1.6179604856e-06   1.3314103187e-08   2.4120651092e-10   2.0846240547e-04   6.7692554069e-02   2.2324752819e-02   1.1321916868e-01   8.8636124857e-09   4.7644694725e-05   6.3284323878e-10   6.7342600000e-01
   1.2600000000e-01   1.2600000000e-01   1.3069485690e+03  -1.4907036976e+06   2.4972686515e-01   2.4064301875e-01   8.0457573594e-04   6.0032433777e-08   7.8130734016e-09   7.7614604153e-03   2.3445909929e-07   1.1390993188e-01   1.5582715937e-06   1.1667011784e-08   2.0595316255e-10   2.0229434711e-04   7.1903577974e-02   2.2277960494e-02   1.1273439704e-01   8.1291296644e-09   4.5920982093e-05   5.5406918743e-10   6.7035800000e-01
   1.3000000000e-01   1.3000000000e-01   1.2968602275e+03  -1.5053379252e+06   2.4870961836e-01   2.4183487549e-01   8.0232794638e-04   5.4907600316e-08   6.6671067683e-09   7.6337632204e-03   2.0455963835e-07   1.1344646184e-01   1.5090911531e-06   1.0214282889e-08   1.7572005706e-10   1.9602900867e-04   7.6124326206e-02   2.2219217853e-02   1.1224161073e-01   7.4896651801e-09   4.4469611258e-05   4.8468481778e-10   6.6729000000e-01
   1.3400000000e-01   1.3400000000e-01   1.2867939924e+03  -1.5200186732e+06   2.4766493491e-01   2.4304685563e-01   7.9959899781e-04   5.0277243572e-08   5.7204422771e-09   7.5260430710e-03   1.7869988437e-07   1.1297089540e-01   1.4677384908e-06   8.9353684703e-09   1.4983045676e-10   1.8969934957e-04   8.0352363132e-02   2.2151242577e-02   1.1174319793e-01   6.9272624421e-09   4.3240664851e-05   4.2371957784e-10   6.6422200000e-01
   1.3800000000e-01   1.3800000000e-01   1.2767882480e+03  -1.5347301350e+06   2.4659971623e-01   2.4427151355e-01   7.9652341401e-04   4.6088033383e-08   4.9314385481e-09   7.4332662378e-03   1.5629751377e-07   1.1248617166e-01   1.4322907653e-06   7.8115085458e-09   1.2769188343e-10   1.8334077205e-04   8.4585827580e-02   2.2076191188e-02   1.1124082997e-01   6.4283934133e-09   4.2194834484e-05   3.7027986035e-10   6.6115400000e-01
   1.4200000000e-01   1.4200000000e-01   1.2668701690e+03  -1.5494598020e+06   2.4551910550e-01   2.4550330505e-01   7.9320240757e-04   4.2293413634e-08   4.2688417683e-09   7.3516919030e-03   1.3686230207e-07   1.1199449723e-01   1.4013649603e-06   6.8256007422e-09   1.0878623740e-10   1.7698905595e-04   8.8823314434e-02   2.1995744400e-02   1.1073566147e-01   5.9827367960e-09   4.1301076975e-05   3.2354300287e-10   6.5808600000e-01
   1.4600000000e-01   1.4600000000e-01   1.2570584991e+03  -1.5641978804e+06   2.4442689918e-01   2.4673814988e-01   7.8971066197e-04   3.8852492799e-08   3.7087995419e-09   7.2785648776e-03   1.1997940909e-07   1.1149751560e-01   1.3739615494e-06   5.9620834674e-09   9.2661118380e-11   1.7067860230e-04   9.3063774195e-02   2.1911191115e-02   1.1022848181e-01   5.5822901931e-09   4.0534722701e-05   2.8275349580e-10   6.5501800000e-01
   1.5000000000e-01   1.5000000000e-01   1.2473657212e+03  -1.5789368019e+06   2.4332587902e-01   2.4797308202e-01   7.8610227562e-04   3.5729161991e-08   3.2328160416e-09   7.2118695435e-03   1.0529619878e-07   1.1099644373e-01   1.3493523248e-06   5.2068367799e-09   7.8922288256e-11   1.6444110787e-04   9.7306429978e-02   2.1823506042e-02   1.0971982697e-01   5.2207329926e-09   3.9875986346e-05   2.4722050630e-10   6.5195000000e-01
   1.5400000000e-01   1.5400000000e-01   1.2377997234e+03  -1.5936708163e+06   2.4221807386e-01   2.4920597457e-01   7.8241575584e-04   3.2891393992e-08   2.8263369710e-09   7.1501370892e-03   9.2511781240e-08   1.1049218005e-01   1.3270002248e-06   4.5470959431e-09   6.7227072752e-11   1.5830468883e-04   1.0155071059e-01   2.1733417899e-02   1.0921006015e-01   4.8929741078e-09   3.9308818718e-05   2.1631586697e-10   6.4888200000e-01
   1.5800000000e-01   1.5800000000e-01   1.2283650603e+03  -1.6083956502e+06   2.4110496157e-01   2.5043532657e-01   7.7867806406e-04   3.0310681815e-08   2.4777579024e-09   7.0922976541e-03   8.1368636761e-08   1.0998538796e-01   1.3065024537e-06   3.9713710492e-09   5.7278499520e-11   1.5229340896e-04   1.0579619785e-01   2.1641466927e-02   1.0869942862e-01   4.5948334943e-09   3.8820036433e-05   1.8947193760e-10   6.4581400000e-01
   1.6200000000e-01   1.6200000000e-01   1.2190638947e+03  -1.6231082240e+06   2.3998762166e-01   2.5166010037e-01   7.7490778872e-04   2.7961583153e-08   2.1777191134e-09   7.0375691703e-03   7.1645832878e-08   1.0947655934e-01   1.2875505224e-06   3.4693676440e-09   4.8820020213e-11   1.4642713732e-04   1.1004258602e-01   2.1548051679e-02   1.0818810286e-01   4.3228187122e-09   3.8398670573e-05   1.6617902959e-10   6.4274600000e-01
   1.6600000000e-01   1.6600000000e-01   1.2098966909e+03  -1.6378064162e+06   2.3886684829e-01   2.5287959913e-01   7.7111756255e-04   2.5821344790e-08   1.9185960199e-09   6.9853753496e-03   6.3153468203e-08   1.0896606181e-01   1.2699024796e-06   3.0319056261e-09   4.1630718920e-11   1.4072165100e-04   1.1428965113e-01   2.1453465938e-02   1.0767620298e-01   4.0739678725e-09   3.8035483020e-05   1.4598230526e-10   6.3967800000e-01
   1.7000000000e-01   1.7000000000e-01   1.2008627217e+03  -1.6524888669e+06   2.3774323259e-01   2.5409337560e-01   7.6731585627e-04   2.3869587687e-08   1.6941246555e-09   6.9352862024e-03   5.5728071575e-08   1.0845417343e-01   1.2533638211e-06   2.6508357541e-09   3.5520951424e-11   1.3518890411e-04   1.1853722838e-01   2.1357927050e-02   1.0716381626e-01   3.8457382771e-09   3.7722608150e-05   1.2847820751e-10   6.3661000000e-01
   1.7400000000e-01   1.7400000000e-01   1.1919604344e+03  -1.6671548170e+06   2.3661722161e-01   2.5530116479e-01   7.6350827786e-04   2.2088038738e-08   1.4991216584e-09   6.8869755544e-03   4.9228755946e-08   1.0794110778e-01   1.2377744752e-06   2.3189544990e-09   3.0328385687e-11   1.2983739582e-04   1.2278519546e-01   2.1261597160e-02   1.0665100839e-01   3.6359261809e-09   3.7453286407e-05   1.1331055046e-10   6.3354200000e-01
   1.7800000000e-01   1.7800000000e-01   1.1831877153e+03  -1.6818039734e+06   2.3548915997e-01   2.5650283463e-01   7.5969849336e-04   2.0460299112e-08   1.3292714298e-09   6.8401910915e-03   4.3533978000e-08   1.0742703184e-01   1.2229999674e-06   2.0299187224e-09   2.5914426449e-11   1.2467258561e-04   1.2703346077e-01   2.1164598803e-02   1.0613783084e-01   3.4426076505e-09   3.7221664286e-05   1.0016642553e-10   6.3047400000e-01
   1.8200000000e-01   1.8200000000e-01   1.1745420780e+03  -1.6964363997e+06   2.3435931898e-01   2.5769834988e-01   7.5588886651e-04   1.8971641984e-08   1.1809618466e-09   6.7947334507e-03   3.8538791515e-08   1.0691207863e-01   1.2089254027e-06   1.7781618769e-09   2.2161010180e-11   1.1969731798e-04   1.3128195484e-01   2.1067026143e-02   1.0562432534e-01   3.2640937582e-09   3.7022641926e-05   8.8772070563e-11   6.2740600000e-01
   1.8600000000e-01   1.8600000000e-01   1.1660207989e+03  -1.7110524264e+06   2.3322791689e-01   2.5888774572e-01   7.5208089545e-04   1.7608834451e-08   1.0511556892e-09   6.7504417221e-03   3.4152508783e-08   1.0639635618e-01   1.1954513095e-06   1.5588133104e-09   1.8967754946e-11   1.1491223177e-04   1.3553062438e-01   2.0968952960e-02   1.0511052685e-01   3.0988956358e-09   3.6851754777e-05   7.8888826354e-11   6.2433800000e-01
   1.9000000000e-01   1.9000000000e-01   1.1576210141e+03  -1.7256525774e+06   2.3209513281e-01   2.6007110850e-01   7.4827550622e-04   1.6359980280e-08   9.3728885115e-10   6.7071834219e-03   3.0296703370e-08   1.0587995374e-01   1.1824906954e-06   1.3676221061e-09   1.6249446848e-11   1.1031613879e-04   1.3977942806e-01   2.0870438269e-02   1.0459646530e-01   2.9456965269e-09   3.6705079819e-05   7.0309293961e-11   6.2127000000e-01
   1.9400000000e-01   1.9400000000e-01   1.1493397882e+03  -1.7402375114e+06   2.3096111645e-01   2.6124856144e-01   7.4447324756e-04   1.5214400083e-08   8.3719135066e-10   6.6648475454e-03   2.6903512924e-08   1.0536294618e-01   1.1699668814e-06   1.2008926262e-09   1.3933871955e-11   1.0590636390e-04   1.4402833348e-01   2.0771530236e-02   1.0408216679e-01   2.8033318511e-09   3.6579159689e-05   6.2854305053e-11   6.1820200000e-01
   1.9800000000e-01   1.9800000000e-01   1.1411741643e+03  -1.7548079743e+06   2.2982599478e-01   2.6242025411e-01   7.4067441688e-04   1.4163377953e-08   7.4913429722e-10   6.6233397253e-03   2.3915530591e-08   1.0484539715e-01   1.1578116949e-06   1.0556647661e-09   1.1961257100e-11   1.0167903034e-04   1.4827731509e-01   2.0672268899e-02   1.0356765431e-01   2.6708709686e-09   3.6470940120e-05   5.6385197568e-11   6.1513400000e-01
   2.0800000000e-01   2.0800000000e-01   1.1212439893e+03  -1.7911999264e+06   2.2698569906e-01   2.6532602993e-01   7.3118605569e-04   1.1846280977e-08   5.6894377371e-10   6.5214375277e-03   1.7825977923e-08   1.0355030696e-01   1.1281777606e-06   7.6168356830e-10   8.1401179660e-12   9.1552968273e-05   1.5889991096e-01   2.0423316783e-02   1.0228088926e-01   2.3661105976e-09   3.6237885032e-05   4.3306767849e-11   6.0746400000e-01
   2.2400000000e-01   2.2400000000e-01   1.0907086970e+03  -1.8492540280e+06   2.2242895358e-01   2.6991034052e-01   7.1606520899e-04   9.0535111129e-09   3.7529158426e-10   6.3676120698e-03   1.1337131750e-08   1.0147220883e-01   1.0857167630e-06   4.6257452190e-10   4.5061517480e-12   7.8010542179e-05   1.7589630166e-01   2.0021012559e-02   1.0021966698e-01   1.9843346780e-09   3.6013186789e-05   2.9955510121e-11   5.9519200000e-01
   2.4000000000e-01   2.4000000000e-01   1.0616891531e+03  -1.9071825558e+06   2.1786370490e-01   2.7442674594e-01   7.0099749886e-04   7.0100236439e-09   2.5253479698e-10   6.2201895660e-03   7.3091770203e-09   9.9390023054e-02   1.0467267024e-06   2.8504382037e-10   2.5347123826e-12   6.6718016738e-05   1.9289248207e-01   1.9615873309e-02   9.8156811039e-02   1.6819023671e-09   3.5842157986e-05   2.1817804093e-11   5.8292000000e-01
   2.5600000000e-01   2.5600000000e-01   1.0340372622e+03  -1.9650238726e+06   2.1329243315e-01   2.7888767716e-01   6.8597526616e-04   5.4920174942e-09   1.7289022109e-10   6.0773178956e-03   4.7704285349e-09   9.7304961552e-02   1.0107532060e-06   1.7808354110e-10   1.4474222293e-12   5.7294388556e-05   2.0988826454e-01   1.9208667198e-02   9.6092829138e-02   1.4367448254e-09   3.5667200333e-05   1.6615200590e-11   5.7064800000e-01
   2.7200000000e-01   2.7200000000e-01   1.0076242419e+03  -2.0228057917e+06   2.0871682629e-01   2.8330472875e-01   6.7099195014e-04   4.3485227301e-09   1.2015292444e-10   5.9377364588e-03   3.1480422249e-09   9.5217839018e-02   9.7765145988e-07   1.1268399796e-10   8.3815326904e-13   4.9410663910e-05   2.2688358554e-01   1.8799932159e-02   9.4028063160e-02   1.2342006022e-09   3.5454425030e-05   1.3107345791e-11   5.5837600000e-01
   2.8800000000e-01   2.8800000000e-01   9.8233129419e+02  -2.0805474233e+06   2.0413806119e-01   2.8769059762e-01   6.5604222343e-04   3.4761326580e-09   8.4603494883e-11   5.8005657755e-03   2.0982001388e-09   9.3129217599e-02   9.4722943912e-07   7.2136070863e-11   4.9160296135e-13   4.2793057496e-05   2.4387844049e-01   1.8390054867e-02   9.1962746503e-02   1.0642693947e-09   3.5185447182e-05   1.0613923755e-11   5.4610400000e-01
   3.0400000000e-01   3.0400000000e-01   9.5804499142e+02  -2.1382615561e+06   1.9955697357e-01   2.9206019928e-01   6.4112176607e-04   2.8028309589e-09   6.0259868423e-11   5.6651803520e-03   1.4110733272e-09   9.1039493277e-02   9.1911178896e-07   4.6668235027e-11   2.9172070972e-13   3.7217541127e-05   2.6087285216e-01   1.7979317962e-02   8.9897040568e-02   9.1993085909e-10   3.4852016706e-05   8.7555881125e-12   5.3383200000e-01
   3.2000000000e-01   3.2000000000e-01   9.3468450834e+02  -2.1959566691e+06   1.9497416544e-01   2.9642200115e-01   6.2622701768e-04   2.2776789729e-09   4.3357856765e-11   5.5311283936e-03   9.5686396726e-10   8.8948949727e-02   8.9273632907e-07   3.0483798224e-11   1.7498100233e-13   3.2502126170e-05   2.7786685480e-01   1.7567930436e-02   8.7831058265e-02   7.9610553202e-10   3.4452390046e-05   7.3154745187e-12   5.2156000000e-01
   3.3600000000e-01   3.3600000000e-01   9.1217901147e+02  -2.2536383969e+06   1.9039007537e-01   3.0078372911e-01   6.1135497340e-04   1.8641305300e-09   3.1478162745e-11   5.3980794674e-03   6.5390964676e-10   8.6857792966e-02   8.6744456086e-07   2.0088104029e-11   1.0600962527e-13   2.8499166214e-05   2.9486048644e-01   1.7156048107e-02   8.5764879324e-02   6.8904529409e-10   3.3988850478e-05   6.1655969453e-12   5.0928800000e-01
   3.5200000000e-01   3.5200000000e-01   8.9046472442e+02  -2.3113105226e+06   1.8580502571e-01   3.0515294571e-01   5.9650304534e-04   1.5355976382e-09   2.3036974521e-11   5.2657894127e-03   4.5017058777e-10   8.4766174306e-02   8.4257126235e-07   1.3344817205e-11   6.4823584465e-14   2.5088705410e-05   3.1185378496e-01   1.6743787913e-02   8.3698560449e-02   5.9592830295e-10   3.3466012701e-05   5.2272781294e-12   4.9701600000e-01
   3.6800000000e-01   3.6800000000e-01   8.6948377974e+02  -2.3689756252e+06   1.8121925513e-01   3.0953718761e-01   5.8166897126e-04   1.2724861831e-09   1.6980283485e-11   5.1340762811e-03   3.1210639099e-10   8.2674205912e-02   8.1751538416e-07   8.9311177597e-12   3.9984736053e-14   2.2172991988e-05   3.2884678627e-01   1.6331238099e-02   8.1632142152e-02   5.1459288318e-10   3.2889678524e-05   4.4497674024e-12   4.8474400000e-01
   3.8400000000e-01   3.8400000000e-01   8.4918336257e+02  -2.4266354947e+06   1.7663294134e-01   3.1394406309e-01   5.6685075362e-04   1.0601832495e-09   1.2596255771e-11   5.0028035271e-03   2.1787745711e-10   8.0581971564e-02   7.9178743458e-07   6.0181496379e-12   2.4865690315e-14   1.9672051982e-05   3.4583952346e-01   1.5918465584e-02   7.9565653442e-02   4.4335715915e-10   3.2266081588e-05   3.7985851670e-12   4.7247200000e-01
   4.0000000000e-01   4.0000000000e-01   8.2951505251e+02  -2.4842913972e+06   1.7204621728e-01   3.1838132382e-01   5.5204661723e-04   8.8767017017e-10   9.3977362056e-12   4.8718680721e-03   1.5313053154e-10   7.8489534234e-02   7.6503417124e-07   4.0808580589e-12   1.5582912409e-14   1.7520160798e-05   3.6283202661e-01   1.5505521342e-02   7.7499115091e-02   3.8089212336e-10   3.1601405552e-05   3.2490877718e-12   4.6020000000e-01
   4.1600000000e-01   4.1600000000e-01   8.1043430202e+02  -2.5419442451e+06   1.6745918277e-01   3.2285692087e-01   5.3725497874e-04   7.4655359737e-10   7.0473237284e-12   4.7411917109e-03   1.0835246102e-10   7.6396941495e-02   7.3704395791e-07   2.7832711310e-12   9.8367988471e-15   1.5663049073e-05   3.7982432274e-01   1.5092444357e-02   7.5432541935e-02   3.2612906244e-10   3.0901492675e-05   2.7828509059e-12   4.4792800000e-01
   4.3200000000e-01   4.3200000000e-01   7.9190001059e+02  -2.5995947076e+06   1.6287191296e-01   3.2737905203e-01   5.2247442344e-04   6.3037990199e-10   5.3087978542e-12   4.6107148506e-03   7.7189142761e-11   7.4304229446e-02   7.0773740650e-07   1.9084033268e-12   6.2523511536e-15   1.4055695715e-05   3.9681643607e-01   1.4679264558e-02   7.3365944536e-02   2.7819014504e-10   3.0171683136e-05   2.3855871196e-12   4.3565600000e-01
   4.4800000000e-01   4.4800000000e-01   7.7387416835e+02  -2.6572432834e+06   1.5828446463e-01   3.3195620496e-01   5.0770368679e-04   5.3414417997e-10   4.0151493514e-12   4.4803919044e-03   5.5366214985e-11   7.2211425580e-02   6.7714833082e-07   1.3149098870e-12   3.9999157433e-15   1.2660583126e-05   4.1380838815e-01   1.4266005001e-02   7.1299330366e-02   2.3633571588e-10   2.9416742297e-05   2.0459076138e-12   4.2338400000e-01
   4.6400000000e-01   4.6400000000e-01   7.5632155141e+02  -2.7148903498e+06   1.5369688073e-01   3.3659719936e-01   4.9294163893e-04   4.5393464529e-10   3.0472464064e-12   4.3501878769e-03   3.9989346828e-11   7.0118550908e-02   6.4539965794e-07   9.0998449493e-13   2.5746034590e-15   1.1446312776e-05   4.3080019814e-01   1.3852683498e-02   6.9232704683e-02   1.9992462973e-10   2.8640845427e-05   1.7545558053e-12   4.1111200000e-01
   4.8000000000e-01   4.8000000000e-01   7.3920945732e+02  -2.7725361962e+06   1.4910919381e-01   3.4131123039e-01   4.7818727106e-04   3.8667239899e-10   2.3194169056e-12   4.2200758165e-03   2.9086594098e-11   6.8025621531e-02   6.1267807114e-07   6.3223871423e-13   1.6666771876e-15   1.0386500813e-05   4.4779188301e-01   1.3439313849e-02   6.7166071155e-02   1.6838543864e-10   2.7847598254e-05   1.5039102525e-12   3.9884000000e-01
   4.9600000000e-01   4.9600000000e-01   7.2250747246e+02  -2.8301810469e+06   1.4452142860e-01   3.4610791500e-01   4.6343968327e-04   3.2991922229e-10   1.7695913095e-12   4.0900349052e-03   2.1306651510e-11   6.5932649828e-02   5.7921014267e-07   4.4078412707e-13   1.0846624302e-15   9.4588914472e-06   4.6478345782e-01   1.3025906768e-02   6.5099432324e-02   1.4119683596e-10   2.7040078288e-05   1.2876460341e-12   3.8656800000e-01
   5.1200000000e-01   5.1200000000e-01   7.0618726580e+02  -2.8878250784e+06   1.3993360394e-01   3.5099734216e-01   4.4869807330e-04   2.8173447399e-10   1.3524917276e-12   3.9600490183e-03   1.5718418334e-11   6.3839645338e-02   5.4524177952e-07   3.0820884529e-13   7.0932635292e-16   8.6446403141e-06   4.8177493586e-01   1.2612470589e-02   6.3032789936e-02   1.1787582018e-10   2.6220886636e-05   1.1004930704e-12   3.7429600000e-01
   5.2800000000e-01   5.2800000000e-01   6.9022240483e+02  -2.9454684304e+06   1.3534573414e-01   3.5599012831e-01   4.3396172626e-04   2.4056784811e-10   1.0348799154e-12   3.8301056359e-03   1.1676952305e-11   6.1746615432e-02   5.1102203230e-07   2.1602254140e-13   4.6590128015e-16   7.9277312647e-06   4.9876632891e-01   1.2199011803e-02   6.0966145180e-02   9.7971890193e-11   2.5392203511e-05   9.3805662541e-13   3.6202400000e-01
   5.4400000000e-01   5.4400000000e-01   6.7458819069e+02  -3.0031112149e+06   1.3075783015e-01   3.6109747861e-01   4.1923000495e-04   2.0517859528e-10   7.9221218633e-13   3.7001950149e-03   8.7332573459e-12   5.9653565817e-02   4.7679170686e-07   1.5168005458e-13   3.0718687821e-16   7.2944986190e-06   5.1575764740e-01   1.1785535471e-02   5.8899498858e-02   8.1065468684e-11   2.4555843118e-05   7.9667969514e-13   3.4975200000e-01
   5.6000000000e-01   5.6000000000e-01   6.5926151009e+02  -3.0607535223e+06   1.2616990032e-01   3.6633125515e-01   4.0450234099e-04   1.7457442056e-10   6.0626545071e-13   3.5703095572e-03   6.5732151321e-12   5.7560500924e-02   4.4277673071e-07   1.0662274403e-13   2.0319295550e-16   6.7332335613e-06   5.3274890056e-01   1.1372045543e-02   5.6832851507e-02   6.6768805940e-11   2.3713305352e-05   6.7333472917e-13   3.3748000000e-01
   5.7600000000e-01   5.7600000000e-01   6.4422070214e+02  -3.1183954263e+06   1.2158195101e-01   3.7170405293e-01   3.8977822659e-04   1.4796501374e-10   4.6343980971e-13   3.4404433254e-03   4.9760175025e-12   5.5467424197e-02   4.0918581844e-07   7.4981005728e-14   1.3474554632e-16   6.2338584597e-06   5.4974009659e-01   1.0958545100e-02   5.4766203484e-02   5.4727862312e-11   2.2865822946e-05   5.6553610459e-13   3.2520800000e-01
   5.9200000000e-01   5.9200000000e-01   6.2944543865e+02  -3.1760369874e+06   1.1699398710e-01   3.7722928456e-01   3.7505720703e-04   1.2472629281e-10   3.5353645714e-13   3.3105916691e-03   3.7857234737e-12   5.3374338321e-02   3.7621162085e-07   5.2709353222e-14   8.9512426653e-17   5.7876568827e-06   5.6673124279e-01   1.0545036546e-02   5.2699555024e-02   4.4624039909e-11   2.2014403476e-05   4.7126660568e-13   3.1293600000e-01
   6.0800000000e-01   6.0800000000e-01   6.1491661667e+02  -3.2336782555e+06   1.1240601230e-01   3.8292127500e-01   3.6033887396e-04   1.0437213033e-10   2.6887199920e-13   3.1807509368e-03   2.8916962304e-12   5.1281245387e-02   3.4403422733e-07   3.7006385318e-14   5.9516097277e-17   5.3870501916e-06   5.8372234567e-01   1.0131521755e-02   5.0632906279e-02   3.6175039464e-11   2.1159866159e-05   3.8891186281e-13   3.0066400000e-01
   6.2400000000e-01   6.2400000000e-01   6.0061626220e+02  -3.2913192724e+06   1.0781802943e-01   3.8879536736e-01   3.4562285952e-04   8.6530763662e-11   2.0363242848e-13   3.0509182521e-03   2.2150770203e-12   4.9188147028e-02   3.1282564414e-07   2.5923559061e-14   3.9567502840e-17   5.0254139830e-06   6.0071341109e-01   9.7180021885e-03   4.8566257350e-02   2.9134479178e-11   2.0302873673e-05   3.1719707039e-13   2.8839200000e-01
   6.4000000000e-01   6.4000000000e-01   5.8652744439e+02  -3.3489600730e+06   1.0323004063e-01   3.9486804142e-01   3.3090883144e-04   7.0923468377e-11   1.5339879033e-13   2.9210913411e-03   1.6993816176e-12   4.7095044519e-02   2.8275374716e-07   1.8099840812e-14   2.6273441296e-17   4.6969293935e-06   6.1770444429e-01   9.3044789822e-03   4.6499608302e-02   2.3290192732e-11   1.9443959382e-05   2.5512113499e-13   2.7612000000e-01
   6.5600000000e-01   6.5600000000e-01   5.7263419941e+02  -3.4066006868e+06   9.8642047533e-02   4.0115704646e-01   3.1619648915e-04   5.7343630830e-11   1.1479656107e-13   2.7912684003e-03   1.3039255306e-12   4.5001938851e-02   2.5398427826e-07   1.2580768719e-14   1.7403722722e-17   4.3964653615e-06   6.3469544999e-01   8.8909530177e-03   4.4432959175e-02   1.8461328873e-11   1.8583550430e-05   2.0188545022e-13   2.6384800000e-01
   6.7200000000e-01   6.7200000000e-01   5.5892146361e+02  -3.4642411391e+06   9.4054051332e-02   4.0768155023e-01   3.0148556102e-04   4.5635279717e-11   8.5234853322e-14   2.6614479958e-03   9.9920215335e-13   4.2908830796e-02   2.2667978416e-07   8.6944456155e-15   1.1485341995e-17   4.1194883536e-06   6.5168643246e-01   8.4774249773e-03   4.2366309997e-02   1.4494531624e-11   1.7721987190e-05   1.5681812697e-13   2.5157600000e-01
   6.8800000000e-01   6.8800000000e-01   5.4537501538e+02  -3.5218814516e+06   8.9466052929e-02   4.1446230643e-01   2.8677580253e-04   3.5671431494e-11   6.2711638735e-14   2.5316289898e-03   7.6362124106e-13   4.0815720954e-02   2.0099500181e-07   5.9661513868e-15   7.5407957568e-18   3.8619958365e-06   6.6867739550e-01   8.0638953865e-03   4.0299660786e-02   1.1259606497e-11   1.6859539506e-05   1.1929920996e-13   2.3930400000e-01
   7.0400000000e-01   7.0400000000e-01   5.3198142564e+02  -3.5795216431e+06   8.4878052981e-02   4.2152184305e-01   2.7206699536e-04   2.7333971524e-11   4.5668341614e-14   2.4018104862e-03   5.8120629784e-13   3.8722609785e-02   1.7706900457e-07   4.0593063258e-15   4.9184813254e-18   3.6204690825e-06   6.8566834254e-01   7.6503646484e-03   3.8233011553e-02   8.6451625354e-12   1.5996420167e-05   8.8696512231e-14   2.2703200000e-01
   7.2000000000e-01   7.2000000000e-01   5.1872801667e+02  -3.6371617300e+06   8.0290051963e-02   4.2888467457e-01   2.5735894702e-04   2.0497662615e-11   3.2882040772e-14   2.2719917917e-03   4.3997625693e-13   3.6629497642e-02   1.5501526619e-07   2.7345135674e-15   3.1822556220e-18   3.3918400480e-06   7.0265927657e-01   7.2368330700e-03   3.6166362304e-02   6.5547225713e-12   1.5132795994e-05   6.4322879394e-14   2.1476000000e-01
   7.3600000000e-01   7.3600000000e-01   5.0560282927e+02  -3.6948017271e+06   7.5702050213e-02   4.3657754122e-01   2.4265149067e-04   1.5020702253e-11   2.3386572166e-14   2.1421723877e-03   3.3081839678e-13   3.4536384793e-02   1.3491144159e-07   1.8210605420e-15   2.0391920936e-18   3.1734665000e-06   7.1965020020e-01   6.8233008832e-03   3.4099713046e-02   4.9036799196e-12   1.4268796904e-05   4.5422401531e-14   2.0248800000e-01
   7.5200000000e-01   7.5200000000e-01   4.9259459832e+02  -3.7524416474e+06   7.1114047968e-02   4.4462967924e-01   2.2794448484e-04   1.0742935068e-11   1.6415554470e-14   2.0123519079e-03   2.4671108244e-13   3.2443271441e-02   1.1679089504e-07   1.1970284530e-15   1.2920976034e-18   2.9631096546e-06   7.3664111569e-01   6.4097682615e-03   3.2033063781e-02   3.6172601150e-12   1.3404523266e-05   3.1185975027e-14   1.9021600000e-01
   7.6800000000e-01   7.6800000000e-01   4.7969273680e+02  -3.8100815028e+06   6.6526045391e-02   4.5307312638e-01   2.1323781259e-04   7.4908950671e-12   1.1361379148e-14   1.8825301191e-03   1.8218938978e-13   3.0350157733e-02   1.0063773291e-07   7.7535162697e-16   8.0812649015e-19   2.7589095450e-06   7.5363202488e-01   5.9962353336e-03   2.9966414512e-02   2.6293929806e-12   1.2540051863e-05   2.0788668411e-14   1.7794400000e-01
   7.8400000000e-01   7.8400000000e-01   4.6688732866e+02  -3.8677213043e+06   6.1938042594e-02   4.6194306783e-01   1.9853138007e-04   5.0871969845e-12   7.7450914837e-15   1.7527069019e-03   1.3297313425e-13   2.8257043781e-02   8.6386387551e-08   4.9398641860e-16   4.9789070613e-19   2.5593550448e-06   7.7062292932e-01   5.5827021932e-03   2.7899765239e-02   1.8822098191e-12   1.1675440717e-05   1.3436209591e-14   1.6567200000e-01
   8.0000000000e-01   8.0000000000e-01   4.5416913064e+02  -3.9253610621e+06   5.7350039650e-02   4.7127822812e-01   1.8382511439e-04   3.3611249360e-12   5.1931630277e-15   1.6228822314e-03   9.5699764439e-14   2.6163929663e-02   7.3925858460e-08   3.0891969205e-16   3.0144459954e-19   2.3632475764e-06   7.8761383021e-01   5.1691689080e-03   2.5833115965e-02   1.3258164355e-12   1.0810733008e-05   8.4076111597e-15   1.5340000000e-01
   8.1600000000e-01   8.1600000000e-01   4.4152958346e+02  -3.9830007857e+06   5.2762036611e-02   4.8112131601e-01   1.6911896087e-04   2.1577036882e-12   3.4184115393e-15   1.4930561572e-03   6.7724424225e-14   2.4070815435e-02   6.3107815145e-08   1.8914780881e-16   1.7880612865e-19   2.1696595361e-06   8.0460472850e-01   4.7556355262e-03   2.3766466689e-02   9.1805178514e-13   9.9459602731e-06   5.0848528642e-15   1.4112800000e-01
   8.3200000000e-01   8.3200000000e-01   4.2896083271e+02  -4.0406404835e+06   4.8174033509e-02   4.9151952978e-01   1.5441288002e-04   1.3436669930e-12   2.2035385018e-15   1.3632287830e-03   4.6964907990e-14   2.1977701135e-02   5.3757140410e-08   1.1303681429e-16   1.0350386942e-19   1.9778899058e-06   8.2159562491e-01   4.3421020811e-03   2.1699817413e-02   6.2406844708e-13   9.0811450301e-06   2.9662039054e-15   1.2885600000e-01
   8.4800000000e-01   8.4800000000e-01   4.1645575967e+02  -4.0982801630e+06   4.3586030366e-02   5.0252513211e-01   1.3970684441e-04   8.0996148566e-13   1.3866850847e-15   1.2334002485e-03   3.1779390294e-14   1.9884586790e-02   4.5683271232e-08   6.5665756825e-17   5.8167752381e-20   1.7874201430e-06   8.3858651998e-01   3.9285685956e-03   1.9633168136e-02   4.1569857958e-13   8.2163029308e-06   1.6646805551e-15   1.1658400000e-01
   8.6400000000e-01   8.6400000000e-01   4.0400802234e+02  -4.1559198304e+06   3.8998027198e-02   5.1419610497e-01   1.2500083579e-04   4.7131224657e-13   8.4893588801e-16   1.1035707130e-03   2.0870245530e-14   1.7791472419e-02   3.8690867280e-08   3.6882421719e-17   3.1516479121e-20   1.5978732542e-06   8.5557741408e-01   3.5150350851e-03   1.7566518859e-02   2.7065528705e-13   7.3514445158e-06   8.9594223007e-16   1.0431200000e-01
   8.8000000000e-01   8.8000000000e-01   3.9161210649e+02  -4.2135594902e+06   3.4410024014e-02   5.2659689681e-01   1.1029484255e-04   2.6378956121e-13   5.0386971063e-16   9.7374034246e-04   1.3209490809e-14   1.5698358031e-02   3.2588783925e-08   1.9883744337e-17   1.6307205784e-20   1.4089781907e-06   8.7256830750e-01   3.1015015595e-03   1.5499869581e-02   1.7165493121e-13   6.4865766276e-06   4.6058829859e-16   9.2040000000e-02
   8.9600000000e-01   8.9600000000e-01   3.7926338677e+02  -4.2711991457e+06   2.9822020820e-02   5.3979927644e-01   9.5588857614e-05   1.4134071213e-13   2.8921467852e-16   8.4390929929e-04   7.9819983520e-15   1.3605243633e-02   2.7196877158e-08   1.0186827507e-17   7.9500335576e-21   1.2205406959e-06   8.8955920044e-01   2.6879680253e-03   1.3433220304e-02   1.0554327472e-13   5.6217035209e-06   2.2504493811e-16   7.9768000000e-02
   9.1200000000e-01   9.1200000000e-01   3.6695819713e+02  -4.3288387989e+06   2.5234017621e-02   5.5388331079e-01   8.0882876925e-05   7.2055675782e-14   1.6052094099e-16   7.1407773560e-04   4.5427714667e-15   1.1512129232e-02   2.2350670595e-08   4.8916838780e-18   3.5804154442e-21   1.0324207808e-06   9.0655009304e-01   2.2744344863e-03   1.1366571026e-02   6.2486330303e-14   4.7568277121e-06   1.0386979442e-16   6.7496000000e-02
   9.2800000000e-01   9.2800000000e-01   3.5469390976e+02  -4.3864784509e+06   2.0646014419e-02   5.6893848681e-01   6.6176898266e-05   3.4672911561e-14   8.6551434101e-17   5.8424578862e-04   2.3848122148e-15   9.4190148272e-03   1.7904276944e-08   2.1608134748e-18   1.4444131510e-21   8.4451629575e-07   9.2354098542e-01   1.8609009448e-03   9.2999217490e-03   3.5260654763e-14   3.8919506032e-06   4.4959606994e-17   5.5224000000e-02
   9.4400000000e-01   9.4400000000e-01   3.4246902081e+02  -4.4441181025e+06   1.6058011216e-02   5.8506500227e-01   5.1470920504e-05   1.5593419465e-14   4.5897504855e-17   4.5441357775e-04   1.1145587138e-15   7.3259004216e-03   1.3732160667e-08   8.5800439686e-19   4.9516449154e-22   6.5675166678e-07   9.4053187765e-01   1.4473674020e-03   7.2332724714e-03   1.8656085125e-14   3.0270729216e-06   1.8117844629e-17   4.2952000000e-02
   9.6000000000e-01   9.6000000000e-01   3.3028324046e+02  -4.5017577538e+06   1.1470008011e-02   6.0237525564e-01   3.6764943105e-05   6.4923796921e-15   2.4302244084e-17   3.2458120261e-04   4.3246350021e-16   5.2327860156e-03   9.7303746261e-09   3.0175188803e-19   1.3001119071e-22   4.6907073569e-07   9.5752276979e-01   1.0338338588e-03   5.1666231939e-03   8.9892029835e-15   2.1621950126e-06   6.7861019695e-18   3.0680000000e-02
   9.7600000000e-01   9.7600000000e-01   3.1813758408e+02  -4.5593974051e+06   6.8820048069e-03   6.2099557291e-01   2.2058965837e-05   2.4862250657e-15   1.2396987240e-17   1.9474874126e-04   1.1690711593e-16   3.1396716094e-03   5.8178411964e-09   9.8258159213e-20   2.0136401676e-23   2.8143270266e-07   9.7451366188e-01   6.2030031530e-04   3.0999739163e-03   3.7108986749e-15   1.2973170236e-06   2.3957929126e-18   1.8408000000e-02
   9.9200000000e-01   9.9200000000e-01   3.0603445974e+02  -4.6170370563e+06   2.2940016023e-03   6.4106821863e-01   7.3529886095e-06   7.0378019180e-16   4.0396189217e-18   6.4916248211e-05   1.0158669342e-17   1.0465572031e-03   1.9381155721e-09   2.6977609096e-20   5.7973860057e-25   9.3810322482e-08   9.9150455396e-01   2.0676677177e-04   1.0333246388e-03   1.0001349409e-15   4.3243900971e-07   6.6002768818e-19   6.1360000000e-03
   1.0000000000e+00   1.0000000000e+00   3.0000000000e+02  -4.6458568819e+06   0.0000000000e+00   6.5169855213e-01   0.0000000000e+00   0.0000000000e+00   0.0000000000e+00   0.0000000000e+00   0.0000000000e+00   0.0000000000e+00   0.0000000000e+00   0.0000000000e+00   0.0000000000e+00   0.0000000000e+00   1.0000000000e+00   0.0000000000e+00   0.0000000000e+00   0.0000000000e+00   0.0000000000e+00   0.0000000000e+00   0.0000000000e+00