# L (m)  = 1
# P (Pa) = 101325
#             001_x           002_mixf              003_T              004_h             005_pv        006_density             007_H2              008_H              009_O             010_O2             011_OH            012_H2O            013_HO2            014_CH2         015_CH2(S)            016_CH3            017_CH4             018_CO            019_CO2            020_HCO           021_CH2O          022_CH2OH             023_N2
                  0   0.0000000000e+00   3.0000000000e+02   1.9075768848e+03   0.0000000000e+00   1.1719839921e+00   0.0000000000e+00   0.0000000000e+00   0.0000000000e+00   2.3300000000e-01   0.0000000000e+00   0.0000000000e+00   0.0000000000e+00   0.0000000000e+00   0.0000000000e+00   0.0000000000e+00   0.0000000000e+00   0.0000000000e+00   0.0000000000e+00   0.0000000000e+00   0.0000000000e+00   0.0000000000e+00   7.6700000000e-01
   2.0000000000e-03   2.0000000000e-03   3.0176297086e+02  -4.1815807287e+04   3.7888356419e-03   1.1630112115e+00   8.9646268837e-06   9.4139637334e-17   4.8945984180e-18   2.2955381921e-01   8.3718971804e-12   1.7420145061e-03   7.4418691489e-08   3.4275282876e-16   1.6964040785e-17   6.6302846635e-07   1.1872237841e-03   3.2361046152e-04   1.7142460474e-03   5.5963259185e-16   3.3839056033e-06   3.1152714936e-20   7.6546600000e-01
   6.0000000000e-03   6.0000000000e-03   3.0521322546e+02  -1.2924418632e+05   1.1360055286e-02   1.1456838731e+00   2.6884953750e-05   7.7329089613e-16   4.6087056891e-18   2.2266654878e-01   2.3172605347e-11   5.2230526828e-03   2.2301686352e-07   2.8367012126e-15   1.3566251122e-16   1.9856310940e-06   3.5630435177e-03   9.7032289891e-04   5.1397947509e-03   4.7555060779e-15   1.0143747167e-05   2.8655004905e-19   7.6239800000e-01
   1.0000000000e-02   1.0000000000e-02   3.0851921206e+02  -2.1659075361e+05   1.8911949063e-02   1.1293027793e+00   4.4778517631e-05   1.9354819262e-15  -5.2323044582e-17   2.1579452808e-01   3.4556092088e-11   8.6951318942e-03   3.7160870983e-07   7.1322987050e-15   3.2491038788e-16   3.2982183339e-06   5.9429732710e-03   1.6155119740e-03   8.5565266769e-03   1.2223978372e-14   1.6879721375e-05   7.8810355931e-19   7.5933000000e-01
   1.4000000000e-02   1.4000000000e-02   3.1169839599e+02  -3.0371700835e+05   2.6431729692e-02   1.1137530326e+00   6.2627535596e-05   3.2140205984e-15  -3.4239357762e-16   2.0894784605e-01   4.3020318088e-11   1.2152324540e-02   5.2133587917e-07   1.2590549780e-14   5.4562973109e-16   4.5947039610e-06   8.3297321165e-03   2.2581690866e-03   1.1958608530e-02   2.2073811817e-14   2.3576053456e-05   1.5060841365e-18   7.5626200000e-01
   1.8000000000e-02   1.8000000000e-02   3.1490102135e+02  -3.9034738193e+05   3.3906754090e-02   1.0984666474e+00   8.0414313286e-05  -4.7788820560e-16  -1.5875674435e-15   2.0213647669e-01   4.9770971339e-11   1.5588770233e-02   6.7420563715e-07   1.8947240879e-14   7.8094021962e-16   5.8694924559e-06   1.0726008295e-02   2.8972960522e-03   1.5340273492e-02   3.4018541134e-14   3.0217171896e-05   2.2134526641e-18   7.5319400000e-01
   2.2000000000e-02   2.2000000000e-02   3.1841628516e+02  -4.7605883369e+05   4.1324579517e-02   1.0824553488e+00   9.8121280346e-05  -9.7522510353e-14  -6.7529959899e-15   1.9537023469e-01   5.6017461074e-11   1.8998701964e-02   8.3306430989e-07   2.6263801855e-14   1.0284962561e-15   7.1175017224e-06   1.3134447386e-02   3.5319091689e-03   1.8695847103e-02   4.8268641348e-14   3.6787787268e-05  -2.5998003490e-18   7.5012600000e-01
   2.6000000000e-02   2.6000000002e-02   3.2265240550e+02  -5.6029746068e+05   4.8673018215e-02   1.0644413196e+00   1.1573102583e-04  -9.9531670824e-13  -2.5980724593e-14   1.8865873218e-01   6.2587182021e-11   2.2376471573e-02   1.0015978902e-06   3.4637912585e-14   1.2809018896e-15   8.3341916534e-06   1.5557640788e-02   4.1610431840e-03   2.2019772432e-02   6.4184168389e-14   4.3272968295e-05  -7.3782730353e-17   7.4705800000e-01
   3.0000000000e-02   3.0000000008e-02   3.2812758165e+02  -6.4238387550e+05   5.5940190135e-02   1.0429716883e+00   1.3322633362e-04  -4.3160803538e-12  -7.5406854761e-14   1.8201133712e-01   7.0465575238e-11   2.5716574309e-02   1.1842700305e-06   4.4400928163e-14   1.5334405671e-15   9.5155694363e-06   1.7998114625e-02   4.7837551346e-03   2.5306634358e-02   7.9185128773e-14   4.9658213385e-05  -4.3064051704e-16   7.4399000000e-01
   3.4000000000e-02   3.4000000016e-02   3.3545598863e+02  -7.2152332553e+05   6.3114573355e-02   1.0165898804e+00   1.5059021782e-04  -8.4095751001e-12  -1.3754026413e-13   1.7543713376e-01   8.4301905685e-11   2.9013672324e-02   1.3859621063e-06   5.9222073637e-14   1.9439643023e-15   1.0658131588e-05   2.0458319197e-02   5.3991280372e-03   2.8551182775e-02   1.0254448744e-13   5.5929515405e-05  -1.0773800253e-15   7.4092200000e-01
   3.8000000000e-02   3.8000000016e-02   3.4531306811e+02  -7.9683712206e+05   7.0185051841e-02   9.8410632821e-01   1.6780595811e-04  -8.3265737298e-12  -1.5565105984e-13   1.6894488482e-01   1.1254308763e-10   3.2262616921e-02   1.6120131126e-06   8.7304432105e-14   2.8752762294e-15   1.1758923776e-05   2.2940618873e-02   6.0062743968e-03   3.1748354565e-02   1.6769666728e-13   6.2073419994e-05  -1.3551611614e-15   7.3785400000e-01
   4.2000000000e-02   4.2000000010e-02   3.5836707785e+02  -8.6743003141e+05   7.7140960180e-02   9.4494916620e-01   1.8485713471e-04  -5.5511010578e-12  -1.3442758224e-13   1.6254299544e-01   1.6060088375e-10   3.5458469374e-02   1.8689524348e-06   1.3470873009e-13   4.5427301348e-15   1.2815760905e-05   2.5447282434e-02   6.6043395140e-03   3.4893294158e-02   3.0055612287e-13   6.8077074902e-05  -1.1353498873e-15   7.3478600000e-01
   4.6000000000e-02   4.6000000008e-02   3.7518083228e+02  -9.3249124313e+05   8.3972125033e-02   8.9946732116e-01   2.0172766361e-04  -4.2806616607e-12  -1.3338331462e-13   1.5623948079e-01   2.3391223253e-10   3.8596520225e-02   2.1641064256e-06   2.0651116173e-13   7.1003876503e-15   1.3827156547e-05   2.7980474428e-02   7.1925045732e-03   3.7981372571e-02   5.2216305695e-13   7.3928252534e-05  -1.0914378145e-15   7.3171800000e-01
   5.0000000000e-02   5.0000000010e-02   3.9609273335e+02  -9.9142212158e+05   9.0668903006e-02   8.4903726991e-01   2.1840183232e-04  -4.8189609864e-12  -1.8339539098e-13   1.5004193699e-01   3.4409670122e-10   4.1672306893e-02   2.5047896268e-06   3.1314077942e-13   1.0984904618e-14   1.4792140280e-05   3.0542247412e-02   7.7699894984e-03   4.1008204782e-02   8.9397715560e-13   7.9615325543e-05  -1.5471952288e-15   7.2865000000e-01
   5.4000000000e-02   5.4000000011e-02   4.2108491101e+02  -1.0439871914e+06   9.7222214677e-02   7.9590237968e-01   2.3486433663e-04  -5.6221326917e-12  -2.7655681100e-13   1.4395751441e-01   5.0561852519e-10   4.4681629460e-02   2.8981617649e-06   4.6812804720e-13   1.6824318879e-14   1.5710278898e-05   3.3134534805e-02   8.3360555448e-03   4.3969665335e-02   1.5355856300e-12   8.5127166618e-05  -2.2630342723e-15   7.2558200000e-01
   5.8000000000e-02   5.8000000010e-02   4.4965554411e+02  -1.0904766208e+06   1.0362357455e-01   7.4278609124e-01   2.5110032042e-04  -5.3089616115e-12  -3.4435360121e-13   1.3799289426e-01   7.2844196986e-10   4.7620564532e-02   3.3511945727e-06   6.8173890941e-13   2.5132290193e-14   1.6581807933e-05   3.5759144538e-02   8.8900076158e-03   4.6861902082e-02   2.6283782486e-12   9.0452921468e-05  -2.6464372353e-15   7.2251400000e-01
   6.2000000000e-02   6.2000000005e-02   4.8091865812e+02  -1.1316297395e+06   1.0986511677e-01   6.9214137840e-01   2.6709542201e-04  -2.6663540756e-12  -9.0535678052e-14   1.3215426873e-01   1.0144430133e-09   5.0485477044e-02   3.8704655690e-06   9.5863037091e-13   3.6137660765e-14   1.7407821361e-05   3.8417753583e-02   9.4311962947e-03   4.9681348006e-02   4.4332093535e-12   9.5581618179e-05  -1.7636027878e-15   7.1944600000e-01
   6.6000000000e-02   6.6000000000e-02   5.1634615002e+02  -1.1654514273e+06   1.1593961648e-01   6.4247585643e-01   2.8283583210e-04   4.4534641672e-12   1.5117058820e-12   1.2644732482e-01   1.3802661257e-09   5.3273029988e-02   4.4617642221e-06   1.3133749223e-12   5.0590644363e-14   1.8190543808e-05   4.1111903353e-02   9.9590195746e-03   5.2424731085e-02   7.5110772157e-12   1.0050164849e-04   2.1049443312e-15   7.1637800000e-01
   7.0000000000e-02   7.0000000000e-02   5.6122667280e+02  -1.1851975505e+06   1.2184050645e-01   5.8911413294e-01   2.9830838425e-04   2.2517677137e-11   7.5888064814e-12   1.2087723345e-01   1.8778670212e-09   5.5980191721e-02   5.1285458271e-06   1.7812768500e-12   7.0630647648e-14   1.8933699592e-05   4.3842996255e-02   1.0472924232e-02   5.5089082116e-02   1.3418580121e-11   1.0519967314e-04   1.3336242544e-14   7.1331000000e-01
   7.4000000000e-02   7.4000000000e-02   6.0860849417e+02  -1.1985551342e+06   1.2756188787e-01   5.4143767066e-01   3.1350076838e-04   6.3233028077e-11   2.6170740656e-11   1.1544864749e-01   2.4335875878e-09   5.8604239970e-02   5.8674398120e-06   2.3206420594e-12   9.3913664011e-14   1.9643779348e-05   4.6612293487e-02   1.0972406692e-02   5.7671740442e-02   2.3557991738e-11   1.0965738011e-04   3.9876733304e-14   7.1024200000e-01
   7.8000000000e-02   7.8000000000e-02   6.5425194551e+02  -1.2105093354e+06   1.3309853846e-01   5.0199453027e-01   3.2840175733e-04   1.4499553886e-10   7.4021767668e-11   1.1016569718e-01   2.9804486405e-09   6.1142765132e-02   6.6667132997e-06   2.9014081076e-12   1.1828564143e-13   2.0332044545e-05   4.9420911342e-02   1.1457013672e-02   6.0170357897e-02   3.9541087153e-11   1.1385102059e-04   9.6656850151e-14   7.0717400000e-01
   8.2000000000e-02   8.2000000000e-02   6.9709254582e+02  -1.2224577134e+06   1.3844591744e-01   4.6959118020e-01   3.4300137116e-04   2.8898047640e-10   1.7703856392e-10   1.0503198594e-01   3.5097507081e-09   6.3593672739e-02   7.5056762329e-06   3.5420978275e-12   1.4383777622e-13   2.1015663212e-05   5.2269818174e-02   1.1926342562e-02   6.2582900773e-02   6.3640480335e-11   1.1775306219e-04   2.0522307538e-13   7.0410600000e-01
   8.6000000000e-02   8.6000000000e-02   7.3693195546e+02  -1.2348045817e+06   1.4360016618e-01   4.4274961812e-01   3.5729094261e-04   5.1136192626e-10   3.6089225082e-10   1.0005058835e-01   4.0437567487e-09   6.5955184051e-02   8.3551111460e-06   4.2915123844e-12   1.7201850342e-13   2.1717528292e-05   5.5159833426e-02   1.2380041519e-02   6.4907649663e-02   9.8625714599e-11   1.2133438439e-04   3.8861858354e-13   7.0103800000e-01
   9.0000000000e-02   9.0000000000e-02   7.7383505129e+02  -1.2476412234e+06   1.4855810414e-01   4.2026309750e-01   3.7126303717e-04   8.1586836722e-10   6.3560824891e-10   9.5224049733e-02   4.6109838032e-09   6.8225834453e-02   9.1797371755e-06   5.2117733145e-12   2.0475891011e-13   2.2464362389e-05   5.8091629313e-02   1.2817809379e-02   6.7143197267e-02   1.4735952406e-10   1.2456650208e-04   6.6480021197e-13   6.9797000000e-01
   9.4000000000e-02   9.4000000000e-02   8.0795198147e+02  -1.2609471229e+06   1.5331722060e-01   4.0121487004e-01   3.8491122499e-04   1.1907828852e-09   9.8607329448e-10   9.0554387355e-02   5.2299819330e-09   7.0404469705e-02   9.9425626774e-06   6.3663721136e-12   2.4385238960e-13   2.3283228135e-05   6.1065735186e-02   1.3239395431e-02   6.9288444243e-02   2.1226095350e-10   1.2742343642e-04   1.0421017270e-12   6.9490200000e-01
   9.8000000000e-02   9.8000000000e-02   8.3945419616e+02  -1.2746639821e+06   1.5787566264e-01   3.8491719230e-01   3.9822976142e-04   1.6127244659e-09   1.3762496176e-09   8.6043094238e-02   5.9030176831e-09   7.2490240451e-02   1.0609925882e-05   7.8139700318e-12   2.9064514303e-13   2.4197348758e-05   6.4082543604e-02   1.3644599125e-02   7.1342593300e-02   2.9485051046e-10   1.2988304930e-04   1.5193522274e-12   6.9183400000e-01
   1.0200000000e-01   1.0200000000e-01   8.6851024033e+02  -1.2887252703e+06   1.6223222013e-01   3.7085138855e-01   4.1121327267e-04   2.0549438168e-09   1.7634478676e-09   8.1691146322e-02   6.6189234695e-09   7.4482595518e-02   1.1155634035e-05   9.6083011823e-12   3.4603124026e-13   2.5222570884e-05   6.7142316654e-02   1.4033269661e-02   7.3305141683e-02   3.9556923425e-10   1.3192783951e-04   2.0899222725e-12   6.8876600000e-01
   1.0600000000e-01   1.0600000000e-01   8.9527729455e+02  -1.3030678514e+06   1.6638630854e-01   3.5862171393e-01   4.2385653010e-04   2.4949482716e-09   2.1123315191e-09   7.7499013680e-02   7.3601917816e-09   7.6381274318e-02   1.1563142531e-05   1.1801264295e-11   4.1060008774e-13   2.6365462193e-05   7.0245191356e-02   1.4405305399e-02   7.5175872292e-02   5.1385745114e-10   1.3354532402e-04   2.7461150138e-12   6.8569800000e-01
   1.1000000000e-01   1.1000000000e-01   9.1989914832e+02  -1.3176360371e+06   1.7033794930e-01   3.4792204793e-01   4.3615434299e-04   2.9179550011e-09   2.4015269172e-09   7.3466675657e-02   8.1089079456e-09   7.8186298377e-02   1.1825692031e-05   1.4444986972e-11   4.8475194990e-13   2.7623211163e-05   7.3391183870e-02   1.4760652985e-02   7.6954843599e-02   6.4832327523e-10   1.3472817042e-04   3.4809714301e-12   6.8263000000e-01
   1.1400000000e-01   1.1400000000e-01   9.4250672483e+02  -1.3323824407e+06   1.7408774810e-01   3.3851225173e-01   4.4810154777e-04   3.3163380015e-09   2.6228911218e-09   6.9593639267e-02   8.8493325863e-09   7.9897961867e-02   1.1945029415e-05   1.7590536867e-11   5.6869784655e-13   2.8984827369e-05   7.6580192954e-02   1.5099306146e-02   7.8642378539e-02   7.9686476437e-10   1.3547421318e-04   4.2873209018e-12   6.7956200000e-01
   1.1800000000e-01   1.1800000000e-01   9.6321950178e+02  -1.3472675378e+06   1.7763687074e-01   3.3020137112e-01   4.5969305172e-04   3.6872159913e-09   2.7773370831e-09   6.5878960084e-02   9.5679751574e-09   8.1516821021e-02   1.1929493264e-05   2.1283497332e-11   6.6236842531e-13   3.0432957722e-05   7.9812003294e-02   1.5421304142e-02   8.0239052520e-02   9.5673300368e-10   1.3578641918e-04   5.1557274512e-12   6.7649400000e-01
   1.2200000000e-01   1.2200000000e-01   9.8214711913e+02  -1.3622587760e+06   1.8098701687e-01   3.2283560462e-01   4.7092389611e-04   4.0300530168e-09   2.8705962827e-09   6.2321264955e-02   1.0252830251e-08   8.3043682399e-02   1.1792034784e-05   2.5558037125e-11   7.6530007490e-13   3.1945803492e-05   8.3086289221e-02   1.5726729917e-02   8.1745680655e-02   1.1245968075e-09   1.3567280881e-04   6.0729604638e-12   6.7342600000e-01
   1.2600000000e-01   1.2600000000e-01   9.9939089879e+02  -1.3773295780e+06   1.8414039169e-01   3.1628958264e-01   4.8178932065e-04   4.3450420861e-09   2.9102851036e-09   5.8918776166e-02   1.0892685273e-08   8.4479590062e-02   1.1548464082e-05   3.0430678844e-11   8.7654157139e-13   3.3498872938e-05   8.6402619016e-02   1.6015708018e-02   8.3163304291e-02   1.2966520832e-09   1.3514630828e-04   7.0216324068e-12   6.7035800000e-01
   1.3000000000e-01   1.3000000000e-01   1.0150480000e+03  -1.3924584096e+06   1.8709967581e-01   3.1045910146e-01   4.9228482412e-04   4.6323574157e-09   2.9043911156e-09   5.5669336788e-02   1.1477252152e-08   8.5825811739e-02   1.1216013983e-05   3.5895362963e-11   9.9462588968e-13   3.5066482207e-05   8.9760459873e-02   1.6288402343e-02   8.4493176903e-02   1.4688227457e-09   1.3422450507e-04   7.9811299768e-12   6.6729000000e-01
   1.3400000000e-01   1.3400000000e-01   1.0292092153e+03  -1.4076279464e+06   1.8986799348e-01   3.0525747916e-01   5.0240622315e-04   4.8918520946e-09   2.8605012043e-09   5.2570437100e-02   1.1997133514e-08   8.7083824070e-02   1.0812217632e-05   4.1919826303e-11   1.1175848303e-12   3.6622995282e-05   9.3159183482e-02   1.6545013787e-02   8.5736749404e-02   1.6369648808e-09   1.3292928222e-04   8.9291030633e-12   6.6422200000e-01
   1.3800000000e-01   1.3800000000e-01   1.0419571142e+03  -1.4228243578e+06   1.9244887949e-01   3.0061271850e-01   5.1214971143e-04   5.1231219113e-09   2.7855758151e-09   4.9619241930e-02   1.2444047514e-08   8.8255297043e-02   1.0354065126e-05   4.8443111353e-11   1.2429912371e-12   3.8143826157e-05   9.6598072146e-02   1.6785777814e-02   8.6895654920e-02   1.7970881220e-09   1.3128633403e-04   9.8431550452e-12   6.6115400000e-01
   1.4200000000e-01   1.4200000000e-01   1.0533699370e+03  -1.4380366987e+06   1.9484624485e-01   2.9646375363e-01   5.2151192166e-04   5.3256825517e-09   2.6859369427e-09   4.6812618752e-02   1.2811349929e-08   8.9342077766e-02   9.8573932198e-06   5.5376513358e-11   1.3680864164e-12   3.9606232496e-05   1.0007632536e-01   1.7010962012e-02   8.7971693149e-02   1.9455865274e-09   1.2932457651e-04   1.0702624021e-11   6.5808600000e-01
   1.4600000000e-01   1.4600000000e-01   1.0635221588e+03  -1.4532563995e+06   1.9706434167e-01   2.9275836387e-01   5.3048999016e-04   5.4991375945e-09   2.5672838061e-09   4.4147166377e-02   1.3094312217e-08   9.0346173685e-02   9.3364750835e-06   6.2606290643e-11   1.4899225176e-12   4.0989911203e-05   1.0359306678e-01   1.7220863627e-02   8.8966814363e-02   2.0794105902e-09   1.2707547364e-04   1.1489920789e-11   6.5501800000e-01
   1.5000000000e-01   1.5000000000e-01   1.0724848629e+03  -1.4684768382e+06   1.9910772733e-01   2.8945156765e-01   5.3908162239e-04   5.6433138071e-09   2.4347140617e-09   4.1619244024e-02   1.3290273834e-08   9.1269735423e-02   8.8037790615e-06   6.9998332250e-11   1.6055209166e-12   4.2277408694e-05   1.0714735150e-01   1.7415807084e-02   8.9883103204e-02   2.1961825100e-09   1.2457231144e-04   1.2191391134e-11   6.5195000000e-01
   1.5400000000e-01   1.5400000000e-01   1.0803260312e+03  -1.4836929830e+06   2.0098122844e-01   2.8650435718e-01   5.4728515634e-04   5.7583501514e-09   2.2927386108e-09   3.9225000508e-02   1.3398667307e-08   9.2115039395e-02   8.2698674210e-06   7.7404367489e-11   1.7120318174e-12   4.3454360327e-05   1.1073817353e-01   1.7596141509e-02   9.0722762380e-02   2.2942520565e-09   1.2184945484e-04   1.2797691242e-11   6.4888200000e-01
   1.5800000000e-01   1.5800000000e-01   1.0871107703e+03  -1.4989010949e+06   2.0268990467e-01   2.8388269221e-01   5.5509962084e-04   5.8447409407e-09   2.1452919801e-09   3.6960403328e-02   1.3420929373e-08   9.2884470397e-02   7.7434068364e-06   8.4669148044e-11   1.8068811156e-12   4.4509576730e-05   1.1436447351e-01   1.7762238228e-02   9.1488096427e-02   2.3726977009e-09   1.1894162115e-04   1.3303736076e-11   6.4581400000e-01
   1.6200000000e-01   1.6200000000e-01   1.0929014863e+03  -1.5140984792e+06   2.0423901304e-01   2.8155669310e-01   5.6252478545e-04   5.9033402143e-09   1.9957440651e-09   3.4821267370e-02   1.3360320135e-08   9.3580504332e-02   7.2312632462e-06   9.1637966696e-11   1.8878930021e-12   4.5434998455e-05   1.1802514633e-01   1.7914488257e-02   9.2181495667e-02   2.4312824975e-09   1.1588319982e-04   1.3708322191e-11   6.4274600000e-01
   1.6600000000e-01   1.6600000000e-01   1.0977580208e+03  -1.5292832796e+06   2.0563397274e-01   2.7949998855e-01   5.6956119965e-04   5.9353368121e-09   1.8469181515e-09   3.2803282994e-02   1.3221675117e-08   9.4205691258e-02   6.7386554442e-06   9.8163889220e-11   1.9533802638e-12   4.6225543163e-05   1.2171904884e-01   1.8053299782e-02   9.2805420503e-02   2.4703765562e-09   1.1270764221e-04   1.4013539804e-11   6.3967800000e-01
   1.7000000000e-01   1.7000000000e-01   1.1017377579e+03  -1.5444543062e+06   2.0688033094e-01   2.7768918434e-01   5.7621021951e-04   5.9422096128e-09   1.7011177383e-09   3.0902043288e-02   1.3011115162e-08   9.4762638918e-02   6.2693445417e-06   1.0411416123e-10   2.0021982121e-12   4.6878870845e-05   1.2544500735e-01   1.8179095625e-02   9.3362386182e-02   2.4908583144e-09   1.0944693758e-04   1.4224082168e-11   6.3661000000e-01
   1.7400000000e-01   1.7400000000e-01   1.1048957077e+03  -1.5596108948e+06   2.0798372978e-01   2.7610342786e-01   5.8247402101e-04   5.9256712865e-09   1.5601624064e-09   2.9113070259e-02   1.2735736856e-08   9.5253996895e-02   5.8258400594e-06   1.0937538549e-10   2.0337619986e-12   4.7395092135e-05   1.2920182500e-01   1.8292310730e-02   9.3854948139e-02   2.4940057700e-09   1.0613118501e-04   1.4346540822e-11   6.3354200000e-01
   1.7800000000e-01   1.7800000000e-01   1.1072845752e+03  -1.5747527888e+06   2.0894987479e-01   2.7472404867e-01   5.8835559991e-04   5.8876073771e-09   1.4254313599e-09   2.7431839812e-02   1.2403303067e-08   9.5682441505e-02   5.4096074780e-06   1.1385722280e-10   2.0480303689e-12   4.7776442901e-05   1.3298828876e-01   1.8393389664e-02   9.4285688018e-02   2.4813869856e-09   1.0278826392e-04   1.4388750449e-11   6.3047400000e-01
   1.8200000000e-01   1.8200000000e-01   1.1089548165e+03  -1.5898800441e+06   2.0978450493e-01   2.7353426024e-01   5.9385875891e-04   5.8300158967e-09   1.2979123570e-09   2.5853805357e-02   1.2021949186e-08   9.6050661546e-02   5.0212661582e-06   1.1749453032e-10   2.0454613284e-12   4.8026945303e-05   1.3680317617e-01   1.8482784171e-02   9.4657200450e-02   2.4547569293e-09   9.9443600826e-05   1.4359222436e-11   6.2740600000e-01
   1.8600000000e-01   1.8600000000e-01   1.1099546881e+03  -1.6049929496e+06   2.1049336448e-01   2.7251891087e-01   5.9898808308e-04   5.7549510363e-09   1.1782534401e-09   2.4374419921e-02   1.1599916881e-08   9.6361344962e-02   4.6607702914e-06   1.2024799106e-10   2.0269466471e-12   4.8152071943e-05   1.4064526164e-01   1.8560950783e-02   9.4972080655e-02   2.4159654766e-09   9.6120025711e-05   1.4266684744e-11   6.2433800000e-01
   1.9000000000e-01   1.9000000000e-01   1.1103302913e+03  -1.6200919640e+06   2.1108217684e-01   2.7166427483e-01   6.0374890515e-04   5.6644733856e-09   1.0668150388e-09   2.2989156702e-02   1.1145323037e-08   9.6617166489e-02   4.3275687177e-06   1.2210340038e-10   1.9937326170e-12   4.8158425871e-05   1.4451332238e-01   1.8628348537e-02   9.5232912906e-02   2.3668793796e-09   9.2837708464e-05   1.4119730964e-11   6.2127000000e-01
   1.9400000000e-01   1.9400000000e-01   1.1101256137e+03  -1.6351776635e+06   2.1155662025e-01   2.7095787619e-01   6.0814726230e-04   5.5606101543e-09   9.6372192653e-10   2.1693527984e-02   1.0665970789e-08   9.6820776315e-02   4.0207419581e-06   1.2306991385e-10   1.9473347344e-12   4.8053445563e-05   1.4840614377e-01   1.8685436782e-02   9.5442259893e-02   2.3093196120e-09   8.9614164275e-05   1.3926578247e-11   6.1820200000e-01
   1.9800000000e-01   1.9800000000e-01   1.1093825701e+03  -1.6502507008e+06   2.1192230576e-01   2.7038833958e-01   6.1218984606e-04   5.4454122000e-09   8.6899341976e-10   2.0483102384e-02   1.0169384380e-08   9.6974789773e-02   3.7391165985e-06   1.2318076811e-10   1.8894797261e-12   4.7845139080e-05   1.5232252442e-01   1.8732673131e-02   9.5602653007e-02   2.2450247838e-09   8.6464316165e-05   1.3695314910e-11   6.1513400000e-01
   2.0800000000e-01   2.0800000000e-01   1.1063137917e+03  -1.6879033653e+06   2.1257843399e-01   2.6927794670e-01   6.2142508284e-04   5.1427548805e-09   6.6486749032e-10   1.7659147520e-02   8.9566198013e-09   9.7242260424e-02   3.0947165992e-06   1.2182381738e-10   1.7285769397e-12   4.7086730179e-05   1.6216941504e-01   1.8827269160e-02   9.5887479320e-02   2.0722237951e-09   7.8805033905e-05   1.3087218289e-11   6.0746400000e-01
   2.2400000000e-01   2.2400000000e-01   1.0948247309e+03  -1.7479962321e+06   2.1219318863e-01   2.6917293873e-01   6.3094059017e-04   4.5531158753e-09   4.2966032997e-10   1.4263420968e-02   6.9626345279e-09   9.7018533278e-02   2.3795228961e-06   1.0877788760e-10   1.3721903010e-12   4.4690633211e-05   1.7823597840e-01   1.8846191157e-02   9.5697523609e-02   1.7648386542e-09   6.8328013171e-05   1.1761275785e-11   5.9519200000e-01
   2.4000000000e-01   2.4000000000e-01   1.0787603309e+03  -1.8079792224e+06   2.1068265577e-01   2.7029009274e-01   6.3579549239e-04   3.9520086899e-09   2.7772696301e-10   1.1746548818e-02   5.2285016058e-09   9.6286341083e-02   1.8913418107e-06   9.0632267041e-11   1.0210279922e-12   4.1603084536e-05   1.9454749565e-01   1.8758987789e-02   9.5001531404e-02   1.4800792459e-09   5.9794299399e-05   1.0398782743e-11   5.8292000000e-01
   2.5600000000e-01   2.5600000000e-01   1.0596337221e+03  -1.8678859026e+06   2.0831123781e-01   2.7230314377e-01   6.3663079005e-04   3.3853641473e-09   1.8153118630e-10   9.9008938261e-03   3.8303875809e-09   9.5167263670e-02   1.5603156092e-06   7.1674118491e-11   7.2406029563e-13   3.8202445725e-05   2.1104702018e-01   1.8588615858e-02   9.3918727487e-02   1.2382262500e-09   5.3076705228e-05   9.1202376587e-12   5.7064800000e-01
   2.7200000000e-01   2.7200000000e-01   1.0385883503e+03  -1.9277406122e+06   2.0529598729e-01   2.7497017441e-01   6.3408133789e-04   2.8758815082e-09   1.2081041511e-10   8.5563140796e-03   2.7588724652e-09   9.3760558140e-02   1.3360898519e-06   5.4535240556e-11   4.9589636146e-13   3.4752107234e-05   2.2768769699e-01   1.8354323648e-02   9.2547024161e-02   1.0414200202e-09   4.7906592039e-05   7.9731807480e-12   5.5837600000e-01
   2.8800000000e-01   2.8800000000e-01   1.0164630978e+03  -1.9875600688e+06   2.0180909114e-01   2.7811179021e-01   6.2874275282e-04   2.4314124258e-09   8.2127205943e-11   7.5780759876e-03   1.9653781978e-09   9.2144513083e-02   1.1835973453e-06   4.0356380898e-11   3.3147689450e-13   3.1420754946e-05   2.4443224868e-01   1.8071720896e-02   9.0964114405e-02   8.8384185784e-10   4.3974427866e-05   6.9657354131e-12   5.4610400000e-01
   3.0400000000e-01   3.0400000000e-01   9.9385350254e+02  -2.0473554639e+06   1.9798305757e-01   2.8159637985e-01   6.2115093179e-04   2.0512140442e-09   5.7050675002e-11   6.8626824376e-03   1.3911327122e-09   9.0379007633e-02   1.0786821304e-06   2.9292777722e-11   2.1803859960e-13   2.8306426642e-05   2.6125188356e-01   1.7753116578e-02   8.9229782422e-02   7.5753829692e-10   4.0987037037e-05   6.0878342859e-12   5.3383200000e-01
   3.2000000000e-01   3.2000000000e-01   9.7115389028e+02  -2.1071342167e+06   1.9391714212e-01   2.8533312100e-01   6.1177187715e-04   1.7301007987e-09   4.0434276665e-11   6.3327590943e-03   9.8160855573e-10   8.8508596417e-02   1.0047385085e-06   2.0992406221e-11   1.4201167370e-13   2.5457589556e-05   2.7812493878e-01   1.7407991204e-02   8.7388782620e-02   6.5510161147e-10   3.8694247620e-05   5.3236028282e-12   5.2156000000e-01
   3.3600000000e-01   3.3600000000e-01   9.4863277980e+02  -2.1669012574e+06   1.8968393936e-01   2.8925572697e-01   6.0099929944e-04   1.4609851911e-09   2.9164921068e-11   5.9318353512e-03   6.9219494937e-10   8.6565629035e-02   9.5035503006e-07   1.4927448651e-11   9.2015900936e-14   2.2889730222e-05   2.9503548590e-01   1.7043506365e-02   8.5473804657e-02   5.7055226991e-10   3.6896531878e-05   4.6572386647e-12   5.0928800000e-01
   3.5200000000e-01   3.5200000000e-01   9.2646550028e+02  -2.2266598963e+06   1.8533545229e-01   2.9331686091e-01   5.8915760629e-04   1.2363817916e-09   2.1349800438e-11   5.6195540148e-03   4.8867634786e-10   8.4573093983e-02   9.0774295216e-07   1.0571440688e-11   5.9517073429e-14   2.0597627331e-05   3.1197204376e-01   1.6664988488e-02   8.3508212210e-02   4.9940375360e-10   3.5442304638e-05   4.0751498329e-12   4.9701600000e-01
   3.6800000000e-01   3.6800000000e-01   9.0475658249e+02  -2.2864123900e+06   1.8090827963e-01   2.9748482756e-01   5.7650823758e-04   1.0492028146e-09   1.5820501752e-11   5.3675871514e-03   3.4582960845e-10   8.2547029246e-02   8.7166961903e-07   7.4754379228e-12   3.8520550513e-14   1.8564114405e-05   3.2892647496e-01   1.6276352233e-02   8.1508389917e-02   4.3841956654e-10   3.4220610664e-05   3.5661176196e-12   4.8474400000e-01
   3.8400000000e-01   3.8400000000e-01   8.8356175541e+02  -2.3461603047e+06   1.7642780502e-01   3.0173953696e-01   5.6325772117e-04   8.9312660675e-10   1.1840295742e-11   5.1563447871e-03   2.4553900147e-10   8.0498454050e-02   8.3871277882e-07   5.2873985860e-12   2.4985450534e-14   1.6766104774e-05   3.4589309122e-01   1.5880450062e-02   7.9485643192e-02   3.8531076035e-10   3.3152610427e-05   3.1207699249e-12   4.7247200000e-01
   4.0000000000e-01   4.0000000000e-01   8.6290405820e+02  -2.4059047484e+06   1.7191143046e-01   3.0606939249e-01   5.4956625205e-04   7.6271964094e-10   8.9332298611e-12   4.9724397760e-03   1.7500180387e-10   7.8434848171e-02   8.0672833760e-07   3.7446159435e-12   1.6256408473e-14   1.5178528723e-05   3.6286795958e-01   1.5479348407e-02   7.7447667628e-02   3.3847303935e-10   3.2183641600e-05   2.7310595341e-12   4.6020000000e-01
   4.1600000000e-01   4.1600000000e-01   8.4278528725e+02  -2.4656465192e+06   1.6737098162e-01   3.1046895150e-01   5.3555599233e-04   6.5342211909e-10   6.7841312352e-12   4.8068060850e-03   1.2525473199e-10   7.6361243104e-02   7.7446507713e-07   2.6568893113e-12   1.0614672867e-14   1.3776733530e-05   3.7984838342e-01   1.5074538662e-02   7.5399643857e-02   2.9678571985e-10   3.1276596594e-05   2.3899300690e-12   4.4792800000e-01
   4.3200000000e-01   4.3200000000e-01   8.2319390788e+02  -2.5253862028e+06   1.6281444409e-01   3.1493721265e-01   5.2131861395e-04   5.6146575622e-10   5.1793648312e-12   4.6533437954e-03   9.0052085319e-11   7.4281002387e-02   7.4128418292e-07   1.8889883081e-12   6.9566365340e-15   1.2537800209e-05   3.9683252535e-01   1.4667094462e-02   7.3345028623e-02   2.5946593905e-10   3.0406766322e-05   2.0911405471e-12   4.3565600000e-01
   4.4800000000e-01   4.4800000000e-01   8.0411038877e+02  -2.5851242355e+06   1.5824718686e-01   3.1947639447e-01   5.0692185097e-04   4.8376498585e-10   3.9710437323e-12   4.5079668775e-03   6.5048292660e-11   7.2196365839e-02   7.0695528838e-07   1.3457370042e-12   4.5759339672e-15   1.1441136989e-05   4.1381913937e-01   1.4257786981e-02   7.1286112194e-02   2.2596419279e-10   2.9558010829e-05   1.8291746519e-12   4.2338400000e-01
   4.6400000000e-01   4.6400000000e-01   7.8551071898e+02  -2.6448609476e+06   1.5367280877e-01   3.2409108580e-01   4.9241499658e-04   4.1780501206e-10   3.0548929467e-12   4.3679464965e-03   4.7217784136e-11   7.0108821784e-02   6.7150902165e-07   9.6047112730e-13   3.0204322148e-15   1.0468621860e-05   4.3080738392e-01   1.3847168675e-02   6.9224403319e-02   1.9588863974e-10   2.8720009953e-05   1.5991804157e-12   4.1111200000e-01
   4.8000000000e-01   4.8000000000e-01   7.6736867880e+02  -2.7045965921e+06   1.4909371635e-01   3.2878766994e-01   4.7783338599e-04   3.6153879224e-10   2.3562135973e-12   4.2314642651e-03   3.4449674824e-11   6.8019358073e-02   6.3513152013e-07   6.8655644156e-13   2.0001111011e-15   9.6044889485e-06   4.4779669286e-01   1.3435633869e-02   6.7160891020e-02   1.6894934564e-10   2.7886337491e-05   1.3969143814e-12   3.9884000000e-01
   4.9600000000e-01   4.9600000000e-01   7.4965727506e+02  -2.7643313654e+06   1.4451151502e-01   3.3357394587e-01   4.6320196540e-04   3.1329810784e-10   1.8207647259e-12   4.0973110170e-03   2.5266991247e-11   6.5928629816e-02   5.9809032811e-07   4.9133923736e-13   1.3283094404e-15   8.8350896462e-06   4.6478668716e-01   1.3023462638e-02   6.5096220602e-02   1.4491710375e-10   2.7053136378e-05   1.2186832536e-12   3.8656800000e-01
   5.1200000000e-01   5.1200000000e-01   7.3234962668e+02  -2.8240654219e+06   1.3992727276e-01   3.3845888933e-01   4.4853807303e-04   2.7171990837e-10   1.4087044292e-12   3.9646846902e-03   1.8632897176e-11   6.3837070947e-02   5.6068400417e-07   3.5190314180e-13   8.8440568476e-16   8.1486102580e-06   4.8177711462e-01   1.2610852669e-02   6.3030811071e-02   1.2359381655e-10   2.6218219555e-05   1.0612847309e-12   3.7429600000e-01
   5.2800000000e-01   5.2800000000e-01   7.1541949324e+02  -2.8837988838e+06   1.3534169739e-01   3.4345251296e-01   4.3385356414e-04   2.3568705177e-10   1.0904804990e-12   3.8330549671e-03   1.3817028924e-11   6.1744968337e-02   5.2320983663e-07   2.5211806382e-13   5.9012000875e-16   7.5347927930e-06   4.9876780882e-01   1.2197942464e-02   6.0964933027e-02   1.0479263090e-10   2.5380466227e-05   9.2195149790e-13   3.6202400000e-01
   5.4400000000e-01   5.4400000000e-01   6.9884157448e+02  -2.9435318491e+06   1.3075525591e-01   3.4856579721e-01   4.1915640469e-04   2.0428167298e-10   8.4399162156e-13   3.7020726285e-03   1.0303147653e-11   5.9652511086e-02   4.8594543817e-07   1.8059426726e-13   3.9443359477e-16   6.9846821000e-06   5.1575866111e-01   1.1784828259e-02   5.8898760161e-02   8.8326383479e-11   2.4539420327e-05   7.9830172907e-13   3.4975200000e-01
   5.6000000000e-01   5.6000000000e-01   6.8259166421e+02  -3.0032643970e+06   1.2616825474e-01   3.5381067291e-01   4.0445184525e-04   1.7674918065e-10   6.5259389459e-13   3.5715088247e-03   7.7251559663e-12   5.7559823367e-02   4.4914082896e-07   1.2926363542e-13   2.6395709994e-16   6.4904082298e-06   5.3274960160e-01   1.1371576333e-02   5.6832403191e-02   7.4002825790e-11   2.3695026128e-05   6.8829795872e-13   3.3748000000e-01
   5.7600000000e-01   5.7600000000e-01   6.6664671284e+02  -3.0629965920e+06   1.2158089371e-01   3.5920004306e-01   3.8974327058e-04   1.5247096709e-10   5.0368038059e-13   3.4412143966e-03   5.8226117545e-12   5.5466986351e-02   4.1301809489e-07   9.2393633963e-14   1.7675258263e-16   6.0450050121e-06   5.4974058619e-01   1.0958231933e-02   5.4765932154e-02   6.1624900992e-11   2.2847456277e-05   5.9021466372e-13   3.2520800000e-01
   5.9200000000e-01   5.9200000000e-01   6.5098483358e+02  -3.1227284868e+06   1.1699330231e-01   3.6474783571e-01   3.7503280386e-04   1.3094408901e-10   3.8765573416e-13   3.3110926677e-03   4.4096816891e-12   5.3374052833e-02   3.7777598115e-07   6.5899706334e-14   1.1835230318e-16   5.6422621617e-06   5.6673158779e-01   1.0544825684e-02   5.2699390990e-02   5.0994266467e-11   2.1997001740e-05   5.0261354872e-13   3.1293600000e-01
   6.0800000000e-01   6.0800000000e-01   6.3558527502e+02  -3.1824601254e+06   1.1240556391e-01   3.7046908330e-01   3.6032172930e-04   1.1176628971e-10   2.9718729907e-13   3.1810813070e-03   3.3533913691e-12   5.1281056994e-02   3.4359696978e-07   4.6863951276e-14   7.9181389900e-17   5.2766070655e-06   5.8372259042e-01   1.0131378157e-02   5.0632807026e-02   4.1916379550e-11   2.1144002953e-05   4.2432420795e-13   3.0066400000e-01
   6.2400000000e-01   6.2400000000e-01   6.2042837483e+02  -3.2421915440e+06   1.0781773184e-01   3.7638002568e-01   3.4561078274e-04   9.4624704506e-11   2.2665213650e-13   3.0511403016e-03   2.5583297276e-12   4.9188020864e-02   3.1065457773e-07   3.3196893405e-14   5.2881943575e-17   4.9430125196e-06   6.0071358525e-01   9.7179030808e-03   4.8566197112e-02   3.4205760246e-11   2.0288808169e-05   3.5442643877e-13   2.8839200000e-01
   6.4000000000e-01   6.4000000000e-01   6.0549550420e+02  -3.3019227734e+06   1.0322984008e-01   3.8249823583e-01   3.3090034851e-04   7.9286416595e-11   1.7172433271e-13   2.9212440356e-03   1.9558496496e-12   4.7094958603e-02   2.7911886520e-07   2.3398926865e-14   3.5218739157e-17   4.6369272751e-06   6.1770456798e-01   9.3044095759e-03   4.6499571549e-02   2.7690426811e-11   1.9431749530e-05   2.9222911148e-13   2.7612000000e-01
   6.5600000000e-01   6.5600000000e-01   5.9076900928e+02  -3.3616538395e+06   9.8641910162e-02   3.8884276855e-01   3.1619059094e-04   6.5588821014e-11   1.2906362296e-13   2.7913761180e-03   1.4964106273e-12   4.5001879298e-02   2.4915853152e-07   1.6391486401e-14   2.3361890985e-17   4.3542267435e-06   6.3469553711e-01   8.8909036863e-03   4.4432936587e-02   2.2214883491e-11   1.8573130525e-05   2.3723967894e-13   2.6384800000e-01
   6.7200000000e-01   6.7200000000e-01   5.7623215384e+02  -3.4213847642e+06   9.4053955735e-02   3.9543433314e-01   3.0148154117e-04   5.3427757632e-11   9.6077982231e-14   2.6615260357e-03   1.1441247030e-12   4.2908788788e-02   2.2093856841e-07   1.1397204346e-14   1.5414910553e-17   4.0911812808e-06   6.5168649282e-01   8.4773894173e-03   4.2366295988e-02   1.7641380930e-11   1.7713220562e-05   1.8911910989e-13   2.5157600000e-01
   6.8800000000e-01   6.8800000000e-01   5.6186906564e+02  -3.4811155665e+06   8.9465985430e-02   4.0229549242e-01   2.8677315402e-04   4.2741933407e-11   7.0741297848e-14   2.5316870115e-03   8.7285540569e-13   4.0815690838e-02   1.9461327972e-07   7.8546250426e-15   1.0103167658e-17   3.8444389661e-06   6.6867743619e-01   8.0638694305e-03   4.0299652008e-02   1.3849470571e-11   1.6852253860e-05   1.4762031799e-13   2.3930400000e-01
   7.0400000000e-01   7.0400000000e-01   5.4766468868e+02  -3.5408462630e+06   8.4878004731e-02   4.0945089058e-01   2.7206534510e-04   3.3493512444e-11   5.1453563537e-14   2.4018546462e-03   6.6342099242e-13   3.8722587889e-02   1.7031551867e-07   5.3573972253e-15   6.5676138864e-18   3.6110188022e-06   6.8566836881e-01   7.6503455043e-03   3.8233005993e-02   1.0734153365e-11   1.5990430789e-05   1.1251432201e-13   2.2703200000e-01
   7.2000000000e-01   7.2000000000e-01   5.3360474232e+02  -3.6005768680e+06   8.0290017138e-02   4.1692751387e-01   2.5735801466e-04   2.5646748917e-11   3.6935497521e-14   2.2720260662e-03   5.0159328427e-13   3.6629481541e-02   1.4814404705e-07   3.6108696199e-15   4.2278364951e-18   3.3883091575e-06   7.0265929239e-01   7.2368188360e-03   3.6166358746e-02   8.2031712787e-12   1.5127920505e-05   8.3515845531e-14   2.1476000000e-01
   7.3600000000e-01   7.3600000000e-01   5.1967568846e+02  -3.6603073943e+06   7.5702024903e-02   4.2475498829e-01   2.4265106281e-04   1.9148412850e-11   2.6151974024e-14   2.1421993907e-03   3.7667754778e-13   3.4536372853e-02   1.2815166327e-07   2.4010926808e-15   2.6909180481e-18   3.1740656278e-06   7.1965020860e-01   6.8232902401e-03   3.4099710747e-02   6.1741446701e-12   1.4264864125e-05   6.0225223130e-14   2.0248800000e-01
   7.5200000000e-01   7.5200000000e-01   5.0586470750e+02  -3.7200378534e+06   7.1114029493e-02   4.3296591999e-01   2.2794439858e-04   1.3914407520e-11   1.8259218353e-14   2.0123733996e-03   2.8051880732e-13   3.2443262534e-02   1.1033683867e-07   1.5726673304e-15   1.6906215901e-18   2.9664028893e-06   7.3664111897e-01   6.4097602763e-03   3.2033062284e-02   4.5722320224e-12   1.3401378038e-05   4.2102350106e-14   1.9021600000e-01
   7.6800000000e-01   7.6800000000e-01   4.9215968392e+02  -3.7797682558e+06   6.6526031877e-02   4.4159628441e-01   2.1323794468e-04   9.8256945206e-12   1.2570045140e-14   1.8825473214e-03   2.0681674097e-13   3.0350151068e-02   9.4640892304e-08   1.0128842221e-15   1.0466678050e-18   2.7637767826e-06   7.5363202481e-01   5.9962293340e-03   2.9966413531e-02   3.3287462140e-12   1.2537557121e-05   2.8479785535e-14   1.7794400000e-01
   7.8400000000e-01   7.8400000000e-01   4.7854920214e+02  -3.8394986111e+06   6.1938032706e-02   4.5068587203e-01   1.9853163916e-04   6.7338164083e-12   8.5307645825e-15   1.7527206955e-03   1.5065591300e-13   2.8257038787e-02   8.0951402713e-08   6.4031079825e-16   6.3732468401e-19   2.5649554840e-06   7.7062292720e-01   5.5826976866e-03   2.7899764593e-02   2.3807833534e-12   1.1673477776e-05   1.8609432015e-14   1.6567200000e-01
   8.0000000000e-01   8.0000000000e-01   4.6502255358e+02  -3.8992289281e+06   5.7350032425e-02   4.6027879925e-01   1.8382543492e-04   4.4733301252e-12   5.7038245601e-15   1.6228932770e-03   1.0817893548e-13   2.6163925923e-02   6.9111070760e-08   3.9650689712e-16   3.8082835917e-19   2.3689813769e-06   7.8761382700e-01   5.1691655286e-03   2.5833115539e-02   1.6715730552e-12   1.0809200740e-05   1.1726835128e-14   1.5340000000e-01
   8.1600000000e-01   8.1600000000e-01   4.5156975555e+02  -3.9589592151e+06   5.2762031344e-02   4.7042409516e-01   1.6911929791e-04   2.8767998166e-12   3.7519942008e-15   1.4930649700e-03   7.6350576160e-14   2.4070812639e-02   5.8930135396e-08   2.3994138693e-16   2.2269053017e-19   2.1751272622e-06   8.0460472485e-01   4.7556329990e-03   2.3766466408e-02   1.1510898202e-12   9.9447736712e-06   7.1140012167e-15   1.4112800000e-01
   8.3200000000e-01   8.3200000000e-01   4.3818158318e+02  -4.0186894796e+06   4.8174029682e-02   4.8117637598e-01   1.5441320466e-04   1.7882069591e-12   2.4222163673e-15   1.3632357771e-03   5.2779643857e-14   2.1977699052e-02   5.0200019839e-08   1.4147295299e-16   1.2696858011e-19   1.9828513264e-06   8.2159562125e-01   4.3421001984e-03   2.1699817227e-02   7.7650884914e-13   9.0802334792e-06   4.1460615361e-15   1.2885600000e-01
   8.4800000000e-01   8.4800000000e-01   4.2484961490e+02  -4.0784197282e+06   4.3586027598e-02   4.9259662195e-01   1.3970713977e-04   1.0721946632e-12   1.5291950711e-15   1.2334057635e-03   3.5580024659e-14   1.9884585245e-02   4.2706140729e-08   8.0965447966e-17   7.0240231306e-20   1.7917548493e-06   8.3858651657e-01   3.9285671994e-03   1.9633168013e-02   5.1226856435e-13   8.2156084140e-06   2.3154629739e-15   1.1658400000e-01
   8.6400000000e-01   8.6400000000e-01   4.1156629248e+02  -4.1381499660e+06   3.8998025205e-02   5.0475307336e-01   1.2500109354e-04   6.1845057355e-13   9.3978570968e-16   1.1035750296e-03   2.3261227672e-14   1.7791471278e-02   3.6238495551e-08   4.4747792278e-17   3.7450038295e-20   1.6015454346e-06   8.5557741106e-01   3.5150340554e-03   1.7566518778e-02   3.2970014310e-13   7.3509198769e-06   1.2351513724e-15   1.0431200000e-01
   8.8000000000e-01   8.8000000000e-01   3.9832499624e+02  -4.1978801973e+06   3.4410022588e-02   5.1772226601e-01   1.1029506010e-04   3.4194210902e-13   5.5935856692e-16   9.7374369258e-04   1.4643020067e-14   1.5698357194e-02   3.0599437225e-08   2.3717226538e-17   1.9064200723e-20   1.4120071221e-06   8.7256830493e-01   3.1015008050e-03   1.5499869529e-02   2.0632042017e-13   6.4861839616e-06   6.2677464278e-16   9.2040000000e-02
   8.9600000000e-01   8.9600000000e-01   3.8512013565e+02  -4.2576104248e+06   2.9822019807e-02   5.3159022991e-01   9.5589035958e-05   1.8036670375e-13   3.2087649381e-16   8.4391187279e-04   8.7900672465e-15   1.3605243025e-02   2.5608711279e-08   1.1939323645e-17   9.1423747295e-21   1.2229775249e-06   8.8955919832e-01   2.6879674769e-03   1.3433220270e-02   1.2493737159e-13   5.6214127270e-06   3.0101681517e-16   7.9768000000e-02
   9.1200000000e-01   9.1200000000e-01   3.7194725537e+02  -4.3173406502e+06   2.5234016909e-02   5.4645388015e-01   8.0883018977e-05   9.0202325266e-14   1.7683631504e-16   7.1407968569e-04   4.9626901749e-15   1.1512128793e-02   2.1106263301e-08   5.6321034437e-18   4.0490053963e-21   1.0343313116e-06   9.0655009135e-01   2.2744340921e-03   1.1366571004e-02   7.2707622416e-14   4.7566152218e-06   1.3596605014e-16   6.7496000000e-02
   9.2800000000e-01   9.2800000000e-01   3.5880315584e+02  -4.3770708747e+06   2.0646013926e-02   5.6242263435e-01   6.6177007740e-05   4.2429184178e-14   9.3704180156e-17   5.8424723633e-04   2.5799391971e-15   9.4190145172e-03   1.6953522777e-08   2.4442210884e-18   1.6053935583e-21   8.4596894593e-07   9.2354098412e-01   1.8609006662e-03   9.2999217346e-03   4.0245851082e-14   3.8917982875e-06   5.7339894049e-17   5.5224000000e-02
   9.4400000000e-01   9.4400000000e-01   3.4568602666e+02  -4.4368010987e+06   1.6058010883e-02   5.7962029950e-01   5.1471001141e-05   1.8592465168e-14   4.8154036221e-17   4.5441461585e-04   1.1915248765e-15   7.3259002087e-03   1.3033889918e-08   9.5406657553e-19   5.4034643916e-22   6.5780950460e-07   9.4053187669e-01   1.4473672109e-03   7.2332724624e-03   2.0842368842e-14   3.0269671749e-06   2.2421245175e-17   4.2952000000e-02
   9.6000000000e-01   9.6000000000e-01   3.3259558959e+02  -4.4965313225e+06   1.1470007800e-02   5.9818728073e-01   3.6764998175e-05   7.5276997182e-15   2.4361232442e-17   3.2458189898e-04   4.5572665418e-16   5.2327858778e-03   9.2530621037e-09   3.3038569136e-19   1.3907274480e-22   4.6978650089e-07   9.5752276914e-01   1.0338337352e-03   5.1666231884e-03   9.8105549037e-15   2.1621260116e-06   8.1273744030e-18   3.0680000000e-02
   9.7600000000e-01   9.7600000000e-01   3.1953324635e+02  -4.5562615463e+06   6.8820046897e-03   6.1828317867e-01   2.2058997839e-05   2.8086270595e-15   1.1828739744e-17   1.9474914175e-04   1.2108652093e-16   3.1396715322e-03   5.5396902174e-09   1.0631273153e-19   2.1067334620e-23   2.8184584090e-07   9.7451366150e-01   6.2030024616e-04   3.0999739134e-03   3.9561475082e-15   1.2972781554e-06   2.7811274968e-18   1.8408000000e-02
   9.9200000000e-01   9.9200000000e-01   3.0650222431e+02  -4.6159917700e+06   2.2940015648e-03   6.4008986027e-01   7.3529991011e-06   7.8290540629e-16   3.7276010779e-18   6.4916378936e-05   1.0319845127e-17   1.0465571783e-03   1.8466857372e-09   2.8971782982e-20   5.9200045956e-25   9.3945256262e-08   9.9150455384e-01   2.0676674954e-04   1.0333246379e-03   1.0523798185e-15   4.3242646772e-07   7.5110284196e-19   6.1360000000e-03
   1.0000000000e+00   1.0000000000e+00   3.0000000000e+02  -4.6458568819e+06   0.0000000000e+00   6.5169855213e-01   0.0000000000e+00   0.0000000000e+00   0.0000000000e+00   0.0000000000e+00   0.0000000000e+00   0.0000000000e+00   0.0000000000e+00   0.0000000000e+00   0.0000000000e+00   0.0000000000e+00   1.0000000000e+00   0.0000000000e+00   0.0000000000e+00   0.0000000000e+00   0.0000000000e+00   0.0000000000e+00   0.0000000000e+00