# L (m)  = 1
# P (Pa) = 101325
#             001_x           002_mixf              003_T              004_h             005_pv        006_density             007_H2              008_H              009_O             010_O2             011_OH            012_H2O            013_HO2            014_CH2         015_CH2(S)            016_CH3            017_CH4             018_CO            019_CO2            020_HCO           021_CH2O          022_CH2OH             023_N2
                  0   0.0000000000e+00   3.0000000000e+02   1.9075768848e+03   0.0000000000e+00   1.1719839921e+00   0.0000000000e+00   0.0000000000e+00   0.0000000000e+00   2.3300000000e-01   0.0000000000e+00   0.0000000000e+00   0.0000000000e+00   0.0000000000e+00   0.0000000000e+00   0.0000000000e+00   0.0000000000e+00   0.0000000000e+00   0.0000000000e+00   0.0000000000e+00   0.0000000000e+00   0.0000000000e+00   7.6700000000e-01
   2.0000000000e-03   2.0000000000e-03   3.3948988329e+02  -1.5750759074e+04   5.5390867402e-03   1.0330729542e+00   3.6989300002e-05   1.9295032407e-11   1.6519069025e-10   2.2829172232e-01   2.0904216942e-08   2.6213126728e-03   2.9715590404e-06   2.4384418711e-11   1.1431853655e-12   1.8531799878e-05   6.6634694826e-04   1.2272312961e-03   1.6535534713e-03   2.3682172689e-11   1.5319492994e-05   6.0515919518e-15   7.6546600000e-01
   6.0000000000e-03   6.0000000000e-03   4.1693588063e+02  -5.0987534609e+04   1.6599930652e-02   8.3700372046e-01   1.1092237380e-04   1.4144910069e-10   5.1321493727e-10   2.1888863041e-01   6.2745585648e-08   7.8554151957e-03   8.8840260186e-06   1.3924742944e-10   9.3203280280e-12   5.5545919485e-05   2.0030864908e-03   3.6781115773e-03   4.9554815053e-03   1.7495343808e-10   4.5858778353e-05   1.0598108178e-13   7.6239800000e-01
   1.0000000000e-02   1.0000000000e-02   4.9203459319e+02  -8.6030056428e+04   2.7608926309e-02   7.0575402113e-01   1.8471858836e-04   5.0913042729e-10   1.0177778245e-09   2.0952579931e-01   1.0686771829e-07   1.3064021282e-02   1.4721543373e-05   3.2986637461e-10   2.4670408360e-11   9.2424352171e-05   3.3519190068e-03   6.1182682952e-03   8.2419181437e-03   5.1026569701e-10   7.6100213796e-05   5.8143223327e-13   7.5933000000e-01
   1.4000000000e-02   1.4000000000e-02   5.6445186730e+02  -1.2079141499e+05   3.8531998184e-02   6.1219478743e-01   2.5828581585e-04   1.4287212257e-09   1.9676176069e-09   2.0022966734e-01   1.5703499570e-07   1.8230383297e-02   2.0450419836e-05   6.0972164874e-10   4.8033697656e-11   1.2909211311e-04   4.7207828243e-03   8.5406412916e-03   1.1502687779e-02   1.1175199049e-09   1.0584690696e-04   2.0378512789e-12   7.5626200000e-01
   1.8000000000e-02   1.8000000000e-02   6.3391516348e+02  -1.5520285879e+05   4.9335808627e-02   5.4246257065e-01   3.3153079896e-04   3.4929970764e-09   3.9496965437e-09   1.9102609471e-01   2.1732248883e-07   2.3338128693e-02   2.6038819968e-05   1.0154437325e-09   8.1718366163e-11   1.6548518764e-04   6.1174438182e-03   1.0938307908e-02   1.4727841227e-02   2.1616445602e-09   1.3490080849e-04   5.6441352509e-12   7.5319400000e-01
   2.2000000000e-02   2.2000000000e-02   7.0022583439e+02  -1.8921273061e+05   5.9988037221e-02   4.8872612094e-01   4.0435917027e-04   7.6936479248e-09   8.1593089907e-09   1.8194015471e-01   2.9145460034e-07   2.8371400758e-02   3.1449681073e-05   1.6018807012e-09   1.2911155491e-10   2.0155587292e-04   7.5494297278e-03   1.3304535807e-02   1.7907741485e-02   3.9233817045e-09   1.6305981225e-04   1.3475187547e-11   7.5012600000e-01
   2.6000000000e-02   2.6000000000e-02   7.6325585608e+02  -2.2278619687e+05   7.0457642024e-02   4.4622731155e-01   4.7667595785e-04   1.5450403260e-08   1.6831274815e-08   1.7299593645e-01   3.8310995747e-07   3.3314989514e-02   3.6634799985e-05   2.4452650804e-09   1.9468565933e-10   2.3728227383e-04   9.0239631459e-03   1.5632832160e-02   2.1033144393e-02   6.8441969453e-09   1.9011639991e-04   2.8985422825e-11   7.4705800000e-01
   3.0000000000e-02   3.0000000000e-02   8.2293794899e+02  -2.5590239786e+05   8.0715099097e-02   4.1191065273e-01   5.4838657317e-04   2.8499675165e-08   3.3569615030e-08   1.6421636167e-01   4.9672584835e-07   3.8154450926e-02   4.1530745747e-05   3.6536156082e-09   2.8450589246e-10   2.7268009504e-04   1.0547895598e-02   1.7916988671e-02   2.4095272927e-02   1.1575384684e-08   2.1585842816e-04   5.7726499249e-11   7.4399000000e-01
   3.4000000000e-02   3.4000000000e-02   8.7925345941e+02  -2.8854973891e+05   9.0732616174e-02   3.8372695236e-01   6.1939810742e-04   4.8622989650e-08   6.3164352652e-08   1.5562301990e-01   6.3771271983e-07   4.2876212345e-02   4.6057371130e-05   5.3774934695e-09   4.0673265936e-10   3.0781368032e-04   1.2127647232e-02   2.0151121888e-02   2.7085883833e-02   1.8996594395e-08   2.4007125740e-04   1.0692370557e-10   7.4092200000e-01
   3.8000000000e-02   3.8000000000e-02   9.3221934329e+02  -3.2072208711e+05   1.0048431701e-01   3.6025344496e-01   6.8962061774e-04   7.7260673839e-08   1.1055228616e-07   1.4723602558e-01   8.1135824715e-07   4.7467662303e-02   5.0119564392e-05   7.8113338512e-09   5.7134598939e-10   3.4280174688e-04   1.3769158089e-02   2.2329708628e-02   2.9997325464e-02   3.0143654320e-08   2.6254012977e-04   1.8121422303e-10   7.3785400000e-01
   4.2000000000e-02   4.2000000000e-02   9.8187787966e+02  -3.5241418998e+05   1.0994639535e-01   3.4047343894e-01   7.5896800589e-04   1.1512069215e-07   1.7903255799e-07   1.3907389725e-01   1.0206656085e-06   5.1917223943e-02   5.3612634521e-05   1.1181868679e-08   7.8876441931e-10   3.7781258994e-04   1.5477856558e-02   2.4447617152e-02   3.2822586250e-02   4.6005196385e-08   2.8305253844e-04   2.8481113948e-10   7.3478600000e-01
   4.6000000000e-02   4.6000000000e-02   1.0282974463e+03  -3.8360864362e+05   1.1909724095e-01   3.2363979286e-01   8.2735812144e-04   1.6191767766e-07   2.6844931501e-07   1.3115345442e-01   1.2641717243e-06   5.6214413639e-02   5.6431321549e-05   1.5725660417e-08   1.0677706748e-09   4.1304501217e-04   1.7258647749e-02   2.6500135231e-02   3.5555333963e-02   6.7211488782e-08   3.0140156295e-04   4.3670450294e-10   7.3171800000e-01
   5.0000000000e-02   5.0000000000e-02   1.0715813331e+03  -4.1423720813e+05   1.2791754344e-01   3.0918739707e-01   8.9471188980e-04   2.1634011946e-07   3.7431503945e-07   1.2348972519e-01   1.5349458760e-06   6.0349888672e-02   5.8481671203e-05   2.1656176031e-08   1.4134536209e-09   4.4869524744e-04   1.9115919611e-02   2.8482996278e-02   3.8189946601e-02   9.3737193499e-08   3.1739176575e-04   6.6234109905e-10   7.2865000000e-01
   5.4000000000e-02   5.4000000000e-02   1.1119234581e+03  -4.4408659919e+05   1.3639038021e-01   2.9666429076e-01   9.6095153610e-04   2.7626758685e-07   4.8850534059e-07   1.1609585940e-01   1.8215017022e-06   6.4315488710e-02   5.9693770074e-05   2.9131437358e-08   1.8260603155e-09   4.8491527781e-04   2.1053559811e-02   3.0392404061e-02   4.0721535898e-02   1.2477923022e-07   3.3084855527e-04   9.7033918713e-10   7.2558200000e-01
   5.8000000000e-02   5.8000000000e-02   1.1497298100e+03  -4.7265352561e+05   1.4450129184e-01   2.8567038834e-01   1.0259983014e-03   3.3914847381e-07   6.0128935725e-07   1.0898304800e-01   2.1104055285e-06   6.8104274098e-02   6.0032562953e-05   3.8243389841e-08   2.3016921564e-09   5.2177167960e-04   2.3074974026e-02   3.2225055423e-02   4.3145964017e-02   1.5886464753e-07   3.4163028304e-04   1.3585160306e-09   7.2251400000e-01
   6.2000000000e-02   6.2000000000e-02   1.1855861168e+03  -4.9916948520e+05   1.5223834301e-01   2.7585248760e-01   1.0897703012e-03   4.0234037156e-07   7.0348107153e-07   1.0216045643e-01   2.3890098110e-06   7.1710560142e-02   5.9504699097e-05   4.9025191902e-08   2.8341435401e-09   5.5921404881e-04   2.5183098176e-02   3.3978159504e-02   4.5459853067e-02   1.9408072092e-07   3.4964103607e-04   1.8272206044e-09   7.1944600000e-01
   6.6000000000e-02   6.6000000000e-02   1.2198658765e+03  -5.2313903591e+05   1.5959216340e-01   2.6697802916e-01   1.1521810566e-03   4.6328290265e-07   7.8748996208e-07   9.5635181492e-02   2.6462266149e-06   7.5129943996e-02   5.8160741743e-05   6.1440642500e-08   3.4148104410e-09   5.9705825740e-04   2.7380401476e-02   3.5649451827e-02   4.7660586522e-02   2.2830158328e-07   3.5484209700e-04   2.3771019546e-09   7.1637800000e-01
   7.0000000000e-02   7.0000000000e-02   1.2523994804e+03  -5.4484283980e+05   1.6655596630e-01   2.5897110691e-01   1.2131387692e-03   5.1963902003e-07   8.4766270726e-07   8.9412234220e-02   2.8717578778e-06   7.8359322228e-02   5.6092230245e-05   7.5343654680e-08   4.0299014016e-09   6.3498708385e-04   2.9668878633e-02   3.7237202604e-02   4.9746302695e-02   2.5946328885e-07   3.5726063929e-04   3.0013840436e-09   7.1331000000e-01
   7.4000000000e-02   7.4000000000e-02   1.2827463262e+03  -5.6500020323e+05   1.7312554583e-01   2.5181946464e-01   1.2725463151e-03   5.6956319755e-07   8.8105427775e-07   8.3494545815e-02   3.0567362362e-06   8.1396898462e-02   5.3422880210e-05   9.0459311538e-08   4.6598978554e-09   6.7257083041e-04   3.2050028669e-02   3.8740219518e-02   5.1715881537e-02   2.8591724309e-07   3.5699389915e-04   3.6833251970e-09   7.1024200000e-01
   7.8000000000e-02   7.8000000000e-02   1.3105634625e+03  -5.8424923563e+05   1.7929924774e-01   2.4549204162e-01   1.3303022884e-03   6.1192330715e-07   8.8800533338e-07   7.7883001668e-02   3.1956115314e-06   8.4242176439e-02   5.0295453670e-05   1.0641538015e-07   5.2827770569e-09   7.0930655136e-04   3.4524823256e-02   4.0157844331e-02   5.3568924679e-02   3.0666329999e-07   3.5420703426e-04   4.3991099438e-09   7.0717400000e-01
   8.2000000000e-02   8.2000000000e-02   1.3356991840e+03  -6.0299210440e+05   1.8507790313e-01   2.3992849913e-01   1.3863031884e-03   6.4630371199e-07   8.7166668358e-07   7.2576512019e-02   3.2870249243e-06   8.6895930794e-02   4.6857669073e-05   1.2279236597e-07   5.8775843034e-09   7.4466695146e-04   3.7093675668e-02   4.1489941967e-02   5.5305727180e-02   3.2135507378e-07   3.4912442049e-04   5.1222191287e-09   7.0410600000e-01
   8.6000000000e-02   8.6000000000e-02   1.3581441428e+03  -6.2144641197e+05   1.9046471866e-01   2.3505488543e-01   1.4404463453e-03   6.7283867541e-07   8.3681130920e-07   6.7572121083e-02   3.3331628628e-06   8.9360150741e-02   4.3249998911e-05   1.3916127392e-07   6.4263594863e-09   7.7814732188e-04   3.9756422628e-02   4.2736881444e-02   5.6927240132e-02   3.3015527524e-07   3.4201592325e-04   5.8269236642e-09   7.0103800000e-01
   9.0000000000e-02   9.0000000000e-02   1.3779692435e+03  -6.3972399831e+05   1.9546512396e-01   2.3079679590e-01   1.4926330312e-03   6.9200254043e-07   7.8864325477e-07   6.2865149186e-02   3.3384266104e-06   9.1637957191e-02   3.9596840404e-05   1.5510441081e-07   6.9146204769e-09   8.0930221007e-04   4.2512326065e-02   4.3899509122e-02   5.8435024616e-02   3.3355382451e-07   3.3318060278e-04   6.4904163717e-09   6.9797000000e-01
   9.4000000000e-02   9.4000000000e-02   1.3952853686e+03  -6.5788369889e+05   2.0008658325e-01   2.2708563963e-01   1.5427713469e-03   7.0443948724e-07   7.3198668140e-07   5.8449359289e-02   3.3082108391e-06   9.3733498053e-02   3.6001367308e-05   1.7022759728e-07   7.3312364611e-09   8.3776871960e-04   4.5360095600e-02   4.4979115363e-02   5.9831198488e-02   3.3221508020e-07   3.2293026887e-04   7.0938818210e-09   6.9490200000e-01
   9.8000000000e-02   9.8000000000e-02   1.4102222704e+03  -6.7595879126e+05   2.0433838067e-01   2.2386049023e-01   1.5907786669e-03   7.1085517884e-07   6.7088791292e-07   5.4317139097e-02   3.2480962459e-06   9.5651828204e-02   3.2543634317e-05   1.8417115038e-07   7.6682344633e-09   8.6327724665e-04   4.8297928488e-02   4.5977395897e-02   6.1118377904e-02   3.2687234222e-07   3.1157468970e-04   7.6229144007e-09   6.9183400000e-01
   1.0200000000e-01   1.0200000000e-01   1.4229181971e+03  -6.9396981458e+05   2.0823138891e-01   2.2106796431e-01   1.6365835624e-03   7.1195877479e-07   6.0850920000e-07   5.0459691181e-02   3.1634233126e-06   9.7398780632e-02   2.9281167210e-05   1.9662188822e-07   7.9206926435e-09   8.8565232170e-04   5.1323562150e-02   4.6896409138e-02   6.2299615574e-02   3.1826260892e-07   2.9940951044e-04   8.0675495962e-09   6.8876600000e-01
   1.0600000000e-01   1.0600000000e-01   1.4335145844e+03  -7.1193044060e+05   2.1177782989e-01   2.1866143364e-01   1.6801271978e-03   7.0843559701e-07   5.4718183993e-07   4.6867224877e-02   3.0591097379e-06   9.8980834428e-02   2.6251205923e-05   2.0732482968e-07   8.0866617303e-09   9.0480659686e-04   5.4434334487e-02   4.7738530654e-02   6.3378337613e-02   3.0708834325e-07   2.8670729260e-04   8.4220465475e-09   6.8569800000e-01
   1.1000000000e-01   1.1000000000e-01   1.4421530241e+03  -7.2985029173e+05   2.1499103501e-01   2.1660011404e-01   1.7213642284e-03   7.0093494083e-07   4.8852655629e-07   4.3529144996e-02   2.9395920837e-06   1.0040498418e-01   2.3473855963e-05   2.1609230237e-07   8.1670236797e-09   9.2073065825e-04   5.7627247859e-02   4.8506405965e-02   6.4358280639e-02   2.9399552694e-07   2.7371162390e-04   8.6844903086e-09   6.8263000000e-01
   1.1400000000e-01   1.1400000000e-01   1.4489733078e+03  -7.4773641514e+05   2.1788521091e-01   2.1484821857e-01   1.7602632442e-03   6.9006424648e-07   4.3359005583e-07   4.0434233409e-02   2.8088203523e-06   1.0167861433e-01   2.0955561046e-05   2.2280879480e-07   8.1652363966e-09   9.3348075339e-04   6.0899033539e-02   4.9202902834e-02   6.5243430499e-02   2.7956145238e-07   2.6063396401e-04   8.8562675119e-09   6.7956200000e-01
   1.1800000000e-01   1.1800000000e-01   1.4541120434e+03  -7.6559412795e+05   2.2047521577e-01   2.1337422409e-01   1.7968068121e-03   6.7638576176e-07   3.8297381195e-07   3.7570820445e-02   2.6702716863e-06   1.0280938109e-01   1.8692482572e-05   2.2743094432e-07   8.0869596442e-09   9.4316594402e-04   6.4246214233e-02   4.9831064123e-02   6.6037963742e-02   2.6428879751e-07   2.4765274547e-04   8.9414666492e-09   6.7649400000e-01
   1.2200000000e-01   1.2200000000e-01   1.4577016290e+03  -7.8342753938e+05   2.2277634989e-01   2.1215025238e-01   1.8309911776e-03   6.6041441641e-07   3.3694582102e-07   3.4926943867e-02   2.5269704284e-06   1.0380510380e-01   1.6673528890e-05   2.2998299926e-07   7.9395929098e-09   9.4993570578e-04   6.7665163002e-02   5.0394062254e-02   6.6746192655e-02   2.4860417238e-07   2.3491420383e-04   8.9462531915e-09   6.7342600000e-01
   1.2600000000e-01   1.2600000000e-01   1.4598694815e+03  -8.0123989130e+05   2.2480416305e-01   2.1115155288e-01   1.8628256852e-03   6.4261667194e-07   2.9553311036e-07   3.2490493874e-02   2.3815110478e-06   1.0467366678e-01   1.4882904722e-05   2.3054868271e-07   7.7317687744e-09   9.5396860738e-04   7.1152157454e-02   5.0895156108e-02   6.7372514473e-02   2.3286003619e-07   2.2253443149e-04   8.8782627512e-09   6.7035800000e-01
   1.3000000000e-01   1.3000000000e-01   1.4607374606e+03  -8.1903378882e+05   2.2657428059e-01   2.1035607136e-01   1.8923319786e-03   6.2341036778e-07   2.5859585559e-07   3.0249343182e-02   2.2360836819e-06   1.0542293243e-01   1.3302144309e-05   2.2926064699e-07   7.4728450637e-09   9.5546240882e-04   7.4703428556e-02   5.1337651067e-02   6.7921365109e-02   2.1733912867e-07   2.1060221020e-04   8.7460440273e-09   6.6729000000e-01
   1.3400000000e-01   1.3400000000e-01   1.4604214558e+03  -8.3681136065e+05   2.2810224900e-01   2.0974409004e-01   1.9195430375e-03   6.0316555163e-07   2.2588515937e-07   2.8191461791e-02   2.0925022737e-06   1.0606066562e-01   1.1911653128e-05   2.2628877907e-07   7.1724375771e-09   9.5462570557e-04   7.8315203761e-02   5.1724862721e-02   6.8397177620e-02   2.0226065542e-07   1.9918225604e-04   8.5585773058e-09   6.6422200000e-01
   1.3800000000e-01   1.3800000000e-01   1.4590311075e+03  -8.5457437303e+05   2.2940340132e-01   2.0929792632e-01   1.9445021016e-03   5.8220619447e-07   1.9708697804e-07   2.6305016452e-02   1.9522355731e-06   1.0659446922e-01   1.0691817584e-05   2.2182833635e-07   6.8400113941e-09   9.5167110256e-04   8.1983744403e-02   5.2060084550e-02   6.8804345447e-02   1.8778754473e-07   1.8831859428e-04   8.3248716544e-09   6.6115400000e-01
   1.4200000000e-01   1.4200000000e-01   1.4566696438e+03  -8.7232431203e+05   2.3049274206e-01   2.0900167998e-01   1.9672615260e-03   5.6081262814e-07   1.7185460027e-07   2.4578455219e-02   1.8164401285e-06   1.0703173039e-01   9.6237572799e-06   2.1608884406e-07   6.4845546014e-09   9.4680981134e-04   8.5705377523e-02   5.2346559753e-02   6.9147190394e-02   1.7403417461e-07   1.7803786008e-04   8.0536515216e-09   6.5808600000e-01
   1.4600000000e-01   1.4600000000e-01   1.4534338155e+03  -8.9006244381e+05   2.3138485091e-01   2.0884101975e-01   1.9878816072e-03   5.3922451689e-07   1.4983193987e-07   2.3000577725e-02   1.6859945105e-06   1.0737957689e-01   8.6897958851e-06   2.0928427901e-07   6.1143340502e-09   9.4024751514e-04   8.9476522386e-02   5.2587457246e-02   6.9429935173e-02   1.6107409636e-07   1.6835238842e-04   7.7531241817e-09   6.5501800000e-01
   1.5000000000e-01   1.5000000000e-01   1.4494139146e+03  -9.0778985945e+05   2.3209380424e-01   2.0880300260e-01   2.0064294094e-03   5.1764417715e-07   1.3066961441e-07   2.1560592037e-02   1.5615338378e-06   1.0764484278e-01   7.8737203464e-06   2.0162489329e-07   5.7367324168e-09   9.3218132633e-04   9.3293712077e-02   5.2785851710e-02   6.9656680344e-02   1.4894739383e-07   1.5926301173e-04   7.4308213909e-09   6.5195000000e-01
   1.5400000000e-01   1.5400000000e-01   1.4446938624e+03  -9.2550750859e+05   2.3263311310e-01   2.0887591969e-01   2.0229776173e-03   4.9624007590e-07   1.1403548382e-07   2.0248159071e-02   1.4434835880e-06   1.0783404259e-01   7.1608878486e-06   1.9331080104e-07   5.3581579138e-09   9.2279765990e-04   9.7153610571e-02   5.2944707505e-02   6.9831385379e-02   1.3766743563e-07   1.5076152581e-04   7.0935044242e-09   6.4888200000e-01
   1.5800000000e-01   1.5800000000e-01   1.4393513566e+03  -9.4321622505e+05   2.3301567637e-01   2.0904916434e-01   2.0376034346e-03   4.7515037349e-07   9.9621033225e-08   1.9053425661e-02   1.3320918950e-06   1.0795335317e-01   6.5382284954e-06   1.8452729914e-07   4.9840153925e-09   9.1227085681e-04   1.0105302572e-01   5.3066866192e-02   6.9957853571e-02   1.2722687712e-07   1.4283281504e-04   6.7471212665e-09   6.4581400000e-01
   1.6200000000e-01   1.6200000000e-01   1.4334580647e+03  -9.6091674652e+05   2.3325374762e-01   2.0931311832e-01   2.0503875429e-03   4.5448639799e-07   8.7144714941e-08   1.7967047397e-02   1.2274596691e-06   1.0800860227e-01   5.9941807067e-06   1.7544177649e-07   4.6187260907e-09   9.0076240821e-04   1.0498891859e-01   5.3155037332e-02   7.0039720480e-02   1.1760285052e-07   1.3545664834e-04   6.3968044548e-09   6.4274600000e-01
   1.6600000000e-01   1.6600000000e-01   1.4270798554e+03  -9.7860973002e+05   2.3335891406e-01   2.0965905313e-01   2.0614131314e-03   4.3433596969e-07   7.6353129862e-08   1.6980202377e-02   1.1295680815e-06   1.0800526306e-01   5.5185867476e-06   1.6620199916e-07   4.2657832954e-09   8.8842065060e-04   1.0895840962e-01   5.3211792255e-02   7.0080445612e-02   1.0876134197e-07   1.2860917049e-04   6.0468991131e-09   6.3967800000e-01
   1.7000000000e-01   1.7000000000e-01   1.4202770585e+03  -9.9629576391e+05   2.3334208622e-01   2.1007904386e-01   2.0707650046e-03   4.1476652076e-07   6.7020728135e-08   1.6084597015e-02   1.0383031608e-06   1.0794845381e-01   5.1025679256e-06   1.5693553123e-07   3.9278324523e-09   8.7538082147e-04   1.1295878194e-01   5.3239560429e-02   7.0083306978e-02   1.0066079749e-07   1.2226412008e-04   5.7010120767e-09   6.3661000000e-01
   1.7400000000e-01   1.7400000000e-01   1.4131047458e+03  -1.0139753777e+06   2.3321349686e-01   2.1056589350e-01   2.0785287716e-03   3.9582797403e-07   5.8948543807e-08   1.5272464984e-02   9.5347739077e-07   1.0784294175e-01   4.7383928119e-06   1.4775004566e-07   3.6067657333e-09   8.6176538381e-04   1.1698748234e-01   5.3240628104e-02   7.0051398243e-02   9.3255026848e-08   1.1639380826e-04   5.3620745672e-09   6.3354200000e-01
   1.7800000000e-01   1.7800000000e-01   1.4056130258e+03  -1.0316490498e+06   2.3298270776e-01   2.1111306596e-01   2.0847901189e-03   3.7755536744e-07   5.1962346130e-08   1.4536560345e-02   8.7484836082e-07   1.0769315065e-01   4.4193471897e-06   1.3873430842e-07   3.3038230966e-09   8.4768454401e-04   1.2104212018e-01   5.3217138875e-02   6.9987628126e-02   8.6495491533e-08   1.1096989238e-04   5.0324129844e-09   6.3047400000e-01
   1.8200000000e-01   1.8200000000e-01   1.3978473467e+03  -1.0493172139e+06   2.3265862300e-01   2.1171462655e-01   2.0896341663e-03   3.5997125401e-07   4.5910491321e-08   1.3870145832e-02   8.0213465150e-07   1.0750317122e-01   4.1396110299e-06   1.2995969367e-07   3.0196943072e-09   8.3323690205e-04   1.2512046463e-01   5.3171095870e-02   6.9894721751e-02   8.0333080324e-08   1.0596397661e-04   4.7138262249e-09   6.2740600000e-01
   1.8600000000e-01   1.8600000000e-01   1.3898488019e+03  -1.0669802647e+06   2.3224950767e-01   2.1236518860e-01   2.0931449030e-03   3.4308805866e-07   4.0661714796e-08   1.3266977216e-02   7.3502943955e-07   1.0727677385e-01   3.8941453875e-06   1.2148231644e-07   2.7546200351e-09   8.1851018265e-04   1.2922044057e-01   5.3104365249e-02   6.9775223672e-02   7.4719527150e-08   1.0134806885e-04   4.4076787863e-09   6.2433800000e-01
   1.9000000000e-01   1.9000000000e-01   1.3816544348e+03  -1.0846385617e+06   2.3176301082e-01   2.1305986546e-01   2.0954046995e-03   3.2691138550e-07   3.6103268045e-08   1.2721284541e-02   6.7321402584e-07   1.0701742309e-01   3.6785903711e-06   1.1334670017e-07   2.5085007505e-09   8.0358199187e-04   1.3334012333e-01   5.3018680751e-02   6.9631502272e-02   6.9608846863e-08   9.7094919578e-05   4.1150566700e-09   6.2127000000e-01
   1.9400000000e-01   1.9400000000e-01   1.3732975369e+03  -1.1022924336e+06   2.3120619161e-01   2.1379422708e-01   2.0964938809e-03   3.1144962312e-07   3.2141191786e-08   1.2227751021e-02   6.1638759911e-07   1.0672829336e-01   3.4891737446e-06   1.0559494347e-07   2.2810657782e-09   7.8852047066e-04   1.3747773281e-01   5.2915649048e-02   6.9465755320e-02   6.4960136752e-08   9.3178264135e-05   3.8371577496e-09   6.1820200000e-01
   1.9800000000e-01   1.9800000000e-01   1.3648079392e+03  -1.1199421805e+06   2.3058554765e-01   2.1456426061e-01   2.0964903003e-03   2.9675853970e-07   2.8714217356e-08   1.1781490246e-02   5.6446530311e-07   1.0641228528e-01   3.3226267214e-06   9.8295347414e-08   2.0724176699e-09   7.7338424490e-04   1.4163162762e-01   5.2796755659e-02   6.9280016412e-02   6.0747467455e-08   8.9572983543e-05   3.5763794478e-09   6.1513400000e-01
   2.0800000000e-01   2.0800000000e-01   1.3435563615e+03  -1.1640569143e+06   2.2888928437e-01   2.1655583278e-01   2.0939360891e-03   2.6278812027e-07   2.1687397328e-08   1.0772820670e-02   4.5209106058e-07   1.0556167324e-01   2.9562918507e-06   8.1605966449e-08   1.6219803038e-09   7.3546864319e-04   1.5205331740e-01   5.2463294530e-02   6.8770380510e-02   5.1389236208e-08   8.1278462473e-05   2.9800654537e-09   6.0746400000e-01
   2.2400000000e-01   2.2400000000e-01   1.3083887429e+03  -1.2345887784e+06   2.2546797673e-01   2.2014468982e-01   2.0764757485e-03   2.1637651744e-07   1.4427239431e-08   9.6799090091e-03   3.1666687698e-07   1.0390901995e-01   2.5950471676e-06   5.9865483567e-08   1.0836425202e-09   6.7628860435e-04   1.6890885119e-01   5.1748317986e-02   6.7734163050e-02   4.0621824974e-08   7.1728171317e-05   2.1997489648e-09   5.9519200000e-01
   2.4000000000e-01   2.4000000000e-01   1.2733763964e+03  -1.3050806217e+06   2.2158157059e-01   2.2397383105e-01   2.0494385755e-03   1.7856847541e-07   9.9093959722e-09   8.9275770006e-03   2.2211139658e-07   1.0206825388e-01   2.3672768835e-06   4.3545668296e-08   7.1917713063e-10   6.2009904133e-04   1.8588309230e-01   5.0909295901e-02   6.6554582229e-02   3.2946926903e-08   6.4804381583e-05   1.6099294009e-09   5.8292000000e-01
   2.5600000000e-01   2.5600000000e-01   1.2390587942e+03  -1.3755410563e+06   2.1739387019e-01   2.2795237047e-01   2.0157850346e-03   1.4786871647e-07   6.9878896630e-09   8.3946509394e-03   1.5624677744e-07   1.0010755727e-01   2.2187740740e-06   3.1554487106e-08   4.7612340116e-10   5.6763492910e-04   2.0293354267e-01   4.9986389373e-02   6.5284138512e-02   2.7325864522e-08   5.9710867959e-05   1.1744325205e-09   5.7064800000e-01
   2.7200000000e-01   2.7200000000e-01   1.2057246151e+03  -1.4459765155e+06   2.1301369163e-01   2.3202276417e-01   1.9777238316e-03   1.2292443484e-07   5.0301006891e-09   8.0011796244e-03   1.1030699907e-07   9.8071136780e-02   2.1167414933e-06   2.2839825550e-08   3.1520706293e-10   5.1916816270e-04   2.2003167569e-01   4.9007417027e-02   6.3957413995e-02   2.3085230622e-08   5.5882784337e-05   8.5796470545e-10   5.5837600000e-01
   2.8800000000e-01   2.8800000000e-01   1.1735069413e+03  -1.5163918784e+06   2.0851223392e-01   2.3614998007e-01   1.9368401308e-03   1.0260679651e-07   3.6784323205e-09   7.6951962420e-03   7.8172304916e-08   9.5987334969e-02   2.0410937494e-06   1.6541706860e-08   2.0898557462e-10   4.7471848797e-04   2.3715866254e-01   4.7991467218e-02   6.2596591600e-02   1.9794074729e-08   5.2926084504e-05   6.3075146902e-10   5.4610400000e-01
   3.0400000000e-01   3.0400000000e-01   1.1424452255e+03  -1.5867908992e+06   2.0393541786e-01   2.4031407257e-01   1.8942305586e-03   8.6000571683e-08   2.7226987073e-09   7.4433920114e-03   5.5613083739e-08   9.3874150830e-02   1.9794834498e-06   1.2000668569e-08   1.3889572850e-10   4.3417149979e-04   2.5430229623e-01   4.6951490018e-02   6.1215546455e-02   1.7174078336e-08   5.0568791221e-05   4.6899372853e-10   5.3383200000e-01
   3.2000000000e-01   3.2000000000e-01   1.1125246653e+03  -1.6571765050e+06   1.9931242591e-01   2.4450512666e-01   1.8506266826e-03   7.2373556056e-08   2.0341783014e-09   7.2247177543e-03   3.9714581805e-08   9.1742906050e-02   1.9243634849e-06   8.7274839758e-09   9.2592666985e-11   3.9734083570e-04   2.7145482860e-01   4.5896145528e-02   5.9822747649e-02   1.5042062629e-08   4.8624195981e-05   3.5433113991e-10   5.2156000000e-01
   3.3600000000e-01   3.3600000000e-01   1.0837007344e+03  -1.7275510057e+06   1.9466151534e-01   2.4871983710e-01   1.8064985799e-03   6.1142968615e-08   1.5308840473e-09   7.0260679526e-03   2.8466259291e-08   8.9600648519e-02   1.8711966519e-06   6.3656982556e-09   6.1937127460e-11   3.6400047623e-04   2.8861146973e-01   4.4831125473e-02   5.8423242766e-02   1.3274293523e-08   4.6964194501e-05   2.7300159887e-10   5.0928800000e-01
   3.5200000000e-01   3.5200000000e-01   1.0559141574e+03  -1.7979162449e+06   1.8999392331e-01   2.5295921397e-01   1.7621363052e-03   5.1845302960e-08   1.1587415195e-09   6.8394076225e-03   2.0477273907e-08   8.7451716487e-02   1.8173369714e-06   4.6581556103e-09   4.1583422496e-11   3.3390265807e-04   3.0576935833e-01   4.3760098825e-02   5.7019971690e-02   1.1784625190e-08   4.5500561765e-05   2.1495044809e-10   4.9701600000e-01
   3.6800000000e-01   3.6800000000e-01   1.0290998198e+03  -1.8682737078e+06   1.8531645395e-01   2.5722706503e-01   1.7177106468e-03   4.4111395898e-08   8.8102554151e-10   6.6598850832e-03   1.4781870860e-08   8.5298749815e-02   1.7613199698e-06   3.4203291327e-09   2.8024739929e-11   3.0678942832e-04   3.2292686419e-01   4.2685383476e-02   5.5614610013e-02   1.0511181619e-08   4.4172121510e-05   1.7299821638e-10   4.8474400000e-01
   3.8400000000e-01   3.8400000000e-01   1.0031918758e+03  -1.9386246025e+06   1.8063316432e-01   2.6152901353e-01   1.6733163405e-03   3.7646535176e-08   6.7219688990e-10   6.4846115474e-03   1.0706760478e-08   8.3143338011e-02   1.7024104586e-06   2.5201569302e-09   1.8959571698e-11   2.8240130795e-04   3.4008312318e-01   4.1608415584e-02   5.4208094389e-02   9.4082173873e-09   4.2936109712e-05   1.4211903771e-10   4.7247200000e-01
   4.0000000000e-01   4.0000000000e-01   9.7811460886e+02  -2.0089699190e+06   1.7594644207e-01   2.6587511899e-01   1.6290014877e-03   3.2214532702e-08   5.1414295567e-10   6.3118863065e-03   7.7800581081e-09   8.0986430435e-02   1.6403164770e-06   1.8631292401e-09   1.2874070248e-11   2.6048419759e-04   3.5723773375e-01   4.0530069935e-02   5.2800940210e-02   8.4411475482e-09   4.1762417451e-05   1.1885037205e-10   4.6020000000e-01
   4.1600000000e-01   4.1600000000e-01   9.5379482982e+02  -2.0793104752e+06   1.7125767948e-01   2.7027706735e-01   1.5847867745e-03   2.7625571085e-08   3.9384495695e-10   6.1407148587e-03   5.6705097148e-09   7.8828591960e-02   1.5750077862e-06   1.3816932712e-09   8.7718363656e-12   2.4079482190e-04   3.7439056331e-01   3.9450872589e-02   5.1393428159e-02   7.5832433187e-09   4.0629752562e-05   1.0083623967e-10   4.4792800000e-01
   4.3200000000e-01   4.3200000000e-01   9.3018480124e+02  -2.1496469511e+06   1.6656768561e-01   2.7474145963e-01   1.5406775211e-03   2.3727466898e-08   3.0186328468e-10   5.9705157225e-03   4.1453101508e-09   7.6670159513e-02   1.5066098692e-06   1.0276056699e-09   5.9961760076e-12   2.2310447694e-04   3.9154162841e-01   3.8371137867e-02   4.9985710714e-02   6.8135794339e-09   3.9523058527e-05   8.6486778282e-11   4.3565600000e-01
   4.4800000000e-01   4.4800000000e-01   9.0723933561e+02  -2.2199799164e+06   1.6187693244e-01   2.7927551292e-01   1.4966709334e-03   2.0397721161e-08   2.3126323997e-10   5.8009459353e-03   3.0392886679e-09   7.4511336165e-02   1.4353515455e-06   7.6620994963e-10   4.1111145897e-12   2.0720108273e-04   4.0869102281e-01   3.7291053980e-02   4.8577871363e-02   6.1158794971e-09   3.8431748898e-05   7.4732542899e-11   4.2338400000e-01
   4.6400000000e-01   4.6400000000e-01   8.8491551592e+02  -2.2903098507e+06   1.5718569885e-01   2.8388713027e-01   1.4527602986e-03   1.7537502314e-08   1.7690762646e-10   5.6317992907e-03   2.2348623634e-09   7.2352246721e-02   1.3615385837e-06   5.7253520922e-10   2.8262312500e-12   1.9289000937e-04   4.2583887578e-01   3.6210735079e-02   4.7169956748e-02   5.4775884778e-09   3.7348469352e-05   6.4854628121e-11   4.1111200000e-01
   4.8000000000e-01   4.8000000000e-01   8.6317263672e+02  -2.3606371612e+06   1.5249415327e-01   2.8858492058e-01   1.4089373090e-03   1.5066979284e-08   1.3496366763e-10   5.4629480331e-03   1.6480637728e-09   7.0192970077e-02   1.2855433058e-06   4.2853201136e-10   1.9473743458e-12   1.7999392450e-04   4.4298532880e-01   3.5130252095e-02   4.5761993785e-02   4.8892137185e-09   3.6268210462e-05   5.6368762496e-11   3.9884000000e-01
   4.9600000000e-01   4.9600000000e-01   8.4197210220e+02  -2.4309621954e+06   1.4780240046e-01   2.9337823966e-01   1.3651932810e-03   1.2921692465e-08   1.0255349949e-10   5.2943098823e-03   1.2187503132e-09   6.8033557864e-02   1.2078027582e-06   3.2110787360e-10   1.3442609217e-12   1.6835194650e-04   4.6013052329e-01   3.4049650647e-02   4.4353998669e-02   4.3438293074e-09   3.5187660631e-05   4.8947565837e-11   3.8656800000e-01
   5.1200000000e-01   5.1200000000e-01   8.2127730799e+02  -2.5012852524e+06   1.4311050778e-01   2.9827724709e-01   1.3215197509e-03   1.1049728822e-08   7.7503383118e-11   5.1258295021e-03   9.0372017761e-10   6.5874045150e-02   1.1288198584e-06   2.4073002799e-10   9.2912615217e-13   1.5781837649e-04   4.7727459464e-01   3.2968961293e-02   4.2945981589e-02   3.8366697840e-09   3.4104729014e-05   4.2369106527e-11   3.7429600000e-01
   5.2800000000e-01   5.2800000000e-01   8.0105351906e+02  -2.5716065913e+06   1.3841851995e-01   3.0329297652e-01   1.2779087338e-03   9.4095108509e-09   5.8161872084e-11   4.9574680578e-03   6.7185541925e-10   6.3714456623e-02   1.0491633746e-06   1.8043023095e-10   6.4261435336e-13   1.4826124053e-04   4.9441766967e-01   3.1888205368e-02   4.1537949227e-02   3.3647624501e-09   3.3018192339e-05   3.6483127302e-11   3.6202400000e-01
   5.4400000000e-01   5.4400000000e-01   7.8126774921e+02  -2.6419264381e+06   1.3372646745e-01   3.0843741933e-01   1.2343528102e-03   7.9680367098e-09   4.3266751746e-11   4.7891972516e-03   5.0068356180e-10   6.1554810207e-02   9.6946378222e-07   1.3509434225e-10   4.4442492609e-13   1.3956082183e-04   5.1155986597e-01   3.0807398328e-02   4.0129906109e-02   2.9265661878e-09   3.1927433890e-05   3.1188834247e-11   3.4975200000e-01
   5.6000000000e-01   5.6000000000e-01   7.6188864430e+02  -2.7122449917e+06   1.2903437146e-01   3.1372362263e-01   1.1908451325e-03   6.6994278646e-09   3.1846875194e-11   4.6209958289e-03   3.7393501884e-10   5.9395119240e-02   8.9040309893e-07   1.0095369061e-10   3.0708843016e-13   1.3160831203e-04   5.2870129199e-01   2.9726551707e-02   3.8721855378e-02   2.5216016036e-09   3.0832251753e-05   2.6420010862e-11   3.3748000000e-01
   5.7600000000e-01   5.7600000000e-01   7.4288636948e+02  -2.7825624282e+06   1.2434224678e-01   3.1916580356e-01   1.1473794011e-03   5.5836587470e-09   2.3149292061e-11   4.4528474579e-03   2.7980190150e-10   5.7235393831e-02   8.1269780145e-07   7.5219641021e-11   2.1180956175e-13   1.2430466614e-04   5.4584204755e-01   2.8645674300e-02   3.7313799244e-02   2.1500726559e-09   2.9732719208e-05   2.2134564230e-11   3.2520800000e-01
   5.9200000000e-01   5.9200000000e-01   7.2423250069e+02  -2.8528789045e+06   1.1965010377e-01   3.2477948249e-01   1.1039498348e-03   4.6053684118e-09   1.6585011260e-11   4.2847393897e-03   2.0969262675e-10   5.5075641743e-02   7.3707496967e-07   5.5820044882e-11   1.4567975597e-13   1.1755970565e-04   5.6298222426e-01   2.7564772911e-02   3.5905739277e-02   1.8124925766e-09   2.8629084176e-05   1.8306595989e-11   3.1293600000e-01
   6.0800000000e-01   6.0800000000e-01   7.0589992046e+02  -2.9231945612e+06   1.1495794958e-01   3.3058163801e-01   1.0605511475e-03   3.7526933608e-09   1.1688765080e-11   4.1166615738e-03   1.5733843285e-10   5.2915868984e-02   6.6424289651e-07   4.1208427673e-11   9.9800835164e-14   1.1129147812e-04   5.8012190594e-01   2.6483852849e-02   3.4497676596e-02   1.5093356938e-09   2.7521697659e-05   1.4919855645e-11   3.0066400000e-01
   6.2400000000e-01   6.2400000000e-01   6.8786271831e+02  -2.9935095246e+06   1.1026578904e-01   3.3659088743e-01   1.0171785346e-03   3.0161138677e-09   8.0894884617e-12   3.9486060518e-03   1.1815084042e-10   5.0756080230e-02   5.9485850209e-07   3.0225330883e-11   6.8017092296e-14   1.0542584728e-04   5.9726116881e-01   2.5402918278e-02   3.3089611999e-02   1.2407409984e-09   2.6410963429e-05   1.1962058451e-11   2.8839200000e-01
   6.4000000000e-01   6.4000000000e-01   6.7009609614e+02  -3.0638239079e+06   1.0557362532e-01   3.4282769691e-01   9.7382766760e-04   2.3873636648e-09   5.4890532061e-12   3.7805665262e-03   8.8758966617e-11   4.8596279131e-02   5.2949482089e-07   2.1997236156e-11   4.6055358707e-14   9.9896258123e-05   6.1440008158e-01   2.4321972468e-02   3.1681546052e-02   1.0062925163e-09   2.5297303144e-05   9.4200429640e-12   2.7612000000e-01
   6.5600000000e-01   6.5600000000e-01   6.5257627952e+02  -3.1341378126e+06   1.0088146038e-01   3.4931462616e-01   9.3049469309e-04   1.8584962259e-09   3.6472500188e-12   3.6125380429e-03   6.6676321518e-11   4.6436468535e-02   4.6861233495e-07   1.5862712666e-11   3.0939721747e-14   9.4643599853e-05   6.3153870548e-01   2.3241017988e-02   3.0273479160e-02   8.0489538671e-10   2.4181132515e-05   7.2760559310e-12   2.6384800000e-01
   6.7200000000e-01   6.7200000000e-01   6.3528043557e+02  -3.2044513286e+06   9.6189295348e-02   3.5607661360e-01   8.8717623075e-04   1.4212106022e-09   2.3712577411e-12   3.4445167483e-03   5.0061044802e-11   4.4276650662e-02   4.1253775963e-07   1.1318377312e-11   2.0591808383e-14   8.9616081269e-05   6.4867709431e-01   2.2160056849e-02   2.8865411606e-02   6.3475519477e-10   2.3062845434e-05   5.5055291444e-12   2.5157600000e-01
   6.8800000000e-01   6.8800000000e-01   6.1818659853e+02  -3.2747645343e+06   9.1497130826e-02   3.6314130900e-01   8.4386936522e-04   1.0665073778e-09   1.5080456462e-12   3.2764996959e-03   3.7543480796e-11   4.2116827242e-02   3.6145295588e-07   7.9793202381e-12   1.3556849484e-14   8.4769041528e-05   6.6581529457e-01   2.1079090625e-02   2.7457343594e-02   4.9345328299e-10   2.1942803822e-05   4.0765533481e-12   2.3930400000e-01
   7.0400000000e-01   7.0400000000e-01   6.0127360392e+02  -3.3450774977e+06   8.6804967049e-02   3.7053946212e-01   8.0057162872e-04   7.8468112114e-10   9.3843778874e-13   3.1084846862e-03   2.8102010928e-11   3.9956999616e-02   3.1539509795e-07   5.5500973160e-12   8.8152350799e-15   8.0064641912e-05   6.8295334570e-01   1.9998120540e-02   2.6049275264e-02   3.7809607312e-10   2.0821331716e-05   2.9509430886e-12   2.2703200000e-01
   7.2000000000e-01   7.2000000000e-01   5.8452103250e+02  -3.4153902756e+06   8.2112804052e-02   3.7830537774e-01   7.5728097297e-04   5.6558539642e-10   5.7195198972e-13   2.9404701299e-03   2.0973191319e-11   3.7797168822e-02   2.7426744586e-07   3.8034204528e-12   5.6523167048e-15   7.5471416256e-05   7.0009128054e-01   1.8917147543e-02   2.4641206715e-02   2.8550628133e-10   1.9698712536e-05   2.0864679290e-12   2.1476000000e-01
   7.3600000000e-01   7.3600000000e-01   5.6790916509e+02  -3.4857029151e+06   7.7420641767e-02   3.8647744968e-01   7.1399573143e-04   3.9905765648e-10   3.4194631593e-13   2.7724549288e-03   1.5586119367e-11   3.5637335657e-02   2.3785852487e-07   2.5644225017e-12   3.5679923276e-15   7.0963689945e-05   7.1722912594e-01   1.7836172363e-02   2.3233138016e-02   2.1242139081e-10   1.8575188778e-05   1.4396340415e-12   2.0248800000e-01
   7.5200000000e-01   7.5200000000e-01   5.5141894978e+02  -3.5560154536e+06   7.2728480083e-02   3.9509878934e-01   6.7071457448e-04   2.7537958627e-10   2.0096337807e-13   2.6044383724e-03   1.1513917514e-11   3.3477500733e-02   2.0586656563e-07   1.6989279921e-12   2.2135460315e-15   6.6520902356e-05   7.3436690337e-01   1.6755195561e-02   2.1825069215e-02   1.5567005929e-10   1.7450963546e-05   9.6839670731e-13   1.9021600000e-01
   7.6800000000e-01   7.6800000000e-01   5.3503198318e+02  -3.6263279204e+06   6.8036318882e-02   4.0421796755e-01   6.2743646115e-04   1.8567130453e-10   1.1638453468e-13   2.4364200488e-03   8.4374415729e-12   3.1317664514e-02   1.7792584895e-07   1.1045826857e-12   1.3472404446e-15   6.2126880803e-05   7.5150462975e-01   1.5674217563e-02   2.0417000344e-02   1.1230765066e-10   1.6326203413e-05   6.3433990682e-13   1.7794400000e-01
   7.8400000000e-01   7.8400000000e-01   5.1873050813e+02  -3.6966403377e+06   6.3344158059e-02   4.1388989279e-01   5.8416059073e-04   1.2215998213e-10   6.6578688044e-14   2.2683997684e-03   6.1179040571e-12   2.9157827350e-02   1.5363203055e-07   7.0401950507e-13   8.0289114845e-16   5.7769115109e-05   7.6864231817e-01   1.4593238690e-02   1.9008931427e-02   7.9703874950e-11   1.5201042169e-05   4.0408933526e-13   1.6567200000e-01
   8.0000000000e-01   8.0000000000e-01   5.0249743060e+02  -3.7669527215e+06   5.8651997527e-02   4.2417685410e-01   5.4088635719e-04   7.8306932843e-11   3.7692031057e-14   2.1003775024e-03   4.3761662933e-12   2.6997989505e-02   1.3256434568e-07   4.3948668194e-13   4.6750153146e-16   5.3438074121e-05   7.8577997861e-01   1.3512259185e-02   1.7600862479e-02   5.5585257277e-11   1.4075585050e-05   2.4994163770e-13   1.5340000000e-01
   8.1600000000e-01   8.1600000000e-01   4.8631635949e+02  -3.8372650833e+06   5.3959837218e-02   4.3514976316e-01   4.9761330850e-04   4.8809583365e-11   2.1134993479e-14   1.9323533325e-03   3.0771298603e-12   2.4838151172e-02   1.1430353337e-07   2.6854940266e-13   2.6528410091e-16   4.9126592851e-05   8.0291761855e-01   1.2431279226e-02   1.6192793511e-02   3.8041142418e-11   1.2949913128e-05   1.4984064908e-13   1.4112800000e-01
   8.3200000000e-01   8.3200000000e-01   4.7017167375e+02  -3.9075774311e+06   4.9267677081e-02   4.4688963820e-01   4.5434111172e-04   2.9511628347e-11   1.1731692283e-14   1.7643274118e-03   2.1180771967e-12   2.2678312496e-02   9.8445159624e-08   1.6060907328e-13   1.4623245505e-16   4.4829345679e-05   8.2005524357e-01   1.1350298946e-02   1.4784724528e-02   2.5504152577e-11   1.1824087571e-05   8.6898037174e-14   1.2885600000e-01
   8.4800000000e-01   8.4800000000e-01   4.5404862200e+02  -3.9778897701e+06   4.4575517078e-02   4.5948938217e-01   4.1106952419e-04   1.7258180162e-11   6.4342583114e-15   1.5962999359e-03   1.4200764801e-12   2.0518473578e-02   8.4608642395e-08   9.4074076527e-14   7.7969557879e-17   4.0542409668e-05   8.3719285778e-01   1.0269318439e-02   1.3376655537e-02   1.6715454537e-11   1.0698153597e-05   4.8657398290e-14   1.1658400000e-01
   8.6400000000e-01   8.6400000000e-01   4.3793346075e+02  -4.0482021037e+06   3.9883357180e-02   4.7305592009e-01   3.6779837049e-04   9.7277393027e-12   3.4768565790e-15   1.4282711208e-03   9.2174643799e-13   1.8358634493e-02   7.2442664848e-08   5.4071935061e-14   3.9974000299e-17   3.6262913806e-05   8.5433046418e-01   9.1883377758e-03   1.1968586540e-02   1.0683137668e-11   9.5721439781e-06   2.6264893435e-14   1.0431200000e-01
   8.8000000000e-01   8.8000000000e-01   4.2181363796e+02  -4.1185144341e+06   3.5191197363e-02   4.8771277639e-01   3.2452752459e-04   5.2642230806e-12   1.8457792173e-15   1.2602411881e-03   5.7481193197e-13   1.6198795294e-02   6.1627841847e-08   3.0624212067e-14   1.9539108615e-17   3.1988764924e-05   8.7146806496e-01   8.1073570048e-03   1.0560517540e-02   6.6395176448e-12   8.4460820383e-06   1.3660497124e-14   9.2040000000e-02
   8.9600000000e-01   8.9600000000e-01   4.0567802901e+02  -4.1888267624e+06   3.0499037612e-02   5.0360319280e-01   2.8125689621e-04   2.7235286286e-12   9.6117468613e-16   1.0922103542e-03   3.4099003592e-13   1.4038956018e-02   5.1877537306e-08   1.7220531654e-14   8.9924907391e-18   2.7718438683e-05   8.8860566173e-01   7.0263761606e-03   9.1524485371e-03   4.0009176501e-12   7.3199841192e-06   6.8577505804e-15   7.9768000000e-02
   9.1200000000e-01   9.1200000000e-01   3.8951723193e+02  -4.2591390896e+06   2.5806877910e-02   5.2089391354e-01   2.3798642076e-04   1.3419405080e-12   4.9182811613e-16   9.2417882277e-04   1.8983704026e-13   1.1879116689e-02   4.2937676342e-08   9.7337952901e-15   3.8242773384e-18   2.3450823495e-05   9.0574325564e-01   5.9453952672e-03   7.7443795329e-03   2.3317146646e-12   6.1938615427e-06   3.3437666866e-15   6.7496000000e-02
   9.2800000000e-01   9.2800000000e-01   3.7332392763e+02  -4.3294514161e+06   2.1114718246e-02   5.3977979816e-01   1.9471605195e-04   6.2863475151e-13   2.4923367056e-16   7.5614677978e-04   9.7262925394e-14   9.7192773249e-03   3.4586302242e-08   5.6205457577e-15   1.4595713692e-18   1.9185106021e-05   9.2288084756e-01   4.8644143410e-03   6.3363105277e-03   1.3131765742e-12   5.0677221163e-06   1.6063367663e-15   5.5224000000e-02
   9.4400000000e-01   9.4400000000e-01   3.5709330836e+02  -4.3997637421e+06   1.6422558610e-02   5.6048946737e-01   1.5144575644e-04   2.8136197897e-13   1.2705842017e-16   5.8811438937e-04   4.4483594542e-14   7.5594379379e-03   2.6633523047e-08   3.3524651442e-15   4.7637025949e-19   1.4920688218e-05   9.4001843811e-01   3.7834333934e-03   4.9282415219e-03   7.1672101092e-13   3.9415712502e-06   7.7961248906e-16   4.2952000000e-02
   9.6000000000e-01   9.6000000000e-01   3.4082357282e+02  -4.4700760678e+06   1.1730398994e-02   5.8329224848e-01   1.0817551001e-04   1.2259242496e-13   6.6046767455e-17   4.2008178998e-04   1.7234092133e-14   5.3995985360e-03   1.8922389451e-08   2.0294051479e-15   1.2170913617e-19   1.0657127582e-05   9.5715602775e-01   2.7024524320e-03   3.5201725159e-03   3.8065851102e-13   2.8154127603e-06   3.9168973847e-16   3.0680000000e-02
   9.7600000000e-01   9.7600000000e-01   3.2451647914e+02  -4.5403883935e+06   7.0382393914e-03   6.0850677230e-01   6.4905294642e-05   5.2544208221e-14   3.3346267152e-17   2.5204908998e-04   5.1039187816e-15   3.2397591249e-03   1.1331144404e-08   1.1311791284e-15   2.0040006586e-20   6.3940938658e-06   9.7429361684e-01   1.6214714622e-03   2.1121035096e-03   1.8982001849e-13   1.6892494344e-06   1.9499290086e-16   1.8408000000e-02
   9.9200000000e-01   9.9200000000e-01   3.0817793617e+02  -4.6107007191e+06   2.3460797963e-03   6.3651169554e-01   2.1635096394e-05   1.6014275690e-14   1.0721372483e-17   8.4016362311e-05   8.3580529638e-16   1.0799197088e-03   3.7771725060e-09   3.7231182202e-16   1.0108701954e-21   2.1313370809e-06   9.9143120564e-01   5.4049048787e-04   7.0403450321e-04   6.0466886602e-14   5.6308343064e-07   6.2597563006e-17   6.1360000000e-03
   1.0000000000e+00   1.0000000000e+00   3.0000000000e+02  -4.6458568819e+06   0.0000000000e+00   6.5169855213e-01   0.0000000000e+00   0.0000000000e+00   0.0000000000e+00   0.0000000000e+00   0.0000000000e+00   0.0000000000e+00   0.0000000000e+00   0.0000000000e+00   0.0000000000e+00   0.0000000000e+00   1.0000000000e+00   0.0000000000e+00   0.0000000000e+00   0.0000000000e+00   0.0000000000e+00   0.0000000000e+00   0.0000000000e+00