# L (m)  = 1
# P (Pa) = 101325
#             001_x           002_mixf              003_T              004_h             005_pv        006_density             007_H2              008_H              009_O             010_O2             011_OH            012_H2O            013_HO2            014_CH2         015_CH2(S)            016_CH3            017_CH4             018_CO            019_CO2            020_HCO           021_CH2O          022_CH2OH             023_N2
                  0   0.0000000000e+00   3.0000000000e+02   1.9075768848e+03   0.0000000000e+00   1.1719839921e+00   0.0000000000e+00   0.0000000000e+00   0.0000000000e+00   2.3300000000e-01   0.0000000000e+00   0.0000000000e+00   0.0000000000e+00   0.0000000000e+00   0.0000000000e+00   0.0000000000e+00   0.0000000000e+00   0.0000000000e+00   0.0000000000e+00   0.0000000000e+00   0.0000000000e+00   0.0000000000e+00   7.6700000000e-01
   2.0000000000e-03   2.0000000000e-03   3.1182476395e+02  -3.0073756787e+04   3.8299215357e-03   1.1252015082e+00   1.9468856247e-05   2.3274797626e-15   1.9320864812e-14   2.2957515679e-01   3.8540777197e-10   1.7928983688e-03   3.9261204850e-07   1.1337975783e-13   5.1468203659e-15   4.4654687259e-06   1.1193287905e-03   6.6227516525e-04   1.3552791454e-03   9.5839075760e-14   4.7344138493e-06   1.1925560270e-17   7.6546600000e-01
   6.0000000000e-03   6.0000000004e-03   3.3525624082e+02  -9.3915636069e+04   1.1482963862e-02   1.0422356344e+00   5.8378894165e-05  -2.1111261791e-13   6.4101646192e-14   2.2273074877e-01   1.1556907789e-09   5.3754897784e-03   1.1760493779e-06   8.1758705970e-13   4.3645439113e-14   1.3380670074e-05   3.3595402743e-03   1.9857255276e-03   4.0633696615e-03   7.7175370683e-13   1.4189214109e-05   1.3331235337e-16   7.6239800000e-01
   1.0000000000e-02   1.0000000004e-02   3.5850213372e+02  -1.5737669968e+05   1.9115635332e-02   9.7064703600e-01   9.7205998581e-05  -2.3378375045e-12   1.2203434323e-13   2.1590214929e-01   1.9539219704e-09   8.9484801111e-03   1.9563312999e-06   2.1029569296e-12   1.1664834194e-13   2.2249819676e-05   5.6044052522e-03   3.3058806133e-03   6.7640686091e-03   2.1940230012e-12   2.3602018142e-05   2.9734707637e-16   7.5933000000e-01
   1.4000000000e-02   1.4000000016e-02   3.8170432511e+02  -2.2017281486e+05   2.6714460078e-02   9.0791517575e-01   1.3589518093e-04  -8.3636188505e-12   1.8454962128e-13   2.0909981269e-01   2.8343940025e-09   1.2505518375e-02   2.7344594703e-06   3.9856030169e-12   2.2542117411e-13   3.1044022474e-05   7.8570008177e-03   4.6205591156e-03   9.4524874057e-03   4.5414679379e-12   3.2945094036e-05  -1.8167148641e-16   7.5626200000e-01
   1.8000000000e-02   1.8000000029e-02   4.0500783687e+02  -2.8201133772e+05   3.4266118631e-02   8.5219261101e-01   1.7439190241e-04  -1.4881216888e-11   2.4315347586e-13   2.0233406985e-01   3.8644262806e-09   1.6040327847e-02   3.5130416920e-06   6.6027392696e-12   3.7828598799e-13   3.9735711462e-05   1.0120367827e-02   5.9276030203e-03   1.2123795861e-02   8.1797075154e-12   4.2191070863e-05  -1.5421677489e-15   7.5319400000e-01
   2.2000000000e-02   2.2000000030e-02   4.2852426218e+02  -3.4262983889e+05   4.1757508829e-02   8.0216685549e-01   2.1264225233e-04  -1.5635222882e-11   3.2251008911e-13   1.9561508109e-01   5.1104484301e-09   1.9546734973e-02   4.2959342228e-06   1.0191781862e-11   5.8998888104e-13   4.8298650010e-05   1.2397497349e-02   7.2248867178e-03   1.4773244886e-02   1.3781009952e-11   5.1313029885e-05  -1.4428934577e-15   7.5012600000e-01
   2.6000000000e-02   2.6000000016e-02   4.5231462008e+02  -4.0181645304e+05   4.9175805012e-02   7.5691841643e-01   2.5059312537e-04  -8.3125809097e-12   5.2593881728e-13   1.8895279023e-01   6.6215031157e-09   2.3018697449e-02   5.0881058474e-06   1.5026719706e-11   8.7650553204e-13   5.6708000772e-05   1.4691317439e-02   8.5103258796e-03   1.7396188559e-02   2.2289725512e-11   6.0284557200e-05   4.0823831648e-15   7.4705800000e-01
   3.0000000000e-02   3.0000000000e-02   4.7639947757e+02  -4.5940204689e+05   5.6508515069e-02   7.1577928194e-01   2.8819239814e-04   6.4194389905e-12   1.0984697472e-12   1.8235688069e-01   8.4179926565e-09   2.6450331254e-02   5.8952230739e-06   2.1349774660e-11   1.2494398742e-12   6.4940417136e-05   1.7004680366e-02   9.7818860470e-03   1.9988105370e-02   3.4786654780e-11   6.9079756161e-05   1.8515710082e-14   7.4399000000e-01
   3.4000000000e-02   3.4000000000e-02   5.0076982360e+02  -5.1525121609e+05   6.3743534938e-02   6.7824182248e-01   3.2538910558e-04   2.9161646686e-11   2.5109198833e-12   1.7583673353e-01   1.0488195056e-08   2.9835936457e-02   6.7231539936e-06   2.9328800373e-11   1.7136198767e-12   7.2974186282e-05   1.9340350364e-02   1.1037590880e-02   2.2544618495e-02   5.2426766931e-11   7.7673224138e-05   4.4967504444e-14   7.4092200000e-01
   3.8000000000e-02   3.8000000000e-02   5.2538596996e+02  -5.6926621255e+05   7.0869200171e-02   6.4391512904e-01   3.6213361815e-04   6.4107929614e-11   5.6568365491e-12   1.6940138787e-01   1.2790660602e-08   3.3170021595e-02   7.5775888972e-06   3.9039699645e-11   2.2668842192e-12   8.0789445848e-05   2.1700991939e-02   1.2275530008e-02   2.5061514949e-02   7.6481262965e-11   8.6040006077e-05   8.7771318375e-14   7.3785400000e-01
   4.2000000000e-02   4.2000000000e-02   5.5017104406e+02  -6.2139747845e+05   7.7874334210e-02   6.1250021751e-01   3.9837782071e-04   1.1974341182e-10   1.2307775739e-11   1.6305950366e-01   1.5261676896e-08   3.6447326471e-02   8.4637303043e-06   5.0468630461e-11   2.9007068692e-12   8.8368474147e-05   2.4089158825e-02   1.3493866441e-02   2.7534763476e-02   1.0842534336e-10   9.4155545636e-05   1.5397467070e-13   7.3478600000e-01
   4.6000000000e-02   4.6000000000e-02   5.7500578156e+02  -6.7165368454e+05   8.4748293056e-02   5.8376967429e-01   4.3407529344e-04   2.0939005308e-10   2.6005722432e-11   1.5681932734e-01   1.7827620133e-08   3.9662843224e-02   9.3859739590e-06   6.3537532459e-11   3.6018657748e-12   9.5696058313e-05   2.6507283628e-02   1.4690843471e-02   2.9960531067e-02   1.5005040459e-10   1.0199566235e-04   2.5441331303e-13   7.3171800000e-01
   5.0000000000e-02   5.0000000000e-02   5.9973322832e+02  -7.2010104224e+05   9.1481006047e-02   5.5754336216e-01   4.6918149442e-04   3.5233715428e-10   5.3719191674e-11   1.5068866054e-01   2.0422465522e-08   4.2811835542e-02   1.0347558599e-05   7.8163159712e-11   4.3559902534e-12   1.0275994731e-04   2.8957668202e-02   1.5864791031e-02   3.2335197979e-02   2.0364404100e-10   1.0953658824e-04   4.0396755639e-13   7.2865000000e-01
   5.4000000000e-02   5.4000000000e-02   6.2421354007e+02  -7.6680267753e+05   9.8063012474e-02   5.3362993385e-01   5.0365394145e-04   5.7666581856e-10   1.0900325431e-10   1.4467483197e-01   2.3014200757e-08   4.5889855907e-02   1.1350182049e-05   9.4370115253e-11   5.1542559616e-12   1.0955138490e-04   3.1442474819e-02   1.7014131463e-02   3.4655371162e-02   2.7238252597e-10   1.1675509437e-04   6.1613063960e-13   7.2558200000e-01
   5.8000000000e-02   5.8000000000e-02   6.4859795204e+02  -8.1148657231e+05   1.0448549379e-01   5.1162091400e-01   5.3745239009e-04   9.2793603016e-10   2.1842489570e-10   1.3878467281e-01   2.5650350633e-08   4.8892760750e-02   1.2393514617e-05   1.1249241291e-10   6.0060738270e-12   1.1606571587e-04   3.3963718183e-02   1.8137384638e-02   3.6917896016e-02   3.6151364571e-10   1.2362870767e-04   8.8967666845e-13   7.2251400000e-01
   6.2000000000e-02   6.2000000000e-02   6.7414435683e+02  -8.5251483058e+05   1.1074030111e-01   4.9038322544e-01   5.7053901309e-04   1.4920139747e-09   4.3476233684e-10   1.3302449614e-01   2.8522770370e-08   5.1816723314e-02   1.3474317598e-05   1.3344691240e-10   6.9597462957e-12   1.2230316553e-04   3.6523258319e-02   1.9233172414e-02   3.9119866371e-02   4.8209727284e-10   1.3013587723e-04   1.2567655744e-12   7.1944600000e-01
   6.6000000000e-02   6.6000000000e-02   7.0343504519e+02  -8.8649465693e+05   1.1681997742e-01   4.6821307540e-01   6.0287863559e-04   2.4240208122e-09   8.5884655895e-10   1.2740008193e-01   3.1956525389e-08   5.4658243841e-02   1.4584586993e-05   1.5884612908e-10   8.1105935198e-12   1.2827033675e-04   3.9122794132e-02   2.0300222307e-02   4.1258632632e-02   6.5730064090e-10   1.3625553066e-04   1.9654011279e-12   7.1637800000e-01
   7.0000000000e-02   7.0000000000e-02   7.3685202349e+02  -9.1260264029e+05   1.2271777413e-01   4.4532888217e-01   6.3443913390e-04   3.9188344472e-09   1.6538049835e-09   1.2191666823e-01   3.6168935458e-08   5.7414156687e-02   1.5708892063e-05   1.9059079910e-10   9.5465923197e-12   1.3398322563e-04   4.1763857168e-02   2.1337370287e-02   4.3331808021e-02   9.1879961286e-10   1.4196549233e-04   3.4386222025e-12   7.1331000000e-01
   7.4000000000e-02   7.4000000000e-02   7.7182297179e+02  -9.3380130836e+05   1.2842766284e-01   4.2359592710e-01   6.6519185043e-04   6.1234933453e-09   3.0206123808e-09   1.1657894395e-01   4.1148340279e-08   6.0081635159e-02   1.6823393204e-05   2.3031642749e-10   1.1304144089e-11   1.3946997408e-04   4.4447806299e-02   2.2343562833e-02   4.5337272994e-02   1.2951526436e-09   1.4724171137e-04   5.8963240378e-12   7.1024200000e-01
   7.8000000000e-02   7.8000000000e-02   8.0625787954e+02  -9.5266644708e+05   1.3394434320e-01   4.0403471570e-01   6.9511170438e-04   9.0918504051e-09   5.1348801227e-09   1.1139104008e-01   4.6830709587e-08   6.2658195047e-02   1.7897837973e-05   2.7951774123e-10   1.3404082953e-11   1.4477023762e-04   4.7175825725e-02   2.3317858517e-02   4.7273177927e-02   1.8108793400e-09   1.5205975488e-04   9.3274649807e-12   7.0717400000e-01
   8.2000000000e-02   8.2000000000e-02   8.3920689497e+02  -9.7045463445e+05   1.3926324652e-01   3.8677795806e-01   7.2417702176e-04   1.2774653417e-08   8.0696176743e-09   1.0635652241e-01   5.3167347025e-08   6.5141696358e-02   1.8899032633e-05   3.3972691801e-10   1.5870494524e-11   1.4993139668e-04   4.9948926969e-02   2.4259429126e-02   4.9137944014e-02   2.4858090310e-09   1.5639680843e-04   1.3696628676e-11   7.0410600000e-01
   8.6000000000e-02   8.6000000000e-02   8.7032195570e+02  -9.8770094737e+05   1.4438053484e-01   3.7162412629e-01   7.5236919328e-04   1.7028244974e-08   1.1740716374e-08   1.0147838776e-01   6.0071316993e-08   6.7530342943e-02   1.9794576062e-05   4.1228282807e-10   1.8716754687e-11   1.5500284356e-04   5.2767954075e-02   2.5167560279e-02   5.0930262421e-02   3.3307314235e-09   1.6023328247e-04   1.8963819759e-11   7.0103800000e-01
   9.0000000000e-02   9.0000000000e-02   8.9949783193e+02  -1.0046436686e+06   1.4929309582e-01   3.5830411573e-01   7.7967224002e-04   2.1642820397e-08   1.5905833279e-08   9.6759063934e-02   6.7370969374e-08   6.9822680240e-02   2.0556188753e-05   4.9800451718e-10   2.1929340459e-11   1.6002956542e-04   5.5633590648e-02   2.6041651550e-02   5.2649091793e-02   4.3431601943e-09   1.6355403268e-04   2.5027494414e-11   6.9797000000e-01
   9.4000000000e-02   9.4000000000e-02   9.2672489331e+02  -1.0214019595e+06   1.5399853425e-01   3.4656456428e-01   8.0607237008e-04   2.6384318111e-08   2.0219925969e-08   9.2200413153e-02   7.4815461680e-08   7.2017591531e-02   2.1162177157e-05   5.9704205711e-10   2.5463895227e-11   1.6504636968e-04   5.8546367186e-02   2.6881216108e-02   5.4293654240e-02   5.5059930203e-09   1.6634928578e-04   3.1739403763e-11   6.9490200000e-01
   9.8000000000e-02   9.8000000000e-02   9.5203456567e+02  -1.0380419666e+06   1.5849516030e-01   3.3618651662e-01   8.3155760597e-04   3.1036155406e-08   2.4320768209e-08   8.7803739219e-02   8.2118264377e-08   7.4114292946e-02   2.1598783533e-05   7.0893917618e-10   2.9252640093e-11   1.7007392435e-04   6.1506667449e-02   2.7685879818e-02   5.5863429930e-02   6.7895983164e-09   1.6861528222e-04   3.8956677659e-11   6.9183400000e-01
   1.0200000000e-01   1.0200000000e-01   9.7547786216e+02  -1.0546028211e+06   1.6278197494e-01   3.2698551840e-01   8.5611753430e-04   3.5428149425e-08   2.7906716510e-08   8.3569798186e-02   8.9009091962e-08   7.6112327241e-02   2.1860428441e-05   8.3281391432e-10   3.3216558974e-11   1.7511720746e-04   6.4514733217e-02   2.8455379779e-02   5.7358150385e-02   8.1562097476e-09   1.7035460854e-04   4.6568821811e-11   6.8876600000e-01
   1.0600000000e-01   1.0600000000e-01   9.9711576278e+02  -1.0711084068e+06   1.6685865214e-01   3.1880719399e-01   8.7974318857e-04   3.9447636571e-08   3.0781022010e-08   7.9498812632e-02   9.5271936700e-08   7.8011556179e-02   2.1949065322e-05   9.6754716902e-10   3.7276390416e-11   1.8016625067e-04   6.7570667576e-02   2.9189562222e-02   5.8777790555e-02   9.5649479399e-09   1.7157620686e-04   5.4490692927e-11   6.8569800000e-01
   1.1000000000e-01   1.1000000000e-01   1.0170172010e+03  -1.0875734807e+06   1.7072551789e-01   3.1152140012e-01   9.0242704216e-04   4.3035429997e-08   3.2858280530e-08   7.5590489296e-02   1.0076049367e-07   7.9812151300e-02   2.1872968460e-05   1.1119010513e-09   4.1359031987e-11   1.8519854824e-04   7.0674437365e-02   2.9888379783e-02   6.0122559766e-02   1.0976049096e-08   1.7229508511e-04   6.2642703621e-11   6.8263000000e-01
   1.1400000000e-01   1.1400000000e-01   1.0352544397e+03  -1.1040071583e+06   1.7438352579e-01   3.0501850354e-01   9.2416307237e-04   4.6173349261e-08   3.4144650895e-08   7.1844039820e-02   1.0539482019e-07   8.1514582933e-02   2.1645267175e-05   1.2645559651e-09   4.5399554857e-11   1.9018232416e-04   7.3825875570e-02   3.0551888167e-02   6.1392891615e-02   1.2353709857e-08   1.7253178434e-04   7.0937789099e-11   6.7956200000e-01
   1.1800000000e-01   1.1800000000e-01   1.0518962522e+03  -1.1204150345e+06   1.7783422945e-01   2.9920714300e-01   9.4494685758e-04   4.8869744034e-08   3.4707281719e-08   6.8258204203e-02   1.0914574151e-07   8.3119607436e-02   2.1282466311e-05   1.4240641396e-09   4.9339009033e-11   1.9507995393e-04   7.7024684307e-02   3.1180242251e-02   6.2589432909e-02   1.3667366237e-08   1.7231167400e-04   7.9278549679e-11   6.7649400000e-01
   1.2200000000e-01   1.2200000000e-01   1.0670117557e+03  -1.1368005042e+06   1.8107975188e-01   2.9400962760e-01   9.6477567875e-04   5.1147815244e-08   3.4646266593e-08   6.4831276571e-02   1.1202054763e-07   8.4628252758e-02   2.0803095263e-05   1.5888175333e-09   5.3123216256e-11   1.9985108308e-04   8.0270438784e-02   3.1773691697e-02   6.3713031748e-02   1.4892381746e-08   1.7166414903e-04   8.7561961835e-11   6.7342600000e-01
   1.2600000000e-01   1.2600000000e-01   1.0806698951e+03  -1.1531656055e+06   1.8412275214e-01   2.8935948830e-01   9.8364861084e-04   5.3037297937e-08   3.4073269145e-08   6.1561132867e-02   1.1405000382e-07   8.6041802517e-02   2.0226558175e-05   1.7570191056e-09   5.6701430620e-11   2.0445521896e-04   8.3562592351e-02   3.2332576153e-02   6.4764724863e-02   1.6010021124e-08   1.7062178180e-04   9.5684732183e-11   6.7035800000e-01
   1.3000000000e-01   1.3000000000e-01   1.0929389857e+03  -1.1695115615e+06   1.8696638983e-01   2.8519954059e-01   1.0015665965e-03   5.4569454660e-08   3.3097804330e-08   5.8445260098e-02   1.1527895517e-07   8.7361778816e-02   1.9572205963e-05   1.9266791398e-09   6.0025851418e-11   2.0885373163e-04   8.6900482622e-02   3.2857320100e-02   6.5745724313e-02   1.7007088374e-08   1.6921947333e-04   1.0354726768e-10   6.6729000000e-01
   1.3400000000e-01   1.3400000000e-01   1.1038863970e+03  -1.1858391279e+06   1.8961428763e-01   2.8148031690e-01   1.0185324990e-03   5.5774539073e-08   3.1819752412e-08   5.5480786791e-02   1.1576032937e-07   8.8589924055e-02   1.8858623519e-05   2.0956408002e-09   6.3051995902e-11   2.1301129697e-04   9.0283338523e-02   3.3348427419e-02   6.6657403658e-02   1.7875397763e-08   1.6749363567e-04   1.1105638653e-10   6.6422200000e-01
   1.3800000000e-01   1.3800000000e-01   1.1135783266e+03  -1.2021488138e+06   1.9207049259e-01   2.7815879488e-01   1.0345511355e-03   5.6680801663e-08   3.0326101882e-08   5.2664514301e-02   1.1555158157e-07   8.9728181982e-02   1.8103112230e-05   2.2616304550e-09   6.5739651726e-11   2.1689685678e-04   9.3710288099e-02   3.3806475732e-02   6.7501283738e-02   1.8611163094e-08   1.6548142827e-04   1.1812741422e-10   6.6115400000e-01
   1.4200000000e-01   1.4200000000e-01   1.1220796322e+03  -1.2184410196e+06   1.9433943628e-01   2.7519736217e-01   1.0496292884e-03   5.7314317591e-08   2.8690216310e-08   4.9992948677e-02   1.1471262936e-07   9.0778678239e-02   1.7321342831e-05   2.4223248445e-09   6.8054076721e-11   2.2048418177e-04   9.7180366913e-02   3.4232110573e-02   6.8279018175e-02   1.9214351890e-08   1.6322006409e-04   1.2468599668e-10   6.5808600000e-01
   1.4600000000e-01   1.4600000000e-01   1.1294537019e+03  -1.2347161191e+06   1.9642589449e-01   2.7256297004e-01   1.0637756987e-03   5.7699174557e-08   2.6972446471e-08   4.7462332753e-02   1.1330458679e-07   9.1743700618e-02   1.6527152289e-05   2.5754267627e-09   6.9967170150e-11   2.2375211887e-04   1.0069252685e-01   3.4626039438e-02   6.8992378735e-02   1.9688035444e-08   1.6074619548e-04   1.3066959515e-10   6.5501800000e-01
   1.5000000000e-01   1.5000000000e-01   1.1357623514e+03  -1.2509745055e+06   1.9833494674e-01   2.7022643853e-01   1.0770010391e-03   5.7857764516e-08   2.5221367992e-08   4.5068678201e-02   1.1138887960e-07   9.2625679263e-02   1.5732458776e-05   2.7187417752e-09   7.1458425061e-11   2.2668459513e-04   1.0424564519e-01   3.4989025761e-02   6.9643240673e-02   2.0037758746e-08   1.5809538599e-04   1.3602849890e-10   6.5195000000e-01
   1.5400000000e-01   1.5400000000e-01   1.1410657390e+03  -1.2672166147e+06   2.0007193592e-01   2.6816188324e-01   1.0893178686e-03   5.7811057546e-08   2.3475241890e-08   4.2807797250e-02   1.0902652441e-07   9.3427167000e-02   1.4947270077e-05   2.8502499709e-09   7.2515552565e-11   2.2927044010e-04   1.0783853381e-01   3.5321882858e-02   7.0233568190e-02   2.0270949459e-08   1.5530167018e-04   1.4072625346e-10   6.4888200000e-01
   1.5800000000e-01   1.5800000000e-01   1.1454222957e+03  -1.2834429329e+06   2.0164242857e-01   2.6634624032e-01   1.1007405697e-03   5.7578813038e-08   2.1763488597e-08   4.0675333839e-02   1.0627747759e-07   9.4150819994e-02   1.4179762594e-05   2.9681682185e-09   7.3134732460e-11   2.3150307871e-04   1.1146994835e-01   3.5625467884e-02   7.0765400120e-02   2.0396380124e-08   1.5239720044e-04   1.4473950510e-10   6.4581400000e-01
   1.6200000000e-01   1.6200000000e-01   1.1488886653e+03  -1.2996539954e+06   2.0305217595e-01   2.6475887132e-01   1.1112852686e-03   5.7179722146e-08   2.0108074729e-08   3.8666793969e-02   1.0320002623e-07   9.4799378879e-02   1.3436410433e-05   3.0709998712e-09   7.3320491981e-11   2.3338013791e-04   1.1513859735e-01   3.5900675845e-02   7.1240835958e-02   2.0423692747e-08   1.4941197748e-04   1.4805735028e-10   6.4274600000e-01
   1.6600000000e-01   1.6600000000e-01   1.1515196549e+03  -1.3158503803e+06   2.0430707629e-01   2.6338123268e-01   1.1209697398e-03   5.6631492128e-08   1.8524769687e-08   3.6777575054e-02   9.9850223832e-08   9.5375650522e-02   1.2722146768e-05   3.1575701987e-09   7.3085246902e-11   2.3490300217e-04   1.1884315110e-01   3.6148433698e-02   7.1662022332e-02   2.0362990265e-08   1.4637365886e-04   1.5068032197e-10   6.3967800000e-01
   1.7000000000e-01   1.7000000000e-01   1.1533681938e+03  -1.3320326998e+06   2.0541313841e-01   2.6219659856e-01   1.1298132984e-03   5.5950888275e-08   1.7024258647e-08   3.5002994087e-02   9.6281384556e-08   9.5882490529e-02   1.2040542601e-05   3.2270470016e-09   7.2448560115e-11   2.3607634606e-04   1.2258225024e-01   3.6369694580e-02   7.2031140006e-02   2.0224495495e-08   1.4330743847e-04   1.5261915310e-10   6.3661000000e-01
   1.7400000000e-01   1.7400000000e-01   1.1544853005e+03  -1.3482015895e+06   2.0637644698e-01   2.6118982715e-01   1.1378366790e-03   5.5153748700e-08   1.5613112993e-08   3.3338314487e-02   9.2543650482e-08   9.6322786598e-02   1.1393991010e-05   3.2789468487e-09   7.1436184168e-11   2.3690766533e-04   1.2635451406e-01   3.6565432208e-02   7.2350391495e-02   2.0018275178e-08   1.4023598897e-04   1.5389342323e-10   6.3354200000e-01
   1.7800000000e-01   1.7800000000e-01   1.1549200577e+03  -1.3643576995e+06   2.0720312953e-01   2.6034716308e-01   1.1450619066e-03   5.4254984770e-08   1.4294626159e-08   3.1778771478e-02   8.8683642399e-08   9.6699442814e-02   1.0783887821e-05   3.3131281574e-09   7.0078957651e-11   2.3740682295e-04   1.3015854830e-01   3.6736635464e-02   7.2621989346e-02   1.9754024619e-08   1.3717945873e-04   1.5453018236e-10   6.3047400000e-01
   1.8200000000e-01   1.8200000000e-01   1.1547195946e+03  -1.3805016845e+06   2.0789932547e-01   2.5965606972e-01   1.1515121593e-03   5.3268578240e-08   1.3069526844e-08   3.0319595919e-02   8.4744206610e-08   9.7015364934e-02   1.0210802221e-05   3.3297731061e-09   6.8411630890e-11   2.3758562115e-04   1.3399295260e-01   3.6884303221e-02   7.2848145154e-02   1.9440907402e-08   1.3415551452e-04   1.5456262072e-10   6.2740600000e-01
   1.8600000000e-01   1.8600000000e-01   1.1539290773e+03  -1.3966341963e+06   2.0847115709e-01   2.5910508633e-01   1.1572116255e-03   5.2207590516e-08   1.1936585972e-08   2.8956036494e-02   8.0764248809e-08   9.7273446718e-02   9.6746330817e-06   3.3293607992e-09   6.6471671524e-11   2.3745740702e-04   1.3785632741e-01   3.7009439407e-02   7.3031059338e-02   1.9087445189e-08   1.3117942166e-04   1.5402885990e-10   6.2433800000e-01
   1.9000000000e-01   1.9000000000e-01   1.1525917064e+03  -1.4127558766e+06   2.0892470276e-01   2.5868370600e-01   1.1621853585e-03   5.1084247247e-08   1.0893168248e-08   2.7683380218e-02   7.6778741321e-08   9.7476557338e-02   9.1747485183e-06   3.3126399894e-09   6.4298184758e-11   2.3703671478e-04   1.4174728041e-01   3.7113048356e-02   7.3172911710e-02   1.8701464112e-08   1.2826415380e-04   1.5297122534e-10   6.2127000000e-01
   1.9400000000e-01   1.9400000000e-01   1.1507487212e+03  -1.4288673515e+06   2.0926597231e-01   2.5838227100e-01   1.1664591285e-03   4.9910460357e-08   9.9360243181e-09   2.6496971212e-02   7.2819464426e-08   9.7627529880e-02   8.7101075640e-06   3.2806409992e-09   6.1931368354e-11   2.3633894058e-04   1.4566443245e-01   3.7196130440e-02   7.3275852862e-02   1.8290174930e-08   1.2542052488e-04   1.5143825190e-10   6.1820200000e-01
   1.9800000000e-01   1.9800000000e-01   1.1484394118e+03  -1.4449692268e+06   2.0950088458e-01   2.5819188285e-01   1.1700592707e-03   4.8701005656e-08   9.0647357225e-09   2.5392227749e-02   6.8924094637e-08   9.7729150928e-02   8.2793628206e-06   3.2349752981e-09   5.9416536406e-11   2.3538000860e-04   1.4960642297e-01   3.7259678020e-02   7.3341996363e-02   1.7860899770e-08   1.2265733677e-04   1.4950376367e-10   6.1513400000e-01
   2.0800000000e-01   2.0800000000e-01   1.1416699667e+03  -1.4852013516e+06   2.0983679076e-01   2.5796216264e-01   1.1774423569e-03   4.5680224392e-08   7.1769731851e-09   2.2823302346e-02   5.9792860623e-08   9.7866651296e-02   7.2833000104e-06   3.0961500407e-09   5.3120279082e-11   2.3236925431e-04   1.5952015379e-01   3.7372162213e-02   7.3420534899e-02   1.6771439516e-08   1.1596782987e-04   1.4414682004e-10   6.0746400000e-01
   2.2400000000e-01   2.2400000000e-01   1.1252184625e+03  -1.5494513953e+06   2.0899254777e-01   2.5896849110e-01   1.1799902633e-03   4.0482084437e-08   4.9778554773e-09   1.9772272660e-02   4.6249664142e-08   9.7447358331e-02   6.1348839775e-06   2.7081452801e-09   4.1956944455e-11   2.2429721107e-04   1.7570576786e-01   3.7293886061e-02   7.3071313117e-02   1.4945805164e-08   1.0687007878e-04   1.3038811538e-10   5.9519200000e-01
   2.4000000000e-01   2.4000000000e-01   1.1050747605e+03  -1.6136084093e+06   2.0708695926e-01   2.6096636993e-01   1.1749912668e-03   3.5438308230e-08   3.4915316213e-09   1.7533543022e-02   3.5041783200e-08   9.6538491318e-02   5.3176243722e-06   2.2572365383e-09   3.1752817281e-11   2.1396308057e-04   1.9214073927e-01   3.7013300389e-02   7.2360176287e-02   1.3231224188e-08   9.9388133213e-05   1.1489240377e-10   5.8292000000e-01
   2.5600000000e-01   2.5600000000e-01   1.0826207064e+03  -1.6776942226e+06   2.0438947055e-01   2.6368282467e-01   1.1640432971e-03   3.0756139033e-08   2.4852337782e-09   1.5899890678e-02   2.6163789297e-08   9.5265422089e-02   4.7347967344e-06   1.8114999608e-09   2.3254430464e-11   2.0222218557e-04   2.0876225812e-01   3.6578675057e-02   7.1381330109e-02   1.1686477215e-08   9.3350645927e-05   9.9569383421e-11   5.7064800000e-01
   2.7200000000e-01   2.7200000000e-01   1.0588788985e+03  -1.7417252505e+06   2.0111747871e-01   2.6691336861e-01   1.1485535679e-03   2.6535138879e-08   1.7957651861e-09   1.4704482930e-02   1.9344642909e-08   9.3728888050e-02   4.3117226127e-06   1.4120963867e-09   1.6619202425e-11   1.8976585999e-04   2.2551939183e-01   3.6029936017e-02   7.0210101079e-02   1.0317469946e-08   8.8509438442e-05   8.5545853665e-11   5.5837600000e-01
   2.8800000000e-01   2.8800000000e-01   1.0345786339e+03  -1.8057137533e+06   1.9743986390e-01   2.7050639553e-01   1.1297039496e-03   2.2805820661e-08   1.3153661282e-09   1.3817984777e-02   1.4218364910e-08   9.2006843347e-02   3.9937089198e-06   1.0770516822e-09   1.1670708889e-11   1.7712610190e-04   2.4237237742e-01   3.5398869090e-02   6.8904447511e-02   9.1080681602e-09   8.4605481655e-05   7.3306575761e-11   5.4610400000e-01
   3.0400000000e-01   3.0400000000e-01   1.0102191035e+03  -1.8696689004e+06   1.9348328778e-01   2.7435169424e-01   1.1084455919e-03   1.9556573157e-08   9.7453545733e-10   1.3143585922e-02   1.0420374631e-08   9.0157542425e-02   3.7421877878e-06   8.0864013393e-10   8.0980555808e-12   1.6469310844e-04   2.5929124668e-01   3.4709903641e-02   6.7507396120e-02   8.0365010788e-09   8.1404458494e-05   6.2905918212e-11   5.3383200000e-01
   3.2000000000e-01   3.2000000000e-01   9.8612133271e+02  -1.9335976003e+06   1.8933966786e-01   2.7837263343e-01   1.0855144338e-03   1.6752320468e-08   7.2859389511e-10   1.2611168352e-02   7.6323503083e-09   8.8223115778e-02   3.5308889474e-06   6.0046433335e-10   5.5762095103e-12   1.5273776111e-04   2.7625415065e-01   3.3981207575e-02   6.6049830073e-02   7.0825615378e-09   7.8711635742e-05   5.4170203043e-11   5.2156000000e-01
   3.3600000000e-01   3.3600000000e-01   9.6246770788e+02  -1.9975051103e+06   1.8507366182e-01   2.8252129244e-01   1.0614592345e-03   1.4346754229e-08   5.4850235197e-10   1.2171503719e-02   5.5961109170e-09   8.6233104311e-02   3.3425785079e-06   4.4259885443e-10   3.8226292564e-12   1.4143489437e-04   2.9324565548e-01   3.3225880086e-02   6.4553218191e-02   6.2297393159e-09   7.6374290145e-05   4.6842457960e-11   5.0928800000e-01
   3.5200000000e-01   3.5200000000e-01   9.3937286726e+02  -2.0613954761e+06   1.8072942606e-01   2.8676299956e-01   1.0366749981e-03   1.2290465686e-08   4.1506477845e-10   1.1791037022e-02   4.1127676504e-09   8.4207622136e-02   3.1664502277e-06   3.2475229853e-10   2.6153825163e-12   1.3088505489e-04   3.1025518507e-01   3.2453093107e-02   6.3032035820e-02   5.4652977245e-09   7.4277685605e-05   4.0664296424e-11   4.9701600000e-01
   3.6800000000e-01   3.6800000000e-01   9.1689416048e+02  -2.1252718460e+06   1.7633627924e-01   2.9107603147e-01   1.0114364873e-03   1.0535476084e-08   3.1527186745e-10   1.1447530998e-02   3.0326847051e-09   8.2159988178e-02   2.9961455625e-06   2.3769960002e-10   1.7892068890e-12   1.2113330119e-04   3.2727570289e-01   3.1669093041e-02   6.1495761535e-02   4.7794537659e-09   7.2338487882e-05   3.5411303224e-11   4.8474400000e-01
   3.8400000000e-01   3.8400000000e-01   8.9504976220e+02  -2.1891366963e+06   1.7191317451e-01   2.9544853454e-01   9.8592847665e-04   9.0376184849e-09   2.4009470749e-10   1.1126637327e-02   2.2453156361e-09   8.0098791845e-02   2.8282790225e-06   1.7381896441e-10   1.2254910509e-12   1.1218486149e-04   3.4430266129e-01   3.0878023986e-02   5.9950430204e-02   4.1645020407e-09   7.0497833828e-05   3.0901995069e-11   4.7247200000e-01
   4.0000000000e-01   4.0000000000e-01   8.7383337444e+02  -2.2529919943e+06   1.6747205826e-01   2.9987562235e-01   9.6027105544e-04   7.7576079925e-09   1.8313475129e-10   1.0819328719e-02   1.6699703843e-09   7.8029436348e-02   2.6613743263e-06   1.2711942107e-10   8.4115300915e-13   1.0401766167e-04   3.6133320545e-01   3.0082568730e-02   5.8399782128e-02   3.6141272343e-09   6.8715150170e-05   2.6994588743e-11   4.6020000000e-01
   4.1600000000e-01   4.1600000000e-01   8.5322427483e+02  -2.3168393174e+06   1.6302028423e-01   3.0435722987e-01   9.3453953060e-04   6.6613102780e-09   1.3977914485e-10   1.0520058050e-02   1.2481763997e-09   7.5955242820e-02   2.4951227192e-06   9.3038993696e-11   5.7890098585e-13   9.6591979773e-05   3.7836559621e-01   2.9284425263e-02   5.6846076617e-02   3.1229245340e-09   6.6963119287e-05   2.3579823566e-11   4.4792800000e-01
   4.3200000000e-01   4.3200000000e-01   8.3319392021e+02  -2.3806799408e+06   1.5856228155e-01   3.0889659033e-01   9.0877929164e-04   5.7195573382e-09   1.0665741052e-10   1.0225489588e-02   9.3772483812e-10   7.3878210050e-02   2.3298839735e-06   6.8174482303e-11   3.9960856717e-13   8.9857624235e-05   3.9539880801e-01   2.8484646747e-02   5.5290645459e-02   2.6860842644e-09   6.5223809432e-05   2.0573649884e-11   4.3565600000e-01
   4.4800000000e-01   4.4800000000e-01   8.1371011599e+02  -2.4445149037e+06   1.5410066655e-01   3.1349919839e-01   8.8301641560e-04   4.9077354399e-09   8.1281222180e-11   9.9336553840e-03   7.0819297128e-10   7.1799518983e-02   2.1663635812e-06   5.0020385322e-11   2.7670216187e-13   8.3759079564e-05   4.1243225875e-01   2.7683875231e-02   5.3734255917e-02   2.2991902516e-09   6.3485814488e-05   1.7911133864e-11   4.2338400000e-01
   4.6400000000e-01   4.6400000000e-01   7.9473953733e+02  -2.5083450588e+06   1.4963695965e-01   3.1817213527e-01   8.5726492565e-04   4.2052834759e-09   6.1798639878e-11   9.6434126007e-03   5.3765016986e-10   6.9719856960e-02   2.0054135817e-06   3.6747137723e-11   1.9218003080e-13   7.8239051508e-05   4.2946563427e-01   2.6882496964e-02   5.2177340798e-02   1.9580946842e-09   6.1742196388e-05   1.5541802189e-11   4.1111200000e-01
   4.8000000000e-01   4.8000000000e-01   7.7624917807e+02  -2.5721711104e+06   1.4517203366e-01   3.2292365217e-01   8.3153157315e-04   3.5951808402e-09   4.6822296652e-11   9.3541049866e-03   4.1026717066e-10   6.7639619901e-02   1.8479172302e-06   2.7025035407e-11   1.3385294624e-13   7.3240799730e-05   4.4649877786e-01   2.6080742448e-02   5.0620139735e-02   1.6588461570e-09   5.9989032215e-05   1.3426230253e-11   3.9884000000e-01
   4.9600000000e-01   4.9600000000e-01   7.5820712830e+02  -2.6359936439e+06   1.4070638624e-01   3.2776293151e-01   8.0581887752e-04   3.0634645734e-09   3.5306933160e-11   9.0653575920e-03   3.1459473057e-10   6.5559034922e-02   1.6947281985e-06   1.9889863500e-11   9.3458839203e-14   6.8709587556e-05   4.6353162261e-01   2.5278749074e-02   4.9062783362e-02   1.3976561931e-09   5.8224401168e-05   1.1533573138e-11   3.8656800000e-01
   5.1200000000e-01   5.1200000000e-01   7.4058294757e+02  -2.6998131495e+06   1.3624030128e-01   3.3269996721e-01   7.8012699466e-04   2.5987900377e-09   2.6460803156e-11   8.7769554818e-03   2.4232951209e-10   6.3478232834e-02   1.5466430429e-06   1.4642825186e-11   6.5385673697e-14   6.4593516657e-05   4.8056415133e-01   2.4476599341e-02   4.7505342113e-02   1.1708931746e-09   5.6447684459e-05   9.8397527375e-12   3.7429600000e-01
   5.2800000000e-01   5.2800000000e-01   7.2334780440e+02  -2.7636300400e+06   1.3177394229e-01   3.3774552328e-01   7.5445482948e-04   2.1920337009e-09   1.9680869091e-11   8.4887737319e-03   1.8743079395e-10   6.1397290050e-02   1.4043916493e-06   1.0777142739e-11   4.5810423332e-14   6.0843955949e-05   4.9759637315e-01   2.3674343650e-02   4.5947853761e-02   9.7509363822e-10   5.4659084898e-05   8.3260628832e-12   3.6202400000e-01
   5.4400000000e-01   5.4400000000e-01   7.0647448658e+02  -2.8274446655e+06   1.2730740530e-01   3.4291114413e-01   7.2880067915e-04   1.8359283710e-09   1.4505024998e-11   8.2007378357e-03   1.4548824417e-10   5.9316252352e-02   1.2686348823e-06   7.9247228128e-12   3.2119768817e-14   5.7415721607e-05   5.1462831039e-01   2.2872013645e-02   4.4390338620e-02   8.0698147780e-10   5.2859299627e-05   6.9780089202e-12   3.4975200000e-01
   5.6000000000e-01   5.6000000000e-01   6.8993734458e+02  -2.8912573251e+06   1.2284074841e-01   3.4820920000e-01   7.0316259549e-04   1.5247192127e-09   1.0576707784e-11   7.9128016726e-03   1.1326885322e-10   5.7235148163e-02   1.1399622975e-06   5.8176117020e-12   2.2520405238e-14   5.4267119867e-05   5.3165999121e-01   2.2069629906e-02   4.2832807744e-02   6.6348696563e-10   5.1049299207e-05   5.7842541329e-12   3.3748000000e-01
   5.7600000000e-01   5.7600000000e-01   6.7371220349e+02  -2.9550682759e+06   1.1837400813e-01   3.5365295788e-01   6.7753858502e-04   1.2538323555e-09   7.6186607482e-12   7.6249353819e-03   8.8391677407e-11   5.5153995903e-02   1.0188859121e-06   4.2602183928e-12   1.5776600122e-14   5.1359926128e-05   5.4869144560e-01   2.1267206356e-02   4.1275267285e-02   5.4175991772e-10   4.9230180405e-05   4.7356044103e-12   3.2520800000e-01
   5.9200000000e-01   5.9200000000e-01   6.5777626338e+02  -3.0188777409e+06   1.1390720833e-01   3.5925667272e-01   6.5192671809e-04   1.0195556777e-09   5.4135507144e-12   7.3371187153e-03   6.9093917781e-11   5.3072808047e-02   9.0582882714e-07   3.1093204641e-12   1.1033091384e-14   4.8659342465e-05   5.6572270317e-01   2.0464752785e-02   3.9717720781e-02   4.3917437191e-10   4.7403069910e-05   3.8240236922e-12   3.1293600000e-01
   6.0800000000e-01   6.0800000000e-01   6.4210799847e+02  -3.0826859154e+06   1.0944036523e-01   3.6503569690e-01   6.2632518840e-04   8.1874104246e-10   3.7897597181e-12   7.0493373705e-03   5.4062475952e-11   5.0991593391e-02   8.0110988087e-07   2.2596739710e-12   7.6952625309e-15   4.6133950769e-05   5.8275379204e-01   1.9662276306e-02   3.8160170345e-02   3.5332510192e-10   4.5569063076e-05   3.0417283484e-12   3.0066400000e-01
   6.2400000000e-01   6.2400000000e-01   6.2668706063e+02  -3.1464929715e+06   1.0497349021e-01   3.7100660743e-01   6.0073234516e-04   6.4854529065e-10   2.6110714485e-12   6.7615809308e-03   4.2312615372e-11   4.8910358345e-02   7.0492723957e-07   1.6336518839e-12   5.3478275056e-15   4.3755660790e-05   5.9978473811e-01   1.8859782229e-02   3.6602617288e-02   2.8201842969e-10   4.3729186617e-05   2.3804452975e-12   2.8839200000e-01
   6.4000000000e-01   6.4000000000e-01   6.1149419001e+02  -3.2102990628e+06   1.0050659145e-01   3.7718735206e-01   5.7514670959e-04   5.0622995785e-10   1.7692300598e-12   6.4738416678e-03   3.3100586307e-11   4.6829107697e-02   6.1734466413e-07   1.1737772168e-12   3.6994657141e-15   4.1499641649e-05   6.1681556475e-01   1.8057274586e-02   3.5045062457e-02   2.2326066677e-10   4.1884377582e-05   1.8309233459e-12   2.7612000000e-01
   6.5600000000e-01   6.5600000000e-01   5.9651113391e+02  -3.2741043273e+06   9.6039674950e-02   3.8359741589e-01   5.4956698123e-04   3.8903493625e-10   1.1785327397e-12   6.1861138072e-03   2.5860716266e-11   4.4747845079e-02   5.3828398225e-07   8.3733575913e-13   2.5449865435e-15   3.9344221942e-05   6.3384629267e-01   1.7254756478e-02   3.3487506412e-02   1.7524708472e-10   4.0035473302e-05   1.3827557906e-12   2.6384800000e-01
   6.7200000000e-01   6.7200000000e-01   5.8172057482e+02  -3.3379088901e+06   9.1572745153e-02   3.9025801108e-01   5.2399203676e-04   2.9413014835e-10   7.7177958606e-13   5.8983930498e-03   2.0160035977e-11   4.2666573276e-02   4.6752617378e-07   5.9248210626e-13   1.7393639280e-15   3.7270746389e-05   6.5087693986e-01   1.6452230308e-02   3.1929949532e-02   1.3635299689e-10   3.8183208711e-05   1.0245146955e-12   2.5157600000e-01
   6.8800000000e-01   6.8800000000e-01   5.6710606754e+02  -3.4017128646e+06   8.7105805379e-02   3.9719229274e-01   4.9842092277e-04   2.1863566174e-10   4.9707127908e-13   5.6106762346e-03   1.5665373640e-11   4.0585294439e-02   4.0472179570e-07   4.1541690696e-13   1.1798286975e-15   3.5263383974e-05   6.6790752172e-01   1.5649697941e-02   3.0372392076e-02   1.0512699638e-10   3.6328218582e-05   7.4413476924e-13   2.3930400000e-01
   7.0400000000e-01   7.0400000000e-01   5.5265198586e+02  -3.4655163540e+06   8.2638858123e-02   4.0442560495e-01   4.7285284372e-04   1.5968953310e-10   3.1511528703e-13   5.3229610877e-03   1.2119248092e-11   3.8504010227e-02   3.4940972922e-07   2.8833164188e-13   7.9344663818e-16   3.3308891032e-05   6.8493805119e-01   1.4847160828e-02   2.8814834225e-02   8.0285255462e-11   3.4471042998e-05   5.2944038167e-13   2.2703200000e-01
   7.2000000000e-01   7.2000000000e-01   5.3834347873e+02  -3.5293194513e+06   7.8171905268e-02   4.1198576126e-01   4.4728714652e-04   1.1453764276e-10   1.9685528426e-13   5.0352460255e-03   9.3219603218e-12   3.6422721926e-02   3.0104188349e-07   1.9790305028e-13   5.2844543107e-16   3.1396340103e-05   7.0196853900e-01   1.4044620095e-02   2.7257276101e-02   6.0705377351e-11   3.2612134879e-05   3.6869669586e-13   2.1476000000e-01
   7.3600000000e-01   7.3600000000e-01   5.2416643619e+02  -3.5931222392e+06   7.3704948235e-02   4.1990336532e-01   4.2172330296e-04   8.0621628590e-11   1.2135446392e-13   4.7475299958e-03   7.1180902382e-12   3.4341430528e-02   2.5901080884e-07   1.3418164415e-13   3.4811684847e-16   2.9516829889e-05   7.1899899393e-01   1.3242076615e-02   2.5699717790e-02   4.5418557330e-11   3.0751868713e-05   2.5108460826e-13   2.0248800000e-01
   7.5200000000e-01   7.5200000000e-01   5.1010746518e+02  -3.6569247896e+06   6.9237988101e-02   4.2821217794e-01   3.9616089164e-04   5.5647849342e-11   7.3930941247e-14   4.4598123500e-03   5.3861903939e-12   3.2260136797e-02   2.2267719039e-07   8.9763890358e-14   2.2650002930e-16   2.7663192766e-05   7.3602942303e-01   1.2439531062e-02   2.4142159351e-02   3.3599467721e-11   2.8890549837e-05   1.6703728518e-13   1.9021600000e-01
   7.6800000000e-01   7.6800000000e-01   4.9615387575e+02  -3.7207271632e+06   6.4771025679e-02   4.3694953811e-01   3.7059958031e-04   3.7628967068e-11   4.4566690566e-14   4.1720927383e-03   4.0308669225e-12   3.0178841320e-02   1.9139474882e-07   5.9170075818e-14   1.4530669823e-16   2.5829714473e-05   7.5305983198e-01   1.1636983952e-02   2.2584600826e-02   2.4553985031e-11   2.7028423778e-05   1.0841799069e-13   1.7794400000e-01
   7.8400000000e-01   7.8400000000e-01   4.8229367812e+02  -3.7845294096e+06   6.0304061579e-02   4.4615684701e-01   3.4503910960e-04   2.4897439304e-11   2.6604740607e-14   3.8843710264e-03   2.9766927121e-12   2.8097544543e-02   1.6453091336e-07   3.8372908343e-14   9.1720266997e-17   2.4011876996e-05   7.7009022526e-01   1.0834435684e-02   2.1027042243e-02   1.7705386041e-11   2.5165685279e-05   6.8552473431e-14   1.6567200000e-01
   8.0000000000e-01   8.0000000000e-01   4.6851559128e+02  -3.8483315680e+06   5.5837096262e-02   4.5588012523e-01   3.1947927866e-04   1.6095395713e-11   1.5729246306e-14   3.5966472311e-03   2.1635530549e-12   2.6016246806e-02   1.4148251089e-07   2.4438062022e-14   5.6815481268e-17   2.2206131355e-05   7.8712060638e-01   1.0031886557e-02   1.9469483619e-02   1.2579865220e-11   2.3302486723e-05   4.2148935836e-14   1.5340000000e-01
   8.1600000000e-01   8.1600000000e-01   4.5480906421e+02  -3.9121336676e+06   5.1370130068e-02   4.6617065567e-01   2.9391993297e-04   1.0147778869e-11   9.2024694108e-15   3.3089214690e-03   1.5431181480e-12   2.3934948365e-02   1.2168646039e-07   1.5249075793e-14   3.4422425841e-17   2.0409703099e-05   8.0415097811e-01   9.2293368004e-03   1.7911924970e-02   8.7922045009e-12   2.1438945779e-05   2.5145059085e-14   1.4112800000e-01
   8.3200000000e-01   8.3200000000e-01   4.4116431079e+02  -3.9759357295e+06   4.6903163251e-02   4.7708572625e-01   2.6836095415e-04   6.2258387297e-12   5.3186667673e-15   3.0211939198e-03   1.0761976389e-12   2.1853649411e-02   1.0462599465e-07   9.2967104755e-15   2.0310898401e-17   1.8620430141e-05   8.2118134261e-01   8.4267865835e-03   1.6354366302e-02   6.0322524634e-12   1.9575152155e-05   1.4518550911e-14   1.2885600000e-01
   8.4800000000e-01   8.4800000000e-01   4.2757235954e+02  -4.0397377682e+06   4.2436195995e-02   4.8868948947e-01   2.4280225180e-04   3.7069656410e-12   3.0292954068e-15   2.7334647981e-03   7.3077667772e-13   1.9772350087e-02   8.9833242051e-08   5.5181381971e-15   1.1606807580e-17   1.6836630519e-05   8.3821170156e-01   7.6242360339e-03   1.4796807623e-02   4.0526394478e-12   1.7711173428e-05   8.0897769732e-15   1.1658400000e-01
   8.6400000000e-01   8.6400000000e-01   4.1402511955e+02  -4.1035397932e+06   3.7969228435e-02   5.0105395875e-01   2.1724375704e-04   2.1352190686e-12   1.6955171715e-15   2.4457343340e-03   4.8056903049e-13   1.7691050496e-02   7.6889128557e-08   3.1749556736e-15   6.3768918603e-18   1.5056996456e-05   8.5524205628e-01   6.8216852456e-03   1.3239248936e-02   2.6579370603e-12   1.5847059945e-05   4.3358699750e-15   1.0431200000e-01
   8.8000000000e-01   8.8000000000e-01   4.0051546368e+02  -4.1673418105e+06   3.3502260664e-02   5.1426016547e-01   1.9168541741e-04   1.1852947858e-12   9.3015088029e-16   2.1580027597e-03   3.0395397209e-13   1.5609750715e-02   6.5421558469e-08   1.7615283717e-15   3.3353461493e-18   1.3280510713e-05   8.7227240779e-01   6.0191342871e-03   1.1681690244e-02   1.6953002448e-12   1.3982848875e-05   2.2274884812e-15   9.2040000000e-02
   8.9600000000e-01   8.9600000000e-01   3.8703732965e+02  -4.2311438234e+06   2.9035292750e-02   5.2839950518e-01   1.6612719303e-04   6.3134672777e-13   4.9937446052e-16   1.8702702994e-03   1.8319079013e-13   1.3528450800e-02   5.5102754871e-08   9.3696552121e-16   1.6382883332e-18   1.1506381278e-05   8.8930275690e-01   5.2165832084e-03   1.0124131549e-02   1.0465170373e-12   1.2118567459e-05   1.0930575241e-15   7.9768000000e-02
   9.1200000000e-01   9.1200000000e-01   3.7358583942e+02  -4.2949458341e+06   2.4568324741e-02   5.4357530740e-01   1.4056905355e-04   3.2112331995e-13   2.6262512946e-16   1.5825371632e-03   1.0382791817e-13   1.1447150790e-02   4.5646527785e-08   4.7535054513e-16   7.4098278083e-19   9.7339907959e-06   9.0633310422e-01   4.4140320456e-03   8.5665728512e-03   6.2132931358e-13   1.0254235585e-05   5.1097282171e-16   6.7496000000e-02
   9.2800000000e-01   9.2800000000e-01   3.6015743633e+02  -4.3587478436e+06   2.0101356667e-02   5.5990467092e-01   1.1501097585e-04   1.5526242790e-13   1.3608224855e-16   1.2948035419e-03   5.4243120768e-14   9.3658507149e-03   3.6806116037e-08   2.2987027059e-16   2.9940061088e-19   7.9628576501e-06   9.2336345026e-01   3.6114808244e-03   7.0090141523e-03   3.5186408896e-13   8.3898677757e-06   2.2758280975e-16   5.5224000000e-02
   9.4400000000e-01   9.4400000000e-01   3.4675003803e+02  -4.4225498525e+06   1.5634388552e-02   5.7752061615e-01   8.9452942301e-05   7.1233555751e-14   7.0371561371e-17   1.0070696025e-03   2.5267142642e-14   7.2845505942e-03   2.8373129414e-08   1.0730049978e-16   1.0271437770e-19   6.1926061351e-06   9.4039379539e-01   2.8089295634e-03   5.4514554525e-03   1.8800526786e-13   6.5254747043e-06   9.7342192357e-17   4.2952000000e-02
   9.6000000000e-01   9.6000000000e-01   3.3336320227e+02  -4.4863518610e+06   1.1167420410e-02   5.9657461873e-01   6.3894939294e-05   3.1220776097e-14   3.6764143987e-17   7.1933548413e-04   9.8563108424e-15   5.2032504432e-03   2.0178001636e-08   5.0005125879e-17   2.7134255231e-20   4.4229436339e-06   9.5742413992e-01   2.0063782759e-03   3.8938967521e-03   9.3463967826e-14   4.6610643317e-06   4.0946370735e-17   3.0680000000e-02
   9.7600000000e-01   9.7600000000e-01   3.1999830010e+02  -4.5501538694e+06   6.7004522521e-03   6.1723960574e-01   3.8336956157e-05   1.3121812539e-14   1.8552210842e-17   4.3160129255e-04   2.7891396947e-15   3.1219502730e-03   1.2092243578e-08   2.3347549986e-17   4.3736639940e-21   2.6536431389e-06   9.7445448408e-01   1.2038269716e-03   2.3363380514e-03   4.1970107074e-14   2.7966427676e-06   1.7230503346e-17   1.8408000000e-02
   9.9200000000e-01   9.9200000000e-01   3.0665868885e+02  -4.6139558777e+06   2.2334840850e-03   6.3971351882e-01   1.2778984187e-05   3.9368400961e-15   5.9615245448e-18   1.4386709375e-04   3.4750192420e-16   1.0406500921e-03   4.0326430091e-09   7.3839232811e-18   1.7285803715e-22   8.8452977478e-07   9.9148482804e-01   4.0127565818e-04   7.7877935048e-04   1.2636599581e-14   9.3221492941e-07   5.2388167930e-18   6.1360000000e-03
   1.0000000000e+00   1.0000000000e+00   3.0000000000e+02  -4.6458568819e+06   0.0000000000e+00   6.5169855213e-01   0.0000000000e+00   0.0000000000e+00   0.0000000000e+00   0.0000000000e+00   0.0000000000e+00   0.0000000000e+00   0.0000000000e+00   0.0000000000e+00   0.0000000000e+00   0.0000000000e+00   1.0000000000e+00   0.0000000000e+00   0.0000000000e+00   0.0000000000e+00   0.0000000000e+00   0.0000000000e+00   0.0000000000e+00