# L (m)  = 1
# P (Pa) = 101325
#             001_x           002_mixf              003_T              004_h             005_pv        006_density             007_H2              008_H              009_O             010_O2             011_OH            012_H2O            013_HO2            014_CH2         015_CH2(S)            016_CH3            017_CH4             018_CO            019_CO2            020_HCO           021_CH2O          022_CH2OH             023_N2
                  0   0.0000000000e+00   3.0000000000e+02   1.9075768848e+03   0.0000000000e+00   1.1719839921e+00   0.0000000000e+00   0.0000000000e+00   0.0000000000e+00   2.3300000000e-01   0.0000000000e+00   0.0000000000e+00   0.0000000000e+00   0.0000000000e+00   0.0000000000e+00   0.0000000000e+00   0.0000000000e+00   0.0000000000e+00   0.0000000000e+00   0.0000000000e+00   0.0000000000e+00   0.0000000000e+00   7.6700000000e-01
   2.0000000000e-03   2.0000000000e-03   3.5873517321e+02  -4.7355487343e+04   9.9586912695e-03   9.7851737736e-01   1.5132147623e-07   5.8698330614e-13   3.2858056220e-08   2.2457498038e-01   1.0844579823e-07   4.4902172616e-03   1.8668790505e-07   1.3283795783e-17   8.1021467118e-19   2.6059068410e-12   3.2536465526e-10   3.1612532523e-05   5.4367101539e-03   4.8496166686e-17   2.7121863294e-11   3.7877175381e-21   7.6546600000e-01
   6.0000000000e-03   6.0000000000e-03   4.7350648102e+02  -1.4587905859e+05   2.9876059524e-02   7.3895685808e-01   4.5396824667e-07   7.7153213634e-12   1.0788469204e-07   2.0772492220e-01   3.4688822042e-07   1.3470639638e-02   5.6242499094e-07   9.9548446466e-17   7.1934563592e-18   8.0821738216e-12   9.7609897046e-10   9.4841345533e-05   1.6310124572e-02   5.7877554537e-16   8.1445388352e-11   1.2528069285e-19   7.6239800000e-01
   1.0000000000e-02   1.0000000000e-02   5.8424661566e+02  -2.4439041439e+05   4.9793329695e-02   5.9697446755e-01   7.5675043247e-07   4.3792986759e-11   2.1893341032e-07   1.9087476442e-01   7.0314970543e-07   2.2450986184e-02   9.8197633523e-07   3.3660581984e-16   2.5656353024e-17   1.5327686163e-11   1.6271246545e-09   1.5810934116e-04   2.7183477420e-02   2.7281389197e-15   1.3673959352e-10   1.0552400229e-18   7.5933000000e-01
   1.4000000000e-02   1.4000000000e-02   6.9064465147e+02  -3.4286473649e+05   6.9710317240e-02   5.0339465436e-01   1.0605503547e-06   2.0163916942e-10   4.0844782676e-07   1.7402440038e-01   1.3756361536e-06   3.1431129378e-02   1.4955912911e-06   1.1020702430e-15   8.3427918251e-17   2.6904619722e-11   2.2804181036e-09   2.2151786393e-04   3.8056609449e-02   1.1312687153e-14   1.9529283840e-10   6.4711987373e-18   7.5626200000e-01
   1.8000000000e-02   1.8000000000e-02   7.9267511060e+02  -4.4123787183e+05   8.9626577620e-02   4.3720330868e-01   1.3691457864e-06   8.4367187908e-10   7.6974551536e-07   1.5717367255e-01   2.8428544471e-06   4.0410770609e-02   2.1331379428e-06   3.9803672651e-15   2.8890603839e-16   4.6931250638e-11   2.9444321199e-09   2.8532893826e-04   4.8929108927e-02   4.7322305729e-14   2.6177625284e-10   3.7164712795e-17   7.5319400000e-01
   2.2000000000e-02   2.2000000000e-02   8.9058738071e+02  -5.3938135725e+05   1.0954094793e-01   3.8790118678e-01   1.6965975776e-06   3.2845085401e-09   1.5291159123e-06   1.4032233065e-01   6.3216716651e-06   4.9389136453e-02   2.8632657938e-06   1.6069565775e-14   1.0936107113e-15   8.2154920326e-11   3.6507579684e-09   3.5024884467e-04   5.9799866034e-02   2.0066963848e-13   3.4639777142e-10   2.1545493433e-16   7.5012600000e-01
   2.6000000000e-02   2.6000000000e-02   9.8485503393e+02  -6.3707509835e+05   1.2945031316e-01   3.4966043673e-01   2.0926402030e-06   1.1935567035e-08   3.2208496686e-06   1.2347010016e-01   1.4767591663e-05   5.8364206031e-02   3.5811701233e-06   7.0480814599e-14   4.4303514842e-15   1.4477251949e-10   4.5139243646e-09   4.1827950760e-04   7.0665734979e-02   8.3668385270e-13   4.7532486114e-10   1.2708131314e-15   7.4705800000e-01
   3.0000000000e-02   3.0000000000e-02   1.0761096233e+03  -7.3394318181e+05   1.4934660105e-01   3.1899372313e-01   2.7237023798e-06   4.1097512007e-08   7.0131725016e-06   1.0661760298e-01   3.4501797902e-05   6.7331030095e-02   4.2329485895e-06   3.3026652399e-13   1.8978676963e-14   2.6623981869e-10   5.9495546660e-09   4.9517747928e-04   8.1517669778e-02   3.3930788158e-12   7.2848718939e-10   7.6731610697e-15   7.4399000000e-01
   3.4000000000e-02   3.4000000000e-02   1.1648610606e+03  -8.2933383857e+05   1.6921008532e-01   2.9374781992e-01   4.1008188952e-06   1.3803214697e-07   1.5359889438e-05   8.9770493543e-02   7.6976095843e-05   7.6278518566e-02   4.9355902932e-06   1.7627458633e-12   9.1979024493e-14   5.7119350223e-10   9.5255054852e-09   5.9694819269e-04   9.2330517746e-02   1.4038755255e-11   1.4130458618e-09   5.1253330530e-14   7.4092200000e-01
   3.8000000000e-02   3.8000000000e-02   1.2514174805e+03  -9.2214265215e+05   1.8899403423e-01   2.7253793306e-01   7.6736258409e-06   4.6648958971e-07   3.3257494755e-05   7.2951910678e-02   1.6046552628e-04   8.5182516950e-02   5.8375602935e-06   1.2523649539e-11   5.9155451868e-13   1.7076248785e-09   2.2152402847e-08   7.6561569595e-04   1.0303822796e-01   6.7533399670e-11   4.0825333687e-09   4.4595551715e-13   7.3785400000e-01
   4.2000000000e-02   4.2000000000e-02   1.3356301668e+03  -1.0106021730e+06   2.0858697522e-01   2.5447539970e-01   1.7446046679e-05   1.5980610261e-06   6.9559756334e-05   5.6238327908e-02   3.1059132381e-04   9.3988487541e-02   6.8330321439e-06   1.3743535135e-10   5.8874101222e-12   8.3091931524e-09   8.5961657449e-08   1.1076116577e-03   1.1347342997e-01   4.5505781228e-10   1.9824121412e-08   5.8818915599e-12   7.3478600000e-01
   4.6000000000e-02   4.6000000000e-02   1.4159128067e+03  -1.0921339385e+06   2.2772310120e-01   2.3911648811e-01   4.4155039313e-05   5.3077281934e-06   1.3257337081e-04   3.9866865483e-02   5.4600357486e-04   1.0257386021e-01   7.3057265862e-06   2.5005693302e-09   9.7903205936e-11   7.2353015866e-08   5.9482755035e-07   1.8900167117e-03   1.2321506924e-01   4.9942957622e-09   1.6801263196e-07   1.2543884944e-10   7.3171800000e-01
   5.0000000000e-02   5.0000000000e-02   1.4876044671e+03  -1.1634503587e+06   2.4580310557e-01   2.2649673800e-01   1.1288904716e-04   1.5163146172e-05   1.9993652036e-04   2.4505891335e-02   8.0850680111e-04   1.1069763505e-01   6.4198213531e-06   7.1600926637e-08   2.5938691584e-09   1.1607060029e-06   7.3432899766e-06   3.7459296033e-03   1.3124665187e-01   8.4611727823e-08   2.3100167265e-06   3.9841606272e-09   7.2865000000e-01
   5.4000000000e-02   5.4000000000e-02   1.5416155522e+03  -1.2211401373e+06   2.6130876216e-01   2.1720475866e-01   2.6799182687e-04   2.6521954314e-05   1.3921896359e-04   1.1986938692e-02   7.3939843867e-04   1.1785014097e-01   4.7120546982e-06   2.1017323129e-06   6.9376978901e-08   2.9334465213e-05   1.4384230877e-04   7.7031346655e-03   1.3548749470e-01   1.1823729951e-06   3.5803288528e-05   1.1418945297e-07   7.2558200000e-01
   5.8000000000e-02   5.8000000000e-02   1.5371650104e+03  -1.2629120454e+06   2.6510580425e-01   2.1694343519e-01   3.7924661889e-04   2.2583303036e-06   2.7326988852e-06   9.1155493157e-03   4.3268240010e-05   1.1996858546e-01   5.2974373244e-06   1.7621918073e-06   5.0891925748e-08   3.2072139341e-04   2.7613848719e-03   9.8761941194e-03   1.3488177805e-01   3.9249955653e-07   1.2669052559e-04   8.7351812660e-08   7.2251400000e-01
   6.2000000000e-02   6.2000000000e-02   1.5217729518e+03  -1.2893540538e+06   2.6534036149e-01   2.1840979934e-01   3.9606755863e-04   4.5362848903e-07   3.3192750412e-07   8.1464181881e-03   8.1185754749e-06   1.2011276165e-01   2.9565087306e-06   2.9663677539e-07   8.1315920263e-09   2.6223385609e-04   6.7038556189e-03   1.0429767372e-02   1.3440176491e-01   6.6470750390e-08   8.8884431012e-05   1.4535844256e-08   7.1944600000e-01
   6.6000000000e-02   6.6000000000e-02   1.5111200823e+03  -1.3047907053e+06   2.6506802166e-01   2.1924758756e-01   4.0424179030e-04   2.3182292665e-07   1.2939135143e-07   7.5002599361e-03   3.9547015089e-06   1.2000866500e-01   1.8870144890e-06   1.3046199646e-07   3.4762196399e-09   2.2550453305e-04   1.0755088789e-02   1.0738646235e-02   1.3391646863e-01   2.9344528125e-08   6.6752509628e-05   6.3594782528e-09   7.1637800000e-01
   7.0000000000e-02   7.0000000000e-02   1.5061901023e+03  -1.3101484873e+06   2.6458119532e-01   2.1927654223e-01   4.1015605040e-04   1.5454002277e-07   6.8629805157e-08   7.0013567260e-03   2.5472808199e-06   1.1980235528e-01   1.3482018038e-06   8.0317517065e-08   2.1011999039e-09   2.0731113204e-04   1.4842199342e-02   1.0948762597e-02   1.3341992140e-01   1.7714994303e-08   5.3714813136e-05   3.8771866098e-09   7.1331000000e-01
   7.4000000000e-02   7.4000000000e-02   1.5033042440e+03  -1.3114690239e+06   2.6396383195e-01   2.1901849541e-01   4.1486462512e-04   1.1594177194e-07   4.2022975501e-08   6.5942737236e-03   1.8600931803e-06   1.1953309751e-01   1.0427318048e-06   5.7671910719e-08   1.4885743389e-09   1.9731409584e-04   1.8953908691e-02   1.1102312848e-02   1.3291355697e-01   1.2474278979e-08   4.5536355940e-05   2.7542163404e-09   7.1024200000e-01
   7.8000000000e-02   7.8000000000e-02   1.4988659644e+03  -1.3144928727e+06   2.6325405234e-01   2.1899516377e-01   4.1868245926e-04   9.2670371003e-08   2.7992049456e-08   6.2531159295e-03   1.4426028044e-06   1.1921896877e-01   8.5907134922e-07   4.4657036235e-08   1.1353845608e-09   1.9070808861e-04   2.3085552158e-02   1.1217352950e-02   1.3239904816e-01   9.5923461467e-09   4.0091646236e-05   2.1143134728e-09   7.0717400000e-01
   8.2000000000e-02   8.2000000000e-02   1.4925893965e+03  -1.3199389760e+06   2.6247363348e-01   2.1924946193e-01   4.2174591281e-04   7.6786832462e-08   1.9681313313e-08   5.9627738099e-03   1.1551776606e-06   1.1887052420e-01   7.4074000074e-07   3.5909031489e-08   8.9711807405e-10   1.8521725928e-04   2.7234085052e-02   1.1303691610e-02   1.3187767175e-01   7.7700362826e-09   3.6251749228e-05   1.6895919041e-09   7.0410600000e-01
   8.6000000000e-02   8.6000000000e-02   1.4848133248e+03  -1.3274960997e+06   2.6163688313e-01   2.1973494522e-01   4.2414064974e-04   6.4987509289e-08   1.4354718637e-08   5.7131542262e-03   9.4177661662e-07   1.1849481865e-01   6.5892459630e-07   2.9402051239e-08   7.2029329201e-10   1.7975905872e-04   3.1397088176e-02   1.1367549092e-02   1.3135037473e-01   6.4940606696e-09   3.3397371767e-05   1.3777861210e-09   7.0103800000e-01
   9.0000000000e-02   9.0000000000e-02   1.4759100515e+03  -1.3367364351e+06   2.6075409115e-01   2.2040053106e-01   4.2593883711e-04   5.5708772820e-08   1.0746002680e-08   5.4969128789e-03   7.7583461020e-07   1.1809697037e-01   5.9870213928e-07   2.4257611194e-08   5.8177844172e-10   1.7386519254e-04   3.5572478076e-02   1.1413302882e-02   1.3081787906e-01   5.5332347990e-09   3.1180207586e-05   1.1341068351e-09   6.9797000000e-01
   9.4000000000e-02   9.4000000000e-02   1.4661865895e+03  -1.3472868744e+06   2.5983310415e-01   2.2120419252e-01   4.2720929857e-04   4.8136040547e-08   8.2015552654e-09   5.3084083737e-03   6.4312775780e-07   1.1768088703e-01   5.5203556381e-07   2.0054214210e-08   4.7027888525e-10   1.6739756206e-04   3.9758413031e-02   1.1444248978e-02   1.3028075884e-01   4.7730424856e-09   2.9399151734e-05   9.3682025876e-10   6.9490200000e-01
   9.8000000000e-02   9.8000000000e-02   1.4558806356e+03  -1.3588498828e+06   2.5888013148e-01   2.2211333724e-01   4.2801869653e-04   4.1808086522e-08   6.3540009509e-09   5.1431583267e-03   5.3520821287e-07   1.1724964860e-01   5.1438315525e-07   1.6567201256e-08   3.7952035259e-10   1.6039224242e-04   4.3953264096e-02   1.1462972966e-02   1.2973949122e-01   4.1519675288e-09   2.7934226505e-05   7.7424603260e-10   6.9183400000e-01
   1.0200000000e-01   1.0200000000e-01   1.4451731168e+03  -1.3711940323e+06   2.5790020078e-01   2.2310299528e-01   4.2843014374e-04   3.6441964406e-08   4.9823609640e-09   4.9975258373e-03   4.4657564115e-07   1.1680573154e-01   4.8304862466e-07   1.3660279235e-08   3.0547777781e-10   1.5296872941e-04   4.8155604625e-02   1.1471550704e-02   1.2919448839e-01   3.6342076816e-09   2.6710745539e-05   6.3931750518e-10   6.8876600000e-01
   1.0600000000e-01   1.0600000000e-01   1.4342013130e+03  -1.3841403270e+06   2.5689744046e-01   2.2415400276e-01   4.2850160744e-04   3.1849952100e-08   3.9463294970e-09   4.8685211791e-03   3.7336026003e-07   1.1635115256e-01   4.5635260990e-07   1.1238281082e-08   2.4520539527e-10   1.4527681130e-04   5.2364201132e-02   1.1471669334e-02   1.2864611696e-01   3.1971229420e-09   2.5679700418e-05   5.2718577394e-10   6.8569800000e-01
   1.1000000000e-01   1.1000000000e-01   1.4230695068e+03  -1.3975501800e+06   2.5587527043e-01   2.2525156186e-01   4.2828485840e-04   2.7898163194e-08   3.1529114916e-09   4.7536659114e-03   3.1267185303e-07   1.1588756797e-01   4.3320025464e-07   9.2265759395e-09   1.9634342627e-10   1.3746650722e-04   5.6578000581e-02   1.1464708485e-02   1.2809470911e-01   2.8251885261e-09   2.4806963874e-05   4.3414761420e-10   6.8263000000e-01
   1.1400000000e-01   1.1400000000e-01   1.4118570584e+03  -1.4113159635e+06   2.5483653992e-01   2.2638416780e-01   4.2782506796e-04   2.4485118085e-08   2.5383346078e-09   4.6508936717e-03   2.6225930285e-07   1.1541634627e-01   4.1284665500e-07   7.5623665744e-09   1.5691361552e-10   1.2967236262e-04   6.0796114022e-02   1.1451799765e-02   1.2754056881e-01   2.5069838623e-09   2.4067315633e-05   3.5716862391e-10   6.7956200000e-01
   1.1800000000e-01   1.1800000000e-01   1.4006244058e+03  -1.4253538382e+06   2.5378363243e-01   2.2754282183e-01   4.2716092534e-04   2.1530252115e-08   2.0576678008e-09   4.5584743623e-03   2.2032102184e-07   1.1493862342e-01   3.9476489766e-07   6.1911842402e-09   1.2523351075e-10   1.2200655611e-04   6.5017798025e-02   1.1433873029e-02   1.2698397505e-01   2.2336467950e-09   2.3441113104e-05   2.9367294074e-10   6.7649400000e-01
   1.2200000000e-01   1.2200000000e-01   1.3894175191e+03  -1.4395983566e+06   2.5271854841e-01   2.2872045316e-01   4.2632509743e-04   1.8967506663e-08   1.6785630012e-09   4.4749544216e-03   1.8539141296e-07   1.1445534602e-01   3.7856918137e-07   5.0655049334e-09   9.9875216106e-11   1.1455722272e-04   6.9242435524e-02   1.1411693570e-02   1.2642518372e-01   1.9980486177e-09   2.2912413199e-05   2.4144788074e-10   6.7342600000e-01
   1.2600000000e-01   1.2600000000e-01   1.3782712272e+03  -1.4539983870e+06   2.5164297171e-01   2.2991149001e-01   4.2534487372e-04   1.6741575285e-08   1.3773204753e-09   4.3991088566e-03   1.5626719757e-07   1.1396730573e-01   3.6396848044e-07   4.1441108091e-09   7.9637935927e-11   1.0738967808e-04   7.3469517297e-02   1.1385892468e-02   1.2586442864e-01   1.7943282388e-09   2.2467890003e-05   1.9859439112e-10   6.7035800000e-01
   1.3000000000e-01   1.3000000000e-01   1.3672117275e+03  -1.4685140086e+06   2.5055832369e-01   2.3111153728e-01   4.2424287961e-04   1.4805564581e-08   1.1363255504e-09   4.3299022691e-03   1.3195575170e-07   1.1347516682e-01   3.5073765913e-07   3.3916275609e-09   6.3523198663e-11   1.0054908284e-04   7.7698624899e-02   1.1356991443e-02   1.2530192254e-01   1.6176078552e-09   2.2096188891e-05   1.6349336545e-10   6.6729000000e-01
   1.3400000000e-01   1.3400000000e-01   1.3562585000e+03  -1.4831141223e+06   2.4946580758e-01   2.3231713072e-01   4.2303778169e-04   1.3119427625e-08   9.4232817275e-10   4.2664569701e-03   1.1163644566e-07   1.1297948858e-01   3.3869884944e-07   2.7780411149e-09   5.0709930318e-11   9.4063655305e-05   8.1929415452e-02   1.1325423187e-02   1.2473785803e-01   1.4638027985e-09   2.1787520643e-05   1.3477616467e-10   6.6422200000e-01
   1.3800000000e-01   1.3800000000e-01   1.3454257813e+03  -1.4977745921e+06   2.4836644493e-01   2.3352554696e-01   4.2174494056e-04   1.1648834536e-08   7.8525905660e-10   4.2080267796e-03   9.4630320519e-08   1.1248074345e-01   3.2770904009e-07   2.2781567997e-09   4.0529602064e-11   8.7947914091e-05   8.6161608456e-02   1.1291547933e-02   1.2417240861e-01   1.3294827502e-09   2.1533388658e-05   1.1129581696e-10   6.6115400000e-01
   1.4200000000e-01   1.4200000000e-01   1.3347237098e+03  -1.5124767880e+06   2.4726110569e-01   2.3473465485e-01   4.2037698910e-04   1.0364303678e-08   6.5739798468e-10   4.1539754404e-03   8.0375580010e-08   1.1197933185e-01   3.1765153517e-07   1.8710225030e-09   3.2442450914e-11   8.2205671782e-05   9.0394974550e-02   1.1255666909e-02   1.2360572994e-01   1.2117633704e-09   2.1326391546e-05   9.2098619440e-11   6.5808600000e-01
   1.4600000000e-01   1.4600000000e-01   1.3241592234e+03  -1.5272064329e+06   2.4615053301e-01   2.3594279781e-01   4.1894432962e-04   9.2404996020e-09   5.5277927789e-10   4.1037587956e-03   6.8407444907e-08   1.1147559434e-01   3.0842989592e-07   1.5393502655e-09   2.6015666671e-11   7.6832650792e-05   9.4629326093e-02   1.1218033229e-02   1.2303796111e-01   1.1082179681e-09   2.1160070100e-05   7.6396876256e-11   6.5501800000e-01
   1.5000000000e-01   1.5000000000e-01   1.3137367646e+03  -1.5419526871e+06   2.4503536373e-01   2.3714870011e-01   4.1745555182e-04   8.2556468266e-09   4.6676054732e-10   4.0569100475e-03   5.8341457061e-08   1.1096982149e-01   2.9996352490e-07   1.2689658472e-09   2.0904085131e-11   7.1818682161e-05   9.8864509361e-02   1.1178860678e-02   1.2246922601e-01   1.0168038589e-09   2.1028782165e-05   6.3543581309e-11   6.5195000000e-01
   1.5400000000e-01   1.5400000000e-01   1.3034588381e+03  -1.5567074175e+06   2.4391614534e-01   2.3835139159e-01   4.1591777845e-04   7.3910307452e-09   3.9570597586e-10   4.0130275440e-03   4.9859601553e-08   1.1046226210e-01   2.9218436946e-07   1.0483058917e-09   1.6833583259e-11   6.7149499175e-05   1.0310039814e-01   1.1138330801e-02   1.2189963466e-01   9.3580039380e-10   2.0927596580e-05   5.3009607308e-11   6.4888200000e-01
   1.5800000000e-01   1.5800000000e-01   1.2933264524e+03  -1.5714646144e+06   2.4279335003e-01   2.3955014702e-01   4.1433694777e-04   6.6305684351e-09   3.3675121621e-10   3.9717646413e-03   4.2698770822e-08   1.0995312988e-01   2.8503441003e-07   8.6797279886e-10   1.3587118385e-11   6.2808163905e-05   1.0733688847e-01   1.1096598606e-02   1.2132928460e-01   8.6375670829e-10   2.0852201450e-05   4.4363665693e-11   6.4581400000e-01
   1.6200000000e-01   1.6200000000e-01   1.2833394691e+03  -1.5862199245e+06   2.4166738635e-01   2.4074443707e-01   4.1271804209e-04   5.9604380372e-09   2.8762724399e-10   3.9328212725e-03   3.6641188941e-08   1.0944260903e-01   2.7846371260e-07   7.2035012630e-10   1.0993197543e-11   5.8776175858e-05   1.1157389446e-01   1.1053797178e-02   1.2075826210e-01   7.9944773966e-10   2.0798824051e-05   3.7255057214e-11   6.4274600000e-01
   1.6600000000e-01   1.6600000000e-01   1.2734968796e+03  -1.6009702790e+06   2.4053860889e-01   2.4193388865e-01   4.1106527154e-04   5.3687584682e-09   2.4652729591e-10   3.8959369207e-03   3.1506478661e-08   1.0893085883e-01   2.7242889309e-07   5.9927646618e-10   8.9164857354e-12   5.5034314088e-05   1.1581134479e-01   1.1010041389e-02   1.2018664340e-01   7.4183731459e-10   2.0764160683e-05   3.1399065186e-11   6.3967800000e-01
   1.7000000000e-01   1.7000000000e-01   1.2637970240e+03  -1.6157135954e+06   2.3940732635e-01   2.4311825273e-01   4.0938222105e-04   4.8453129137e-09   2.1200561592e-10   3.8608847492e-03   2.7145102894e-08   1.0841801741e-01   2.6689188151e-07   4.9977291001e-10   7.2502389459e-12   5.1563261297e-05   1.2004918000e-01   1.0965430914e-02   1.1961449581e-01   6.9004726718e-10   2.0745315325e-05   2.6564745836e-11   6.3661000000e-01
   1.7400000000e-01   1.7400000000e-01   1.2542377642e+03  -1.6304485414e+06   2.3827380834e-01   2.4429737826e-01   4.0767196754e-04   4.3813105569e-09   1.8289989412e-10   3.8274666873e-03   2.3432952657e-08   1.0790420499e-01   2.6181889281e-07   4.1781785998e-10   5.9102583623e-12   4.8344053260e-05   1.2428735027e-01   1.0920052678e-02   1.1904187871e-01   6.4333167177e-10   2.0739746115e-05   2.2564826146e-11   6.3354200000e-01
   1.7800000000e-01   1.7800000000e-01   1.2448166205e+03  -1.6451743453e+06   2.3713829096e-01   2.4547119094e-01   4.0593717308e-04   3.9691816896e-09   1.5827149341e-10   3.7955093043e-03   2.0266888014e-08   1.0738952644e-01   2.5717951202e-07   3.5016258550e-10   4.8300908711e-12   4.5358390818e-05   1.2852581358e-01   1.0873982845e-02   1.1846884450e-01   6.0105538651e-10   2.0745218858e-05   1.9247411929e-11   6.3047400000e-01
   1.8200000000e-01   1.8200000000e-01   1.2355308802e+03  -1.6598906442e+06   2.3600098157e-01   2.4663967571e-01   4.0418015905e-04   3.6024018905e-09   1.3735912623e-10   3.7648603376e-03   1.7561068577e-08   1.0687407357e-01   2.5294578041e-07   2.9418116605e-10   3.9572371785e-12   4.2588845573e-05   1.3276453436e-01   1.0827288450e-02   1.1789543938e-01   5.6267620893e-10   2.0759766774e-05   1.6489223611e-11   6.2740600000e-01
   1.8600000000e-01   1.8600000000e-01   1.2263776838e+03  -1.6745973609e+06   2.3486206281e-01   2.4780286236e-01   4.0240296504e-04   3.2753414252e-09   1.1954276684e-10   3.7353857634e-03   1.5243936181e-08   1.0635792697e-01   2.4909111926e-07   2.4774902939e-10   3.2501664330e-12   4.0018984750e-05   1.3700348227e-01   1.0780028745e-02   1.1732170413e-01   5.2773004319e-10   2.0781655779e-05   1.4190103852e-11   6.2433800000e-01
   1.9000000000e-01   1.9000000000e-01   1.2173540958e+03  -1.6892946014e+06   2.3372169594e-01   2.4896081307e-01   4.0060739576e-04   2.9831364507e-09   1.0431539920e-10   3.7069673174e-03   1.3255734897e-08   1.0584115753e-01   2.4558883290e-07   2.0914500457e-10   2.6759714502e-12   3.7633435722e-05   1.4124263130e-01   1.0732256301e-02   1.1674767471e-01   4.9581856919e-10   2.0809354628e-05   1.2268572869e-11   6.2127000000e-01
   1.9400000000e-01   1.9400000000e-01   1.2084571625e+03  -1.7039825663e+06   2.3258002374e-01   2.5011361162e-01   3.9879505854e-04   2.7215790364e-09   9.1260798664e-11   3.6795003929e-03   1.1546472902e-08   1.0532382783e-01   2.4240977102e-07   1.7697256371e-10   2.2085299416e-12   3.5417906460e-05   1.4548195903e-01   1.0684017931e-02   1.1617338292e-01   4.6659898755e-10   2.0841509295e-05   1.0658241878e-11   6.1820200000e-01
   1.9800000000e-01   1.9800000000e-01   1.1996839634e+03  -1.7186614701e+06   2.3143717287e-01   2.5126135321e-01   3.9696739328e-04   2.4870400407e-09   8.0037347785e-11   3.6528922524e-03   1.0074307345e-08   1.0480599319e-01   2.3951846478e-07   1.5010237583e-10   1.8270993349e-12   3.3359174275e-05   1.4972144603e-01   1.0635355452e-02   1.1559885683e-01   4.3977647488e-10   2.0876921026e-05   9.3054085177e-12   6.1513400000e-01
   2.0800000000e-01   2.0800000000e-01   1.1782741916e+03  -1.7553364475e+06   2.2857738038e-01   2.5410906235e-01   3.9236310860e-04   1.9820628672e-09   5.7727866901e-11   3.5883128871e-03   7.1513961304e-09   1.0351026665e-01   2.3288749035e-07   9.8710203363e-11   1.1292463351e-12   2.8573314964e-05   1.6032051991e-01   1.0512732651e-02   1.1416201797e-01   3.7821241295e-10   2.0970937416e-05   6.6820714315e-12   6.0746400000e-01
   2.2400000000e-01   2.2400000000e-01   1.1454637264e+03  -1.8139202734e+06   2.2398847210e-01   2.5860994512e-01   3.8481545366e-04   1.4193032817e-09   3.5539201884e-11   3.4946192961e-03   4.2559585340e-09   1.0143146419e-01   2.2663869376e-07   5.2981926100e-11   5.4911796766e-13   2.2763345472e-05   1.7728078743e-01   1.0311647512e-02   1.1186054494e-01   3.0514653193e-10   2.1125116657e-05   4.2829545815e-12   5.9519200000e-01
   2.4000000000e-01   2.4000000000e-01   1.1142892786e+03  -1.8724328419e+06   2.1939048719e-01   2.6305008372e-01   3.7713934691e-04   1.0349155878e-09   2.2460219520e-11   3.4075287435e-03   2.5787254911e-09   9.9348809753e-02   2.2351696873e-07   2.9169835669e-11   2.7404651909e-13   1.8298159061e-05   1.9424221252e-01   1.0107119062e-02   1.0955741902e-01   2.4937612350e-10   2.1245960753e-05   2.9589173311e-12   5.8292000000e-01
   2.5600000000e-01   2.5600000000e-01   1.0845964528e+03  -1.9308978782e+06   2.1478618834e-01   2.6744012803e-01   3.6937218359e-04   7.6633893724e-10   1.4507037663e-11   3.3250381823e-03   1.5861516494e-09   9.7263479190e-02   2.2272173077e-07   1.6408992964e-11   1.3980293394e-13   1.4823928666e-05   2.1120441216e-01   9.9001422282e-03   1.0725319473e-01   2.0571969971e-10   2.1312077354e-05   2.1774495677e-12   5.7064800000e-01
   2.7200000000e-01   2.7200000000e-01   1.0562490875e+03  -1.9893324943e+06   2.1017744835e-01   2.7179040360e-01   3.6154097023e-04   5.7495213796e-10   9.5420848595e-12   3.2457934221e-03   9.8798148810e-10   9.5176264269e-02   2.2359118347e-07   9.3991206716e-12   7.2647488232e-14   1.2090235908e-05   2.2816712996e-01   9.6914141319e-03   1.0494822898e-01   1.7086820669e-10   2.1312687358e-05   1.6793610717e-12   5.5837600000e-01
   2.8800000000e-01   2.8800000000e-01   1.0291273384e+03  -2.0477480736e+06   2.0556555841e-01   2.7611076642e-01   3.5366523063e-04   4.3623433728e-10   6.3730365056e-12   3.1688619077e-03   6.2191871167e-10   9.3087708586e-02   2.2555681268e-07   5.4663153831e-12   3.8340159769e-14   9.9178693495e-06   2.4513019073e-01   9.4814287516e-03   1.0264275584e-01   1.4262141993e-10   2.1244313127e-05   1.3359990838e-12   5.4610400000e-01
   3.0400000000e-01   3.0400000000e-01   1.0031253514e+03  -2.1061518756e+06   2.0095142044e-01   2.8041064867e-01   3.4575901263e-04   3.3420762472e-10   4.3118634845e-12   3.0935917864e-03   3.9497871282e-10   9.0998191234e-02   2.2812696391e-07   3.2200301327e-12   2.0499879111e-14   8.1767521470e-06   2.6209347363e-01   9.2705385589e-03   1.0033693164e-01   1.1946007717e-10   2.1108400354e-05   1.0824749639e-12   5.3383200000e-01
   3.2000000000e-01   3.2000000000e-01   9.7813817334e+02  -2.1645484060e+06   1.9633567084e-01   2.8470234752e-01   3.3783234511e-04   2.5821407392e-10   2.9495975471e-12   3.0195219347e-03   2.5272291848e-10   8.8907979911e-02   2.3087812151e-07   1.9173745958e-12   1.1081663349e-14   6.7710564112e-06   2.7905689515e-01   9.0589961114e-03   9.8030862468e-02   1.0029967589e-10   2.0909525742e-05   8.8545484848e-13   5.2156000000e-01
   3.3600000000e-01   3.3600000000e-01   9.5406992838e+02  -2.2229404153e+06   1.9171876214e-01   2.8899875702e-01   3.2989232042e-04   2.0099018603e-10   2.0368388827e-12   2.9463230244e-03   1.6271530671e-10   8.6817265549e-02   2.3343611647e-07   1.1521747879e-12   6.0459984355e-15   5.6291684133e-06   2.9602039774e-01   8.8469828451e-03   9.5724621423e-02   8.4340848047e-11   2.0654037485e-05   7.2723507484e-13   5.0928800000e-01
   3.5200000000e-01   3.5200000000e-01   9.3085297499e+02  -2.2813295717e+06   1.8710101805e-01   2.9330705868e-01   3.2194389712e-04   1.5749088800e-10   1.4180944160e-12   2.8737581037e-03   1.0533430555e-10   8.4726185392e-02   2.3546459117e-07   6.9784357927e-13   3.3251597818e-15   4.6968284011e-06   3.1298394216e-01   8.6346293075e-03   9.3418259453e-02   7.0976823734e-11   2.0349061397e-05   5.9784335316e-13   4.9701600000e-01
   3.6800000000e-01   3.6800000000e-01   9.0842605097e+02  -2.3397168898e+06   1.8248267104e-01   2.9763438375e-01   3.1399049097e-04   1.2415321713e-10   9.9444279877e-13   2.8016557588e-03   6.8518141173e-11   8.2634838656e-02   2.3667637438e-07   4.2562002599e-13   1.8418217997e-15   3.9323620879e-06   3.2994750209e-01   8.4220295072e-03   9.1111812390e-02   5.9738682020e-11   2.0001810662e-05   4.9116837277e-13   4.8474400000e-01
   3.8400000000e-01   3.8400000000e-01   8.8673308049e+02  -2.3981029937e+06   1.7786388854e-01   3.0198799676e-01   3.0603441278e-04   9.8421098593e-11   7.0185381063e-13   2.7298914935e-03   4.4766321744e-11   8.0543297358e-02   2.3684047209e-07   2.6122737667e-13   1.0268322980e-15   3.3033554810e-06   3.4691106045e-01   8.2092511886e-03   8.8805305577e-02   5.0257380453e-11   1.9619131990e-05   4.0304380470e-13   4.7247200000e-01
   4.0000000000e-01   4.0000000000e-01   8.6572249000e+02  -2.4564882743e+06   1.7324479131e-01   3.0637537089e-01   2.9807719003e-04   7.8434901118e-11   4.9825305844e-13   2.6583746302e-03   2.9369199670e-11   7.8451613926e-02   2.3578809968e-07   1.6126877017e-13   5.7596068694e-16   2.7843052019e-06   3.6387460657e-01   7.9963432112e-03   8.6498756985e-02   4.2238234664e-11   1.9207238635e-05   3.3033252126e-13   4.6020000000e-01
   4.1600000000e-01   4.1600000000e-01   8.4534667443e+02  -2.5148729818e+06   1.6862546661e-01   3.1080424626e-01   2.9011980136e-04   6.2824731477e-11   3.5562960628e-13   2.5870389906e-03   1.9345164440e-11   7.6359826595e-02   2.3341699440e-07   1.0011385773e-13   3.2496147246e-16   2.3549374783e-06   3.8083813434e-01   7.7833408558e-03   8.4192179359e-02   3.5443279586e-11   1.8771582620e-05   2.7049967458e-13   4.4792800000e-01
   4.3200000000e-01   4.3200000000e-01   8.2556156695e+02  -2.5732572807e+06   1.6400597748e-01   3.1528267876e-01   2.8216284584e-04   5.0570345928e-11   2.5512295579e-13   2.5158362073e-03   1.2793491498e-11   7.4267963285e-02   2.2969250446e-07   6.2486185511e-14   1.8440889875e-16   1.9989910825e-06   3.9780164071e-01   7.5702696391e-03   8.1885581707e-02   2.9678713160e-11   1.8316824095e-05   2.2141646916e-13   4.3565600000e-01
   4.4800000000e-01   4.4800000000e-01   8.0632628203e+02  -2.6316412815e+06   1.5938636948e-01   3.1981908430e-01   2.7420666424e-04   4.0904625096e-11   1.8390902713e-13   2.4447308903e-03   8.4953963396e-12   7.2176044393e-02   2.2464443498e-07   3.9209440372e-14   1.0525686431e-16   1.7033252758e-06   4.1476512472e-01   7.3571480535e-03   7.9578970367e-02   2.4785676805e-11   1.7846863353e-05   1.8126780410e-13   4.2338400000e-01
   4.6400000000e-01   4.6400000000e-01   7.8760281161e+02  -2.6900250604e+06   1.5476667554e-01   3.2442228234e-01   2.6625142509e-04   3.3246015987e-11   1.3319418378e-13   2.3736971189e-03   5.6654727462e-12   7.0084084822e-02   2.1835950505e-07   2.4734562249e-14   6.0432348118e-17   1.4572572126e-06   4.3172858675e-01   7.1439895336e-03   7.7272349763e-02   2.0633259619e-11   1.7364909068e-05   1.4850376383e-13   4.1111200000e-01
   4.8000000000e-01   4.8000000000e-01   7.6935576150e+02  -2.7484086710e+06   1.5014691947e-01   3.2910154111e-01   2.5829718502e-04   2.7150540211e-11   9.6904205420e-14   2.3027158884e-03   3.7954176204e-12   6.7992095467e-02   2.1097012964e-07   1.5686184402e-14   3.4904268486e-17   1.2520625399e-06   4.4869202799e-01   6.9308038663e-03   7.4965722957e-02   1.7113011000e-11   1.6873563705e-05   1.2180798645e-13   3.9884000000e-01
   4.9600000000e-01   4.9600000000e-01   7.5155211894e+02  -2.8067921520e+06   1.4552711847e-01   3.3386662646e-01   2.5034393075e-04   2.2277220511e-11   7.0816397980e-14   2.2317732484e-03   2.5550224512e-12   6.5900084287e-02   2.0264085353e-07   1.0000229763e-14   2.0281957784e-17   1.0805930294e-06   4.6565545010e-01   6.7175982023e-03   7.2659092046e-02   1.4134510607e-11   1.6374913246e-05   1.0007172006e-13   3.8656800000e-01
   5.1200000000e-01   5.1200000000e-01   7.3416104559e+02  -2.8651755317e+06   1.4090728494e-01   3.3872785572e-01   2.4239160770e-04   1.8362847891e-11   5.1978559195e-14   2.1608589455e-03   1.7290417298e-12   6.3808057104e-02   1.9355404157e-07   6.4082191964e-15   1.1857025571e-17   9.3697903259e-07   4.8261885493e-01   6.5043777815e-03   7.0352458452e-02   1.1621727705e-11   1.5870613249e-05   8.2369573467e-14   3.7429600000e-01
   5.2800000000e-01   5.2800000000e-01   7.1715369147e+02  -2.9235588311e+06   1.3628742789e-01   3.4369615796e-01   2.3444013928e-04   1.5203347673e-11   3.8316170199e-14   2.0899654336e-03   1.1767210156e-12   6.1716018174e-02   1.8389638029e-07   4.1268616348e-15   6.9736221261e-18   8.1639426850e-07   4.9958224439e-01   6.2911464545e-03   6.8045823124e-02   9.5100275544e-12   1.5361966791e-05   6.7936031519e-14   3.6202400000e-01
   5.4400000000e-01   5.4400000000e-01   7.0050302712e+02  -2.9819420663e+06   1.3166755380e-01   3.4878314172e-01   2.2648943951e-04   1.2639875730e-11   2.8364594566e-14   2.0190871514e-03   8.0573440700e-13   5.9623970613e-02   1.7384744798e-07   2.6701538681e-15   4.1257448787e-18   7.1486720924e-07   5.1654562032e-01   6.0779070585e-03   6.5739186691e-02   7.7437590602e-12   1.4849992337e-05   5.6142949245e-14   3.4975200000e-01
   5.6000000000e-01   5.6000000000e-01   6.8418369156e+02  -3.0403252494e+06   1.2704766738e-01   3.5400117133e-01   2.1853942104e-04   1.0548353165e-11   2.1085181760e-14   1.9482199962e-03   5.5533699890e-13   5.7531916706e-02   1.6357116547e-07   1.7350764215e-15   2.4547597528e-18   6.2912800094e-07   5.3350898443e-01   5.8646616891e-03   6.3432549561e-02   6.2743894397e-12   1.4335481142e-05   4.6478533020e-14   3.3748000000e-01
   5.7600000000e-01   5.7600000000e-01   6.6817185456e+02  -3.0987083899e+06   1.2242777202e-01   3.5936345303e-01   2.1058999992e-04   8.8315339496e-12   1.5738203833e-14   1.8773609388e-03   3.8543810214e-13   5.5439858126e-02   1.5321045397e-07   1.1317471222e-15   1.4683601020e-18   5.5648307143e-07   5.5047233829e-01   5.6514118967e-03   6.1125911999e-02   5.0591463690e-12   1.3819044746e-05   3.8528264694e-14   3.2520800000e-01
   5.9200000000e-01   5.9200000000e-01   6.5244509171e+02  -3.1570914954e+06   1.1780787020e-01   3.6488413228e-01   2.0264109821e-04   7.4129620967e-12   1.1794590525e-14   1.8065077411e-03   2.6949350481e-13   5.3347796105e-02   1.4288498481e-07   7.4055882547e-16   8.8262709473e-19   4.9471177319e-07   5.6743568329e-01   5.4381588306e-03   5.8819274170e-02   4.0601009126e-12   1.3301153606e-05   3.1958058724e-14   3.1293600000e-01
   6.0800000000e-01   6.0800000000e-01   6.3698227146e+02  -3.2154745718e+06   1.1318796372e-01   3.7057840361e-01   1.9469264523e-04   6.2323556555e-12   8.8743275639e-15   1.7356587492e-03   1.8986926005e-13   5.1255731550e-02   1.3269157052e-07   4.8576528584e-16   5.3283654835e-19   4.4198090823e-07   5.8439902068e-01   5.2249033436e-03   5.6512636181e-02   3.2435946169e-12   1.2782168117e-05   2.6499765520e-14   3.0066400000e-01
   6.2400000000e-01   6.2400000000e-01   6.2176345325e+02  -3.2738576239e+06   1.0856805387e-01   3.7646263483e-01   1.8674457777e-04   5.2420814548e-12   6.7032830465e-15   1.6648127406e-03   1.3480955633e-13   4.9163665129e-02   1.2270654343e-07   3.1913287824e-16   3.2283230199e-19   3.9677400162e-07   6.0136235154e-01   5.0116460688e-03   5.4205998095e-02   2.5798977247e-12   1.2262363247e-05   2.1938987293e-14   2.8839200000e-01
   6.4000000000e-01   6.4000000000e-01   6.0676979592e+02  -3.3322406555e+06   1.0394814160e-01   3.8255450751e-01   1.7879683979e-04   4.4044743728e-12   5.0828335328e-15   1.5939688106e-03   9.6448404476e-14   4.7071597335e-02   1.1298939353e-07   2.0977644153e-16   1.9613665330e-19   3.5783289044e-07   6.1832567681e-01   4.7983874767e-03   5.1899359951e-02   2.0429900052e-12   1.1741947948e-05   1.8105065420e-14   2.7612000000e-01
   6.5600000000e-01   6.5600000000e-01   5.9198347626e+02  -3.3906236697e+06   9.9328227605e-02   3.8887317605e-01   1.7084938188e-04   3.6898183908e-12   3.8684206284e-15   1.5231262886e-03   6.9502254048e-14   4.4979528533e-02   1.0358696127e-07   1.3780965017e-16   1.1937248742e-19   3.2410968497e-07   6.3528899732e-01   4.5851279167e-03   4.9592721773e-02   1.6103785258e-12   1.1221080357e-05   1.4863024088e-14   2.6384800000e-01
   6.7200000000e-01   6.7200000000e-01   5.7738761691e+02  -3.4490066693e+06   9.4708312380e-02   3.9543944789e-01   1.6290216050e-04   3.0748492498e-12   2.9543655187e-15   1.4522846755e-03   5.0407903704e-14   4.2887458995e-02   9.4537563650e-08   9.0358225239e-17   7.2694792588e-20   2.9472751644e-07   6.5225231380e-01   4.3718676483e-03   4.7286083576e-02   1.2628984876e-12   1.0699879638e-05   1.2107198580e-14   2.5157600000e-01
   6.8800000000e-01   6.8800000000e-01   5.6296622372e+02  -3.5073896564e+06   9.0088396288e-02   4.0227598805e-01   1.5495513725e-04   2.5416619511e-12   2.2630879587e-15   1.3814435978e-03   3.6752332863e-14   4.0795388919e-02   8.5874534494e-08   5.9043386266e-17   4.4234641345e-20   2.6894876020e-07   6.6921562685e-01   4.1586068640e-03   4.4979445368e-02   9.8447355961e-13   1.0178435163e-05   9.7562194952e-15   2.3930400000e-01
   7.0400000000e-01   7.0400000000e-01   5.4870413231e+02  -3.5657726327e+06   8.5468479591e-02   4.0940755159e-01   1.4700827824e-04   2.0769104323e-12   1.7374382694e-15   1.3106027737e-03   2.6894379417e-14   3.8703318454e-02   7.7628762058e-08   3.8384584292e-17   2.6853241221e-20   2.4614964149e-07   6.8617893704e-01   3.9453457062e-03   4.2672807152e-02   7.6183367515e-13   9.6568136229e-06   7.7489532162e-15   2.2703200000e-01
   7.2000000000e-01   7.2000000000e-01   5.3458696386e+02  -3.6241555999e+06   8.0848562476e-02   4.1686124805e-01   1.3906155353e-04   1.6711731095e-12   1.3352353283e-15   1.2397619888e-03   1.9712792059e-14   3.6611247709e-02   6.9829910199e-08   2.4780002223e-17   1.6233850177e-20   2.2580029946e-07   7.0314224484e-01   3.7320842802e-03   4.0366168933e-02   5.8419862495e-13   9.1350645094e-06   6.0409211909e-15   2.1476000000e-01
   7.3600000000e-01   7.3600000000e-01   5.2060109029e+02  -3.6825385592e+06   7.6228645077e-02   4.2466684288e-01   1.3111493671e-04   1.3183367943e-12   1.0253637822e-15   1.1689210793e-03   1.4437710402e-14   3.4519176765e-02   6.2506140498e-08   1.5852162182e-17   9.7532257955e-21   2.0744949400e-07   7.2010555066e-01   3.5188226632e-03   3.8059530711e-02   4.4293720085e-13   8.6132243314e-06   4.6006846835e-15   2.0248800000e-01
   7.5200000000e-01   7.5200000000e-01   5.0673360924e+02  -3.7409215118e+06   7.1608727487e-02   4.3285710153e-01   1.2316840471e-04   1.0148489783e-12   7.8495863539e-16   1.0980799215e-03   1.0537350839e-14   3.2427105682e-02   5.5682351558e-08   1.0025559930e-17   5.8100849428e-21   1.9071317446e-07   7.3706885488e-01   3.3055609119e-03   3.5752892488e-02   3.3120970869e-13   8.0913198497e-06   3.4057866853e-15   1.9021600000e-01
   7.6800000000e-01   7.6800000000e-01   4.9297232906e+02  -3.7993044585e+06   6.6988809770e-02   4.4146818276e-01   1.1522193761e-04   7.5874392207e-13   5.9732763362e-16   1.0272384249e-03   7.6413703723e-15   3.0335034501e-02   4.9377240481e-08   6.2526084471e-18   3.4231488610e-21   1.7526608538e-07   7.5403215779e-01   3.0922990673e-03   3.3446254264e-02   2.4360317380e-13   7.5693705439e-06   2.4381933575e-15   1.7794400000e-01
   7.8400000000e-01   7.8400000000e-01   4.7930576462e+02  -3.8576874002e+06   6.2368891971e-02   4.5054008894e-01   1.0727551861e-04   5.4848557325e-13   4.5036030775e-16   9.5639652876e-04   5.4888100850e-15   2.8242963254e-02   4.3599832311e-08   3.8349323038e-18   1.9891938586e-21   1.6083549525e-07   7.7099545967e-01   2.8790371589e-03   3.1139616040e-02   1.7577748976e-13   7.0473904825e-06   1.6797553593e-15   1.6567200000e-01
   8.0000000000e-01   8.0000000000e-01   4.6572314448e+02  -3.9160703377e+06   5.7748974119e-02   4.6011718250e-01   9.9329133972e-05   3.8185085075e-13   3.3526558100e-16   8.8555419973e-04   3.8927666386e-15   2.6150891962e-02   3.8346390544e-08   2.3063069865e-18   1.1366403793e-21   1.4719608318e-07   7.8795876075e-01   2.6657752076e-03   2.8832977815e-02   1.2415327584e-13   6.5253897279e-06   1.1087382783e-15   1.5340000000e-01
   8.1600000000e-01   8.1600000000e-01   4.5221443021e+02  -3.9744532714e+06   5.3129056233e-02   4.7024877897e-01   9.1382772881e-05   2.5518266993e-13   2.4556519265e-16   8.1471142969e-04   2.7166511116e-15   2.4058820642e-02   3.3598642455e-08   1.3556368837e-18   6.3650394707e-22   1.3416511025e-07   8.0492206120e-01   2.4525132280e-03   2.6526339590e-02   8.5676356199e-14   6.0033753861e-06   6.9849502392e-16   1.4112800000e-01
   8.3200000000e-01   8.3200000000e-01   4.3877034885e+02  -4.0328362019e+06   4.8509138326e-02   4.8098982917e-01   8.3436427208e-05   1.6325788531e-13   1.7632695221e-16   7.4386823254e-04   1.8585180828e-15   2.1966749303e-02   2.9323927373e-08   7.7601158143e-19   3.4794739626e-22   1.2159729187e-07   8.2188536117e-01   2.2392512302e-03   2.4219701365e-02   5.7679055108e-14   5.4813523890e-06   4.1864003142e-16   1.2885600000e-01
   8.4800000000e-01   8.4800000000e-01   4.2538243929e+02  -4.0912191295e+06   4.3889220405e-02   4.9240170502e-01   7.5490091145e-05   9.9758978313e-14   1.2363325025e-16   6.7302463994e-04   1.2408951597e-15   1.9874677953e-02   2.5477296910e-08   4.3076541970e-19   1.8478605900e-22   1.0937921227e-07   8.3884866077e-01   2.0259892209e-03   2.1913063140e-02   3.7828897340e-14   4.9593240796e-06   2.3800407420e-16   1.1658400000e-01
   8.6400000000e-01   8.6400000000e-01   4.1204311346e+02  -4.1496020548e+06   3.9269302476e-02   5.0455310633e-01   6.7543760761e-05   5.8081108524e-14   8.4256388514e-17   6.0218069616e-04   8.0418446423e-16   1.7782606596e-02   2.2005028113e-08   2.3064275632e-19   9.4737537784e-23   9.7423517883e-08   8.5581196011e-01   1.8127272047e-03   1.9606424915e-02   2.4129352869e-14   4.4372926544e-06   1.2795484655e-16   1.0431200000e-01
   8.8000000000e-01   8.8000000000e-01   3.9874573301e+02  -4.2079849782e+06   3.4649384542e-02   5.1752110893e-01   5.9597433546e-05   3.2120802749e-14   5.5484255152e-17   5.3133645285e-04   5.0226143715e-16   1.5690535235e-02   1.8848713330e-08   1.1826848118e-19   4.6479710255e-23   8.5663339248e-08   8.7277525923e-01   1.5994651842e-03   1.7299786689e-02   1.4931354694e-14   3.9152595002e-06   6.4805730068e-17   9.2040000000e-02
   8.9600000000e-01   8.9600000000e-01   3.8548470189e+02  -4.2663679002e+06   3.0029466605e-02   5.3139237823e-01   5.1651107991e-05   1.6799026001e-14   3.5032031757e-17   4.6049196436e-04   2.9939267236e-16   1.3598463872e-02   1.5949144471e-08   5.7500296280e-20   2.1546199193e-23   7.4047378386e-08   8.8973855821e-01   1.3862031615e-03   1.4993148464e-02   8.9280854959e-15   3.3932254500e-06   3.0761598659e-17   7.9768000000e-02
   9.1200000000e-01   9.1200000000e-01   3.7225557469e+02  -4.3247508213e+06   2.5409548667e-02   5.4626457764e-01   4.3704783244e-05   8.2533622356e-15   2.0989412076e-17   3.8964728400e-04   1.6797412299e-16   1.1506392508e-02   1.3249499812e-08   2.6116822141e-20   9.2575220934e-24   6.2535934678e-08   9.0670185707e-01   1.1729411375e-03   1.2686510239e-02   5.1255890600e-15   2.8711909739e-06   1.3583838960e-17   6.7496000000e-02
   9.2800000000e-01   9.2800000000e-01   3.5905517989e+02  -4.3831337418e+06   2.0789630728e-02   5.6224800687e-01   3.5758458859e-05   3.7701307128e-15   1.1775060427e-17   3.1880246126e-04   8.6823046859e-17   9.4143211428e-03   1.0697682313e-08   1.0833101961e-20   3.5754201462e-24   5.1097943595e-08   9.2366515586e-01   9.5967911282e-04   1.0379872014e-02   2.7957789398e-15   2.3491563174e-06   5.5195457327e-18   5.5224000000e-02
   9.4400000000e-01   9.4400000000e-01   3.4588175609e+02  -4.4415166620e+06   1.6169712789e-02   5.7946751369e-01   2.7812134620e-05   1.5751444337e-15   6.0885357826e-18   2.4795754001e-04   3.9870151732e-17   7.3222497778e-03   8.2479151667e-09   3.9572595111e-21   1.1772426707e-24   3.9708951066e-08   9.4062845459e-01   7.4641708787e-04   8.0732337884e-03   1.4228920073e-15   1.8271215958e-06   2.0296156653e-18   4.2952000000e-02
   9.6000000000e-01   9.6000000000e-01   3.3273509781e+02  -4.4998995820e+06   1.1549794849e-02   5.9806473269e-01   1.9865810432e-05   5.8546095285e-16   2.8592913743e-18   1.7711255717e-04   1.5145569540e-17   5.2301784128e-03   5.8618301023e-09   1.1999104388e-21   2.9763182338e-25   2.8349868790e-08   9.5759175330e-01   5.3315506280e-04   5.7665955632e-03   6.5247872173e-16   1.3050868562e-06   6.5790079428e-19   3.0680000000e-02
   9.7600000000e-01   9.7600000000e-01   3.1961670612e+02  -4.5582825020e+06   6.9298769095e-03   6.1820071891e-01   1.1919486257e-05   1.8441962466e-16   1.1933588116e-18   1.0626754185e-04   3.9747657312e-18   3.1381070477e-03   3.5093077574e-09   2.7875169879e-22   4.4430594795e-26   1.7006339493e-08   9.7455505198e-01   3.1989303768e-04   3.4599573379e-03   2.4801692680e-16   7.8305211363e-07   1.8079313437e-19   1.8408000000e-02
   9.9200000000e-01   9.9200000000e-01   3.0652993666e+02  -4.6166654219e+06   2.3099589698e-03   6.4005906310e-01   3.9731620857e-06   4.1621228527e-17   3.2913499260e-19   3.5422514415e-05   3.1749088209e-19   1.0460356826e-03   1.1692893217e-09   5.0183520012e-23   1.2168582309e-27   5.6685599459e-09   9.9151835066e-01   1.0663101256e-04   1.1533191126e-03   5.5747190013e-17   2.6101737119e-07   3.7416540535e-20   6.1360000000e-03
   1.0000000000e+00   1.0000000000e+00   3.0000000000e+02  -4.6458568819e+06   0.0000000000e+00   6.5169855213e-01   0.0000000000e+00   0.0000000000e+00   0.0000000000e+00   0.0000000000e+00   0.0000000000e+00   0.0000000000e+00   0.0000000000e+00   0.0000000000e+00   0.0000000000e+00   0.0000000000e+00   1.0000000000e+00   0.0000000000e+00   0.0000000000e+00   0.0000000000e+00   0.0000000000e+00   0.0000000000e+00   0.0000000000e+00