# L (m)  = 1
# P (Pa) = 101325
#             001_x           002_mixf              003_T              004_h             005_pv        006_density             007_H2              008_H              009_O             010_O2             011_OH            012_H2O            013_HO2            014_CH2         015_CH2(S)            016_CH3            017_CH4             018_CO            019_CO2            020_HCO           021_CH2O          022_CH2OH             023_N2
                  0   0.0000000000e+00   3.0000000000e+02   1.9075768848e+03   0.0000000000e+00   1.1719839921e+00   0.0000000000e+00   0.0000000000e+00   0.0000000000e+00   2.3300000000e-01   0.0000000000e+00   0.0000000000e+00   0.0000000000e+00   0.0000000000e+00   0.0000000000e+00   0.0000000000e+00   0.0000000000e+00   0.0000000000e+00   0.0000000000e+00   0.0000000000e+00   0.0000000000e+00   0.0000000000e+00   7.6700000000e-01
   2.0000000000e-03   2.0000000000e-03   3.4402565548e+02  -6.2343313084e+04   9.9579206645e-03   1.0203552509e+00   1.7231765435e-07   1.2504469697e-13   1.8209123053e-08   2.2457583505e-01   3.6304219026e-08   4.4900358282e-03   1.7185149906e-07   4.5240747890e-16   2.6084966450e-17   2.4734868972e-10   1.5662450026e-08   3.2600778948e-05   5.4351117397e-03   1.2488671335e-15   2.0080777693e-09   9.9251959534e-20   7.6546600000e-01
   6.0000000000e-03   6.0000000000e-03   4.3034144993e+02  -1.9084157690e+05   2.9872972905e-02   8.1307533898e-01   5.3386565296e-07   1.3608996595e-12   5.5066988979e-08   2.0772826327e-01   1.0040343851e-07   1.3469894959e-02   5.2366088130e-07   4.7899741944e-15   3.1224559238e-16   1.1840171666e-09   7.4078544263e-08   9.8700246300e-05   1.6303843834e-02   1.8317242615e-14   9.4286509225e-09   3.7340421057e-18   7.6239800000e-01
   1.0000000000e-02   1.0000000000e-02   5.1412027176e+02  -3.1932304442e+05   4.9785000651e-02   6.7839797919e-01   9.5628215621e-07   5.4070733832e-12   9.4971393436e-08   1.9088353771e-01   1.5321515437e-07   2.2448915356e-02   9.2231243058e-07   2.3233987164e-14   1.5745572245e-15   4.2081665329e-09   2.5503537411e-07   1.6809516395e-04   2.7167033849e-02   1.1196054195e-13   3.1887738244e-08   4.2138504771e-17   7.5933000000e-01
   1.4000000000e-02   1.4000000000e-02   5.9515471694e+02  -4.4775359061e+05   6.9689401956e-02   5.8415357910e-01   1.5183840398e-06   1.5960348777e-11   1.3650747017e-07   1.7404588837e-01   1.9602950908e-07   3.1425738136e-02   1.4328083354e-06   9.6537482103e-14   6.4661683475e-15   1.4290510759e-08   8.2947436725e-07   2.4519460881e-04   3.8016950827e-02   5.4974532463e-13   1.0054419147e-07   3.2215921116e-16   7.5626200000e-01
   1.8000000000e-02   1.8000000000e-02   6.7330778852e+02  -5.7604500500e+05   8.9575943213e-02   5.1469617225e-01   2.3738211901e-06   4.1145940097e-11   1.7167212047e-07   1.5722456641e-01   2.2946335232e-07   4.0397124446e-02   2.1638881592e-06   3.6973661772e-13   2.3658665977e-14   4.6726968883e-08   2.5804597753e-06   3.3846213759e-04   4.8837982809e-02   2.3531464419e-12   2.9812060118e-07   1.9698971220e-15   7.5319400000e-01
   2.2000000000e-02   2.2000000000e-02   7.4847045984e+02  -7.0402065076e+05   1.0942204576e-01   4.6152293877e-01   3.8225226560e-06   9.8861052824e-11   1.8520014813e-07   1.4043959425e-01   2.5123160294e-07   4.9355327461e-02   3.3001685901e-06   1.3073248855e-12   7.7944641152e-14   1.4573646407e-07   7.6533352787e-06   4.6334746939e-04   5.9599548306e-02   8.7690570610e-12   8.2420498254e-07   1.0174204625e-14   7.5012600000e-01
   2.6000000000e-02   2.6000000000e-02   8.2045934724e+02  -8.3137789810e+05   1.2917949241e-01   4.1966488238e-01   6.4356688678e-06   2.2047087956e-10   1.6388306397e-07   1.2373291566e-01   2.5662658490e-07   5.8282393539e-02   5.1100813159e-06   4.1662182149e-12   2.2689077212e-13   4.2658865704e-07   2.1532716888e-05   6.4581748056e-04   7.0244845725e-02   2.7698618136e-11   2.1017771066e-06   4.4939341399e-14   7.4705800000e-01
   3.0000000000e-02   3.0000000000e-02   8.8887797135e+02  -9.5759986616e+05   1.4875049629e-01   3.8608779612e-01   1.1247012929e-05   4.4906220107e-10   1.1810256837e-07   1.0718812400e-01   2.4876718458e-07   6.7139109083e-02   7.8518979164e-06   1.1887103940e-11   5.8133524591e-13   1.1465587532e-06   5.7125336637e-05   9.2497971440e-04   8.0675160485e-02   7.4361378382e-11   4.8885106930e-06   1.7394378164e-13   7.4399000000e-01
   3.4000000000e-02   3.4000000000e-02   9.5296467225e+02  -1.0817903725e+06   1.6795107087e-01   3.5890595308e-01   1.9963987205e-05   9.4700109306e-10   8.4763354296e-08   9.0960117282e-02   2.6007515793e-07   7.5847017789e-02   1.1534556306e-05   3.3789626418e-11   1.4615002716e-12   2.7746294335e-06   1.4190050069e-04   1.3515011695e-03   9.0732587920e-02   1.9348551698e-10   1.0256150037e-05   6.6719019157e-13   7.4092200000e-01
   3.8000000000e-02   3.8000000000e-02   1.0115020728e+03  -1.2024308445e+06   1.8646893655e-01   3.3694749116e-01   3.5015823827e-05   2.5103846376e-09   9.2577712389e-08   7.5308211802e-02   3.4590725887e-07   8.4266536274e-02   1.5645248245e-05   1.1205496910e-10   4.2305783424e-12   6.0084686037e-06   3.2756996061e-04   1.9775344332e-03   1.0018985002e-01   5.7835634576e-10   1.9186276590e-05   2.8596972602e-12   7.3785400000e-01
   4.2000000000e-02   4.2000000000e-02   1.0629433253e+03  -1.3170910390e+06   2.0384095578e-01   3.1946086715e-01   5.9125103656e-05   7.2663196424e-09   1.3907680835e-07   6.0611921532e-02   5.2219001487e-07   9.2183603821e-02   1.9029723264e-05   3.8965895156e-10   1.2711239587e-11   1.1714048564e-05   6.9805753183e-04   2.8364935618e-03   1.0876173329e-01   1.7372007176e-09   3.1650699683e-05   1.1990464550e-11   7.3478600000e-01
   4.6000000000e-02   4.6000000000e-02   1.1059228707e+03  -1.4222255699e+06   2.1948956213e-01   3.0586219062e-01   9.4205696440e-05   1.7451267543e-08   1.8528461879e-07   4.7337676160e-02   7.0126609660e-07   9.9325358382e-02   2.0184137282e-05   1.1121374429e-09   3.1166367884e-11   2.0566493190e-05   1.3674260603e-03   3.9189900379e-03   1.1615100801e-01   4.0589182760e-09   4.5675775620e-05   3.9604507762e-11   7.3171800000e-01
   5.0000000000e-02   5.0000000000e-02   1.1401684272e+03  -1.5133139997e+06   2.3284389405e-01   2.9549120150e-01   1.3989065194e-04   3.1067442530e-08   1.8518593873e-07   3.5936938518e-02   7.5172361056e-07   1.0541889373e-01   1.8380126473e-05   2.2909471361e-09   5.5235112483e-11   3.2044940069e-05   2.4601779289e-03   5.1601867571e-03   1.2212492291e-01   6.6514879781e-09   5.7587364789e-05   9.2647482435e-11   7.2865000000e-01
   5.4000000000e-02   5.4000000000e-02   1.1671093353e+03  -1.5856657994e+06   2.4351404604e-01   2.8750130962e-01   1.9264358792e-04   4.2708715836e-08   1.4501805794e-07   2.6704463620e-02   6.7407788904e-07   1.1027808718e-01   1.4621765674e-05   3.5165683338e-09   7.3854387178e-11   4.4171205550e-05   4.0755811064e-03   6.4521261423e-03   1.2659118913e-01   8.0970306134e-09   6.4242610272e-05   1.5916158171e-10   7.2558200000e-01
   5.8000000000e-02   5.8000000000e-02   1.1893130602e+03  -1.6361305265e+06   2.5141902732e-01   2.8100319426e-01   2.4657617108e-04   4.9553726339e-08   9.8195218177e-08   1.9680733394e-02   5.6033270422e-07   1.1386662391e-01   1.0593847080e-05   4.4926126414e-09   8.4238495442e-11   5.5238227987e-05   6.2545101149e-03   7.6763557791e-03   1.2962947147e-01   8.2114023294e-09   6.5175999716e-05   2.2356171478e-10   7.2251400000e-01
   6.2000000000e-02   6.2000000000e-02   1.2085418962e+03  -1.6655166415e+06   2.5679192967e-01   2.7545950194e-01   2.9569772983e-04   5.1898282553e-08   6.2284813864e-08   1.4656980815e-02   4.6446684317e-07   1.1629742040e-01   7.3244229337e-06   5.2192547211e-09   9.0234830581e-11   6.4853555638e-05   8.9702486715e-03   8.7379897827e-03   1.3146082176e-01   7.5809472767e-09   6.2071044889e-05   2.7901239256e-10   7.1944600000e-01
   6.6000000000e-02   6.6000000000e-02   1.2241570696e+03  -1.6797703907e+06   2.6008090229e-01   2.7093935098e-01   3.3598881940e-04   5.1171508813e-08   3.9159916739e-08   1.1261208908e-02   3.9415902172e-07   1.1778150486e-01   5.0486599712e-06   5.7545121304e-09   9.4419483593e-11   7.3372961258e-05   1.2143944484e-02   9.5863437584e-03   1.3237706486e-01   6.7321256565e-09   5.7025301719e-05   3.2256472783e-10   7.1637800000e-01
   7.0000000000e-02   7.0000000000e-02   1.2391392936e+03  -1.6801656942e+06   2.6181269226e-01   2.6672293959e-01   3.6616828524e-04   4.8930680939e-08   2.5588032963e-08   9.0689662977e-03   3.4856369142e-07   1.1856233325e-01   3.5770401896e-06   6.1881770720e-09   9.9139823795e-11   8.1195460688e-05   1.5671586914e-02   1.0216813874e-02   1.3266737685e-01   5.9251716966e-09   5.1546380713e-05   3.5593418435e-10   7.1331000000e-01
   7.4000000000e-02   7.4000000000e-02   1.2510616487e+03  -1.6750097855e+06   2.6247715798e-01   2.6329648423e-01   3.8715892575e-04   4.5896299279e-08   1.7577052342e-08   7.6930775331e-03   3.1439450452e-07   1.1886307000e-01   2.6642770178e-06   6.4555188838e-09   1.0244253505e-10   8.8230987152e-05   1.9450017389e-02   1.0657872763e-02   1.3256905630e-01   5.2380473234e-09   4.6461790956e-05   3.7473786211e-10   7.1024200000e-01
   7.8000000000e-02   7.8000000000e-02   1.2571360500e+03  -1.6721959309e+06   2.6246276183e-01   2.6118075061e-01   4.0099443852e-04   4.2485845322e-08   1.2628613574e-08   6.8311564368e-03   2.8214519794e-07   1.1885884265e-01   2.1076200160e-06   6.4826617234e-09   1.0189567291e-10   9.4161227537e-05   2.3393355250e-02   1.0952804861e-02   1.3225011988e-01   4.6767796067e-09   4.2108740782e-05   3.7641070481e-10   7.0717400000e-01
   8.2000000000e-02   8.2000000000e-02   1.2585495343e+03  -1.6727126762e+06   2.6204141450e-01   2.6007190971e-01   4.0985246336e-04   3.9016576228e-08   9.4209085289e-09   6.2743108377e-03   2.5108611308e-07   1.1867140483e-01   1.7588696237e-06   6.3011911431e-09   9.7811702618e-11   9.8782213477e-05   2.7438891023e-02   1.1144635957e-02   1.3181552124e-01   4.2155964611e-09   3.8532054643e-05   3.6464015335e-10   7.0410600000e-01
   8.6000000000e-02   8.6000000000e-02   1.2567347301e+03  -1.6761320746e+06   2.6138480154e-01   2.5965006516e-01   4.1550599511e-04   3.5663762778e-08   7.2306354987e-09   5.8921876578e-03   2.2180366007e-07   1.1837739214e-01   1.5277092181e-06   5.9685218280e-09   9.1208814345e-11   1.0204002168e-04   3.1545523194e-02   1.1267955666e-02   1.3132394774e-01   3.8283334073e-09   3.5644942537e-05   3.4393507521e-10   7.0103800000e-01
   9.0000000000e-02   9.0000000000e-02   1.2527329920e+03  -1.6818658891e+06   2.6059263673e-01   2.5969347155e-01   4.1917522015e-04   3.2510540568e-08   5.6654380875e-09   5.6098903521e-03   1.9478671463e-07   1.1802135462e-01   1.3641140485e-06   5.5393745092e-09   8.3109725304e-11   1.0399463409e-04   3.5688551638e-02   1.1346966872e-02   1.3080514001e-01   3.4952856144e-09   3.3320135884e-05   3.1800638134e-10   6.9797000000e-01
   9.4000000000e-02   9.4000000000e-02   1.2472336755e+03  -1.6894010964e+06   2.5971939659e-01   2.6005960767e-01   4.2160795747e-04   2.9587056146e-08   4.5070226756e-09   5.3869070470e-03   1.7027014838e-07   1.1762777008e-01   1.2412440745e-06   5.0577811566e-09   7.4338690714e-11   1.0477040806e-04   3.9854038417e-02   1.1397078844e-02   1.3027293970e-01   3.2027566435e-09   3.1433307015e-05   2.8953949664e-10   6.9490200000e-01
   9.8000000000e-02   9.8000000000e-02   1.2406908115e+03  -1.6983285863e+06   2.5879393758e-01   2.6065662807e-01   4.2322962397e-04   2.6895777898e-08   3.6272898219e-09   5.2019720136e-03   1.4829091992e-07   1.1720975124e-01   1.1445101443e-06   4.5564752905e-09   6.5493189926e-11   1.0451670244e-04   4.4034362169e-02   1.1427577096e-02   1.2973337962e-01   2.9414421210e-09   2.9880383512e-05   2.6037202190e-10   6.9183400000e-01
   1.0200000000e-01   1.0200000000e-01   1.2334120827e+03  -1.7083301452e+06   2.5783171563e-01   2.6142327759e-01   4.2427567160e-04   2.4426800105e-08   2.9463032728e-09   5.0437812193e-03   1.2876239051e-07   1.1677443865e-01   1.0656254498e-06   4.0587117000e-09   5.6975689743e-11   1.0338525489e-04   4.8225307539e-02   1.1443987612e-02   1.2918901370e-01   2.7051018177e-09   2.8581538389e-05   2.3173216376e-10   6.8876600000e-01
   1.0600000000e-01   1.0600000000e-01   1.2256141142e+03  -1.7191596537e+06   2.5684152907e-01   2.6231683000e-01   4.2488054759e-04   2.2166067517e-08   2.4113686604e-09   4.9059335333e-03   1.1153033085e-07   1.1632597391e-01   9.9959199755e-07   3.5804401242e-09   4.9038201113e-11   1.0152051243e-04   5.2424396019e-02   1.1449704706e-02   1.2864096990e-01   2.4896099596e-09   2.7478846856e-05   2.0442841072e-10   6.8569800000e-01
   1.1000000000e-01   1.1000000000e-01   1.2174546882e+03  -1.7306265549e+06   2.5582891133e-01   2.6330622532e-01   4.2512819480e-04   2.0099096292e-08   1.9862220160e-09   4.7844129629e-03   9.6408578782e-08   1.1586700142e-01   9.4320447556e-07   3.1321127773e-09   4.1822121377e-11   9.9056683888e-05   5.6630020099e-02   1.1446954280e-02   1.2808982743e-01   2.2922561361e-09   2.6531581713e-05   1.7897599745e-10   6.8263000000e-01
   1.1400000000e-01   1.1400000000e-01   1.2090515342e+03  -1.7425828605e+06   2.5479773056e-01   2.6436816635e-01   4.2507745624e-04   1.8212239994e-08   1.6450825239e-09   4.6764128726e-03   8.3199917755e-08   1.1539938331e-01   8.9429338740e-07   2.7200325729e-09   3.5389509711e-11   9.6117105477e-05   6.0841025750e-02   1.1437310496e-02   1.2753595930e-01   2.1112215237e-09   2.5711342954e-05   1.5567687749e-10   6.7956200000e-01
   1.1800000000e-01   1.1800000000e-01   1.2004937760e+03  -1.7549132916e+06   2.5375092084e-01   2.6548481037e-01   4.2477378822e-04   1.6492851812e-08   1.3691563697e-09   4.5798027664e-03   7.1707867355e-08   1.1492453201e-01   8.5132361694e-07   2.3473568771e-09   2.9746839401e-11   9.2813937892e-05   6.5056519082e-02   1.1421958742e-02   1.2697965630e-01   1.9452019632e-09   2.4998025004e-05   1.3467269806e-10   6.7649400000e-01
   1.2200000000e-01   1.2200000000e-01   1.1918493626e+03  -1.7675278577e+06   2.5269082267e-01   2.6664231710e-01   4.2425441087e-04   1.4929084157e-08   1.1444627353e-09   4.4928815706e-03   6.1743337904e-08   1.1444356928e-01   8.1316834863e-07   2.0148817048e-09   2.4863097180e-11   8.9247742584e-05   6.9275776207e-02   1.1401829545e-02   1.2642116943e-01   1.7931578225e-09   2.4376876981e-05   1.1598395082e-10   6.7342600000e-01
   1.2600000000e-01   1.2600000000e-01   1.1831701978e+03  -1.7803562528e+06   2.5161935465e-01   2.6782987375e-01   4.2355061835e-04   1.3509659103e-08   9.6042335786e-10   4.4142536083e-03   5.3128435452e-08   1.1395740897e-01   7.7897438888e-07   1.7216834203e-09   2.0683643389e-11   8.5507081449e-05   7.3498198058e-02   1.1377671031e-02   1.2586072403e-01   1.6541648719e-09   2.3836535111e-05   9.9541897887e-11   6.7035800000e-01
   1.3000000000e-01   1.3000000000e-01   1.1744958524e+03  -1.7933435859e+06   2.5053811227e-01   2.6903900392e-01   4.2268895484e-04   1.2223719972e-08   8.0891800551e-10   4.3427573030e-03   4.5698605014e-08   1.1346680594e-01   7.4807838222e-07   1.4656523470e-09   1.7140718301e-11   8.1668360277e-05   7.7723284377e-02   1.1350092620e-02   1.2529852475e-01   1.5273373849e-09   2.3367783424e-05   8.5215696611e-11   6.6729000000e-01
   1.3400000000e-01   1.3400000000e-01   1.1658563381e+03  -1.8064470954e+06   2.4944843315e-01   2.7026305776e-01   4.2169195850e-04   1.1060773610e-08   6.8363583498e-10   4.2774180721e-03   3.9303707247e-08   1.1297238892e-01   7.1995307307e-07   1.2439303506e-09   1.4161181575e-11   7.7796032922e-05   8.1950616193e-02   1.1319594588e-02   1.2473475769e-01   1.4117974764e-09   2.2962806977e-05   7.2835234128e-11   6.6422200000e-01
   1.3800000000e-01   1.3800000000e-01   1.1572742228e+03  -1.8196335948e+06   2.4835144474e-01   2.7149682552e-01   4.2057873532e-04   1.0010698254e-08   5.7962021501e-10   4.2174138460e-03   3.3808347093e-08   1.1247468448e-01   6.9417204829e-07   1.0532578498e-09   1.1671956407e-11   7.3943169899e-05   8.6179842488e-02   1.1286589893e-02   1.2416959162e-01   1.3066706926e-09   2.2614756169e-05   6.2209653928e-11   6.6115400000e-01
   1.4200000000e-01   1.4200000000e-01   1.1487662659e+03  -1.8328774674e+06   2.4724810134e-01   2.7273623890e-01   4.1936545005e-04   9.0637871945e-09   4.9294301864e-10   4.1620482923e-03   2.9091655814e-08   1.1197413574e-01   6.7038611836e-07   8.9023678759e-10   9.6036137129e-12   7.0152324142e-05   9.0410669347e-02   1.1251421069e-02   1.2360317908e-01   1.2110942325e-09   2.2317497961e-05   5.3141644335e-11   6.5808600000e-01
   1.4600000000e-01   1.4600000000e-01   1.1403446922e+03  -1.8461590825e+06   2.4613921378e-01   2.7397813719e-01   4.1806576001e-04   8.2108044979e-09   4.2046733918e-10   4.1107293908e-03   2.5046678060e-08   1.1147111703e-01   6.4830710460e-07   7.5151916409e-10   7.8925071712e-12   6.6456597953e-05   9.4642850839e-02   1.1214373629e-02   1.2303565736e-01   1.1242294364e-09   2.2065474792e-05   4.5437808930e-11   6.5501800000e-01
   1.5000000000e-01   1.5000000000e-01   1.1320181917e+03  -1.8594635352e+06   2.4502547344e-01   2.7522008240e-01   4.1669119821e-04   7.4430372105e-09   3.5967175543e-10   4.0629520346e-03   2.1579488827e-08   1.1096594584e-01   6.2769635061e-07   6.3393304650e-10   6.4818316919e-12   6.2880814679e-05   9.8876181284e-02   1.1175686779e-02   1.2246714962e-01   1.0452739445e-09   2.1853623022e-05   3.8915645763e-11   6.5195000000e-01
   1.5400000000e-01   1.5400000000e-01   1.1237927060e+03  -1.8727796429e+06   2.4390747192e-01   2.7646021200e-01   4.1525150816e-04   6.7523354748e-09   3.0851822515e-10   4.0182837908e-03   1.8608144288e-08   1.1045889243e-01   6.0835624523e-07   5.3455875138e-10   5.3219245389e-12   5.9442712763e-05   1.0311048868e-01   1.1135562021e-02   1.2189776595e-01   9.7347138420e-10   2.1677322686e-05   3.3407766315e-11   6.4888200000e-01
   1.5800000000e-01   1.5800000000e-01   1.1156720482e+03  -1.8860991419e+06   2.4278571721e-01   2.7769712126e-01   4.1375493292e-04   6.1311370640e-09   2.6535144355e-10   3.9763531944e-03   1.6061550492e-08   1.0995018776e-01   5.9012366969e-07   4.5076731104e-10   4.3700673952e-12   5.6154099477e-05   1.0734562916e-01   1.1094170050e-02   1.2132760447e-01   9.0811790470e-10   2.1532362640e-05   2.8763994052e-11   6.4581400000e-01
   1.6200000000e-01   1.6200000000e-01   1.1076583923e+03  -1.8994160467e+06   2.4166064704e-01   2.7892976876e-01   4.1220846167e-04   5.5724760945e-09   2.2882126859e-10   3.9368400901e-03   1.3878314674e-08   1.0944002985e-01   5.7286469005e-07   3.8023186821e-10   3.5899873702e-12   5.3021921266e-05   1.1158148224e-01   1.1051656295e-02   1.2075675243e-01   8.4856566711e-10   2.1414912585e-05   2.4851925894e-11   6.4274600000e-01
   1.6600000000e-01   1.6600000000e-01   1.0997526598e+03  -1.9127261374e+06   2.4053263982e-01   2.8015740056e-01   4.1061803806e-04   5.0699775189e-09   1.9782231292e-10   3.8994676439e-03   1.2005626300e-08   1.0892858914e-01   5.5647008053e-07   3.2092076972e-10   2.9512009854e-12   5.0049224682e-05   1.1581794693e-01   1.1008145380e-02   1.2018528726e-01   7.9422376166e-10   2.1321497752e-05   2.1556448847e-11   6.3967800000e-01
   1.7000000000e-01   1.7000000000e-01   1.0919548230e+03  -1.9260265507e+06   2.3940202383e-01   2.8137948910e-01   4.0898873480e-04   4.6178398513e-09   1.7144648755e-10   3.8639957170e-03   1.0398199719e-08   1.0841601282e-01   5.4085142933e-07   2.7107920393e-10   2.4283003984e-12   4.7235995089e-05   1.2005493841e-01   1.0963744700e-02   1.1961327757e-01   7.4455713055e-10   2.1248974509e-05   1.8778602235e-11   6.3661000000e-01
   1.7400000000e-01   1.7400000000e-01   1.0842641458e+03  -1.9393154548e+06   2.3826908473e-01   2.8259568405e-01   4.0732489880e-04   4.2108087696e-09   1.4894543594e-10   3.8302153567e-03   9.0172978832e-09   1.0790242844e-01   5.2593767112e-07   2.2920446810e-10   2.0002461660e-12   4.4579869630e-05   1.2429238527e-01   1.0918547315e-02   1.1904078408e-01   6.9908404528e-10   2.1194506518e-05   1.6434078799e-11   6.3354200000e-01
   1.7800000000e-01   1.7800000000e-01   1.0766793723e+03  -1.9525917885e+06   2.3713407189e-01   2.8380577248e-01   4.0563027087e-04   3.8441440614e-09   1.2970060089e-10   3.7979442059e-03   7.8298470063e-09   1.0738794685e-01   5.1167191952e-07   1.9401846894e-10   1.6497049611e-12   4.2076726863e-05   1.2853022729e-01   1.0872634286e-02   1.1846786048e-01   6.5737259114e-10   2.1155541782e-05   1.4451573691e-11   6.3047400000e-01
   1.8200000000e-01   1.8200000000e-01   1.0691988768e+03  -1.9658550528e+06   2.3599720362e-01   2.8500964646e-01   4.0390808374e-04   3.5135820566e-09   1.1319923696e-10   3.7670226707e-03   6.8076450870e-09   1.0687266475e-01   4.9800842984e-07   1.6443988426e-10   1.3624524426e-12   3.9721159215e-05   1.3276841352e-01   1.0826076569e-02   1.1789455422e-01   6.1903650008e-10   2.1129791200e-05   1.2771122345e-11   6.2740600000e-01
   1.8600000000e-01   1.8600000000e-01   1.0618207833e+03  -1.9791051416e+06   2.3485867156e-01   2.8620727617e-01   4.0216114152e-04   3.2152954210e-09   9.9015095137e-11   3.7373107149e-03   5.9266626813e-09   1.0635666667e-01   4.8490939041e-07   1.3955753280e-10   1.1268493327e-12   3.7506837671e-05   1.3700690079e-01   1.0778936551e-02   1.1732090720e-01   5.8373058474e-10   2.1115209140e-05   1.1342516415e-11   6.2433800000e-01
   1.9000000000e-01   1.9000000000e-01   1.0545430625e+03  -1.9923422006e+06   2.3371864435e-01   2.8739868722e-01   4.0039188382e-04   2.9458521162e-09   8.6792813997e-11   3.7086851730e-03   5.1664316714e-09   1.0584002673e-01   4.7234102213e-07   1.1860586998e-10   9.3339113795e-13   3.5426782988e-05   1.4124565249e-01   1.0731269312e-02   1.1674695643e-01   5.5114599081e-10   2.1109975966e-05   1.0123849730e-11   6.2127000000e-01
   1.9400000000e-01   1.9400000000e-01   1.0473636138e+03  -2.0055665056e+06   2.3257727071e-01   2.8858394055e-01   3.9860243758e-04   2.7021755848e-09   7.6235290817e-11   3.6810374908e-03   4.5095165323e-09   1.0532281006e-01   4.6026825089e-07   1.0094311054e-10   7.7432753808e-13   3.3473564708e-05   1.4548463756e-01   1.0683123657e-02   1.1617273456e-01   5.2100552518e-10   2.1112481533e-05   9.0802238848e-12   6.1820200000e-01
   1.9800000000e-01   1.9800000000e-01   1.0402803354e+03  -2.0187783516e+06   2.3143468205e-01   2.8976311393e-01   3.9679466009e-04   2.4815405182e-09   6.7095573696e-11   3.6542718105e-03   3.9410942977e-09   1.0480507403e-01   4.4864725081e-07   8.6036772170e-11   6.4336112771e-13   3.1639455909e-05   1.4972382965e-01   1.0634542965e-02   1.1559827040e-01   4.9306144451e-10   2.1121307657e-05   8.1830596233e-12   6.1513400000e-01
   2.0800000000e-01   2.0800000000e-01   1.0229764490e+03  -2.0517773296e+06   2.2857546357e-01   2.9268575308e-01   3.9223341277e-04   2.0013270874e-09   4.8798614124e-11   3.5893506328e-03   2.8086497757e-09   1.0350956196e-01   4.2056511923e-07   5.7225868767e-11   4.0167872140e-13   2.7331877195e-05   1.6032227194e-01   1.0512100314e-02   1.1416156789e-01   4.2817392695e-10   2.1156057202e-05   6.3739592950e-12   6.0746400000e-01
   2.2400000000e-01   2.2400000000e-01   9.9641244276e+02  -2.1044435028e+06   2.2398715720e-01   2.9729518806e-01   3.8472912129e-04   1.4533467735e-09   3.0289579573e-11   3.4953080398e-03   1.6757007786e-09   1.0143098104e-01   3.8339482068e-07   3.1000477949e-11   1.9687844641e-13   2.1980524803e-05   1.7728192183e-01   1.0311207296e-02   1.1186023974e-01   3.4924855722e-10   2.1245472176e-05   4.5537643640e-12   5.9519200000e-01
   2.4000000000e-01   2.4000000000e-01   9.7110160606e+02  -2.1570116977e+06   2.1938957120e-01   3.0183669130e-01   3.7708071257e-04   1.0713620414e-09   1.9238967099e-11   3.4079932076e-03   1.0158146513e-09   9.9348472004e-02   3.5283099918e-07   1.7129648874e-11   9.8556515485e-14   1.7792605736e-05   1.9424296472e-01   1.0106809201e-02   1.0955720929e-01   2.8749628724e-10   2.1323019582e-05   3.4044237988e-12   5.8292000000e-01
   2.5600000000e-01   2.5600000000e-01   9.4691933306e+02  -2.2095145359e+06   2.1478554211e-01   3.0632467233e-01   3.6933167456e-04   8.0014821233e-10   1.2459599068e-11   3.3253558403e-03   6.2429718446e-10   9.7263239323e-02   3.2817818679e-07   9.6303585987e-12   5.0256521100e-14   1.4490053625e-05   2.1120492171e-01   9.8999224623e-03   1.0725304865e-01   2.3805075254e-10   2.1360421475e-05   2.6234023711e-12   5.7064800000e-01
   2.7200000000e-01   2.7200000000e-01   9.2376591417e+02  -2.2619755462e+06   2.1017698805e-01   3.1076970629e-01   3.6151260082e-04   6.0439347837e-10   8.2028683480e-12   3.2460131820e-03   3.8826267815e-10   9.5176091884e-02   3.0868099174e-07   5.4956490494e-12   2.6041529457e-14   1.1865452941e-05   2.2816748130e-01   9.6912574886e-03   1.0494812608e-01   1.9775467083e-10   2.1342121235e-05   2.0604890067e-12   5.5837600000e-01
   2.8800000000e-01   2.8800000000e-01   9.0155442097e+02  -2.3144103810e+06   2.0556522823e-01   3.1518142228e-01   3.5364514874e-04   4.6102538847e-10   5.4763348882e-12   3.1690153625e-03   2.4397012195e-10   9.3087583628e-02   2.9352650119e-07   3.1763507104e-12   1.3681991746e-14   9.7640400751e-06   2.4513043653e-01   9.4813167185e-03   1.0264268273e-01   1.6448282321e-10   2.1261429009e-05   1.6371569826e-12   5.4610400000e-01
   3.0400000000e-01   3.0400000000e-01   8.8020838582e+02  -2.3668290220e+06   2.0095118239e-01   3.1956873111e-01   3.4574467593e-04   3.5466675395e-10   3.6998694145e-12   3.0936997716e-03   1.5469025290e-10   9.0998100105e-02   2.8189265949e-07   1.8558173620e-12   7.2745654122e-15   8.0700144810e-06   2.6209364765e-01   9.2704582205e-03   1.0033687939e-01   1.3675607253e-10   2.1117625151e-05   1.3096383679e-12   5.3383200000e-01
   3.2000000000e-01   3.2000000000e-01   8.5965986540e+02  -2.4192376645e+06   1.9633549862e-01   3.2394005824e-01   3.3782204151e-04   2.7487278111e-10   2.5253688050e-12   3.0195984250e-03   9.8868038649e-11   8.8907913190e-02   2.7298969496e-07   1.0942824625e-12   3.9078659720e-15   6.6961337360e-06   2.7905701952e-01   9.0589383688e-03   9.8030825021e-02   1.1351097768e-10   2.0913816165e-05   1.0516843794e-12   5.2156000000e-01
   3.3600000000e-01   3.3600000000e-01   8.3984794504e+02  -2.4716400906e+06   1.9171863729e-01   3.2830353183e-01   3.2988487718e-04   2.1442107660e-10   1.7390574604e-12   2.9463775264e-03   6.3646097603e-11   8.6817216586e-02   2.6608248711e-07   6.5032139688e-13   2.1182663821e-15   5.5760762613e-06   2.9602048730e-01   8.8469412478e-03   9.5724594576e-02   9.3958617027e-11   2.0655350154e-05   8.4633102346e-13   5.0928800000e-01
   3.5200000000e-01   3.5200000000e-01   8.2071760866e+02  -2.5240385939e+06   1.8710092743e-01   3.3266712170e-01   3.2193849877e-04   1.6823363666e-10   1.2069332701e-12   2.8737971644e-03   4.1244264448e-11   8.4726149422e-02   2.6050278473e-07   3.8910836056e-13   1.1574203961e-15   4.6589142708e-06   3.1298400703e-01   8.6345992614e-03   9.3418240247e-02   7.7495749825e-11   2.0348673356e-05   6.8184892487e-13   4.9701600000e-01
   3.6800000000e-01   3.6800000000e-01   8.0221888235e+02  -2.5764345695e+06   1.8248260523e-01   3.3703873785e-01   3.1398656399e-04   1.3268443344e-10   8.4346438018e-13   2.8016839244e-03   2.6895038661e-11   8.2634812225e-02   2.5566294160e-07   2.3421207393e-13   6.3701540907e-16   3.9051198189e-06   3.2994754930e-01   8.4220077362e-03   9.1111798708e-02   6.3647269150e-11   2.0000537720e-05   5.4967324395e-13   4.8474400000e-01
   3.8400000000e-01   3.8400000000e-01   7.8430617264e+02  -2.6288288756e+06   1.7786384074e-01   3.4142630054e-01   3.0603154995e-04   1.0514726697e-10   5.9318215457e-13   2.7299119383e-03   1.7644825727e-11   8.0543277942e-02   2.5106581701e-07   1.4174147271e-13   3.5297169803e-16   3.2836875105e-06   3.4691109492e-01   8.2092353560e-03   8.8805295888e-02   5.2028242366e-11   1.9617479864e-05   4.4329442522e-13   4.7247200000e-01
   4.0000000000e-01   4.0000000000e-01   7.6693774086e+02  -2.6812220496e+06   1.7324475660e-01   3.4583779206e-01   2.9807509995e-04   8.3695519283e-11   4.1961133981e-13   2.6583895791e-03   1.1646318036e-11   7.8451599673e-02   2.4631069146e-07   8.6213039751e-14   1.9684925664e-16   2.7700540439e-06   3.6387463181e-01   7.9963316506e-03   8.6498750177e-02   4.2318501231e-11   1.9205507650e-05   3.5762871875e-13   4.6020000000e-01
   4.1600000000e-01   4.1600000000e-01   7.5007527295e+02  -2.7336144358e+06   1.6862544141e-01   3.5028129808e-01   2.9011827408e-04   6.6899482441e-11   2.9847493719e-13   2.5870500071e-03   7.7345606005e-12   7.6359816141e-02   2.4109556193e-07   5.2692453261e-14   1.1047876851e-16   2.3445830352e-06   3.8083815285e-01   7.7833323785e-03   8.4192174618e-02   3.4245532021e-11   1.8769939754e-05   2.8863677794e-13   4.4792800000e-01
   4.3200000000e-01   4.3200000000e-01   7.3368351819e+02  -2.7860062600e+06   1.6400595919e-01   3.5476504369e-01   2.8216172930e-04   5.3687395456e-11   2.1344486097e-13   2.5158443923e-03   5.1696126357e-12   7.4267955623e-02   2.3521545276e-07   3.2358638670e-14   6.2399374591e-17   1.9914519519e-06   3.9780165431e-01   7.5702633961e-03   8.1885578439e-02   2.7573056713e-11   1.8315352000e-05   2.3307624540e-13   4.3565600000e-01
   4.4800000000e-01   4.4800000000e-01   7.1772997957e+02  -2.8383976744e+06   1.5938635620e-01   3.5929742760e-01   2.7420584784e-04   4.3248727839e-11   1.5343959299e-13   2.4447370212e-03   3.4785180633e-12   7.2176038781e-02   2.2855634484e-07   1.9966641142e-14   3.5471905555e-17   1.6978262714e-06   4.1476513473e-01   7.3571434372e-03   7.9578968139e-02   2.2093605029e-11   1.7845593218e-05   1.8833058038e-13   4.2338400000e-01
   4.6400000000e-01   4.6400000000e-01   7.0218464420e+02  -2.8907887836e+06   1.5476666591e-01   3.6388705651e-01   2.6625082816e-04   3.4965888125e-11   1.1087944685e-13   2.3737017470e-03   2.3572730308e-12   7.0084080714e-02   2.2108483594e-07   1.2380071334e-14   2.0298457209e-17   1.4532396336e-06   4.3172859412e-01   7.1439861076e-03   7.7272348262e-02   1.7623864320e-11   1.7363842225e-05   1.5228389333e-13   4.1111200000e-01
   4.8000000000e-01   4.8000000000e-01   6.8701974652e+02  -2.9431796614e+06   1.5014691248e-01   3.6854278089e-01   2.5829674865e-04   2.8365326488e-11   8.0544765942e-14   2.3027194071e-03   1.6094747140e-12   6.7992092458e-02   2.1283430489e-07   7.7140791125e-15   1.1694900338e-17   1.2491224107e-06   4.4869203343e-01   6.9308013160e-03   7.4965721958e-02   1.4001868410e-11   1.6872685495e-05   1.2322532354e-13   3.9884000000e-01
   4.9600000000e-01   4.9600000000e-01   6.7220955860e+02  -2.9955703610e+06   1.4552711339e-01   3.7327373312e-01   2.5034361189e-04   2.3082053827e-11   5.8819708143e-14   2.2317759411e-03   1.1076332165e-12   6.5900082084e-02   2.0388888324e-07   4.8308452634e-15   6.7851786512e-18   1.0784379018e-06   4.6565545411e-01   6.7175962992e-03   7.2659091391e-02   1.1085277039e-11   1.6374201648e-05   9.9773599670e-14   3.8656800000e-01
   5.1200000000e-01   5.1200000000e-01   6.5773020375e+02  -3.0479609213e+06   1.4090728125e-01   3.7808936839e-01   2.4239137495e-04   1.8833572926e-11   4.3186146830e-14   2.1608610188e-03   7.6861444757e-13   6.3808055489e-02   1.9436679898e-07   3.0406071332e-15   3.9647636348e-18   9.3539729906e-07   4.8261885789e-01   6.5043763590e-03   7.0352458027e-02   8.7501713373e-12   1.5870044026e-05   8.0816212736e-14   3.7429600000e-01
   5.2800000000e-01   5.2800000000e-01   6.4355949036e+02  -3.1003513713e+06   1.3628742520e-01   3.8299950903e-01   2.3443996977e-04   1.5400507489e-11   3.1881900900e-14   2.0899670403e-03   5.3796399652e-13   6.1716016989e-02   1.8440462524e-07   1.9234975924e-15   2.3334509833e-18   8.1523305818e-07   4.9958224658e-01   6.2911453901e-03   6.8045822853e-02   6.8899679215e-12   1.5361516384e-05   6.5459719527e-14   3.6202400000e-01
   5.4400000000e-01   5.4400000000e-01   6.2967676348e+02  -3.1527417329e+06   1.3166755184e-01   3.8801439254e-01   2.2648931662e-04   1.2612066697e-11   2.3668160726e-14   2.0190884062e-03   3.7985051545e-13   5.9623969743e-02   1.7414369408e-07   1.2228762674e-15   1.3832677814e-18   7.1401628526e-07   5.1654562193e-01   6.0779062619e-03   6.5739186520e-02   5.4142247274e-12   1.4849639333e-05   5.2988875513e-14   3.4975200000e-01
   5.6000000000e-01   5.6000000000e-01   6.1606277221e+02  -3.2051320229e+06   1.2704766595e-01   3.9314472380e-01   2.1853933269e-04   1.0335049979e-11   1.7670194009e-14   1.9482209861e-03   2.7058558771e-13   5.7531916065e-02   1.6371951264e-07   7.8120117309e-16   8.2585144446e-19   6.2850793875e-07   5.3350898562e-01   5.8646610930e-03   6.3432549455e-02   4.2472557802e-12   1.4335206877e-05   4.2832976447e-14   3.3748000000e-01
   5.7600000000e-01   5.7600000000e-01   6.0269955119e+02  -3.2575222544e+06   1.2242777098e-01   3.9840173192e-01   2.1058993734e-04   8.4654768077e-12   1.3267646359e-14   1.8773617303e-03   1.9443121711e-13   5.5439857654e-02   1.5325454321e-07   5.0133000081e-16   4.9648266420e-19   5.5603654789e-07   5.5047233916e-01   5.6514114511e-03   6.1125911934e-02   3.3265740192e-12   1.3818833406e-05   3.4538183539e-14   3.2520800000e-01
   5.9200000000e-01   5.9200000000e-01   5.8957031469e+02  -3.3099124377e+06   1.1780786944e-01   4.0379723219e-01   2.0264105502e-04   6.9221823717e-12   1.0018647650e-14   1.8065083851e-03   1.4087693074e-13   5.3347795757e-02   1.4285426703e-07   3.2308261790e-16   3.0045769906e-19   4.9439715122e-07   5.6743568392e-01   5.4381584980e-03   5.8819274131e-02   2.6012371297e-12   1.3300992064e-05   2.7744839705e-14   3.1293600000e-01
   6.0800000000e-01   6.0800000000e-01   5.7665936222e+02  -3.3623025810e+06   1.1318796316e-01   4.0934369373e-01   1.9469261671e-04   5.6418930478e-12   7.6071000508e-15   1.7356592844e-03   1.0286466641e-13   5.1255731293e-02   1.3260610600e-07   2.0899470973e-16   1.8296066165e-19   4.4176753435e-07   5.8439902113e-01   5.2249030957e-03   5.6512636158e-02   2.0301877709e-12   1.2782045637e-05   2.2168924662e-14   3.0066400000e-01
   6.2400000000e-01   6.2400000000e-01   5.6395199454e+02  -3.4146926908e+06   1.0856805347e-01   4.1505431341e-01   1.8674456038e-04   4.5754127844e-12   5.8059412687e-15   1.6648131957e-03   7.5627089397e-14   4.9163664939e-02   1.2258055602e-07   1.3562537044e-16   1.1204357007e-19   3.9663879181e-07   6.0136235184e-01   5.0116458846e-03   5.4205998081e-02   1.5806693253e-12   1.2262271152e-05   1.7586888949e-14   2.8839200000e-01
   6.4000000000e-01   6.4000000000e-01   5.5143443912e+02  -3.4670827725e+06   1.0394814131e-01   4.2094309678e-01   1.7879683082e-04   3.6846322401e-12   4.4514597152e-15   1.5939692061e-03   5.5924277939e-14   4.7071597195e-02   1.1283379225e-07   8.8232044058e-17   6.8954954520e-20   3.5775789179e-07   6.1832567701e-01   4.7983873402e-03   5.1899359943e-02   1.2267747414e-12   1.1741879294e-05   1.3823183133e-14   2.7612000000e-01
   6.5600000000e-01   6.5600000000e-01   5.3909378437e+02  -3.5194728304e+06   9.9328227395e-02   4.2702494680e-01   1.7084937919e-04   2.9401319496e-12   3.4252752328e-15   1.5231266386e-03   4.1539972651e-14   4.4979528430e-02   1.0341101485e-07   5.7494248836e-17   4.2610362748e-20   3.2408038489e-07   6.3528899744e-01   4.5851278161e-03   4.9592721769e-02   9.4815992570e-13   1.1221029634e-05   1.0739885904e-14   2.6384800000e-01
   6.7200000000e-01   6.7200000000e-01   5.2691792196e+02  -3.5718628680e+06   9.4708312230e-02   4.3331576121e-01   1.6290216232e-04   2.3192021044e-12   2.6416398751e-15   1.4522849885e-03   3.0947527125e-14   4.2887458919e-02   9.4349879329e-08   3.7488538396e-17   2.6410622257e-20   2.9473173400e-07   6.5225231385e-01   4.3718675745e-03   4.7286083574e-02   7.2893130496e-13   1.0699842505e-05   8.2279567960e-15   2.5157600000e-01
   6.8800000000e-01   6.8800000000e-01   5.1489549661e+02  -3.6242528885e+06   9.0088396182e-02   4.3983253956e-01   1.5495514210e-04   1.8041552270e-12   2.0384238057e-15   1.3814438783e-03   2.3087232078e-14   4.0795388864e-02   8.5683463685e-08   2.4430757700e-17   1.6398856958e-20   2.6897599807e-07   6.6921562687e-01   4.1586068103e-03   4.4979445366e-02   5.5670279281e-13   1.0178408233e-05   6.1998073619e-15   2.3930400000e-01
   7.0400000000e-01   7.0400000000e-01   5.0301586297e+02  -3.6766428942e+06   8.5468479518e-02   4.4659350109e-01   1.4700828487e-04   1.3808684382e-12   1.5706442105e-15   1.3106030231e-03   1.7217078964e-14   3.8703318414e-02   7.7442344044e-08   1.5890928265e-17   1.0185704051e-20   2.4619079979e-07   6.8617893703e-01   3.9453456674e-03   4.2672807152e-02   4.2181063495e-13   9.6567942776e-06   4.5830832011e-15   2.2703200000e-01
   7.2000000000e-01   7.2000000000e-01   4.9126904915e+02  -3.7290328873e+06   8.0848562427e-02   4.5361821453e-01   1.3906156090e-04   1.0375529601e-12   1.2057470041e-15   1.2397622069e-03   1.2812251588e-14   3.6611247681e-02   6.9655477840e-08   1.0300659118e-17   6.3182276038e-21   2.2584765563e-07   7.0314224481e-01   3.7320842525e-03   4.0366168933e-02   3.1667337866e-13   9.1350507466e-06   3.3157253905e-15   2.1476000000e-01
   7.3600000000e-01   7.3600000000e-01   4.7964572658e+02  -3.7814228696e+06   7.6228645044e-02   4.6092774135e-01   1.3111494399e-04   7.6379286614e-13   9.2011079100e-16   1.1689212655e-03   9.4972023990e-15   3.4519176745e-02   6.2349744115e-08   6.6425323052e-18   3.9068284931e-21   2.0749684032e-07   7.2010555063e-01   3.5188226438e-03   3.8059530711e-02   2.3528505046e-13   8.6132146390e-06   2.3424567393e-15   2.0248800000e-01
   7.5200000000e-01   7.5200000000e-01   4.6813718593e+02  -3.8338128426e+06   7.1608727465e-02   4.6854479397e-01   1.2316841130e-04   5.4990333964e-13   6.9643494782e-16   1.0980800756e-03   6.9996923635e-15   3.2427105668e-02   5.5548190097e-08   4.2532798608e-18   2.4031891762e-21   1.9075598958e-07   7.3706885484e-01   3.3055608984e-03   3.5752892488e-02   1.7282919960e-13   8.0913131005e-06   1.6127605115e-15   1.9021600000e-01
   7.6800000000e-01   7.6800000000e-01   4.5673531896e+02  -3.8862028076e+06   6.6988809757e-02   4.7649391062e-01   1.1522194316e-04   3.8662409014e-13   5.2180660299e-16   1.0272385479e-03   5.1197063115e-15   3.0335034491e-02   4.9267293627e-08   2.6984768633e-18   1.4672254296e-21   1.7530161687e-07   7.5403215776e-01   3.0922990582e-03   3.3446254264e-02   1.2539831897e-13   7.5693659073e-06   1.0802062236e-15   1.7794400000e-01
   7.8400000000e-01   7.8400000000e-01   4.4543260593e+02  -3.9385927658e+06   6.2368891963e-02   4.8480164887e-01   1.0727552297e-04   2.6510227521e-13   3.8631723748e-16   9.5639662310e-04   3.7084217474e-15   2.8242963247e-02   4.3513837154e-08   1.6923911196e-18   8.8682665645e-22   1.6086266235e-07   7.7099545965e-01   2.8790371528e-03   3.1139616040e-02   8.9798561575e-14   7.0473873513e-06   7.0273383111e-16   1.6567200000e-01
   8.0000000000e-01   8.0000000000e-01   4.3422210867e+02  -3.9909827180e+06   5.7748974114e-02   4.9349679986e-01   9.9329137173e-05   1.7706378946e-13   2.8212797557e-16   8.8555426911e-04   2.6539050315e-15   2.6150891958e-02   3.8282198577e-08   1.0464635886e-18   5.2909664631e-22   1.4721517526e-07   7.8795876073e-01   2.6657752037e-03   2.8832977815e-02   6.3416583080e-14   6.5253876598e-06   4.4336631226e-16   1.5340000000e-01
   8.1600000000e-01   8.1600000000e-01   4.2309746890e+02  -4.0433726651e+06   5.3129056230e-02   5.0261062584e-01   9.1382775083e-05   1.1505030158e-13   2.0288416908e-16   8.1471147860e-04   1.8712510135e-15   2.4058820639e-02   3.3552861687e-08   6.3600947626e-19   3.1050734396e-22   1.3417733589e-07   8.0492206119e-01   2.4525132255e-03   2.6526339590e-02   4.4126078618e-14   6.0033740589e-06   2.7085339743e-16   1.4112800000e-01
   8.3200000000e-01   8.3200000000e-01   4.1205291184e+02  -4.0957626077e+06   4.8509138324e-02   5.1217712354e-01   8.3436428626e-05   7.2618490415e-14   1.4337888473e-16   7.4386826563e-04   1.2956401719e-15   2.1966749301e-02   2.9292661210e-08   3.7855883450e-19   1.7848347277e-22   1.2160428930e-07   8.2188536116e-01   2.2392512287e-03   2.4219701365e-02   3.0216183050e-14   5.4813515677e-06   1.5992604569e-16   1.2885600000e-01
   8.4800000000e-01   8.4800000000e-01   4.0108325475e+02  -4.1481525465e+06   4.3889220404e-02   5.2223331666e-01   7.5490091998e-05   4.4442354108e-14   9.9365796824e-17   6.7302466146e-04   8.7733440929e-16   1.9874677952e-02   2.5456783226e-08   2.1966596942e-19   9.9948188532e-23   1.0938263565e-07   8.3884866077e-01   2.0259892200e-03   2.1913063140e-02   2.0330398294e-14   4.9593235938e-06   9.1065097491e-17   1.1658400000e-01
   8.6400000000e-01   8.6400000000e-01   3.9018392021e+02  -4.2005424820e+06   3.9269302475e-02   5.3281958090e-01   6.7543761240e-05   2.6306296381e-14   6.7407581996e-17   6.0218070965e-04   5.7800346153e-16   1.7782606595e-02   2.1992054464e-08   1.2354010143e-19   5.4144544305e-23   9.7424769455e-08   8.5581196011e-01   1.8127272041e-03   1.9606424915e-02   1.3410712066e-14   4.4372923824e-06   4.9864685854e-17   1.0431200000e-01
   8.8000000000e-01   8.8000000000e-01   3.7935095379e+02  -4.2529324149e+06   3.4649384542e-02   5.4398000549e-01   5.9597433795e-05   1.5009509666e-14   4.4680190216e-17   5.3133646102e-04   3.6800291025e-16   1.5690535235e-02   1.8840786866e-08   6.6813530717e-20   2.8108248382e-23   8.5663455651e-08   8.7277525923e-01   1.5994651840e-03   1.7299786689e-02   8.6456343163e-15   3.9152593578e-06   2.6158126961e-17   9.2040000000e-02
   8.9600000000e-01   8.9600000000e-01   3.6858104574e+02  -4.3053223459e+06   3.0029466605e-02   5.5576279594e-01   5.1651108110e-05   8.2162786212e-15   2.8813876956e-17   4.6049196914e-04   2.2435416989e-16   1.3598463872e-02   1.5944472615e-08   3.4372571927e-20   1.3799923772e-23   7.4047033858e-08   8.8973855821e-01   1.3862031614e-03   1.4993148464e-02   5.4228094927e-15   3.3932253813e-06   1.3079266472e-17   7.9768000000e-02
   9.1200000000e-01   9.1200000000e-01   3.5787155588e+02  -4.3577122757e+06   2.5409548667e-02   5.6822072317e-01   4.3704783295e-05   4.2861793612e-15   1.7892518363e-17   3.8964728667e-04   1.2924654527e-16   1.1506392508e-02   1.3246866339e-08   1.6559919131e-20   6.2845561708e-24   6.2535508549e-08   9.0670185707e-01   1.1729411374e-03   1.2686510239e-02   3.2872515562e-15   2.8711909441e-06   6.1895143946e-18   6.7496000000e-02
   9.2800000000e-01   9.2800000000e-01   3.4722054111e+02  -4.4101022046e+06   2.0789630728e-02   5.8141162560e-01   3.5758458879e-05   2.1097068372e-15   1.0511241033e-17   3.1880246266e-04   6.8922855204e-17   9.4143211428e-03   1.0696292729e-08   7.2980620316e-21   2.5755365095e-24   5.1097607464e-08   9.2366515586e-01   9.5967911279e-04   1.0379872014e-02   1.9058548783e-15   2.3491563061e-06   2.7441240592e-18   5.5224000000e-02
   9.4400000000e-01   9.4400000000e-01   3.3662678434e+02  -4.4624921331e+06   1.6169712789e-02   5.9539897166e-01   2.7812134626e-05   9.6454066989e-16   5.7122906094e-18   2.4795754066e-04   3.2841573431e-17   7.3222497778e-03   8.2472579127e-09   2.8355508320e-21   9.0165667727e-25   3.9708748596e-08   9.4062845459e-01   7.4641708786e-04   8.0732337884e-03   1.0382358385e-15   1.8271215922e-06   1.1223309299e-18   4.2952000000e-02
   9.6000000000e-01   9.6000000000e-01   3.2608982350e+02  -4.5148820614e+06   1.1549794849e-02   6.1025249176e-01   1.9865810433e-05   3.9888916697e-16   2.8069345375e-18   1.7711255743e-04   1.3034904927e-17   5.2301784128e-03   5.8615739818e-09   9.1523106233e-22   2.4321554220e-25   2.8349777235e-08   9.5759175330e-01   5.3315506279e-04   5.7665955632e-03   5.1347226673e-16   1.3050868553e-06   4.1318141881e-19   3.0680000000e-02
   9.7600000000e-01   9.7600000000e-01   3.1560997933e+02  -4.5672719896e+06   6.9298769095e-03   6.2604889086e-01   1.1919486258e-05   1.4215648340e-16   1.2061933736e-18   1.0626754192e-04   3.6036190445e-18   3.1381070477e-03   3.5092386633e-09   2.2685844669e-22   3.8948067960e-26   1.7006312573e-08   9.7455505198e-01   3.1989303768e-04   3.4599573379e-03   2.1205178166e-16   7.8305211349e-07   1.3171344054e-19   1.8408000000e-02
   9.9200000000e-01   9.9200000000e-01   3.0518838182e+02  -4.6196619134e+06   2.3099589698e-03   6.4287265099e-01   3.9731620857e-06   3.6089618324e-17   3.3382528299e-19   3.5422514423e-05   3.0591393953e-19   1.0460356826e-03   1.1692807976e-09   4.3870571025e-23   1.1532612465e-27   5.6685565201e-09   9.9151835066e-01   1.0663101256e-04   1.1533191126e-03   5.1444910906e-17   2.6101737117e-07   3.1429860643e-20   6.1360000000e-03
   1.0000000000e+00   1.0000000000e+00   3.0000000000e+02  -4.6458568819e+06   0.0000000000e+00   6.5169855213e-01   0.0000000000e+00   0.0000000000e+00   0.0000000000e+00   0.0000000000e+00   0.0000000000e+00   0.0000000000e+00   0.0000000000e+00   0.0000000000e+00   0.0000000000e+00   0.0000000000e+00   1.0000000000e+00   0.0000000000e+00   0.0000000000e+00   0.0000000000e+00   0.0000000000e+00   0.0000000000e+00   0.0000000000e+00