# L (m)  = 1
# P (Pa) = 101325
#             001_x           002_mixf              003_T              004_h             005_pv        006_density             007_H2              008_H              009_O             010_O2             011_OH            012_H2O            013_HO2            014_CH2         015_CH2(S)            016_CH3            017_CH4             018_CO            019_CO2            020_HCO           021_CH2O          022_CH2OH             023_N2
                  0   0.0000000000e+00   3.0000000000e+02   1.9075768848e+03   0.0000000000e+00   1.1719839921e+00   0.0000000000e+00   0.0000000000e+00   0.0000000000e+00   2.3300000000e-01   0.0000000000e+00   0.0000000000e+00   0.0000000000e+00   0.0000000000e+00   0.0000000000e+00   0.0000000000e+00   0.0000000000e+00   0.0000000000e+00   0.0000000000e+00   0.0000000000e+00   0.0000000000e+00   0.0000000000e+00   7.6700000000e-01
   2.0000000000e-03   2.0000000000e-03   3.0569180957e+02  -3.0073756787e+04   3.1469804806e-03   1.1478672163e+00   1.6511855007e-05   2.0025781289e-15   9.1982658576e-15   2.3010463623e-01   8.8754278779e-11   1.4715460842e-03   2.1860438568e-07   1.8212850098e-14   7.9976485291e-16   2.9413978657e-06   1.2757638234e-03   5.4993168014e-04   1.1089908612e-03   1.5274398839e-14   3.4593779395e-06   1.6820082377e-18   7.6546600000e-01
   6.0000000000e-03   6.0000000000e-03   3.1704199609e+02  -9.3915636135e+04   9.4368436184e-03   1.1023743399e+00   4.9516846263e-05   8.3065345201e-15   2.5478868770e-14   2.2431708209e-01   2.6519188429e-10   4.4127129965e-03   6.5516046005e-07   1.3616395130e-13   6.8561118766e-15   8.8157067991e-06   3.8282319173e-03   1.6491104397e-03   3.3255033359e-03   1.2188135730e-13   1.0371243453e-05   1.8203346277e-17   7.6239800000e-01
   1.0000000000e-02   1.0000000000e-02   3.2849882568e+02  -1.5737669977e+05   1.5714426826e-02   1.0597172274e+00   8.2465732559e-05  -7.5437942839e-14   2.9926746451e-14   2.1853903677e-01   4.4261948064e-10   7.3481105352e-03   1.0906606832e-06   3.5931572714e-13   1.8357570017e-14   1.4665014984e-05   6.3835178152e-03   2.7462375348e-03   5.5376130239e-03   3.4262984173e-13   1.7262467697e-05   6.9960929883e-17   7.5933000000e-01
   1.4000000000e-02   1.4000000001e-02   3.4025876223e+02  -2.2017281499e+05   2.1971588601e-02   1.0190612162e+00   1.1532128141e-04  -5.0063214462e-13   5.9444529365e-15   2.1277680310e-01   6.2729018980e-10   1.0273913756e-02   1.5257821492e-06   6.8671648195e-13   3.5184755785e-14   2.0473420710e-05   8.9434890795e-03   3.8399523267e-03   7.7424012367e-03   6.9801437302e-13   2.4119388645e-05   2.2967778302e-16   7.5626200000e-01
   1.8000000000e-02   1.8000000002e-02   3.5252038699e+02  -2.8201133790e+05   2.8200254888e-02   9.7975914016e-01   1.4804651587e-04  -1.0755521714e-12  -3.6944893122e-14   2.0703663072e-01   8.3114735060e-10   1.3186329565e-02   1.9620000939e-06   1.1307951895e-12   5.7929124613e-14   2.6225586557e-05   1.1509997484e-02   4.9289048605e-03   9.9369739469e-03   1.2257308185e-12   3.0928489934e-05   6.0872798189e-16   7.5319400000e-01
   2.2000000000e-02   2.2000000002e-02   3.6544716856e+02  -3.4262983913e+05   3.4392445557e-02   9.4141575828e-01   1.8060481525e-04  -8.1677964946e-13  -4.6919590330e-14   2.0132469572e-01   1.0719609092e-09   1.6081609216e-02   2.4014037119e-06   1.7228755270e-12   8.7987345559e-14   3.1906733498e-05   1.4084873058e-02   6.0117600659e-03   1.2118471460e-02   1.9862169250e-12   3.7676454158e-05   1.0596444044e-15   7.5012600000e-01
   2.6000000000e-02   2.6000000000e-02   3.7914927744e+02  -4.0181645338e+05   4.0540300343e-02   9.0387254245e-01   2.1296001441e-04   3.7778517805e-13  -8.5857237328e-15   1.9564708032e-01   1.3654863823e-09   1.8956060556e-02   2.8468774766e-06   2.5062984645e-12   1.2748341900e-13   3.7502766073e-05   1.6669918114e-02   7.0872018780e-03   1.4284077894e-02   3.0677540437e-12   4.4350211772e-05   1.3950111159e-15   7.4705800000e-01
   3.0000000000e-02   3.0000000000e-02   3.9369270080e+02  -4.5940204733e+05   4.6636104133e-02   8.6712278297e-01   2.4507650113e-04   1.5248278893e-12   2.8200625171e-14   1.9000975333e-01   1.7229731466e-09   2.1806059963e-02   3.3019959098e-06   3.5291455527e-12   1.7910627487e-13   4.3000296473e-05   1.9266901528e-02   8.1539372588e-03   1.6431030409e-02   4.5994452857e-12   5.0936982978e-05   1.9944017989e-15   7.4399000000e-01
   3.4000000000e-02   3.4000000000e-02   4.0910916520e+02  -5.1525121602e+05   5.2672311454e-02   8.3124444856e-01   2.7691931168e-04   2.3340248452e-12   2.9584922499e-14   1.8441855159e-01   2.1568563636e-09   2.4628063893e-02   3.7706001072e-06   4.8484627991e-12   2.4591156713e-13   4.8386565329e-05   2.1877553314e-02   9.2107001021e-03   1.8556628148e-02   6.7569205824e-12   5.7424309358e-05   3.4019974237e-15   7.4092200000e-01
   3.8000000000e-02   3.8000000000e-02   4.2539391644e+02  -5.6926621244e+05   5.8641570039e-02   7.9637287603e-01   3.0845422388e-04   3.5649145610e-12   3.0483563417e-14   1.7887916177e-01   2.6809805941e-09   2.7418619994e-02   4.2566543372e-06   6.5295714298e-12   3.3102234722e-13   5.3649469494e-05   2.4503559297e-02   1.0256254998e-02   2.0658240823e-02   9.7595888680e-12   6.3800073907e-05   5.8723420228e-15   7.3785400000e-01
   4.2000000000e-02   4.2000000000e-02   4.4249793628e+02  -6.2139747829e+05   6.4536743329e-02   7.6268689876e-01   3.3964784771e-04   6.1673587812e-12   1.1881656071e-13   1.7339710292e-01   3.3052933677e-09   3.0174377714e-02   4.7643110152e-06   8.6349570379e-12   4.3719821133e-13   5.8777667549e-05   2.7146555934e-02   1.1289400842e-02   2.2733316926e-02   1.3871522122e-11   7.0052508414e-05   9.6671523385e-15   7.3478600000e-01
   4.6000000000e-02   4.6000000000e-02   4.6032145691e+02  -6.7165368430e+05   7.0350931829e-02   7.3039267556e-01   3.7046771335e-04   1.0964230671e-11   4.1743569352e-13   1.6797770993e-01   4.0326855370e-09   3.2892098352e-02   5.2978809556e-06   1.1215034726e-11   5.6642169411e-13   6.3760660471e-05   2.9808125436e-02   1.2308974270e-02   2.4779391494e-02   1.9406907533e-11   7.6170187338e-05   1.5430950559e-14   7.3171800000e-01
   5.0000000000e-02   5.0000000000e-02   4.7871785652e+02  -7.2010104193e+05   7.6077493180e-02   6.9969476913e-01   4.0088235682e-04   1.9016579754e-11   1.1258303859e-12   1.6262611815e-01   4.8605688464e-09   3.5568664505e-02   5.8616997473e-06   1.4309569521e-11   7.1981982803e-13   6.8588850770e-05   3.2489791191e-02   1.3313852903e-02   2.6794093414e-02   2.6742064395e-11   8.2142010432e-05   2.4285786016e-14   7.2865000000e-01
   5.4000000000e-02   5.4000000000e-02   4.9755004677e+02  -7.6680267712e+05   8.1710060883e-02   6.7070704452e-01   4.3086140319e-04   3.2212300436e-11   2.6661507305e-12   1.5734724897e-01   5.7875371517e-09   3.8201088864e-02   6.4599937030e-06   1.7964276815e-11   8.9841802020e-13   7.3253621165e-05   3.5193013471e-02   1.4302958393e-02   2.8775152223e-02   3.6357943134e-11   8.7957180760e-05   3.7921365760e-14   7.2558200000e-01
   5.8000000000e-02   5.8000000000e-02   5.1697664304e+02  -8.1148657177e+05   8.7242561558e-02   6.4311859841e-01   4.6037564752e-04   5.4364755511e-11   6.0211572765e-12   1.5214579666e-01   6.8284864354e-09   4.0786522311e-02   7.0967588961e-06   2.2267836308e-11   1.1055900980e-12   7.7747445895e-05   3.7919185428e-02   1.5275259234e-02   3.0720404365e-02   4.9002775121e-11   9.3605183730e-05   5.9198106939e-14   7.2251400000e-01
   6.2000000000e-02   6.2000000000e-02   5.3830846741e+02  -8.5251483058e+05   9.2669230639e-02   6.1536712439e-01   4.8939713480e-04   9.4399541619e-11   1.3488136569e-11   1.4702621640e-01   8.0386540851e-09   4.3322261268e-02   7.7755302158e-06   2.7390321596e-11   1.3515542928e-12   8.2064036192e-05   4.0669629410e-02   1.6229773356e-02   3.2627798881e-02   6.6224061189e-11   9.9075738648e-05   9.4409961994e-14   7.1944600000e-01
   6.6000000000e-02   6.6000000000e-02   5.6424850232e+02  -8.8649465693e+05   9.7984626365e-02   5.8493812498e-01   5.1789924861e-04   1.7304191023e-10   3.0281987803e-11   1.4199271429e-01   9.5114430757e-09   4.5805754179e-02   8.4987214778e-06   3.3555933889e-11   1.6543929424e-12   8.6198592258e-05   4.3445593640e-02   1.7165570439e-02   3.4495402499e-02   9.1307414273e-11   1.0435854998e-04   1.5840022293e-13   7.1637800000e-01
   7.0000000000e-02   7.0000000000e-02   5.9520131293e+02  -9.1260264029e+05   1.0318364188e-01   5.5251336857e-01   5.4585683345e-04   3.2724501605e-10   6.7418710711e-11   1.3704923980e-01   1.1283413582e-08   4.8234606999e-02   9.2663132784e-06   4.0931984552e-11   2.0251145525e-12   9.0148420625e-05   4.6248249151e-02   1.8081773957e-02   3.6321404091e-02   1.2891759056e-10   1.0944258243e-04   2.7812048443e-13   7.1331000000e-01
   7.4000000000e-02   7.4000000000e-02   6.2845498206e+02  -9.3380130836e+05   1.0826151562e-01   5.2139930237e-01   5.7324634970e-04   6.0654179242e-10   1.4573205636e-10   1.3219947943e-01   1.3270758094e-08   5.0606587805e-02   1.0074735110e-05   4.9505606219e-11   2.4546584411e-12   9.3914012574e-05   4.9078686608e-02   1.8977562939e-02   3.8104118522e-02   1.8359191869e-10   1.1431534242e-04   4.9115598568e-13   7.1024200000e-01
   7.8000000000e-02   7.8000000000e-02   6.6178090570e+02  -9.5266644708e+05   1.1321384027e-01   4.9337832954e-01   6.0004601416e-04   1.0678508435e-09   2.9978427670e-10   1.2744684996e-01   1.5356386663e-08   5.2919630868e-02   1.0916597619e-05   5.9167229892e-11   2.9265874606e-12   9.7500076660e-05   5.1937913138e-02   1.9852173481e-02   3.9841989905e-02   2.6009922704e-10   1.1896291163e-04   8.4486488952e-13   7.0717400000e-01
   8.2000000000e-02   8.2000000000e-02   6.9414014482e+02  -9.7045463445e+05   1.1803657030e-01   4.6871478600e-01   6.2623590669e-04   1.7687281931e-09   5.7884235650e-10   1.2279449231e-01   1.7471133814e-08   5.5171840151e-02   1.1780816443e-05   6.9920951036e-11   3.4318465173e-12   1.0091618951e-04   5.4826849679e-02   2.0704900005e-02   4.1533594240e-02   3.6428324917e-10   1.2337044413e-04   1.3941623596e-12   7.0410600000e-01
   8.6000000000e-02   8.6000000000e-02   7.2512697204e+02  -9.8770094737e+05   1.2272602775e-01   4.4711081429e-01   6.5179803654e-04   2.7575701571e-09   1.0416289034e-09   1.1824526634e-01   1.9605750635e-08   5.7361492072e-02   1.2652979753e-05   8.1963570455e-11   3.9723010083e-12   1.0417698229e-04   5.7746329173e-02   2.1535096252e-02   4.3177641386e-02   5.0318372943e-10   1.2752278278e-04   2.1955894268e-12   7.0103800000e-01
   9.0000000000e-02   9.0000000000e-02   7.5459415456e+02  -1.0046436686e+06   1.2727890616e-01   4.2815515210e-01   6.7671635893e-04   4.0625181237e-09   1.7435665098e-09   1.1380174684e-01   2.1786702458e-08   5.9487037422e-02   1.3516040943e-05   9.5636483762e-11   4.5571616006e-12   1.0730175414e-04   6.0697095745e-02   2.2342176006e-02   4.4772976377e-02   6.8447032321e-10   1.3140507972e-04   3.2983409381e-12   6.9797000000e-01
   9.4000000000e-02   9.4000000000e-02   7.8249832292e+02  -1.0214019595e+06   1.3169227282e-01   4.1146089620e-01   7.0097673355e-04   5.6825484711e-09   2.7193016721e-09   1.0946622053e-01   2.4046970607e-08   6.1547102432e-02   1.4351356100e-05   1.1133546885e-10   5.1976690292e-12   1.1031342669e-04   6.3679804999e-02   2.3125613577e-02   4.6318580072e-02   9.1544775923e-10   1.3500338262e-04   4.7349476195e-12   6.9490200000e-01
   9.8000000000e-02   9.8000000000e-02   8.0884209404e+02  -1.0380419666e+06   1.3596356908e-01   3.9669581893e-01   7.2456682585e-04   7.5840628088e-09   3.9670320837e-09   1.0524068425e-01   2.6404215814e-08   6.3540489017e-02   1.5139971846e-05   1.2942507398e-10   5.9025618355e-12   1.1323688194e-04   6.6695025348e-02   2.3884944061e-02   4.7813569179e-02   1.2018943467e-09   1.3830516458e-04   6.5148038664e-12   6.9183400000e-01
   1.0200000000e-01   1.0200000000e-01   8.3365082989e+02  -1.0546028211e+06   1.4009060929e-01   3.8358231862e-01   7.4747596312e-04   9.7045351796e-09   5.4416831291e-09   1.0112684417e-01   2.8849389330e-08   6.5466174278e-02   1.5863985171e-05   1.5017593173e-10   6.6751932789e-12   1.1609689012e-04   6.9743240166e-02   2.4619763388e-02   4.9257195665e-02   1.5470146241e-09   1.4129978151e-04   8.6226201823e-12   6.8876600000e-01
   1.0600000000e-01   1.0600000000e-01   8.5696189660e+02  -1.0711084079e+06   1.4407157810e-01   3.7189013054e-01   7.6969496755e-04   1.1962275506e-08   7.0604387279e-09   9.7126116415e-02   3.1345649762e-08   6.7323309361e-02   1.6507770469e-05   1.7373300681e-10   7.5125466306e-12   1.1891595866e-04   7.2824850401e-02   2.5329728167e-02   5.0648845603e-02   1.9507724312e-09   1.4397884514e-04   1.1022014638e-11   6.8569800000e-01
   1.1000000000e-01   1.1000000000e-01   8.7881905553e+02  -1.0875734813e+06   1.4790502653e-01   3.6142822823e-01   7.9121599192e-04   1.4269304637e-08   8.7186191491e-09   9.3239628908e-02   3.3835391476e-08   6.9111217743e-02   1.7058903193e-05   2.0011470370e-10   8.4059139063e-12   1.2171246499e-04   7.5940177240e-02   2.6014555323e-02   5.1988037469e-02   2.4097611588e-09   1.4633650211e-04   1.3662729776e-11   6.8263000000e-01
   1.1400000000e-01   1.1400000000e-01   8.9926931296e+02  -1.1040071574e+06   1.5158986683e-01   3.5203760491e-01   8.1203238040e-04   1.6543639742e-08   1.0309769145e-08   8.9468224697e-02   3.6251599030e-08   7.0829392995e-02   1.7508686257e-05   2.2923576119e-10   9.3426775498e-12   1.2449935905e-04   7.9089464538e-02   2.6674021524e-02   5.3274419930e-02   2.9175963354e-09   1.4836961272e-04   1.6489050477e-11   6.7956200000e-01
   1.1800000000e-01   1.1800000000e-01   9.1836108536e+02  -1.1204150338e+06   1.5512536611e-01   3.4358526402e-01   8.3213856798e-04   1.8718097725e-08   1.1743165294e-08   8.5812466622e-02   3.8529326182e-08   7.2477496021e-02   1.7852273621e-05   2.6094072389e-10   1.0308407450e-11   1.2728357134e-04   8.2272880846e-02   2.7307962374e-02   5.4507769149e-02   3.4656630978e-09   1.5007782801e-04   1.9447069749e-11   6.7649400000e-01
   1.2200000000e-01   1.2200000000e-01   9.3614313281e+02  -1.1368005037e+06   1.5851113879e-01   3.3595934247e-01   8.5153002141e-04   2.0744420497e-08   1.2954388281e-08   8.2272643333e-02   4.0614182498e-08   7.4055351736e-02   1.8088456611e-05   2.9503531972e-10   1.1288628261e-11   1.3006609922e-04   8.5490521068e-02   2.7916271391e-02   5.5687985638e-02   4.0439902395e-09   1.5146357102e-04   2.2489359470e-11   6.7342600000e-01
   1.2600000000e-01   1.2600000000e-01   9.5266393419e+02  -1.1531656051e+06   1.6174713779e-01   3.2906520122e-01   8.7020321580e-04   2.2593172189e-08   1.3908121402e-08   7.8848776572e-02   4.2466572996e-08   7.5562945160e-02   1.8219216556e-05   3.3130717822e-10   1.2269916251e-11   1.3284262392e-04   8.8742407883e-02   2.8498898741e-02   5.6815090674e-02   4.6420566620e-09   1.5253193438e-04   2.5576713107e-11   6.7035800000e-01
   1.3000000000e-01   1.3000000000e-01   9.6797134016e+02  -1.1695115612e+06   1.6483364461e-01   3.2282229662e-01   8.8815563619e-04   2.4250832919e-08   1.4594997882e-08   7.5540629577e-02   4.4062130779e-08   7.7000416885e-02   1.8249152191e-05   3.6953435222e-10   1.3240315916e-11   1.3560445770e-04   9.2028493124e-02   2.9055849759e-02   5.7889222329e-02   5.2494242841e-09   1.5329051063e-04   2.8677646915e-11   6.6729000000e-01
   1.3400000000e-01   1.3400000000e-01   9.8211238890e+02  -1.1858391277e+06   1.6777125811e-01   3.1716167733e-01   9.0538579293e-04   2.5715690702e-08   1.5025331546e-08   7.2347716493e-02   4.5389700363e-08   7.8368057934e-02   1.8184872306e-05   4.0948336922e-10   1.4189277814e-11   1.3833962884e-04   9.5348659285e-02   2.9587183258e-02   5.8910631120e-02   5.8561787439e-09   1.5374917275e-04   3.1766610345e-11   6.6422200000e-01
   1.3800000000e-01   1.3800000000e-01   9.9513321812e+02  -1.2021488136e+06   1.7056088223e-01   3.1202397612e-01   9.2189324141e-04   2.6993749539e-08   1.5222199715e-08   6.9269312656e-02   4.6448210218e-08   7.9666304013e-02   1.8034416565e-05   4.5090276866e-10   1.5107365625e-11   1.4103395669e-04   9.8702721300e-02   3.0093009650e-02   5.9879675327e-02   6.4532006150e-09   1.5391982103e-04   3.4821924113e-11   6.6115400000e-01
   1.4200000000e-01   1.4200000000e-01   1.0070797478e+03  -1.2184410195e+06   1.7320371272e-01   3.0735757403e-01   9.3767859968e-04   2.8095407394e-08   1.5215479879e-08   6.6304465631e-02   4.7243651310e-08   8.0895729227e-02   1.7806740463e-05   4.9351368194e-10   1.5985864645e-11   1.4367202270e-04   1.0209042864e-01   3.0573488888e-02   6.0796816006e-02   7.0323318142e-09   1.5381611004e-04   3.7824009215e-11   6.5808600000e-01
   1.4600000000e-01   1.4600000000e-01   1.0179984557e+03  -1.2347161190e+06   1.7570122286e-01   3.0311708642e-01   9.5274356039e-04   2.9033051836e-08   1.5037442919e-08   6.3452006896e-02   4.7787010352e-08   8.2057039296e-02   1.7511279039e-05   5.3701105228e-10   1.6816865130e-11   1.4623799342e-04   1.0551146777e-01   3.1028828270e-02   6.1662611729e-02   7.5865239303e-09   1.5345316636e-04   4.0754446214e-11   6.5501800000e-01
   1.5000000000e-01   1.5000000000e-01   1.0279325404e+03  -1.2509745054e+06   1.7805514844e-01   2.9926346245e-01   9.6709089562e-04   2.9819385529e-08   1.4719618307e-08   6.0710564064e-02   4.8091473669e-08   8.3151064351e-02   1.7157592941e-05   5.8105053073e-10   1.7592644951e-11   1.4871628047e-04   1.0896546493e-01   3.1459280111e-02   6.2477713086e-02   8.1097529508e-09   1.5284730415e-04   4.3595117728e-11   6.5195000000e-01
   1.5400000000e-01   1.5400000000e-01   1.0369239356e+03  -1.2672166147e+06   1.8026747212e-01   2.9576246045e-01   9.8072445376e-04   3.0466659810e-08   1.4291210888e-08   5.8078573555e-02   4.8171706728e-08   8.4178751388e-02   1.6755088339e-05   6.2525426816e-10   1.8305898117e-11   1.5109204863e-04   1.1245198922e-01   3.1865139299e-02   6.3242856980e-02   8.5970918756e-09   1.5201574801e-04   4.6328336138e-11   6.4888200000e-01
   1.5800000000e-01   1.5800000000e-01   1.0450136684e+03  -1.2834429328e+06   1.8234040712e-01   2.9258383075e-01   9.9364914927e-04   3.0986295756e-08   1.3778303912e-08   5.5554293610e-02   4.8043197089e-08   8.5141156426e-02   1.6312803040e-05   6.6921673599e-10   1.8949851298e-11   1.5335159034e-04   1.1597055592e-01   3.2246740777e-02   6.3958860764e-02   9.0447013439e-09   1.5097636619e-04   4.8937173177e-11   6.4581400000e-01
   1.6200000000e-01   1.6200000000e-01   1.0522418482e+03  -1.2996539953e+06   1.8427638059e-01   2.8970073586e-01   1.0058709457e-03   3.1388764153e-08   1.3203593264e-08   5.3135817570e-02   4.7721846498e-08   8.6039436461e-02   1.5839249184e-05   7.1251264990e-10   1.9518413766e-11   1.5548258576e-04   1.1952063004e-01   3.2604456942e-02   6.4626616242e-02   9.4497902725e-09   1.4974741798e-04   5.1405903524e-11   6.4274600000e-01
   1.6600000000e-01   1.6600000000e-01   1.0586476579e+03  -1.3158503803e+06   1.8607801667e-01   2.8708926799e-01   1.0173968324e-03   3.1683612015e-08   1.2586440878e-08   5.0821087336e-02   4.7223729807e-08   8.6874841264e-02   1.5342303642e-05   7.5470654815e-10   2.0006339111e-11   1.5747426806e-04   1.2310162998e-01   3.2938694994e-02   6.5247083575e-02   9.8105536400e-09   1.4834731850e-04   5.3720456528e-11   6.3967800000e-01
   1.7000000000e-01   1.7000000000e-01   1.0642693445e+03  -1.3320326997e+06   1.8774811929e-01   2.8472804567e-01   1.0282347959e-03   3.1879557558e-08   1.1943099194e-08   4.8607906917e-02   4.6564943865e-08   8.7648705093e-02   1.4829138186e-05   7.9536326188e-10   2.0409375377e-11   1.5931751176e-04   1.2671293134e-01   3.3249894256e-02   6.5821285142e-02   1.0126091756e-08   1.4679442324e-04   5.5868799042e-11   6.3661000000e-01
   1.7400000000e-01   1.7400000000e-01   1.0691442104e+03  -1.3482015895e+06   1.8928965498e-01   2.8259787503e-01   1.0383937856e-03   3.1984606400e-08   1.1287013381e-08   4.6493955984e-02   4.5761496582e-08   8.8362438373e-02   1.4306182416e-05   8.3405857925e-10   2.0724387380e-11   1.6100485979e-04   1.3035387082e-01   3.3538523452e-02   6.6350299367e-02   1.0396315791e-08   1.4510683398e-04   5.7841207828e-11   6.3354200000e-01
   1.7800000000e-01   1.7800000000e-01   1.0733086033e+03  -1.3643576995e+06   1.9070573566e-01   2.8068146406e-01   1.0478836747e-03   3.2006163667e-08   1.0629147007e-08   4.4476803362e-02   4.4829210056e-08   8.9017519404e-02   1.3779113298e-05   8.7038951169e-10   2.0949441392e-11   1.6253050260e-04   1.3402375010e-01   3.3805077999e-02   6.6835254580e-02   1.0621844552e-08   1.4330222740e-04   5.9630417466e-11   6.3047400000e-01
   1.8200000000e-01   1.8200000000e-01   1.0767979076e+03  -1.3805016845e+06   1.9199960157e-01   2.7896318049e-01   1.0567152168e-03   3.1951131281e-08   9.9783022003e-09   4.2553920367e-02   4.3783626288e-08   8.9615486144e-02   1.3252865864e-05   9.0398371368e-10   2.1083848191e-11   1.6389022072e-04   1.3772183976e-01   3.4050077291e-02   6.7277322921e-02   1.0803897478e-08   1.4139770667e-04   6.1231651251e-11   6.2740600000e-01
   1.8600000000e-01   1.8600000000e-01   1.0796465341e+03  -1.3966341963e+06   1.9317460446e-01   2.7742884599e-01   1.0648999981e-03   3.1825990580e-08   9.3414231303e-09   4.0722693943e-02   4.2639915946e-08   9.0157928123e-02   1.2731660267e-05   9.3450783995e-10   2.1128165631e-11   1.6508130028e-04   1.4144738319e-01   3.4274062003e-02   6.7677714336e-02   1.0944188803e-08   1.3940967623e-04   6.2642560887e-11   6.2433800000e-01
   1.9000000000e-01   1.9000000000e-01   1.0818879120e+03  -1.4127558766e+06   1.9423419103e-01   2.7606556038e-01   1.0724503865e-03   3.1636890002e-08   8.7238984518e-09   3.8980439506e-02   4.1412815652e-08   9.0646478519e-02   1.2219040951e-05   9.6167575619e-10   2.1084174284e-11   1.6610242911e-04   1.4519960039e-01   3.4477591436e-02   6.8037670687e-02   1.1044830684e-08   1.3735373909e-04   6.3863164580e-11   6.2127000000e-01
   1.9400000000e-01   1.9400000000e-01   1.0835544805e+03  -1.4288673515e+06   1.9518188684e-01   2.7486155105e-01   1.0793794762e-03   3.1389838180e-08   8.1300137102e-09   3.7324413459e-02   4.0116801639e-08   9.1082806451e-02   1.1717924140e-05   9.8526618722e-10   2.0954921058e-11   1.6695357847e-04   1.4897769177e-01   3.4661240892e-02   6.8358460017e-02   1.1108271620e-08   1.3524461589e-04   6.4896331956e-11   6.1820200000e-01
   1.9800000000e-01   1.9800000000e-01   1.0846776816e+03  -1.4449692268e+06   1.9602128063e-01   2.7380604346e-01   1.0857010295e-03   3.1091504302e-08   7.5647070231e-09   3.5751825319e-02   3.8768695142e-08   9.1468609503e-02   1.1230649954e-05   1.0052291552e-09   2.0745696966e-11   1.6763586521e-04   1.5278084180e-01   3.4825599117e-02   6.8641370980e-02   1.1137360633e-08   1.3309608414e-04   6.5753551535e-11   6.1513400000e-01
   2.0800000000e-01   2.0800000000e-01   1.0861857126e+03  -1.4852013516e+06   1.9785810197e-01   2.7152808952e-01   1.1000219818e-03   3.0245523962e-08   6.2676956040e-09   3.2021885542e-02   3.5401163083e-08   9.2311101955e-02   1.0051609903e-05   1.0483081145e-09   2.0069556260e-11   1.6892451486e-04   1.6234929397e-01   3.5189765818e-02   6.9257212218e-02   1.1131472422e-08   1.2765821110e-04   6.7645674212e-11   6.0746400000e-01
   2.2400000000e-01   2.2400000000e-01   1.0815509695e+03  -1.5494513958e+06   1.9926918560e-01   2.6974277703e-01   1.1140426803e-03   2.8272354539e-08   4.5724527613e-09   2.7229797277e-02   2.9553230948e-08   9.2947521270e-02   8.4660591868e-06   1.0483765820e-09   1.7924826736e-11   1.6844832140e-04   1.7801302482e-01   3.5497695544e-02   6.9709926103e-02   1.0719284682e-08   1.1900366985e-04   6.7781475263e-11   5.9519200000e-01
   2.4000000000e-01   2.4000000000e-01   1.0714693281e+03  -1.6136084106e+06   1.9938706888e-01   2.6940732314e-01   1.1202252719e-03   2.5971888074e-08   3.3075542610e-09   2.3431820692e-02   2.3993893370e-08   9.2982798736e-02   7.1869557019e-06   9.9244693376e-10   1.5234505980e-11   1.6579079972e-04   1.9397717688e-01   3.5570499279e-02   6.9713545596e-02   1.0069521952e-08   1.1089137739e-04   6.5932679912e-11   5.8292000000e-01
   2.5600000000e-01   2.5600000000e-01   1.0573152159e+03  -1.6776942222e+06   1.9843494551e-01   2.7019572419e-01   1.1196610802e-03   2.3537126316e-08   2.3907054391e-09   2.0455473928e-02   1.9046802638e-08   9.2521642226e-02   6.1799271560e-06   8.9614721914e-10   1.2412401093e-11   1.6137525669e-04   2.1019037662e-01   3.5446508623e-02   6.9347133579e-02   9.3045980202e-09   1.0359351291e-04   6.2698924633e-11   5.7064800000e-01
   2.7200000000e-01   2.7200000000e-01   1.0402224560e+03  -1.7417252494e+06   1.9661667835e-01   2.7185682642e-01   1.1134219837e-03   2.1105649439e-08   1.7357852355e-09   1.8143499056e-02   1.4852624168e-08   9.1659402834e-02   5.3966227807e-06   7.7732638161e-10   9.7618431602e-12   1.5562895394e-04   2.2660553865e-01   3.5161307399e-02   6.8682546132e-02   8.5050870647e-09   9.7211326791e-05   5.8601438632e-11   5.5837600000e-01
   2.8800000000e-01   2.8800000000e-01   1.0211051678e+03  -1.8057137513e+06   1.9411201877e-01   2.7419448794e-01   1.1025159174e-03   1.8769569247e-08   1.2700485155e-09   1.6357460001e-02   1.1424418279e-08   9.0479917062e-02   4.7883427101e-06   6.5190819536e-10   7.4577141309e-12   1.4894726572e-04   2.4318101591e-01   3.4746764989e-02   6.7782820799e-02   7.7177805227e-09   9.1729820783e-05   5.4054265416e-11   5.4610400000e-01
   3.0400000000e-01   3.0400000000e-01   1.0006829550e+03  -1.8696689004e+06   1.9107452977e-01   2.7705471565e-01   1.0878555957e-03   1.6585444515e-08   9.3786386779e-10   1.4979262814e-02   8.6990888799e-09   8.9054617345e-02   4.3120555391e-06   5.3169361933e-10   5.5660840191e-12   1.4167554403e-04   2.5988112137e-01   3.4230527390e-02   6.6701529434e-02   6.9662345154e-09   8.7064676596e-05   4.9362186066e-11   5.3383200000e-01
   3.2000000000e-01   3.2000000000e-01   9.7949882214e+02  -1.9335976003e+06   1.8763166187e-01   2.8031957392e-01   1.0702401840e-03   1.4583335010e-08   6.9901623532e-10   1.3911028829e-02   6.5771412820e-09   8.7442640978e-02   3.9323451244e-06   4.2390055209e-10   4.0786096431e-12   1.3410216493e-04   2.7667614820e-01   3.3635890010e-02   6.5482890700e-02   6.2600032987e-09   8.3097995449e-05   4.4733642140e-11   5.2156000000e-01
   3.3600000000e-01   3.3600000000e-01   9.5795641951e+02  -1.9975051103e+06   1.8388638536e-01   2.8389840145e-01   1.0503483125e-03   1.2774498662e-08   5.2539065386e-10   1.3073782790e-02   4.9502729474e-09   8.5691652423e-02   3.6214006110e-06   3.3185479438e-10   2.9467096928e-12   1.2645847107e-04   2.9354202485e-01   3.2981961158e-02   6.4162423463e-02   5.6013786196e-09   7.9702903037e-05   4.0299906860e-11   5.0928800000e-01
   3.5200000000e-01   3.5200000000e-01   9.3635816462e+02  -2.0613954761e+06   1.7991981128e-01   2.8771925285e-01   1.0287400980e-03   1.1157673716e-08   3.9767319798e-10   1.2405393483e-02   3.7170176287e-09   8.3839111829e-02   3.3581901686e-06   2.5610539448e-10   2.1067573338e-12   1.1892268767e-04   3.1045973504e-01   3.2284024053e-02   6.2767935298e-02   4.9896395051e-09   7.6758764634e-05   3.6135010522e-11   4.9701600000e-01
   3.6800000000e-01   3.6800000000e-01   9.1491723079e+02  -2.1252718460e+06   1.7579431267e-01   2.9172795283e-01   1.0058656114e-03   9.7236614021e-09   3.0264434399e-10   1.1858142200e-02   2.7893958467e-09   8.1913762109e-02   3.1273665411e-06   1.9548736162e-10   1.4950655561e-12   1.1162593001e-04   3.2741461507e-01   3.1554013916e-02   6.1320671038e-02   4.4232373134e-09   7.4159293190e-05   3.2273385903e-11   4.8474400000e-01
   3.8400000000e-01   3.8400000000e-01   8.9377727589e+02  -2.1891366963e+06   1.7155676239e-01   2.9588493589e-01   9.8207736580e-04   8.4586811557e-09   2.3121427165e-10   1.1396212538e-02   2.0950819432e-09   7.9937157593e-02   2.9181419297e-06   1.4799294965e-10   1.0556966802e-12   1.0465919204e-04   3.4439561714e-01   3.0801041487e-02   5.9836485940e-02   3.9007259257e-09   7.1815741551e-05   2.8723755034e-11   4.7247200000e-01
   4.0000000000e-01   4.0000000000e-01   8.7302928215e+02  -2.2529919943e+06   1.6724161498e-01   3.0016250157e-01   9.5764473558e-04   7.3467360452e-09   1.7706341525e-10   1.0993309039e-02   1.5767357484e-09   7.7925109833e-02   2.7232515179e-06   1.1136462357e-10   7.4317269528e-13   9.8080474887e-05   3.6139460259e-01   3.0031911323e-02   5.8326949090e-02   3.4209596622e-09   6.9657001941e-05   2.5479163471e-11   4.6020000000e-01
   4.1600000000e-01   4.1600000000e-01   8.5272542066e+02  -2.3168393174e+06   1.6287366304e-01   3.0454244260e-01   9.3276867511e-04   6.3712215220e-09   1.3573239680e-10   1.0630532987e-02   1.1900321148e-09   7.5888974202e-02   2.5380580344e-06   8.3442879048e-11   5.2233849137e-13   9.1921505433e-05   3.7840570564e-01   2.9251600111e-02   5.6800320053e-02   2.9829601073e-09   6.7627983739e-05   2.2523836090e-11   4.4792800000e-01
   4.3200000000e-01   4.3200000000e-01   8.3289010501e+02  -2.3806799408e+06   1.5847038346e-01   3.0901402636e-01   9.0759558647e-04   5.5159734958e-09   1.0402286905e-10   1.0294578137e-02   9.0130736894e-10   7.3836740569e-02   2.3598149464e-06   6.2335157741e-11   3.6693963152e-13   8.6193724590e-05   3.9542478845e-01   2.8463674982e-02   5.5262372327e-02   2.5856973635e-09   6.5687216594e-05   1.9837697443e-11   4.3565600000e-01
   4.4800000000e-01   4.4800000000e-01   8.1352853411e+02  -2.4445149037e+06   1.5404385371e-01   3.1357231800e-01   8.8222963206e-04   4.7659127133e-09   7.9604496305e-11   9.9762600212e-03   6.8530522874e-10   7.1773920797e-02   2.1870857950e-06   4.6470999876e-11   2.5783343905e-13   8.0893399441e-05   4.1244899368e-01   2.7670643613e-02   5.3717059667e-02   2.2279097177e-09   6.3804278463e-05   1.7399285750e-11   4.2338400000e-01
   4.6400000000e-01   4.6400000000e-01   7.9463309837e+02  -2.5083450588e+06   1.4960226127e-01   3.1821682802e-01   8.5674315486e-04   4.1074065145e-09   6.0755374518e-11   9.6693595109e-03   5.2323132303e-10   6.9704245568e-02   2.0193050966e-06   3.4593843726e-11   1.8129334950e-13   7.6005836676e-05   4.2947639004e-01   2.6874236372e-02   5.2167036178e-02   1.9080055370e-09   6.1957389077e-05   1.5187596284e-11   4.1111200000e-01
   4.8000000000e-01   4.8000000000e-01   7.7618804328e+02  -2.5721711104e+06   1.4515105487e-01   3.2295045607e-01   8.3118514584e-04   3.5284378102e-09   4.6188005665e-11   9.3697423704e-03   4.0117185136e-10   6.7630194184e-02   1.8564595537e-06   2.5723188424e-11   1.2758814679e-13   7.1508754365e-05   4.4650570058e-01   2.6075626226e-02   5.0614049313e-02   1.6240465195e-09   6.0131331286e-05   1.3183213481e-11   3.9884000000e-01
   4.9600000000e-01   4.9600000000e-01   7.5817276535e+02  -2.6359936439e+06   1.4069379678e-01   3.2777869488e-01   8.0558788235e-04   3.0186448098e-09   3.4930255875e-11   9.0747084166e-03   3.0885594627e-10   6.5553385750e-02   1.6988656911e-06   1.9107184103e-11   8.9870813569e-14   6.7374913901e-05   4.6353610051e-01   2.5275595024e-02   4.9059228119e-02   1.3737918204e-09   5.8315750146e-05   1.1368957748e-11   3.8656800000e-01
   5.1200000000e-01   5.1200000000e-01   7.4056407164e+02  -2.6998131495e+06   1.3623277689e-01   3.3270905347e-01   7.7997196758e-04   2.5692735710e-09   2.6242092662e-11   8.7825233863e-03   2.3871075809e-10   6.3474860250e-02   1.5470203680e-06   1.4176236216e-11   6.3345998334e-14   6.3574133344e-05   4.8056707075e-01   2.4474655785e-02   4.7503288882e-02   1.1547779336e-09   5.6503815337e-05   9.7301798728e-12   3.7429600000e-01
   5.2800000000e-01   5.2800000000e-01   7.2333767883e+02  -2.7636300400e+06   1.3176944390e-01   3.3775065913e-01   7.5435004490e-04   2.1730688439e-09   1.9556084278e-11   8.4920907242e-03   1.8515175748e-10   6.1395275439e-02   1.4015029271e-06   1.0502341154e-11   4.4663500011e-14   6.0074805294e-05   4.9759829451e-01   2.3673140331e-02   4.5946678081e-02   9.6441199085e-10   5.4691201128e-05   8.2547748409e-12   3.6202400000e-01
   5.4400000000e-01   5.4400000000e-01   7.0646917119e+02  -2.8274446655e+06   1.2730470089e-01   3.4291400065e-01   7.2872946208e-04   1.8241171912e-09   1.4434098265e-11   8.2027269539e-03   1.4405537609e-10   5.9315041504e-02   1.2629112264e-06   7.7655813728e-12   3.1484624070e-14   5.6845032884e-05   5.1462958609e-01   2.2871260581e-02   4.4389669343e-02   8.0006173974e-10   5.2875327332e-05   6.9329521153e-12   3.4975200000e-01
   5.6000000000e-01   5.6000000000e-01   6.8993458473e+02  -2.8912573251e+06   1.2283910338e-01   3.4821078097e-01   7.0311413478e-04   1.5176504188e-09   1.0535374941e-11   7.9140114061e-03   1.1236979863e-10   5.7234411103e-02   1.1318178544e-06   5.7275615682e-12   2.2176008198e-14   5.3853480963e-05   5.3166084280e-01   2.2069150462e-02   4.2832427678e-02   6.5913153397e-10   5.1054805666e-05   5.7567891603e-12   3.3748000000e-01
   5.7600000000e-01   5.7600000000e-01   6.7371074070e+02  -2.9550682759e+06   1.1837298918e-01   3.5365385331e-01   6.7750582001e-04   1.2498170605e-09   7.5928342740e-12   7.6256878425e-03   8.7828945388e-11   5.5153538299e-02   1.0087370429e-06   4.2108744079e-12   1.5595229579e-14   5.1070019097e-05   5.4869201328e-01   2.1266893960e-02   4.1275051104e-02   5.3911921976e-10   4.9229042597e-05   4.7196071801e-12   3.2520800000e-01
   5.9200000000e-01   5.9200000000e-01   6.5777541626e+02  -3.0188777409e+06   1.1390656189e-01   3.5925722076e-01   6.5190496789e-04   1.0174341892e-09   5.3955053000e-12   7.3376013558e-03   6.8742899760e-11   5.3072516364e-02   8.9409680300e-07   3.0834979668e-12   1.0941467014e-14   4.8466211331e-05   5.6572307695e-01   2.0464543518e-02   3.9717597040e-02   4.3765339551e-10   4.7397958491e-05   3.8152368299e-12   3.1293600000e-01
   6.0800000000e-01   6.0800000000e-01   6.4210741297e+02  -3.0826859154e+06   1.0943994345e-01   3.6503608519e-01   6.2631127987e-04   8.1773877767e-10   3.7755888588e-12   7.0496586701e-03   5.3844731832e-11   5.0991401575e-02   7.8821429912e-07   2.2470812960e-12   7.6517984948e-15   4.6015687112e-05   5.8275403095e-01   1.9662131886e-02   3.8160098714e-02   3.5251389478e-10   4.5561791544e-05   3.0372747254e-12   3.0066400000e-01
   6.2400000000e-01   6.2400000000e-01   6.2668656403e+02  -3.1464929715e+06   1.0497320678e-01   3.7100693540e-01   6.0072406723e-04   6.4816347516e-10   2.5990294383e-12   6.7618036053e-03   4.2178836005e-11   4.8910227937e-02   6.9127509098e-07   1.6282230646e-12   5.3292959861e-15   4.3694410767e-05   5.9978488199e-01   1.8859679623e-02   3.6602575154e-02   2.8164026274e-10   4.3720962628e-05   2.3784517573e-12   2.8839200000e-01
   6.4000000000e-01   6.4000000000e-01   6.1149370710e+02  -3.2102990628e+06   1.0050639557e-01   3.7718766843e-01   5.7514247593e-04   5.0616215608e-10   1.7586878632e-12   6.4740021573e-03   3.3019747544e-11   4.6829016142e-02   6.0331835214e-07   1.1720168843e-12   3.6931788376e-15   4.1480855319e-05   6.1681564135e-01   1.8057199776e-02   3.5045037179e-02   2.2313337676e-10   4.1875983456e-05   1.8302261161e-12   2.7612000000e-01
   6.5600000000e-01   6.5600000000e-01   5.9651063983e+02  -3.2741043273e+06   9.6039536257e-02   3.8359774103e-01   5.4956562313e-04   3.8910389264e-10   1.1693547824e-12   6.1862335509e-03   2.5813218973e-11   4.4747778956e-02   5.2423042085e-07   8.3729276442e-13   2.5442268084e-15   3.9356081341e-05   6.3384632189e-01   1.7254700769e-02   3.3487490910e-02   1.7525440798e-10   4.0027395369e-05   1.3826723611e-12   2.6384800000e-01
   6.7200000000e-01   6.7200000000e-01   5.8172006896e+02  -3.3379088901e+06   9.1572645055e-02   3.9025835002e-01   5.2399267567e-04   2.9424124528e-10   7.6398186297e-13   5.8984849316e-03   2.0133411399e-11   4.2666524413e-02   4.5374822136e-07   5.9311577502e-13   1.7407308422e-15   3.7303722446e-05   6.5087693636e-01   1.6452188154e-02   3.1929939813e-02   1.3642356519e-10   3.8175729705e-05   1.0246727578e-12   2.5157600000e-01
   6.8800000000e-01   6.8800000000e-01   5.6710555955e+02  -3.4017128646e+06   8.7105732140e-02   3.9719264276e-01   4.9842289074e-04   2.1874403281e-10   4.9065889488e-13   5.6107482358e-03   1.5651625476e-11   4.0585257705e-02   3.9147262904e-07   4.1620924643e-13   1.1817150593e-15   3.5309884173e-05   6.6790749644e-01   1.5649665688e-02   3.0372385857e-02   1.0521921658e-10   3.6321483349e-05   7.4435002653e-13   2.3930400000e-01
   7.0400000000e-01   7.0400000000e-01   5.5265148830e+02  -3.4655163540e+06   8.2638804066e-02   4.0442595984e-01   4.7285563224e-04   1.5977806446e-10   3.1002616218e-13   5.3230183462e-03   1.2113220968e-11   3.8503982280e-02   3.3689027670e-07   2.8905355686e-13   7.9517799649e-16   3.3362969746e-05   6.8493801237e-01   1.4847135979e-02   2.8814830175e-02   8.0376662524e-11   3.4465104964e-05   5.2963438978e-13   2.2703200000e-01
   7.2000000000e-01   7.2000000000e-01   5.3834300348e+02  -3.5293194513e+06   7.8171865184e-02   4.1198611375e-01   4.4729037182e-04   1.1460319526e-10   1.9295957268e-13   5.0352919962e-03   9.3203373698e-12   3.6422700504e-02   2.8940109411e-07   1.9847650663e-13   5.2980552888e-16   3.1453451877e-05   7.0196849279e-01   1.4044600881e-02   2.7257273427e-02   6.0785324141e-11   3.2606988674e-05   3.6884533620e-13   2.1476000000e-01
   7.3600000000e-01   7.3600000000e-01   5.2416599280e+02  -3.5931222392e+06   7.3704918471e-02   4.1990370840e-01   4.2172668110e-04   8.0667053384e-11   1.1847734343e-13   4.7475671086e-03   7.1187676583e-12   3.4341414040e-02   2.4834831740e-07   1.3460095852e-13   3.4909457765e-16   2.9573612665e-05   7.1899894485e-01   1.3242061742e-02   2.5699716008e-02   4.5483333633e-11   3.0747472856e-05   2.5118822015e-13   2.0248800000e-01
   7.5200000000e-01   7.5200000000e-01   5.1010706040e+02  -3.6569247896e+06   6.9237966022e-02   4.2821250551e-01   3.9616421922e-04   5.5677782185e-11   7.1880100990e-14   4.4598423866e-03   5.3878750652e-12   3.2260124089e-02   2.1304783000e-07   9.0052802688e-14   2.2716089757e-16   2.7717273184e-05   7.3602937433e-01   1.2439519559e-02   2.4142158155e-02   3.3649142086e-11   2.8886842336e-05   1.6710487741e-13   1.9021600000e-01
   7.6800000000e-01   7.6800000000e-01   4.9615351354e+02  -3.7207271632e+06   6.4771009346e-02   4.3694984534e-01   3.7060271876e-04   3.7647887619e-11   4.3155339055e-14   4.1721170533e-03   4.0328072383e-12   3.0178831530e-02   1.8281433525e-07   5.9359900362e-14   1.4573225314e-16   2.5879531163e-05   7.5305978586e-01   1.1636975077e-02   2.2584600021e-02   2.4590436810e-11   2.7025332689e-05   1.0845983411e-13   1.7794400000e-01
   7.8400000000e-01   7.8400000000e-01   4.8229335998e+02  -3.7845294096e+06   6.0304049546e-02   4.4615713038e-01   3.4504197192e-04   2.4908965581e-11   2.5666924659e-14   3.8843906802e-03   2.9784922988e-12   2.8097537017e-02   1.5698275880e-07   3.8492626370e-14   9.1983086185e-17   2.4056520222e-05   7.7009018309e-01   1.0834428859e-02   2.1027041699e-02   1.7731138287e-11   2.5163135711e-05   6.8577229680e-14   1.6567200000e-01
   8.0000000000e-01   8.0000000000e-01   4.6851531670e+02  -3.8483315680e+06   5.5837087441e-02   4.5588038252e-01   3.1948181799e-04   1.6102177486e-11   1.5127569183e-14   3.5966630718e-03   2.1650396571e-12   2.6016241039e-02   1.3492419316e-07   2.4510805568e-14   5.6971651482e-17   2.2245198878e-05   7.8712056893e-01   1.0031881332e-02   1.9469483252e-02   1.2597441273e-11   2.3300405352e-05   4.2162979614e-14   1.5340000000e-01
   8.1600000000e-01   8.1600000000e-01   4.5480883117e+02  -3.9121336676e+06   5.1370123638e-02   4.6617088583e-01   2.9392213269e-04   1.0151633922e-11   8.8297978841e-15   3.3089341859e-03   1.5442518852e-12   2.3934943964e-02   1.1605646106e-07   1.5291741814e-14   3.4511785788e-17   2.0443172699e-05   8.0415094566e-01   9.2293328198e-03   1.7911924722e-02   8.8038153246e-12   2.1437263634e-05   2.5152703672e-14   1.4112800000e-01
   8.3200000000e-01   8.3200000000e-01   4.4116411616e+02  -3.9759357295e+06   4.6903158592e-02   4.7708592921e-01   2.6836281948e-04   6.2279533839e-12   5.0958356323e-15   3.0212040787e-03   1.0770086447e-12   2.1853646070e-02   9.9849913058e-08   9.3208811415e-15   2.0360085688e-17   1.8648549337e-05   8.2118131511e-01   8.4267835684e-03   1.6354366135e-02   6.0396831389e-12   1.9573806215e-05   1.4522539583e-14   1.2885600000e-01
   8.4800000000e-01   8.4800000000e-01   4.2757219954e+02  -4.0397377682e+06   4.2436192642e-02   4.8868966597e-01   2.4280380277e-04   3.7080821098e-12   2.9006594883e-15   2.7334728661e-03   7.3132485593e-13   1.9772347564e-02   8.5829383123e-08   5.5313580925e-15   1.1632781226e-17   1.6859823637e-05   8.3821167872e-01   7.6242337646e-03   1.4796807510e-02   4.0572472079e-12   1.7710107406e-05   8.0917665419e-15   1.1658400000e-01
   8.6400000000e-01   8.6400000000e-01   4.1402499009e+02  -4.1035397932e+06   3.7969226037e-02   5.0105411013e-01   2.1724502272e-04   2.1357840131e-12   1.6237865033e-15   2.4457406976e-03   4.8092007742e-13   1.7691048604e-02   7.3573345687e-08   3.1819271189e-15   6.3899881298e-18   1.5075788696e-05   8.5524203767e-01   6.8216835495e-03   1.3239248860e-02   2.6607043679e-12   1.5846224539e-05   4.3368146406e-15   1.0431200000e-01
   8.8000000000e-01   8.8000000000e-01   4.0051536060e+02  -4.1673418105e+06   3.3502258962e-02   5.1426029349e-01   1.9168643139e-04   1.1855669282e-12   8.9146610584e-16   2.1580077374e-03   3.0416680768e-13   1.5609749308e-02   6.2711304758e-08   1.7650657211e-15   3.3416063029e-18   1.3295468244e-05   8.7227239292e-01   6.0191330295e-03   1.1681690193e-02   1.6969082004e-12   1.3982201660e-05   2.2279126487e-15   9.2040000000e-02
   8.9600000000e-01   8.9600000000e-01   3.8703724899e+02  -4.2311438234e+06   2.9035291552e-02   5.2839961181e-01   1.6612798990e-04   6.3147013227e-13   4.7914481718e-16   1.8702741524e-03   1.8331245872e-13   1.3528449763e-02   5.2920353643e-08   9.3868847412e-16   1.6410948607e-18   1.1518065848e-05   8.8930274523e-01   5.2165822850e-03   1.0124131515e-02   1.0474193304e-12   1.2118072572e-05   1.0932357631e-15   7.9768000000e-02
   9.1200000000e-01   9.1200000000e-01   3.7358577758e+02  -4.2949458341e+06   2.4568323906e-02   5.4357539465e-01   1.4056966639e-04   3.2117488883e-13   2.5231508379e-16   1.5825401032e-03   1.0389292871e-13   1.1447150035e-02   4.3921714664e-08   4.7615504661e-16   7.4214338369e-19   9.7429269437e-06   9.0633309528e-01   4.4140313760e-03   8.5665728286e-03   6.2181682827e-13   1.0253863289e-05   5.1104162591e-16   6.7496000000e-02
   9.2800000000e-01   9.2800000000e-01   3.6015739014e+02  -4.3587478436e+06   2.0101356095e-02   5.5990474064e-01   1.1501143445e-04   1.5528134652e-13   1.3091170880e-16   1.2948057375e-03   5.4275054224e-14   9.3658501755e-03   3.5477928016e-08   2.3023153946e-16   2.9983145514e-19   7.9695103355e-06   9.2336344358e-01   3.6114803478e-03   7.0090141374e-03   3.5211649598e-13   8.3895939712e-06   2.2760627293e-16   5.5224000000e-02
   9.4400000000e-01   9.4400000000e-01   3.4675000484e+02  -4.4225498525e+06   1.5634388170e-02   5.7752066987e-01   8.9453271965e-05   7.1238780224e-14   6.7778917767e-17   1.0070711844e-03   2.5281100292e-14   7.2845502208e-03   2.7391220133e-08   1.0745897710e-16   1.0285114489e-19   6.1973665170e-06   9.4039379061e-01   2.8089292345e-03   5.4514554429e-03   1.8812953090e-13   6.5252804493e-06   9.7348551295e-17   4.2952000000e-02
   9.6000000000e-01   9.6000000000e-01   3.3336318003e+02  -4.4863518610e+06   1.1167420169e-02   5.9657465747e-01   6.3895160171e-05   3.1220996008e-14   3.5445390894e-17   7.1933654893e-04   9.8613717105e-15   5.2032502001e-03   1.9503445899e-08   5.0075416872e-17   2.7167898847e-20   4.4261208056e-06   9.5742413672e-01   2.0063780624e-03   3.8938967462e-03   9.3521459670e-14   4.6609354003e-06   4.0947212142e-17   3.0680000000e-02
   9.7600000000e-01   9.7600000000e-01   3.1999828732e+02  -4.5501538694e+06   6.7004521191e-03   6.1723962976e-01   3.8337082818e-05   1.3120884052e-14   1.7900212887e-17   4.3160190622e-04   2.7904199278e-15   3.1219501363e-03   1.1697858640e-08   2.3379162888e-17   4.3786999483e-21   2.6554598295e-06   9.7445448225e-01   1.2038268518e-03   2.3363380482e-03   4.1994441643e-14   2.7965692799e-06   1.7230193179e-17   1.8408000000e-02
   9.9200000000e-01   9.9200000000e-01   3.0665868468e+02  -4.6139558777e+06   2.2334840425e-03   6.3971352732e-01   1.2779025427e-05   3.9364262011e-15   5.7543805439e-18   1.4386729425e-04   3.4763593716e-16   1.0406500480e-03   3.9028012339e-09   7.3936996165e-18   1.7304182069e-22   8.8512034236e-07   9.9148482745e-01   4.0127561959e-04   7.7877934947e-04   1.2643689447e-14   9.3219107285e-07   5.2386760669e-18   6.1360000000e-03
   1.0000000000e+00   1.0000000000e+00   3.0000000000e+02  -4.6458568819e+06   0.0000000000e+00   6.5169855213e-01   0.0000000000e+00   0.0000000000e+00   0.0000000000e+00   0.0000000000e+00   0.0000000000e+00   0.0000000000e+00   0.0000000000e+00   0.0000000000e+00   0.0000000000e+00   0.0000000000e+00   1.0000000000e+00   0.0000000000e+00   0.0000000000e+00   0.0000000000e+00   0.0000000000e+00   0.0000000000e+00   0.0000000000e+00