# L (m)  = 1
# P (Pa) = 101325
#             001_x           002_mixf              003_T              004_h             005_pv        006_density             007_H2              008_H              009_O             010_O2             011_OH            012_H2O            013_HO2            014_CH2         015_CH2(S)            016_CH3            017_CH4             018_CO            019_CO2            020_HCO           021_CH2O          022_CH2OH             023_N2
                  0   0.0000000000e+00   3.0000000000e+02   1.9075768848e+03   0.0000000000e+00   1.1719839921e+00   0.0000000000e+00   0.0000000000e+00   0.0000000000e+00   2.3300000000e-01   0.0000000000e+00   0.0000000000e+00   0.0000000000e+00   0.0000000000e+00   0.0000000000e+00   0.0000000000e+00   0.0000000000e+00   0.0000000000e+00   0.0000000000e+00   0.0000000000e+00   0.0000000000e+00   0.0000000000e+00   7.6700000000e-01
   2.0000000000e-03   2.0000000000e-03   3.3438651728e+02  -6.7416650640e+04   9.4831344882e-03   1.0497682286e+00   8.9077313312e-07   7.3602334318e-21   2.4273242976e-18   2.2495510302e-01  -3.2724908160e-14   4.2702631351e-03   9.3389469267e-08  -3.5994108887e-24  -2.0720350453e-25   4.9308696575e-12   9.4801832022e-05   2.2880615821e-05   5.1890999642e-03   7.2761369653e-20   8.6726771861e-07   7.9224776606e-26   7.6546600000e-01
   6.0000000000e-03   5.9999999999e-03   4.0149056388e+02  -2.0606494534e+05   2.8401340252e-02   8.7150150708e-01   2.7434876141e-06   9.7334363548e-19   1.9188010702e-17   2.0890400298e-01  -6.8421841578e-13   1.2789201104e-02   2.8200069996e-07  -3.7013952411e-22  -2.4921342203e-23   1.6906329398e-11   2.9372072319e-04   7.0245670453e-05   1.5539149990e-02   4.2900896817e-18   2.6540293433e-06   1.1050677471e-22   7.6239800000e-01
   1.0000000000e-02   9.9999999994e-03   4.6550404960e+02  -3.4471227843e+05   4.7174442481e-02   7.4924541482e-01   4.8094397114e-06   2.8522722166e-17   2.6464728765e-16   1.9296971429e-01  -8.4533613867e-12   2.1242959075e-02   4.7584234068e-07  -4.8281585895e-20  -3.3373733543e-21   4.3170308964e-11   5.2077169698e-04   1.2240439451e-04   2.5804269572e-02   5.7577924866e-17   4.5956591417e-06   1.0388142844e-20   7.5933000000e-01
   1.4000000000e-02   1.3999999998e-02   5.2546889761e+02  -4.8335596621e+05   6.5702847441e-02   6.6161637541e-01   7.2296521530e-06   8.9238511252e-17   2.0378991960e-15   1.7723239173e-01  -2.7254670407e-11   2.9586785214e-02   6.7750703669e-07  -6.3888379971e-19  -4.3004999895e-20   9.5764560870e-11   7.9529389501e-04   1.8248967321e-04   3.5926342901e-02   3.6884912138e-17   6.7893637671e-06   2.7410534975e-19   7.5626200000e-01
   1.8000000000e-02   1.8000000000e-02   5.8051696150e+02  -6.2198886636e+05   8.3883313777e-02   5.9695911826e-01   1.0142625638e-05   7.8007215351e-17   3.4809230295e-15   1.6177509690e-01   7.1819737528e-12   3.7774269119e-02   8.8834396624e-07  -1.5166289236e-20  -1.1063672779e-21   8.0858502157e-11   1.1373776544e-03   2.5352851062e-04   4.5845373522e-02   1.5303457746e-16   9.3232381163e-06   3.3124616017e-18   7.5319400000e-01
   2.2000000000e-02   2.2000000000e-02   6.2986497345e+02  -7.6059524260e+05   1.0160870338e-01   5.4842570274e-01   1.3681843088e-05   1.0157312563e-15   5.1911728307e-14   1.4668398827e-01   2.7868524118e-11   4.5757226042e-02   1.1086090879e-06  -1.7100076373e-18  -1.0394452981e-19   1.6440340161e-10   1.5679266195e-03   3.3837952682e-04   5.5499415973e-02   9.0626200656e-16   1.2272925507e-05   2.3308453787e-17   7.5012600000e-01
   2.6000000000e-02   2.6000000000e-02   6.7281751176e+02  -8.9913651399e+05   1.1876878330e-01   5.1176703217e-01   1.7972110801e-05   1.8477889222e-15   6.0336201121e-14   1.3204766748e-01   8.0983700405e-12   5.3486056787e-02   1.3372765757e-06   1.9546575231e-19   9.6358870019e-21   5.5454869093e-10   2.1085130970e-03   4.3965709540e-04   6.4825097308e-02   1.4573683163e-15   1.5698277501e-05   1.1106081634e-16   7.4705800000e-01
   3.0000000000e-02   3.0000000000e-02   7.0880096419e+02  -1.0375038729e+06   1.3525216483e-01   4.8422520896e-01   2.3124808737e-05   4.9964758312e-15   8.2216367948e-14   1.1795561297e-01   5.8170452668e-12   6.0910622906e-02   1.5728355047e-06   3.5917719922e-19   1.6412139766e-20   1.3103088585e-09   2.7810082572e-03   5.5964647966e-04   7.3758770633e-02   3.8955843348e-15   1.9639794602e-05   3.9236700076e-16   7.4399000000e-01
   3.4000000000e-02   3.4000000000e-02   7.3744404382e+02  -1.1754194375e+06   1.5094932721e-01   4.6391866321e-01   2.9232400954e-05   1.5416149309e-14   2.0334159101e-13   1.0449574372e-01   9.7299825096e-12   6.7981614407e-02   1.8147354475e-06   1.3007947902e-18   5.2877306180e-20   2.6718423779e-09   3.6069951381e-03   7.0021788560e-04   8.2238262520e-02   1.0051967760e-14   2.4116511949e-05   1.0936431031e-15   7.4092200000e-01
   3.8000000000e-02   3.8000000000e-02   7.5868681300e+02  -1.3123052803e+06   1.6575653043e-01   4.4947367442e-01   3.6362703584e-05   3.9432863529e-14   4.0087182895e-13   9.1751271760e-02   1.4131714596e-11   7.4652321771e-02   2.0650465112e-06   3.8150004843e-18   1.3633563070e-19   4.8137742666e-09   4.6070025846e-03   8.6275055231e-04   9.0205095407e-02   2.2172181807e-14   2.9125346095e-05   2.5178394041e-15   7.3785400000e-01
   4.2000000000e-02   4.2000000000e-02   7.7300168983e+02  -1.4470191469e+06   1.7958029458e-01   4.3972245361e-01   4.4553570257e-05   8.6030754797e-14   6.5092961565e-13   7.9797102595e-02   1.8151147556e-11   8.0880667680e-02   2.3298339736e-06   9.0735264456e-18   2.8143434827e-19   7.8229500475e-09   5.7996206797e-03   1.0480779115e-03   9.7606995413e-02   4.2937545471e-14   3.4644474428e-05   4.9840165997e-15   7.3478600000e-01
   4.6000000000e-02   4.6000000000e-02   7.8191310212e+02  -1.5772189965e+06   1.9234202398e-01   4.3330058863e-01   5.3808694959e-05   1.7177748930e-13   9.4622127127e-13   6.8696123825e-02   2.1786484815e-11   8.6631307665e-02   2.6193489115e-06   1.9532379453e-17   5.1983026017e-19   1.2131232226e-08   7.2005796749e-03   1.2564638672e-03   1.0440044376e-01   7.7715560767e-14   4.0641013897e-05   8.8875271530e-15   7.3171800000e-01
   5.0000000000e-02   5.0000000000e-02   7.8924687510e+02  -1.6977961784e+06   2.0398229864e-01   4.2787822565e-01   6.4095242620e-05   3.6523671355e-13   1.4560730376e-12   5.8495768443e-02   2.7292268868e-11   9.1877581663e-02   2.9470473119e-06   4.7681130427e-17   1.0808133295e-18   2.0205425234e-08   8.8218872482e-03   1.4876180938e-03   1.1055300364e-01   1.5036630217e-13   4.7078383789e-05   1.5412766424e-14   7.2865000000e-01
   5.4000000000e-02   5.4000000000e-02   8.0463605000e+02  -1.7963705768e+06   2.1446435286e-01   4.1832698812e-01   7.5344161873e-05   1.0781456690e-12   3.1889148233e-12   4.9225242557e-02   4.3645479509e-11   9.6603094695e-02   3.3293015414e-06   1.8927338710e-16   3.6739158628e-18   4.2759760728e-08   1.0671119350e-02   1.7407557914e-03   1.1604515821e-01   3.9559063234e-13   5.3913122411e-05   3.0635101772e-14   7.2558200000e-01
   5.8000000000e-02   5.8000000000e-02   8.4821720452e+02  -1.8466729562e+06   2.2377629346e-01   3.9553800164e-01   8.7455163713e-05   5.6348849932e-12   1.3244615026e-11   4.0893788783e-02   1.1408051966e-10   1.0080271220e-01   3.7901070188e-06   1.6569356773e-15   2.8591276020e-17   1.2425333059e-07   1.2750946352e-02   2.0147079943e-03   1.2087141810e-01   1.8045279630e-12   6.1056908353e-05   9.3518335924e-14   7.2251400000e-01
   6.2000000000e-02   6.2000000000e-02   9.2290911634e+02  -1.8426885259e+06   2.3193146679e-01   3.6233852203e-01   1.0031730583e-04   4.0070961241e-11   7.7370749801e-11   3.3490555908e-02   4.7502088084e-10   1.0448264147e-01   4.3514463459e-06   2.8386429641e-14   4.5999248059e-16   4.5229144843e-07   1.5058976508e-02   2.3081109793e-03   1.2504039704e-01   1.2082267614e-11   6.8196446288e-05   4.0744079913e-13   7.1944600000e-01
   6.6000000000e-02   6.6000000000e-02   9.9971218851e+02  -1.8207475366e+06   2.3896503444e-01   3.3340731525e-01   1.1389533135e-04   2.2710295974e-10   3.4277027262e-10   2.6988050209e-02   2.1586229159e-09   1.0765838667e-01   4.8378800719e-06   5.5369851310e-13   8.6482327014e-15   1.7122835320e-06   1.7588242360e-02   2.6195467841e-03   1.2857320565e-01   7.1302300092e-11   7.4120028559e-05   1.5516093583e-12   7.1637800000e-01
   7.0000000000e-02   7.0000000000e-02   1.0676458226e+03  -1.7963769702e+06   2.4492079204e-01   3.1117008270e-01   1.2842098328e-04   8.6089539869e-10   9.6054580519e-10   2.1353570522e-02   7.9703852183e-09   1.1034702444e-01   4.6722570026e-06   7.3685279661e-12   1.1246980526e-13   5.4229130997e-06   2.0329933748e-02   2.9454582646e-03   1.3149988835e-01   2.7934661374e-10   7.5598439813e-05   4.2643366501e-12   7.1331000000e-01
   7.4000000000e-02   7.4000000000e-02   1.1255523068e+03  -1.7723895842e+06   2.4982348798e-01   2.9419438072e-01   1.4431950904e-04   2.1144895893e-09   1.6775023706e-09   1.6568385568e-02   2.0645719118e-08   1.1255264312e-01   3.7005826790e-06   4.9868743628e-11   7.5226096668e-13   1.2505719286e-05   2.3280749422e-02   3.2704970240e-03   1.3385602832e-01   6.4863431296e-10   6.9145587252e-05   8.5816970826e-12   7.1024200000e-01
   7.8000000000e-02   7.8000000000e-02   1.1734816510e+03  -1.7497635705e+06   2.5367107850e-01   2.8125960948e-01   1.6136530024e-04   3.5367861640e-09   1.9556185896e-09   1.2628127183e-02   3.7110881494e-08   1.1426639420e-01   2.5001084805e-06   1.6653210938e-10   2.5053130425e-12   2.0768771583e-05   2.6446664323e-02   3.5596171009e-03   1.3568370190e-01   9.2736852910e-10   5.6817396303e-05   1.4463220581e-11   7.0717400000e-01
   8.2000000000e-02   8.2000000000e-02   1.2108133762e+03  -1.7307503703e+06   2.5649100235e-01   2.7171259652e-01   1.7842183048e-04   4.4498011210e-09   1.7002685261e-09   9.5017921693e-03   4.9441938445e-08   1.1549850185e-01   1.5460941883e-06   3.1347914054e-10   4.7202435743e-12   2.6638179220e-05   2.9829035078e-02   3.7788511425e-03   1.3703522753e-01   9.3451281122e-10   4.3929262160e-05   2.0911207890e-11   7.0410600000e-01
   8.6000000000e-02   8.6000000000e-02   1.2374363571e+03  -1.7174759192e+06   2.5839025577e-01   2.6502808359e-01   1.9437979961e-04   4.6360033258e-09   1.2196028495e-09   7.0996528260e-03   5.3035661846e-08   1.1630171547e-01   9.2665160045e-07   3.9333136390e-10   5.9146832504e-12   2.8672765979e-05   3.3409196807e-02   3.9212442253e-03   1.3797291628e-01   7.5692299088e-10   3.3235106247e-05   2.4574260529e-11   7.0103800000e-01
   9.0000000000e-02   9.0000000000e-02   1.2547753644e+03  -1.7100800436e+06   2.5953333650e-01   2.6055449403e-01   2.0872566585e-04   4.3098159325e-09   7.7991501250e-10   5.2911767098e-03   4.9421580595e-08   1.1675764871e-01   5.5756451836e-07   3.8108499117e-10   5.6959793922e-12   2.7735670228e-05   3.7152086620e-02   4.0039464402e-03   1.3856301569e-01   5.4204369047e-10   2.5051466861e-05   2.3882405475e-11   6.9797000000e-01
   9.4000000000e-02   9.4000000000e-02   1.2648278287e+03  -1.7076429356e+06   2.6009048004e-01   2.5769127425e-01   2.2139902173e-04   3.7662430409e-09   4.6939371084e-10   3.9431265552e-03   4.2399009548e-08   1.1694967784e-01   3.4344014255e-07   3.1795312595e-10   4.7008241325e-12   2.5311160279e-05   4.1019761551e-02   4.0505534311e-03   1.3886884974e-01   3.6535252046e-10   1.8929911843e-05   2.0405198787e-11   6.9490200000e-01
   9.8000000000e-02   9.8000000000e-02   1.2694227168e+03  -1.7090758189e+06   2.6020616804e-01   2.5597863532e-01   2.3251309434e-04   3.1983232220e-09   2.7535254471e-10   2.9425729050e-03   3.4824851572e-08   1.1694718712e-01   2.1847535908e-07   2.4559435374e-10   3.5767016465e-12   2.2483186612e-05   4.4980149501e-02   4.0795485953e-03   1.3894691923e-01   2.4084661698e-10   1.4369088153e-05   1.6230349351e-11   6.9183400000e-01
   1.0200000000e-01   1.0200000000e-01   1.2700078784e+03  -1.7134476763e+06   2.5999224993e-01   2.5508908963e-01   2.4220642465e-04   2.6896039703e-09   1.6072116950e-10   2.2017861380e-03   2.8038257442e-08   1.1680261361e-01   1.4373286899e-07   1.8332998993e-10   2.6212140375e-12   1.9788560615e-05   4.9009032246e-02   4.1017471953e-03   1.3884568269e-01   1.5863322233e-10   1.0968149516e-05   1.2488626551e-11   6.8876600000e-01
   1.0600000000e-01   1.0600000000e-01   1.2676721709e+03  -1.7200368102e+06   2.5953249170e-01   2.5479309278e-01   2.5060218328e-04   2.2600126706e-09   9.4385292976e-11   1.6547281332e-03   2.2405594514e-08   1.1655421670e-01   9.7534623760e-08   1.3521448472e-10   1.8930983308e-12   1.7404621327e-05   5.3088824290e-02   4.1220078205e-03   1.3860566500e-01   1.0549737318e-10   8.4287089956e-06   9.4925081461e-12   6.8569800000e-01
   1.1000000000e-01   1.1000000000e-01   1.2632223971e+03  -1.7283008220e+06   2.5888931572e-01   2.5492853519e-01   2.5780849322e-04   1.9036032542e-09   5.6086974315e-11   1.2519510694e-03   1.7871972294e-08   1.1622978899e-01   6.8015007962e-08   9.9477550499e-11   1.3611234479e-12   1.5342090196e-05   5.7206771800e-02   4.1416520666e-03   1.3826006617e-01   7.1171389910e-11   6.5312919395e-06   7.1940405036e-12   6.8263000000e-01
   1.1400000000e-01   1.1400000000e-01   1.2572551863e+03  -1.7378344936e+06   2.5810943745e-01   2.5537924032e-01   2.6392570452e-04   1.6079269093e-09   3.3837047552e-11   9.5632376659e-04   1.4260632578e-08   1.1584965888e-01   4.8601183376e-08   7.3232233969e-11   9.7779188320e-13   1.3557902533e-05   6.1353502610e-02   4.1603067263e-03   1.3783554613e-01   4.8811746874e-11   5.1136390706e-06   5.4537355057e-12   6.7956200000e-01
   1.1800000000e-01   1.1800000000e-01   1.2502121795e+03  -1.7483339980e+06   2.5722795774e-01   2.5606076178e-01   2.6905100280e-04   1.3612511785e-09   2.0778715053e-11   7.3990435542e-04   1.1390372225e-08   1.1542880721e-01   3.5535657587e-08   5.3974473724e-11   7.0244667056e-13   1.2003383576e-05   6.5522031381e-02   4.1770248615e-03   1.3735307467e-01   3.4081587952e-11   4.0547391667e-06   4.1386327757e-12   6.7649400000e-01
   1.2200000000e-01   1.2200000000e-01   1.2424203486e+03  -1.7595699569e+06   2.5627126330e-01   2.5691105120e-01   2.7327985776e-04   1.1542395373e-09   1.3019139667e-11   5.8169739801e-04   9.1081480601e-09   1.1497831671e-01   2.6580692806e-08   3.9819428251e-11   5.0469829978e-13   1.0638683208e-05   6.9707099965e-02   4.1908706043e-03   1.3682879613e-01   2.4258055912e-11   3.2637276119e-06   3.1438773814e-12   6.7342600000e-01
   1.2600000000e-01   1.2600000000e-01   1.2341213667e+03  -1.7713678977e+06   2.5525912728e-01   2.5788420016e-01   2.7670566074e-04   9.7976018078e-10   8.3409007135e-12   4.6600753672e-04   7.2917470532e-09   1.1450638202e-01   2.0348502806e-08   2.9398655042e-11   3.6266035535e-13   9.4340056906e-06   7.3904730309e-02   4.2011698142e-03   1.3627486978e-01   1.7620844088e-11   2.6721896906e-06   2.3907118842e-12   6.7035800000e-01
   1.3000000000e-01   1.3000000000e-01   1.2254932484e+03  -1.7835941805e+06   2.5420628080e-01   2.5894611717e-01   2.7941864066e-04   8.3232094526e-10   5.4726141099e-12   3.8119216351e-04   5.8448410266e-09   1.1401903672e-01   1.5949072590e-08   2.1720691480e-11   2.6066134934e-13   8.3672521051e-06   7.8111908421e-02   4.2075735827e-03   1.3570025186e-01   1.3072262629e-11   2.2286911799e-06   1.8202817056e-12   6.6729000000e-01
   1.3400000000e-01   1.3400000000e-01   1.2166664919e+03  -1.7961458176e+06   2.5312361930e-01   2.6007145200e-01   2.8150465413e-04   7.0758457780e-10   3.6799920983e-12   3.1869421260e-04   4.6914824776e-09   1.1352069300e-01   1.2797678202e-08   1.6062421070e-11   1.8745319059e-13   7.4215218768e-06   8.2326351991e-02   4.2100281742e-03   1.3511139347e-01   9.9056969754e-12   1.8947497265e-06   1.3883254859e-12   6.6422200000e-01
   1.3800000000e-01   1.3800000000e-01   1.2077362154e+03  -1.8089430439e+06   2.5201914063e-01   2.6124135530e-01   2.8304412407e-04   6.0203501209e-10   2.5356030663e-12   2.7228457107e-04   3.7716125718e-09   1.1301455056e-01   1.0504153773e-08   1.1893089656e-11   1.3494135976e-13   6.5833023395e-06   8.6546334827e-02   4.2087069109e-03   1.3451283903e-01   7.6630852683e-12   1.6417683417e-06   1.0613487318e-12   6.6115400000e-01
   1.4200000000e-01   1.4200000000e-01   1.1987713015e+03  -1.8219238439e+06   2.5089867565e-01   2.6244182106e-01   2.8411123690e-04   5.1276201144e-10   1.7883500118e-12   2.3746958961e-04   3.0376141761e-09   1.1250290924e-01   8.8057359184e-09   8.8216033696e-12   9.7294413508e-14   5.8413163138e-06   9.0770552422e-02   4.2039347646e-03   1.3390772041e-01   6.0456758160e-12   1.4486518490e-06   8.1392022265e-13   6.5808600000e-01
   1.4600000000e-01   1.4600000000e-01   1.1898212692e+03  -1.8350398845e+06   2.4976645285e-01   2.6366245093e-01   2.8477342946e-04   4.3732165099e-10   1.2890535657e-12   2.1103222823e-04   2.4516672009e-09   1.1198740779e-01   7.5244744951e-09   6.5592580010e-12   7.0312244608e-14   5.1858209785e-06   9.4998018732e-02   4.1961209991e-03   1.3329815064e-01   4.8573469494e-12   1.2999413140e-06   6.2671440223e-13   6.5501800000e-01
   1.5000000000e-01   1.5000000000e-01   1.1809214068e+03  -1.8482534675e+06   2.4862552934e-01   2.6489553187e-01   2.8509115724e-04   3.7364206432e-10   9.4784155349e-13   1.9068194193e-04   1.9836938240e-09   1.1146920482e-01   6.5393526877e-09   4.8928338943e-12   5.0972668280e-14   4.6081796562e-06   9.9227987268e-02   4.1857060023e-03   1.3268552736e-01   3.9683016067e-12   1.1843607937e-06   4.8505356471e-13   6.5195000000e-01
   1.5400000000e-01   1.5400000000e-01   1.1720965768e+03  -1.8615352282e+06   2.4747811459e-01   2.6613534949e-01   2.8511791346e-04   3.1995604454e-10   7.0965781515e-13   1.7479217344e-04   1.6097463799e-09   1.1094911425e-01   5.7676927460e-09   3.6649044923e-12   3.7103899204e-14   4.1005908523e-06   1.0345989124e-01   4.1731232749e-03   1.3207075915e-01   3.2917302727e-12   1.0936995545e-06   3.7780260778e-13   6.4888200000e-01
   1.5800000000e-01   1.5800000000e-01   1.1633640138e+03  -1.8748623810e+06   2.4632580970e-01   2.6737767931e-01   2.8490045650e-04   2.7475025038e-10   5.4012067910e-13   1.6220711370e-04   1.3107370273e-09   1.1042770511e-01   5.1526507784e-09   2.7593200171e-12   2.7147476611e-14   3.6559090147e-06   1.0769329856e-01   4.1587749386e-03   1.3145442920e-01   2.7688007941e-12   1.0219670734e-06   2.9652475789e-13   6.4581400000e-01
   1.6200000000e-01   1.6200000000e-01   1.1547353717e+03  -1.8882173680e+06   2.4516978148e-01   2.6861941129e-01   2.8447919758e-04   2.3672547549e-10   4.1730438377e-13   1.5210197793e-04   1.0714361642e-09   1.0990537410e-01   4.6547927325e-09   2.0904725040e-12   1.9986710322e-14   3.2675231657e-06   1.1192787828e-01   4.1430180886e-03   1.3083691010e-01   2.3590062676e-12   9.6476653477e-07   2.3483592234e-13   6.4274600000e-01
   1.6600000000e-01   1.6600000000e-01   1.1462182130e+03  -1.9015868044e+06   2.4401088725e-01   2.6985827331e-01   2.8388870042e-04   2.0476491514e-10   3.2691880510e-13   1.4388362303e-04   8.7968345758e-10   1.0938239747e-01   4.2464298873e-09   1.5953471804e-12   1.4822679906e-14   2.9292769210e-06   1.1616337568e-01   4.1261591604e-03   1.3021844192e-01   2.0339546392e-12   9.1883936073e-07   1.8791167795e-13   6.3967800000e-01
   1.7000000000e-01   1.7000000000e-01   1.1378170955e+03  -1.9149606458e+06   2.4284976337e-01   2.7109262740e-01   2.8315824826e-04   1.7790857029e-10   2.5944755827e-13   1.3712084578e-04   7.2576668287e-10   1.0885896766e-01   3.9078207620e-09   1.2276329747e-12   1.1084711158e-14   2.6354214144e-06   1.2039959381e-01   4.1084537814e-03   1.2959918368e-01   1.7733623704e-12   8.8174007463e-07   1.5211147845e-13   6.3661000000e-01
   1.7400000000e-01   1.7400000000e-01   1.1295343656e+03  -1.9283315196e+06   2.4168688757e-01   2.7232131854e-01   2.8231243951e-04   1.5533247103e-10   2.0842265292e-13   1.3149602716e-04   6.0193210776e-10   1.0833521892e-01   3.6246306435e-09   9.5335610035e-13   8.3658088738e-15   2.3805951542e-06   1.2463637981e-01   4.0901100548e-03   1.2897924616e-01   1.5624564750e-12   8.5160771621e-07   1.2469250669e-13   6.3354200000e-01
   1.7800000000e-01   1.7800000000e-01   1.1213707430e+03  -1.9416941834e+06   2.4052262263e-01   2.7354356162e-01   2.8137178078e-04   1.3633164539e-10   1.6936547222e-13   1.2677181927e-04   5.0199719654e-10   1.0781124508e-01   3.3862348415e-09   7.4764131439e-13   6.3761344081e-15   2.1598246751e-06   1.2887361469e-01   4.0712937243e-03   1.2835871205e-01   1.3902765432e-12   8.2700679460e-07   1.0359184898e-13   6.3047400000e-01
   1.8200000000e-01   1.8200000000e-01   1.1133257547e+03  -1.9550450810e+06   2.3935724707e-01   2.7475885570e-01   2.8035325393e-04   1.2030590466e-10   1.3912360763e-13   1.2276825320e-04   4.2104246087e-10   1.0728711181e-01   3.1845864638e-09   5.9230961477e-13   4.9095262799e-15   1.9685389346e-06   1.3311120560e-01   4.0521341240e-03   1.2773764788e-01   1.2485536152e-12   8.0681700641e-07   8.7260692418e-14   6.2740600000e-01
   1.8600000000e-01   1.8600000000e-01   1.1053980620e+03  -1.9683819773e+06   2.3819097684e-01   2.7596691826e-01   2.7927084062e-04   1.0674765952e-10   1.1544667360e-13   1.1934697258e-04   3.5516447258e-10   1.0676286514e-01   3.0134615314e-09   4.7409781174e-13   3.8194488226e-15   1.8025899324e-06   1.3734907996e-01   4.0327301839e-03   1.2711611068e-01   1.1309608955e-12   7.9015636220e-07   7.4538194146e-14   6.2433800000e-01
   1.9000000000e-01   1.9000000000e-01   1.0975857071e+03  -1.9817036571e+06   2.3702398080e-01   2.7716763392e-01   2.7813599490e-04   9.5231146265e-11   9.6709058379e-14   1.1640029967e-04   3.0127639618e-10   1.0623853723e-01   2.8679536867e-09   3.8334136182e-13   3.0017540566e-15   1.6582724674e-06   1.4158718103e-01   4.0131560444e-03   1.2649415153e-01   1.0326059150e-12   7.7632680145e-07   6.4555679644e-14   6.2127000000e-01
   1.9400000000e-01   1.9400000000e-01   1.0898863047e+03  -1.9950096730e+06   2.3585639182e-01   2.7836101361e-01   2.7695805904e-04   8.5402622144e-11   8.1724830273e-14   1.1384357123e-04   2.5694587642e-10   1.0571415053e-01   2.7441114999e-09   3.1300252994e-13   2.3823615555e-15   1.5323372774e-06   1.4582546441e-01   3.9934660397e-03   1.2587181719e-01   9.4968062297e-13   7.6477481447e-07   5.6664063061e-14   6.1820200000e-01
   1.9800000000e-01   1.9800000000e-01   1.0822972227e+03  -2.0083000751e+06   2.3468831498e-01   2.7954715319e-01   2.7574462253e-04   7.6971267522e-11   6.9621679621e-14   1.1160969538e-04   2.2026282418e-10   1.0518972054e-01   2.6385029602e-09   2.5795588986e-13   1.9084813409e-15   1.4219936878e-06   1.5006389534e-01   3.9736989486e-03   1.2524915087e-01   8.7921537774e-13   7.5506211205e-07   5.0379090084e-14   6.1513400000e-01
   2.0800000000e-01   2.0800000000e-01   1.0637780131e+03  -2.0414855333e+06   2.3176711143e-01   2.8248474167e-01   2.7263763137e-04   5.9528099345e-11   4.7120372532e-14   1.0669854472e-04   1.5032115424e-10   1.0387856368e-01   2.4089419950e-09   1.5945201430e-13   1.0989987035e-15   1.1792430419e-06   1.6066027365e-01   3.9241553429e-03   1.2369175478e-01   7.2898167405e-13   7.3451468732e-07   3.8466896722e-14   6.0746400000e-01
   2.2400000000e-01   2.2400000000e-01   1.0354471550e+03  -2.0943868380e+06   2.2708932684e-01   2.8709871294e-01   2.6739164751e-04   4.1457365800e-11   2.7286890202e-14   1.0146356918e-04   8.5788348180e-11   1.0178046966e-01   2.1968643805e-09   8.0894485612e-14   4.9790688956e-16   9.1097338358e-07   1.7761558060e-01   3.8447924147e-03   1.2119667312e-01   5.7464041108e-13   7.1569885954e-07   2.8602230174e-14   5.9519200000e-01
   2.4000000000e-01   2.4000000000e-01   1.0085398487e+03  -2.1471556386e+06   2.2240958958e-01   2.9162829378e-01   2.6201422236e-04   2.9349337586e-11   1.6370353172e-14   9.7582603317e-05   4.9768251659e-11   9.9682247117e-02   2.0627817777e-09   4.2021017236e-14   2.3095409825e-16   7.0907237921e-07   1.9457141275e-01   3.7655126203e-03   1.1869981562e-01   4.6259926037e-13   7.0385476749e-07   2.3155400910e-14   5.8292000000e-01
   2.5600000000e-01   2.5600000000e-01   9.8289622419e+02  -2.1998462312e+06   2.1772880741e-01   2.9609270816e-01   2.5657167433e-04   2.0934361031e-11   1.0019786848e-14   9.4435513741e-05   2.9071153097e-11   9.7583934329e-02   1.9752540372e-09   2.1980972900e-14   1.0784039032e-16   5.5194125015e-07   2.1152750736e-01   3.6862906882e-03   1.1620201072e-01   3.7596876812e-13   6.9575453205e-07   1.9854869656e-14   5.7064800000e-01
   2.7200000000e-01   2.7200000000e-01   9.5837237931e+02  -2.2524936243e+06   2.1304743454e-01   3.0051196931e-01   2.5109556414e-04   1.5039707335e-11   6.2303024713e-15   9.1706572297e-05   1.7083120327e-11   9.5485552823e-02   1.9229459521e-09   1.1581574507e-14   5.0687032852e-17   4.2997999615e-07   2.2848373744e-01   3.6070881996e-03   1.1370369796e-01   3.0799364185e-13   6.8950647680e-07   1.7681167726e-14   5.5837600000e-01
   2.8800000000e-01   2.8800000000e-01   9.3486552590e+02  -2.3051181196e+06   2.0836570949e-01   3.0489801634e-01   2.4560137312e-04   1.0914071324e-11   3.9373456912e-15   8.9228344599e-05   1.0124672333e-11   9.3387118723e-02   1.9023942348e-09   6.1872305963e-15   2.4135994465e-17   3.3651694367e-07   2.4544003993e-01   3.5278834391e-03   1.1120510596e-01   2.5485141953e-13   6.8379238064e-07   1.6086217239e-14   5.4610400000e-01
   3.0400000000e-01   3.0400000000e-01   9.1228946511e+02  -2.3577307810e+06   2.0368376406e-01   3.0926073340e-01   2.4009697610e-04   8.0209902696e-12   2.5314974187e-15   8.6907832419e-05   6.0662814868e-12   9.1288644568e-02   1.9118963500e-09   3.3712670132e-15   1.1710751198e-17   2.6547518262e-07   2.6239638301e-01   3.4486676470e-03   1.0870635486e-01   2.1347331833e-13   6.7770374166e-07   1.4747201723e-14   5.3383200000e-01
   3.2000000000e-01   3.2000000000e-01   8.9056913881e+02  -2.4103374096e+06   1.9900167505e-01   3.1360903918e-01   2.3458656434e-04   5.9758888042e-12   1.6557539982e-15   8.4690661565e-05   3.6773579110e-12   8.9190139976e-02   1.9489901759e-09   1.8784121984e-15   5.8040581252e-18   2.1145146413e-07   2.7935275019e-01   3.3694387799e-03   1.0620750973e-01   1.8118876660e-13   6.7068410856e-07   1.3475349605e-14   5.2156000000e-01
   3.3600000000e-01   3.3600000000e-01   8.6963804306e+02  -2.4629409768e+06   1.9431948960e-01   3.1795131094e-01   2.2907248446e-04   4.5113287337e-12   1.1002952351e-15   8.2543385331e-05   2.2538467298e-12   8.7091612255e-02   2.0097454131e-09   1.0697603475e-15   2.9366289157e-18   1.7005468091e-07   2.9630913248e-01   3.2901976935e-03   1.0370860717e-01   1.5579101953e-13   6.6245586045e-07   1.2176891728e-14   5.0928800000e-01
   3.5200000000e-01   3.5200000000e-01   8.4943651364e+02  -2.5155429864e+06   1.8963723791e-01   3.2229565127e-01   2.2355611512e-04   3.4461555086e-12   7.4140956767e-16   8.0444495251e-05   1.3944377055e-12   8.4993066964e-02   2.0883818885e-09   6.2123178548e-16   1.5130631890e-18   1.3795919710e-07   3.1326552460e-01   3.2109462532e-03   1.0120966858e-01   1.3556713804e-13   6.5293738677e-07   1.0829752062e-14   4.9701600000e-01
   3.6800000000e-01   3.6800000000e-01   8.2991055806e+02  -2.5681441967e+06   1.8495494000e-01   3.2665005328e-01   2.1803829856e-04   2.6591087421e-12   5.0545101352e-16   7.8379659330e-05   8.6918289212e-13   8.2894508342e-02   2.1769858424e-09   3.6670659024e-16   7.9127654702e-19   1.1274664008e-07   3.3022192324e-01   3.1316864859e-03   9.8710706875e-02   1.1924202113e-13   6.4217070308e-07   9.4604004275e-15   4.8474400000e-01
   3.8400000000e-01   3.8400000000e-01   8.1101102101e+02  -2.6207449917e+06   1.8027260951e-01   3.3102250583e-01   2.1251956386e-04   2.0689012296e-12   3.4788466047e-16   7.6339065510e-05   5.4475080759e-13   8.0795939630e-02   2.2662427501e-09   2.1931149223e-16   4.1858894738e-19   9.2687529443e-08   3.4717832620e-01   3.0524202326e-03   9.6211730080e-02   1.0588523311e-13   6.3026726115e-07   8.1185840040e-15   4.7247200000e-01
   4.0000000000e-01   4.0000000000e-01   7.9269295532e+02  -2.6733455672e+06   1.7559025588e-01   3.3542106512e-01   2.0700024930e-04   1.6204602600e-12   2.4125722392e-16   7.4315859140e-05   3.4265265652e-13   7.8697363309e-02   2.3476158776e-09   1.3248375598e-16   2.2328536661e-19   7.6545726899e-08   3.6413473199e-01   2.9731490365e-03   9.3712743288e-02   9.4820101728e-14   6.1737091420e-07   6.8552075890e-15   4.6020000000e-01
   4.1600000000e-01   4.1600000000e-01   7.7491512442e+02  -2.7259460238e+06   1.7090788577e-01   3.3985390839e-01   2.0148057328e-04   1.2758850208e-12   1.6829919429e-16   7.2305179509e-05   2.1595261694e-13   7.6598781272e-02   2.4157422746e-09   8.0623230797e-17   1.1976387976e-19   6.3429706566e-08   3.8109113957e-01   2.8938741330e-03   9.1213749793e-02   8.5550921229e-14   6.0363415534e-07   5.7085042672e-15   4.4792800000e-01
   4.3200000000e-01   4.3200000000e-01   7.5763959368e+02  -2.7785464146e+06   1.6622550389e-01   3.4432937869e-01   1.9596067721e-04   1.0086285526e-12   1.1793177980e-16   7.0303542303e-05   1.3616934773e-13   7.4500194965e-02   2.4693565154e-09   4.9313101724e-17   6.4436714613e-20   5.2687547088e-08   3.9804754821e-01   2.8145964830e-03   8.8714751762e-02   7.7709938441e-14   5.8920378690e-07   4.6993293518e-15   4.3565600000e-01
   4.4800000000e-01   4.4800000000e-01   7.4083138562e+02  -2.8311467675e+06   1.6154311360e-01   3.4885602572e-01   1.9044065246e-04   7.9976189200e-13   8.2917026652e-17   6.8308431397e-05   8.5797345053e-14   7.2401605486e-02   2.5103442061e-09   3.0258484732e-17   3.4705629254e-20   4.3834945656e-08   4.1500395741e-01   2.7353168178e-03   8.6215750642e-02   7.1020316244e-14   5.7421301453e-07   3.8328467665e-15   4.2338400000e-01
   4.6400000000e-01   4.6400000000e-01   7.2445818331e+02  -2.8837470980e+06   1.5686071731e-01   3.5344264576e-01   1.8492055756e-04   6.3555151036e-13   5.8447608547e-17   6.6318022049e-05   5.3961553879e-14   7.0303013663e-02   2.5418689391e-09   1.8597638272e-17   1.8681237318e-20   3.6506039611e-08   4.3196036684e-01   2.6560356848e-03   8.3716747409e-02   6.5270339386e-14   5.5877779504e-07   3.1030105337e-15   4.1111200000e-01
   4.8000000000e-01   4.8000000000e-01   7.0849007190e+02  -2.9363474149e+06   1.5217831677e-01   3.5809832261e-01   1.7940042948e-04   5.0586504735e-13   4.1283517177e-17   6.4330988964e-05   3.3848064096e-14   6.8204420122e-02   2.5667276750e-09   1.1436494108e-17   1.0036556127e-20   3.0419535294e-08   4.4891677626e-01   2.5767534883e-03   8.1217742729e-02   6.0295038059e-14   5.4299591231e-07   2.4972385985e-15   3.9884000000e-01
   4.9600000000e-01   4.9600000000e-01   6.9289931128e+02  -2.9889477231e+06   1.4749591321e-01   3.6283247068e-01   1.7388029101e-04   4.0310690599e-13   2.9213363360e-17   6.2346370479e-05   2.1160082237e-14   6.6105825331e-02   2.5865038731e-09   7.0306016625e-18   5.3766407909e-21   2.5355193683e-08   4.6587318553e-01   2.4974705236e-03   7.8718737061e-02   5.5962688666e-14   5.2694771823e-07   2.0000688549e-15   3.8656800000e-01
   5.1200000000e-01   5.1200000000e-01   6.7766013485e+02  -3.0415480257e+06   1.4281350752e-01   3.6765488120e-01   1.6836015567e-04   3.2149884683e-13   2.0711984755e-17   6.0363470789e-05   1.3176303116e-14   6.4007229636e-02   2.6014756529e-09   4.3183557004e-18   2.8699806037e-21   2.1137469167e-08   4.8282959457e-01   2.4181870049e-03   7.6219730721e-02   5.2164666789e-14   5.1069780364e-07   1.5955660848e-15   3.7429600000e-01
   5.2800000000e-01   5.2800000000e-01   6.6274857075e+02  -3.0941483245e+06   1.3813110034e-01   3.7257577212e-01   1.6284003105e-04   2.5658819362e-13   1.4718836483e-17   5.8381788634e-05   8.1691014005e-15   6.1908633295e-02   2.6109565811e-09   2.6493076333e-18   1.5257444589e-21   1.7624148321e-08   4.9978600334e-01   2.3389030868e-03   7.3720723929e-02   4.8807756694e-14   4.9429709964e-07   1.2686977392e-15   3.6202400000e-01
   5.4400000000e-01   5.4400000000e-01   6.4814228239e+02  -3.1467486208e+06   1.3344869213e-01   3.7760584256e-01   1.5731992089e-04   2.0490720793e-13   1.0491965399e-17   5.6400964844e-05   5.0409845149e-15   5.9810036494e-02   2.6137525428e-09   1.6232079435e-18   8.0758888004e-22   1.4698466904e-08   5.1674241181e-01   2.2596188809e-03   7.1221716835e-02   4.5808381248e-14   4.7778508077e-07   1.0059998143e-15   3.4975200000e-01
   5.6000000000e-01   5.6000000000e-01   6.3382042623e+02  -3.1993489154e+06   1.2876628320e-01   3.8275633227e-01   1.5179982659e-04   1.6373317406e-13   7.5101329410e-18   5.4420743615e-05   3.0953525811e-15   5.7711439368e-02   2.6085434664e-09   9.9321286809e-19   4.2553417156e-22   1.2263602685e-08   5.3369881999e-01   2.1803344674e-03   6.8722709542e-02   4.3088454624e-14   4.6119186701e-07   7.9580673971e-16   3.3748000000e-01
   5.7600000000e-01   5.7600000000e-01   6.1976352465e+02  -3.2519492086e+06   1.2408387379e-01   3.8803908673e-01   1.4627974811e-04   1.3091587454e-13   5.4061983321e-18   5.2440943935e-05   1.8909764735e-15   5.5612842015e-02   2.5941243848e-09   6.0698725331e-19   2.2319744019e-22   1.0238753407e-08   5.5065522790e-01   2.1010499044e-03   6.6223702118e-02   4.0572774076e-14   4.4454011148e-07   6.2823665244e-16   3.2520800000e-01
   5.9200000000e-01   5.9200000000e-01   6.0595335242e+02  -3.3045495009e+06   1.1940146403e-01   3.9346662880e-01   1.4075968463e-04   1.0475062117e-13   3.9211955288e-18   5.0461438562e-05   1.1492275314e-15   5.3514244504e-02   2.5695201663e-09   3.7056317563e-19   1.1653754789e-22   8.5562516675e-09   5.6761163555e-01   2.0217652336e-03   6.3724694612e-02   3.8188082808e-14   4.2784662364e-07   4.9505238460e-16   3.1293600000e-01
   6.0800000000e-01   6.0800000000e-01   5.9237283553e+02  -3.3571497925e+06   1.1471905406e-01   3.9905223743e-01   1.3523963490e-04   8.3882654666e-14   2.8723628253e-18   4.8482138630e-05   6.9482062366e-16   5.1415646884e-02   2.5340207679e-09   2.2604455593e-19   6.0576889077e-23   7.1593537098e-09   5.8456804299e-01   1.9424804855e-03   6.1225687053e-02   3.5864106679e-14   4.1112371888e-07   3.8946913243e-16   3.0066400000e-01
   6.2400000000e-01   6.2400000000e-01   5.7900596102e+02  -3.4097500836e+06   1.1003664393e-01   4.0481003447e-01   1.2971959750e-04   6.7233721234e-14   2.1307299248e-18   4.6502982442e-05   4.1796366734e-16   4.9317049190e-02   2.4871841477e-09   1.3781650856e-19   3.1353338686e-23   6.0004735666e-09   6.0152445022e-01   1.8631956820e-03   5.8726679461e-02   3.3536869716e-14   3.9438031056e-07   3.0594877144e-16   2.8839200000e-01
   6.4000000000e-01   6.4000000000e-01   5.6583769715e+02  -3.4623503743e+06   1.0535423370e-01   4.1075508052e-01   1.2419957099e-04   5.3944822603e-14   1.6053330768e-18   4.4523927359e-05   2.5021790318e-16   4.7218451444e-02   2.4288382059e-09   8.4009305688e-20   1.6161949608e-23   5.0397255579e-09   6.1848085728e-01   1.7839108390e-03   5.6227671850e-02   3.1154250716e-14   3.7762277378e-07   2.4000224562e-16   2.7612000000e-01
   6.5600000000e-01   6.5600000000e-01   5.5285392292e+02  -3.5149506646e+06   1.0067182341e-01   4.1690348091e-01   1.1867955396e-04   4.3331130813e-14   1.2320667197e-18   4.2544943968e-05   1.4914405350e-16   4.5119853664e-02   2.3590932253e-09   5.1218166689e-20   8.2995461081e-24   4.2436964973e-09   6.3543726419e-01   1.7046259679e-03   5.3728664226e-02   2.8682935078e-14   3.6085561528e-07   1.8801059857e-16   2.6384800000e-01
   6.7200000000e-01   6.7200000000e-01   5.4004136637e+02  -3.5675509547e+06   9.5989413078e-02   4.2327250300e-01   1.1315954514e-04   3.4846296119e-14   9.6579599876e-19   4.0566011930e-05   8.8571275717e-17   4.3021255860e-02   2.2783597090e-09   3.1241677121e-20   4.2470859923e-24   3.5844034004e-09   6.5239367097e-01   1.6253410770e-03   5.1229656596e-02   2.6114794722e-14   3.4408198416e-07   1.4706890369e-16   2.5157600000e-01
   6.8800000000e-01   6.8800000000e-01   5.2738755111e+02  -3.6201512446e+06   9.1307002717e-02   4.2988070634e-01   1.0763954334e-04   2.8054146790e-14   7.7476938053e-19   3.8587117050e-05   5.2455418690e-17   4.0922658040e-02   2.1873574313e-09   1.9070748175e-20   2.1662912923e-24   3.0384106427e-09   6.6935007764e-01   1.5460561721e-03   4.8730648961e-02   2.3469906954e-14   3.2730405516e-07   1.1485372530e-16   2.3930400000e-01
   7.0400000000e-01   7.0400000000e-01   5.1488075065e+02  -3.6727515343e+06   8.6624592340e-02   4.3674808709e-01   1.0211954751e-04   2.2606271743e-14   6.3665602081e-19   3.6608249256e-05   3.1020679447e-17   3.8824060210e-02   2.0871014177e-09   1.1651035525e-20   1.1015463040e-24   2.5860880442e-09   6.8630648421e-01   1.4667712576e-03   4.6231641325e-02   2.0793794402e-14   3.1052331217e-07   8.9512728705e-17   2.2703200000e-01
   7.2000000000e-01   7.2000000000e-01   5.0250995020e+02  -3.7253518239e+06   8.1942181952e-02   4.4389623869e-01   9.6599556685e-05   1.8224306297e-14   5.3573197499e-19   3.4629401224e-05   1.8348081151e-17   3.6725462373e-02   1.9788580091e-09   7.1228211579e-21   5.5839369869e-25   2.2109926160e-09   7.0326289072e-01   1.3874863364e-03   4.3732633687e-02   1.8148463943e-14   2.9374075508e-07   6.9574035725e-17   2.1476000000e-01
   7.3600000000e-01   7.3600000000e-01   4.9026481561e+02  -3.7779521134e+06   7.7259771559e-02   4.5134853063e-01   9.1079570050e-05   1.4685978291e-14   4.6087990366e-19   3.2650567481e-05   1.0876628723e-17   3.4626864531e-02   1.8640748282e-09   4.3550658536e-21   2.8209782523e-25   1.8993554846e-09   7.2021929715e-01   1.3082014106e-03   4.1233626048e-02   1.5599633852e-14   2.7695704872e-07   5.3872525445e-17   2.0248800000e-01
   7.5200000000e-01   7.5200000000e-01   4.7813566947e+02  -3.8305524028e+06   7.2577361163e-02   4.5913030773e-01   8.5559586874e-05   1.1814158497e-14   4.0416646278e-19   3.0671743817e-05   6.4773902260e-18   3.2528266685e-02   1.7442969215e-09   2.6603684702e-21   1.4193264161e-25   1.6396548644e-09   7.3717570354e-01   1.2289164816e-03   3.8734618409e-02   1.3204385416e-14   2.6017262880e-07   4.1490281084e-17   1.9021600000e-01
   7.6800000000e-01   7.6800000000e-01   4.6611347393e+02  -3.8831526921e+06   6.7894950765e-02   4.6726911240e-01   8.0039606525e-05   9.4683190022e-15   3.5983272098e-19   2.8692926918e-05   3.8852776974e-18   3.0429668838e-02   1.6210839145e-09   1.6209720699e-21   7.1035526945e-26   1.4222575562e-09   7.5413210988e-01   1.1496315506e-03   3.6235610770e-02   1.1003085743e-14   2.4338777625e-07   3.1708623875e-17   1.7794400000e-01
   7.8400000000e-01   7.8400000000e-01   4.5418982052e+02  -3.9357529813e+06   6.3212540366e-02   4.7579493295e-01   7.4519628459e-05   7.5379404393e-15   3.2358531881e-19   2.6714114133e-05   2.3527910005e-18   2.8331070989e-02   1.4959395800e-09   9.8279509479e-22   3.5302507379e-26   1.2391151847e-09   7.7108851618e-01   1.0703466181e-03   3.3736603131e-02   9.0172165144e-15   2.2660266879e-07   2.3969512538e-17   1.6567200000e-01
   8.0000000000e-01   8.0000000000e-01   4.4235692665e+02  -3.9883532705e+06   5.8530129967e-02   4.8474048108e-01   6.8999652210e-05   5.9375064319e-15   2.9211689577e-19   2.4735303319e-05   1.4405562039e-18   2.6232473139e-02   1.3702584361e-09   5.9103418312e-22   1.7377468535e-26   1.0835059832e-09   7.8804492246e-01   9.9106168473e-04   3.1237595491e-02   7.2523043132e-15   2.0981741633e-07   1.7844377979e-17   1.5340000000e-01
   8.1600000000e-01   8.1600000000e-01   4.3060763894e+02  -4.0409535596e+06   5.3847719569e-02   4.9414150239e-01   6.3479677381e-05   4.6027434004e-15   2.6281763892e-19   2.2756492748e-05   8.9154034730e-19   2.4133875289e-02   1.2452871556e-09   3.5110469243e-22   8.4443008343e-27   9.4981697892e-10   8.0500132871e-01   9.1177675073e-04   2.8738587852e-02   5.7037539838e-15   1.9303208495e-07   1.3008583854e-17   1.4112800000e-01
   8.3200000000e-01   8.3200000000e-01   4.1893544322e+02  -4.0935538487e+06   4.9165309171e-02   5.0403712425e-01   5.7959703638e-05   3.4876619479e-15   2.3366415243e-19   2.0777681043e-05   5.5604301765e-19   2.2035277438e-02   1.1220940152e-09   2.0498311418e-22   4.0330911560e-27   8.3336405894e-10   8.2195773495e-01   8.3249181635e-04   2.6239580213e-02   4.3631763502e-15   1.7624671296e-07   9.2196256346e-18   1.2885600000e-01
   8.4800000000e-01   8.4800000000e-01   4.0733448124e+02  -4.1461541377e+06   4.4482898773e-02   5.1447024562e-01   5.2439730698e-05   2.5617304757e-15   2.0327671232e-19   1.8798867147e-05   3.4724056625e-19   1.9936679587e-02   1.0015386425e-09   1.1689027844e-22   1.8826006443e-27   7.3024820117e-10   8.3891414117e-01   7.5320688172e-04   2.3740572573e-02   3.2231855576e-15   1.5946132161e-07   6.2970949877e-18   1.1658400000e-01
   8.6400000000e-01   8.6400000000e-01   3.9579957387e+02  -4.1987544267e+06   3.9800488375e-02   5.2548797472e-01   4.6919758332e-05   1.8063057401e-15   1.7110307766e-19   1.6820050319e-05   2.1494803181e-19   1.7838081736e-02   8.8423764151e-10   6.4630353803e-23   8.5262178493e-28   6.3724492755e-10   8.5587054738e-01   6.7392194695e-04   2.1241564934e-02   2.2791563027e-15   1.4267592195e-07   4.1028749753e-18   1.0431200000e-01
   8.8000000000e-01   8.8000000000e-01   3.8432625045e+02  -4.2513547157e+06   3.5118077978e-02   5.3714212066e-01   4.1399786354e-05   1.2096364202e-15   1.3760939407e-19   1.4841230139e-05   1.3014723984e-19   1.5739483885e-02   7.7052920123e-10   3.4351004545e-23   3.7109985564e-28   5.5172089327e-10   8.7282695358e-01   5.9463701209e-04   1.8742557295e-02   1.5272312720e-15   1.2589051933e-07   2.5216892485e-18   9.2040000000e-02
   8.9600000000e-01   8.9600000000e-01   3.7291078406e+02  -4.3039550046e+06   3.0435667581e-02   5.4948974664e-01   3.5879814624e-05   7.6075602261e-16   1.0428153564e-19   1.2862406516e-05   7.5852619445e-20   1.3640886034e-02   6.6044912899e-10   1.7370760854e-23   1.5325682847e-28   4.7156760225e-10   8.8978335978e-01   5.1535207718e-04   1.6243549656e-02   9.5943094893e-16   1.0910511604e-07   1.4449267692e-18   7.9768000000e-02
   9.1200000000e-01   9.1200000000e-01   3.6155023178e+02  -4.3565552935e+06   2.5753257184e-02   5.6259379341e-01   3.0359843040e-05   4.4412350426e-16   7.3272821697e-20   1.0883579668e-05   4.1754782390e-20   1.1542288182e-02   5.5373622628e-10   8.2522590440e-24   5.8996899519e-29   3.9514025561e-10   9.0673976597e-01   4.3606714225e-04   1.3744542016e-02   5.5874803633e-16   9.2319712917e-08   7.6252931294e-19   6.7496000000e-02
   9.2800000000e-01   9.2800000000e-01   3.5024247917e+02  -4.4091555824e+06   2.1070846787e-02   5.7652378322e-01   2.4839871534e-05   2.3752919661e-16   4.6742966965e-20   8.9047500700e-06   2.1189280098e-20   9.4436903309e-03   4.4988021583e-10   3.6219215079e-24   2.0617697600e-29   3.2119268746e-10   9.2369617216e-01   3.5678220730e-04   1.1245534377e-02   2.9783529939e-16   7.5534310144e-08   3.6557482899e-19   5.5224000000e-02
   9.4400000000e-01   9.4400000000e-01   3.3898628756e+02  -4.4617558712e+06   1.6388436390e-02   5.9135661672e-01   1.9319900067e-05   1.1425562266e-16   2.6183197258e-20   6.9259183620e-06   9.5547493061e-21   7.3450924796e-03   3.4821039694e-10   1.4327618299e-24   6.2618929168e-30   2.4880718673e-10   9.4065257835e-01   2.7749727235e-04   8.7465267376e-03   1.4273875958e-16   5.8748907675e-08   1.5624461698e-19   4.2952000000e-02
   9.6000000000e-01   9.6000000000e-01   3.2778134242e+02  -4.5143561600e+06   1.1706025993e-02   6.0717747780e-01   1.3799928615e-05   4.7767333885e-17   1.2057647170e-20   4.9470852359e-06   3.5694550942e-21   5.2464946283e-03   2.4800719402e-10   4.8922814583e-25   1.5197558771e-30   1.7732613055e-10   9.5760898453e-01   1.9821233739e-04   6.2475190983e-03   5.9508838792e-17   4.1963505402e-08   5.7533129309e-20   3.0680000000e-02
   9.7600000000e-01   9.7600000000e-01   3.1662830061e+02  -4.5669564487e+06   7.0236155955e-03   6.2408086462e-01   8.2799571678e-06   1.5948605276e-17   3.8633546311e-21   2.9682513267e-06   9.2512129238e-22   3.1478967770e-03   1.4861310099e-10   1.3084957780e-25   2.3981261104e-31   1.0629531928e-10   9.7456539072e-01   1.1892740244e-04   3.7485114590e-03   1.9908113688e-17   2.5178103223e-08   1.6826772717e-20   1.8408000000e-02
   9.9200000000e-01   9.9200000000e-01   3.0552883378e+02  -4.6195567375e+06   2.3412051985e-03   6.4217177001e-01   2.7599857225e-06   2.9990219072e-18   4.2717623695e-22   9.8941711977e-07   7.4049909352e-23   1.0492989257e-03   4.9526451352e-11   1.8958461085e-26   1.0081040907e-32   3.5425695466e-11   9.9152179691e-01   3.9642467479e-05   1.2495038197e-03   3.8814563500e-18   8.3927010737e-09   2.8804249597e-21   6.1360000000e-03
   1.0000000000e+00   1.0000000000e+00   3.0000000000e+02  -4.6458568819e+06   0.0000000000e+00   6.5169855213e-01   0.0000000000e+00   0.0000000000e+00   0.0000000000e+00   0.0000000000e+00   0.0000000000e+00   0.0000000000e+00   0.0000000000e+00   0.0000000000e+00   0.0000000000e+00   0.0000000000e+00   1.0000000000e+00   0.0000000000e+00   0.0000000000e+00   0.0000000000e+00   0.0000000000e+00   0.0000000000e+00   0.0000000000e+00