# L (m)  = 1
# P (Pa) = 101325
#             001_x           002_mixf              003_T              004_h             005_pv        006_density             007_H2              008_H              009_O             010_O2             011_OH            012_H2O            013_HO2            014_CH2         015_CH2(S)            016_CH3            017_CH4             018_CO            019_CO2            020_HCO           021_CH2O          022_CH2OH             023_N2
                  0   0.0000000000e+00   3.0000000000e+02   1.9075768848e+03   0.0000000000e+00   1.1719839921e+00   0.0000000000e+00   0.0000000000e+00   0.0000000000e+00   2.3300000000e-01   0.0000000000e+00   0.0000000000e+00   0.0000000000e+00   0.0000000000e+00   0.0000000000e+00   0.0000000000e+00   0.0000000000e+00   0.0000000000e+00   0.0000000000e+00   0.0000000000e+00   0.0000000000e+00   0.0000000000e+00   7.6700000000e-01
   2.0000000000e-03   2.0000000000e-03   3.3892700869e+02  -6.7416650531e+04   9.9331016179e-03   1.0357206232e+00   1.1425559051e-07   7.4436757894e-21  -3.9928408786e-15   2.2459240610e-01   1.3018980478e-14   4.4719004224e-03   3.5167388842e-08  -1.5240392632e-23  -8.7256745536e-25   2.9517437399e-12   8.3078200338e-06   3.9998349670e-06   5.4570871050e-03   1.3055572356e-19   1.4928927032e-07   3.3628442718e-27   7.6546600000e-01
   6.0000000000e-03   6.0000000000e-03   4.1517147230e+02  -2.0606494534e+05   2.9782124219e-02   8.4282225964e-01   3.8108138093e-07   2.6896516372e-19  -5.1612825356e-15   2.0779110459e-01  -2.2234816394e-14   1.3408052462e-02   1.1302109897e-07  -1.3210122098e-22  -8.3832177411e-24   9.1252709495e-12   2.8163312806e-05   1.3074032653e-05   1.6360616644e-02   2.2007127728e-18   4.9484364152e-07   1.8582735381e-23   7.6239800000e-01
   1.0000000000e-02   1.0000000000e-02   4.8881463529e+02  -3.4471227843e+05   4.9575759120e-02   7.1357115128e-01   7.6941308579e-07   2.5201017085e-18  -2.3044137748e-15   1.9103456072e-01  -4.5527014908e-14   2.2319531826e-02   2.1343846509e-07  -6.1005029888e-23  -4.1342140159e-24   1.7760807034e-11   5.8479264870e-05   2.5520097928e-05   2.7229937783e-02   1.1038152692e-17   9.8744246162e-07   2.8215655683e-21   7.5933000000e-01
   1.4000000000e-02   1.4000000000e-02   5.5928824862e+02  -4.8335596621e+05   6.9264239505e-02   6.2167889543e-01   1.3816172253e-06   1.6421393279e-17  -2.6817243312e-15   1.7436295791e-01   4.6301990052e-13   3.1184122792e-02   3.5116789974e-07   1.2390715142e-21   7.8586048908e-23   3.6796303538e-11   1.0870724618e-04   4.4059403782e-05   3.8034675691e-02   4.2019576645e-17   1.7441376384e-06   1.1807129477e-19   7.5626200000e-01
   1.8000000000e-02   1.8000000000e-02   6.2595426613e+02  -6.2198886636e+05   8.8778605652e-02   5.5370793632e-01   2.3501139682e-06   1.0649798261e-16   7.3622429046e-15   1.5783193349e-01   3.0811149834e-12   3.9970979835e-02   5.3949842212e-07   9.9099528174e-21   6.0029178650e-22   9.1597217519e-11   1.9201567541e-04   7.2047947628e-05   4.8733227756e-02   1.7598370250e-16   2.9055841421e-06   2.2603181391e-18   7.5319400000e-01
   2.2000000000e-02   2.2000000000e-02   6.8806029193e+02  -7.6059524260e+05   1.0802366028e-01   5.0213231921e-01   3.8448004917e-06   7.1752498845e-16   6.9845032751e-14   1.4151823675e-01   1.2869255571e-11   4.8637441392e-02   7.8796008049e-07   7.8159574476e-20   4.4022630081e-21   2.6672773027e-10   3.2667946623e-04   1.1357227025e-04   5.9268801821e-02   8.5639762784e-16   4.6352642241e-06   2.5151498768e-17   7.5012600000e-01
   2.6000000000e-02   2.6000000000e-02   7.4471520442e+02  -8.9913651399e+05   1.2687256144e-01   4.6245969948e-01   6.0748075707e-06   4.6370989965e-15   4.0800850202e-13   1.2552405683e-01   3.1979323191e-11   5.7126565622e-02   1.0991350236e-06   5.9673836621e-19   3.0619364523e-20   8.5265283290e-10   5.3717359159e-04   1.7338121109e-04   6.9566539801e-02   4.2980824433e-15   7.1081179273e-06   1.8573065855e-16   7.4705800000e-01
   3.0000000000e-02   3.0000000000e-02   7.9491328299e+02  -1.0375038729e+06   1.4516457976e-01   4.3187702279e-01   9.2823105085e-06   2.4983078511e-14   1.5184776707e-12   1.0997879297e-01   4.7792658919e-11   6.5366077617e-02   1.4656801399e-06   5.4033946015e-18   2.4848614312e-19   2.7015591356e-09   8.5467322152e-04   2.5661850958e-04   7.9532601317e-02   1.8168149472e-14   1.0485621497e-05   9.8630948523e-16   7.4399000000e-01
   3.4000000000e-02   3.4000000000e-02   8.3762897692e+02  -1.1754194375e+06   1.6270770945e-01   4.0854354639e-01   1.3726868162e-05   1.1425574807e-13   4.5513887150e-12   9.5036912894e-02   8.9309927234e-11   7.3269495422e-02   1.8698798617e-06   3.3635414313e-17   1.3626358275e-18   7.5531922756e-09   1.3166254095e-03   3.6835630433e-04   8.9056130857e-02   6.7115710803e-14   1.4874717773e-05   3.9703614343e-15   7.4092200000e-01
   3.8000000000e-02   3.8000000000e-02   8.7197102592e+02  -1.3123052809e+06   1.7928744447e-01   3.9119292800e-01   1.9660518710e-05   4.2934679789e-13   1.1211443826e-11   8.0870852636e-02   1.5299309518e-10   8.0740038024e-02   2.2889087829e-06   1.5942408804e-16   5.6019784852e-18   1.8344073840e-08   1.9651216287e-03   5.1298169419e-04   9.8014764236e-02   2.0789865236e-13   2.0273844676e-05   1.2592440452e-14   7.3785400000e-01
   4.2000000000e-02   4.2000000000e-02   8.9747968735e+02  -1.4470191461e+06   1.9468202391e-01   3.7884626718e-01   2.7296318578e-05   1.3276727117e-12   2.2188896226e-11   6.7658718546e-02   2.3343581758e-10   8.7677471118e-02   2.7066221847e-06   5.9773158172e-16   1.7941142045e-17   3.8776706671e-08   2.8439863101e-03   6.9354237329e-04   1.0628371410e-01   5.4281375103e-13   2.6525581578e-05   3.2586810196e-14   7.3478600000e-01
   4.6000000000e-02   4.6000000000e-02   9.1474100083e+02  -1.5772189963e+06   2.0868295223e-01   3.7048881359e-01   3.6775277986e-05   3.5296903360e-12   3.7076972860e-11   5.5567750029e-02   3.2296353251e-10   9.3987377257e-02   3.1275510470e-06   1.8611573849e-15   4.7135096706e-17   7.4429731952e-08   3.9947778864e-03   9.1119029598e-04   1.1374760940e-01   1.2500549834e-12   3.3317505261e-05   7.1822524156e-14   7.3171800000e-01
   5.0000000000e-02   5.0000000000e-02   9.2671724894e+02  -1.6977961784e+06   2.2111794898e-01   3.6450444239e-01   4.8138108963e-05   9.1684236618e-12   5.9973815336e-11   4.4735842829e-02   4.5238370549e-10   9.9591580547e-02   3.5829238870e-06   6.0093311597e-15   1.2755358015e-16   1.4498041239e-07   5.4522311475e-03   1.1648598058e-03   1.2031337052e-01   2.8850471928e-12   4.0248616156e-05   1.4445280277e-13   7.2865000000e-01
   5.4000000000e-02   5.4000000000e-02   9.4225089842e+02  -1.7963705769e+06   2.3187213471e-01   3.5731608569e-01   6.1311411576e-05   2.9240719336e-11   1.1969260427e-10   3.5254582096e-02   7.9616620768e-10   1.0443779602e-01   4.1063447631e-06   3.0776512502e-14   5.4738979621e-16   3.4171838013e-07   7.2399607458e-03   1.4512723063e-03   1.2592175497e-01   8.3655695700e-12   4.6873430929e-05   3.0330792564e-13   7.2558200000e-01
   5.8000000000e-02   5.8000000000e-02   9.8075617841e+02  -1.8466729562e+06   2.4090250712e-01   3.4215347232e-01   7.6133448391e-05   1.3205920203e-10   3.4706484313e-10   2.7157971156e-02   2.1902663927e-09   1.0850611060e-01   4.6101583300e-06   3.3553389992e-13   5.1519468509e-15   1.0545982745e-06   9.3673618664e-03   1.7652431531e-03   1.3055501991e-01   3.5145172845e-11   5.2492394467e-05   8.2424225787e-13   7.2251400000e-01
   6.2000000000e-02   6.2000000000e-02   1.0456535061e+03  -1.8426885259e+06   2.4823914493e-01   3.1985451962e-01   9.2499945223e-05   6.0870700369e-10   1.0378143913e-09   2.0422444801e-02   7.9013135407e-09   1.1180871053e-01   4.5805710355e-06   4.9279671679e-12   7.0570897083e-14   3.5280833017e-06   1.1828962269e-02   2.0997251538e-03   1.3423820930e-01   1.5416533607e-10   5.5329636129e-05   2.5874751309e-12   7.1944600000e-01
   6.6000000000e-02   6.6000000000e-02   1.1096145229e+03  -1.8207475366e+06   2.5396219232e-01   3.0041650330e-01   1.1059473285e-04   1.7912561601e-09   1.9303792043e-09   1.4984985450e-02   2.2053053923e-08   1.1437682296e-01   3.5733775920e-06   4.0790398822e-11   5.7254579527e-13   9.0642708538e-06   1.4609996883e-02   2.4419093110e-03   1.3703286532e-01   4.1610287649e-10   5.2161458981e-05   6.3666565496e-12   7.1637800000e-01
   7.0000000000e-02   7.0000000000e-02   1.1625485850e+03  -1.7963769702e+06   2.5817649641e-01   2.8578809020e-01   1.3030572336e-04   3.1885635294e-09   2.1430542121e-09   1.0758021952e-02   3.9965792232e-08   1.1625081138e-01   2.2570959159e-06   1.4557802593e-10   2.0413715025e-12   1.5723756058e-05   1.7694393425e-02   2.7656449102e-03   1.3902973440e-01   6.1603751145e-10   4.3061289611e-05   1.2190815829e-11   7.1331000000e-01
   7.4000000000e-02   7.4000000000e-02   1.2043865227e+03  -1.7723895842e+06   2.6104229095e-01   2.7495493705e-01   1.5055767159e-04   4.0128828166e-09   1.6817861928e-09   7.6057873595e-03   5.1755187867e-08   1.1750238346e-01   1.2621277315e-06   2.6828047555e-10   3.7991959673e-12   2.0196837456e-05   2.1055876965e-02   3.0456704717e-03   1.4034367934e-01   5.9321532888e-10   3.2527427085e-05   1.8392605817e-11   7.1024200000e-01
   7.8000000000e-02   7.8000000000e-02   1.2366844798e+03  -1.7497635693e+06   2.6279271785e-01   2.6690585202e-01   1.7015346057e-04   4.1299701165e-09   1.0834763384e-09   5.3375834621e-03   5.4264418292e-08   1.1824238659e-01   6.6978499434e-07   3.2430569211e-10   4.6647208809e-12   2.1604278386e-05   2.4649726838e-02   3.2771688394e-03   1.4110300895e-01   4.4731684504e-10   2.3637513326e-05   2.1535782523e-11   7.0717400000e-01
   8.2000000000e-02   8.2000000000e-02   1.2600966873e+03  -1.7307503699e+06   2.6368564416e-01   2.6110782786e-01   1.8838770699e-04   3.8299795866e-09   6.3342499689e-10   3.7468550558e-03   5.0331232523e-08   1.1859364861e-01   3.5770430335e-07   3.0813940315e-10   4.4968745218e-12   2.0970507556e-05   2.8423078840e-02   3.4694631025e-03   1.4143414474e-01   3.0088181516e-10   1.7038298839e-05   2.0674347083e-11   7.0410600000e-01
   8.6000000000e-02   8.6000000000e-02   1.2750962784e+03  -1.7174759198e+06   2.6395209787e-01   2.5721898055e-01   2.0495803643e-04   3.4095215928e-09   3.5985386212e-10   2.6498211678e-03   4.3871288405e-08   1.1866476392e-01   2.0187886387e-07   2.6169239177e-10   3.8492222396e-12   1.9587886878e-05   3.2327851540e-02   3.6328357840e-03   1.4144954013e-01   1.9670152914e-10   1.2391533731e-05   1.7820462780e-11   7.0103800000e-01
   9.0000000000e-02   9.0000000000e-02   1.2831003721e+03  -1.7100800437e+06   2.6377524067e-01   2.5481314716e-01   2.1975681971e-04   3.0175418718e-09   2.0714559386e-10   1.9008866841e-03   3.7360407218e-08   1.1854040079e-01   1.2306105027e-07   2.1485865445e-10   3.1603249188e-12   1.8204958441e-05   3.6326319612e-02   3.7733228082e-03   1.4124176025e-01   1.3112356137e-10   9.1840699254e-06   1.4825995780e-11   6.9797000000e-01
   9.4000000000e-02   9.4000000000e-02   1.2858279994e+03  -1.7076429356e+06   2.6329116056e-01   2.5348348702e-01   2.3276454397e-04   2.6843396935e-09   1.2295788175e-10   1.3917829817e-03   3.1608209240e-08   1.1828249493e-01   8.0803770036e-08   1.7581372577e-10   2.5682391434e-12   1.7013491581e-05   4.0390951329e-02   3.8934385467e-03   1.4088246254e-01   9.0652776925e-11   6.9761357312e-06   1.2286218196e-11   6.9490200000e-01
   9.8000000000e-02   9.8000000000e-02   1.2847724130e+03  -1.7090758189e+06   2.6259733951e-01   2.5291211226e-01   2.4401945969e-04   2.3954806068e-09   7.5474076107e-11   1.0449563847e-03   2.6644652841e-08   1.1793486270e-01   5.6433013223e-08   1.4372233160e-10   2.0737575494e-12   1.5954828008e-05   4.4502220496e-02   3.9942061080e-03   1.4042425125e-01   6.4965132545e-11   5.4430108697e-06   1.0180202649e-11   6.9183400000e-01
   1.0200000000e-01   1.0200000000e-01   1.2810683326e+03  -1.7134476763e+06   2.6176173407e-01   2.5287127299e-01   2.5360660668e-04   2.1339460003e-09   4.7776302778e-11   8.0645008449e-04   2.2344758902e-08   1.1752775776e-01   4.1392444594e-08   1.1669486783e-10   1.6563567505e-12   1.4938252156e-05   4.8646451536e-02   4.0764864883e-03   1.3990388321e-01   4.7949085539e-11   4.3599654103e-06   8.3917038753e-12   6.8876600000e-01
   1.0600000000e-01   1.0600000000e-01   1.2755309361e+03  -1.7200368102e+06   2.6083058337e-01   2.5320294214e-01   2.6164584079e-04   1.8910115041e-09   3.1066259247e-11   6.3971694271e-04   1.8616966310e-08   1.1708159799e-01   3.1565408658e-08   9.3675686393e-11   1.3039463427e-12   1.3913481959e-05   5.2814157020e-02   4.1414903850e-03   1.3934584915e-01   3.6202404662e-11   3.5769403401e-06   6.8517772627e-12   6.8569800000e-01
   1.1000000000e-01   1.1000000000e-01   1.2687325453e+03  -1.7283008220e+06   2.5983470657e-01   2.5379834408e-01   2.6827868326e-04   1.6645513504e-09   2.0671016017e-11   5.2058456563e-04   1.5407473096e-08   1.1660987621e-01   2.4831465847e-08   7.4221831546e-11   1.0108601658e-12   1.2870636176e-05   5.6998800302e-02   4.1908268776e-03   1.3876572479e-01   2.7809446476e-11   2.9958976434e-06   5.5323010426e-12   6.8263000000e-01
   1.1400000000e-01   1.1400000000e-01   1.2610723003e+03  -1.7378344936e+06   2.5879435797e-01   2.5458233309e-01   2.7365675229e-04   1.4554269297e-09   1.4027792585e-11   4.3335174185e-04   1.2674866861e-08   1.1612136241e-01   2.0028095247e-08   5.8075875605e-11   7.7254825643e-13   1.1822704013e-05   6.1195879770e-02   4.2263706457e-03   1.3817296816e-01   2.1650959093e-11   2.5535595197e-06   4.4193149351e-12   6.7956200000e-01
   1.1800000000e-01   1.1800000000e-01   1.2528292951e+03  -1.7483339980e+06   2.5772279023e-01   2.5550245523e-01   2.7793287511e-04   1.2650719409e-09   9.6839432386e-12   3.6791466568e-04   1.0376084422e-08   1.1562170377e-01   1.6485570426e-08   4.4952628193e-11   5.8328966452e-13   1.0790888932e-05   6.5402266824e-02   4.2500953925e-03   1.3757305819e-01   1.7043260804e-11   2.2091841074e-06   3.4981909015e-12   6.7649400000e-01
   1.2200000000e-01   1.2200000000e-01   1.2442003097e+03  -1.7595699569e+06   2.5662873942e-01   2.5652155434e-01   2.8125473825e-04   1.0943928706e-09   6.7887567485e-12   3.1775937735e-04   8.4636247457e-09   1.1511453601e-01   1.3801749232e-08   3.4495720955e-11   4.3617602353e-13   9.7962023500e-06   6.9615745287e-02   4.2639339896e-03   1.3696901468e-01   1.3548580791e-11   1.9362976611e-06   2.7497149754e-12   6.7342600000e-01
   1.2600000000e-01   1.2600000000e-01   1.2353256692e+03  -1.7713678977e+06   2.5551807704e-01   2.5761285714e-01   2.8376057981e-04   9.4347173850e-10   4.8280023898e-12   2.7862635580e-04   6.8877130067e-09   1.1460222223e-01   1.1725342847e-08   2.6306170284e-11   3.2388811087e-13   8.8557375703e-06   7.3834703962e-02   4.2696816587e-03   1.3636241256e-01   1.0873122169e-11   1.7173079348e-06   2.1512467146e-12   6.7035800000e-01
   1.3000000000e-01   1.3000000000e-01   1.2263066584e+03  -1.7835941805e+06   2.5439486387e-01   2.5875672958e-01   2.8557647330e-04   8.1164100272e-10   3.4817060279e-12   2.4765927258e-04   5.5993851006e-09   1.1408632597e-01   1.0092709433e-08   1.9983903612e-11   2.3944866414e-13   7.9816058097e-06   7.8057938603e-02   4.2689395878e-03   1.3575402184e-01   8.8111688483e-12   1.5401117104e-06   1.6791296480e-12   6.6729000000e-01
   1.3400000000e-01   1.3400000000e-01   1.2172171884e+03  -1.7961458176e+06   2.5326200129e-01   2.5993853500e-01   2.8681486602e-04   6.9768207931e-10   2.5458048820e-12   2.2288029688e-04   4.5528838911e-09   1.1356790521e-01   8.7927946603e-09   1.5159190901e-11   1.7669265271e-13   7.1811289314e-06   8.2284527191e-02   4.2630902229e-03   1.3514419099e-01   7.2137375777e-12   1.3960208046e-06   1.3107253678e-12   6.6422200000e-01
   1.3800000000e-01   1.3800000000e-01   1.2081116484e+03  -1.8089430439e+06   2.5212162684e-01   2.6114720841e-01   2.8757410877e-04   6.0003083530e-10   1.8875607009e-12   2.0287351094e-04   3.7070500480e-09   1.1304769221e-01   7.7473423189e-09   1.1509789867e-11   1.3046186098e-13   6.4575026219e-06   8.6513751552e-02   4.2532949421e-03   1.3453306557e-01   5.9703533547e-12   1.2785225968e-06   1.0256694206e-12   6.6115400000e-01
   1.4200000000e-01   1.4200000000e-01   1.1990302557e+03  -1.8219238439e+06   2.5097535467e-01   2.6237429313e-01   2.8793874802e-04   5.1694762614e-10   1.4192768648e-12   1.8659488998e-04   3.0258838856e-09   1.1252620335e-01   6.8994630929e-09   8.7666457100e-12   9.6610336669e-14   5.8105610328e-06   9.0745046869e-02   4.2405062554e-03   1.3392070632e-01   4.9978747367e-12   1.1825485846e-06   8.0644076463e-13   6.5808600000e-01
   1.4600000000e-01   1.4600000000e-01   1.1900027654e+03  -1.8350398845e+06   2.4982442520e-01   2.6361327699e-01   2.8798036774e-04   4.4664459889e-10   1.0822842211e-12   1.7325663143e-04   2.4785581026e-09   1.1200380734e-01   6.2067913124e-09   6.7123052483e-12   7.1905937705e-14   5.2375082475e-06   9.4977967477e-02   4.2254884994e-03   1.3330714899e-01   4.2331956866e-12   1.1040427186e-06   6.3845937713e-13   6.5501800000e-01
   1.5000000000e-01   1.5000000000e-01   1.1810510922e+03  -1.8482534675e+06   2.4866980215e-01   2.6485912463e-01   2.8775878661e-04   3.8737613539e-10   8.3691332337e-13   1.6225436065e-04   2.0391170790e-09   1.1148076906e-01   5.6371904234e-09   5.1754684576e-12   5.3888599803e-14   4.7335893153e-06   9.9212162127e-02   4.2088426191e-03   1.3269243168e-01   3.6281910832e-12   1.0397026249e-06   5.0990579617e-13   6.5195000000e-01
   1.5400000000e-01   1.5400000000e-01   1.1721912009e+03  -1.8615352282e+06   2.4751223916e-01   2.6610794062e-01   2.8732344200e-04   3.3750074428e-10   6.5608441105e-13   1.5311913770e-04   1.6860213061e-09   1.1095727886e-01   5.1659206017e-09   4.0239783326e-12   4.0721673673e-14   4.2927058076e-06   1.0344735498e-01   4.1910319552e-03   1.3207660491e-01   3.1460603859e-12   9.8681868154e-07   4.1140082514e-13   6.4888200000e-01
   1.5800000000e-01   1.5800000000e-01   1.1634344945e+03  -1.8748623810e+06   2.4635232780e-01   2.6735672145e-01   2.8671482546e-04   2.9552119162e-10   5.2114739954e-13   1.4548422133e-04   1.4016302311e-09   1.1043347297e-01   4.7736917267e-09   3.1576236342e-12   3.1055250624e-14   3.9079774575e-06   1.0768333036e-01   4.1724069925e-03   1.3145973301e-01   2.7586125315e-12   9.4316728229e-07   3.3563367594e-13   6.4581400000e-01
   1.6200000000e-01   1.6200000000e-01   1.1547888520e+03  -1.8882173680e+06   2.4519053352e-01   2.6860316943e-01   2.8596587022e-04   2.6010753748e-10   4.1915019212e-13   1.3906107355e-04   1.1716743327e-09   1.0990944822e-01   4.4452879553e-09   2.5014965037e-12   2.3909549720e-14   3.5722392933e-06   1.1191992036e-01   4.1532278319e-03   1.3084189159e-01   2.4442239204e-12   9.0693326978e-07   2.7699119586e-13   6.4274600000e-01
   1.6600000000e-01   1.6600000000e-01   1.1462594158e+03  -1.9015868044e+06   2.4402722339e-01   2.6984555015e-01   2.8510322592e-04   2.3010637731e-10   3.4102661491e-13   1.3362151985e-04   9.8474412180e-10   1.0938527279e-01   4.1685819308e-09   2.0002483823e-12   1.8580270272e-14   3.2784568909e-06   1.1615699460e-01   4.1336837524e-03   1.3022316361e-01   2.1862950530e-12   8.7664775620e-07   2.3121764132e-13   6.3967800000e-01
   1.7000000000e-01   1.7000000000e-01   1.1378492002e+03  -1.9149606458e+06   2.4286268757e-01   2.7108258125e-01   2.8414838529e-04   2.0453904561e-10   2.8038276822e-13   1.2898424936e-04   8.3181252712e-10   1.0886099417e-01   3.9338231416e-09   1.6133469861e-12   1.4564575467e-14   3.0200448744e-06   1.2039445203e-01   4.1139096670e-03   1.2960363535e-01   1.9720816090e-12   8.5113437657e-07   1.9511933121e-13   6.3661000000e-01
   1.7400000000e-01   1.7400000000e-01   1.1295595675e+03  -1.9283315196e+06   2.4169715608e-01   2.7231334409e-01   2.8311865004e-04   1.8259145633e-10   2.3267647351e-13   1.2500450295e-04   7.0580152218e-10   1.0833664500e-01   3.7331207491e-09   1.3112961791e-12   1.1504877950e-14   2.7910828303e-06   1.2463221424e-01   4.0939995690e-03   1.2898339287e-01   1.7918066478e-12   8.2946102510e-07   1.6631859522e-13   6.3354200000e-01
   1.7800000000e-01   1.7800000000e-01   1.1213906051e+03  -1.9416941834e+06   2.4053081188e-01   2.7353721241e-01   2.8202793962e-04   1.6359828933e-10   1.9465747826e-13   1.2156615889e-04   6.0120001165e-10   1.0781224747e-01   3.5600637048e-09   1.0727080590e-12   9.1471469587e-15   2.5864342209e-06   1.2887022030e-01   4.0740172405e-03   1.2836251923e-01   1.6379830748e-12   8.1089622671e-07   1.4305537859e-13   6.3047400000e-01
   1.8200000000e-01   1.8200000000e-01   1.1133414278e+03  -1.9550450810e+06   2.3936380099e-01   2.7475379395e-01   2.8088745592e-04   1.4702405835e-10   1.6398240195e-13   1.1857564167e-04   5.1373636518e-10   1.0728781639e-01   3.4094371283e-09   8.8208662635e-13   7.3105718098e-15   2.4017832976e-06   1.3310842264e-01   4.0540045880e-03   1.2774109255e-01   1.5048932605e-12   7.9487016999e-07   1.2403135013e-13   6.2740600000e-01
   1.8600000000e-01   1.8600000000e-01   1.1054104204e+03  -1.9683819773e+06   2.3819624042e-01   2.7596288230e-01   2.7970622211e-04   1.3244327166e-10   1.3894803809e-13   1.1595722217e-04   4.4010553033e-10   1.0676336153e-01   3.2770063286e-09   7.2818150158e-13   5.8658282344e-15   2.2336108197e-06   1.3734678395e-01   4.0339879909e-03   1.2711918468e-01   1.3881872805e-12   7.8094062254e-07   1.0828997836e-13   6.2433800000e-01
   1.9000000000e-01   1.9000000000e-01   1.0975954342e+03  -1.9817036571e+06   2.3702822427e-01   2.7716441686e-01   2.7849151519e-04   1.1952140036e-10   1.1830563230e-13   1.1364938024e-04   3.7774766842e-10   1.0623888919e-01   3.1593465740e-09   6.0278407539e-13   4.7197004708e-15   2.0791311855e-06   1.4158527480e-01   4.0139830385e-03   1.2649686053e-01   1.2845726770e-12   7.6876386674e-07   9.5125919922e-14   6.2127000000e-01
   1.9400000000e-01   1.9400000000e-01   1.0898939460e+03  -1.9950096730e+06   2.3585982846e-01   2.7835844917e-01   2.7724921096e-04   1.0799782909e-10   1.0113105313e-13   1.1160197934e-04   3.2467304615e-10   1.0571440337e-01   3.0536778903e-09   4.9985867255e-13   3.8043063922e-15   1.9362119775e-06   1.4582387179e-01   3.9939979911e-03   1.2587417789e-01   1.1915770060e-12   7.5807066579e-07   8.4017655729e-14   6.1820200000e-01
   1.9800000000e-01   1.9800000000e-01   1.0823032204e+03  -2.0083000751e+06   2.3469111441e-01   2.7954510602e-01   2.7598405806e-04   9.7671441929e-11   8.6733815773e-14   1.0977406349e-04   2.7932664852e-10   1.0518990654e-01   2.9574881919e-09   4.1492259647e-13   3.0696034970e-15   1.8032928684e-06   1.5006255625e-01   3.9740362515e-03   1.2525118756e-01   1.1073698528e-12   7.4864718181e-07   7.4578280039e-14   6.1513400000e-01
   2.0800000000e-01   2.0800000000e-01   1.0637808329e+03  -2.0414855333e+06   2.3176865810e-01   2.8248371703e-01   2.7277364866e-04   7.5404491864e-11   5.9004007501e-14   1.0566924097e-04   1.9035668541e-10   1.0387864063e-01   2.7302358659e-09   2.5572917797e-13   1.7625020456e-15   1.4933272937e-06   1.6065944850e-01   3.9241908273e-03   1.2369305300e-01   9.1628611994e-13   7.2783098142e-07   5.5604664357e-14   6.0746400000e-01
   2.2400000000e-01   2.2400000000e-01   1.0354480457e+03  -2.0943868380e+06   2.2709001549e-01   2.8709833848e-01   2.6745392181e-04   5.0557052017e-11   3.3076567399e-14   1.0100187876e-04   1.0460880981e-10   1.0178050068e-01   2.4642543409e-09   1.2029038554e-13   7.4037222411e-16   1.1108401362e-06   1.7761516098e-01   3.8447603711e-03   1.2119730052e-01   6.9465049367e-13   7.0819148246e-07   3.7802328781e-14   5.9519200000e-01
   2.4000000000e-01   2.4000000000e-01   1.0085401055e+03  -2.1471556386e+06   2.2240990517e-01   2.9162815841e-01   2.6204325043e-04   3.4060546584e-11   1.8937941862e-14   9.7371650972e-05   5.7755947883e-11   9.9682262714e-02   2.2596656530e-09   5.6594566613e-14   3.1104857318e-16   8.2288713964e-07   1.9457120103e-01   3.7654895961e-03   1.1870010961e-01   5.3249502626e-13   6.9691137004e-07   2.7924261222e-14   5.8292000000e-01
   2.5600000000e-01   2.5600000000e-01   9.8289630257e+02  -2.1998462312e+06   2.1772895865e-01   2.9609265432e-01   2.5658561528e-04   2.3222224047e-11   1.1096025231e-14   9.4335465459e-05   3.2248285294e-11   9.7583942978e-02   2.1095962102e-09   2.7048802955e-14   1.3270258437e-16   6.1226780057e-07   2.1152740120e-01   3.6862802509e-03   1.1620214980e-01   4.1437389200e-13   6.9025625918e-07   2.2340160411e-14   5.7064800000e-01
   2.7200000000e-01   2.7200000000e-01   9.5837241342e+02  -2.2524936243e+06   2.1304751176e-01   3.0051194301e-01   2.5110259112e-04   1.6124869844e-11   6.6737022551e-15   9.1656188189e-05   1.8315805794e-11   9.5485557927e-02   2.0115198158e-09   1.3313542170e-14   5.8266775938e-17   4.6100990855e-07   2.2848368341e-01   3.6070847942e-03   1.1370376645e-01   3.2870535603e-13   6.8558115013e-07   1.9024854654e-14   5.5837600000e-01
   2.8800000000e-01   2.8800000000e-01   9.3486554780e+02  -2.3051181196e+06   2.0836575196e-01   3.0489800063e-01   2.4560514736e-04   1.1438020032e-11   4.1242464328e-15   8.9200990247e-05   1.0610765334e-11   9.3387121988e-02   1.9610213670e-09   6.7956945256e-15   2.6509501248e-17   3.5267540259e-07   2.4544001122e-01   3.5278832217e-03   1.1120514160e-01   2.6627541702e-13   6.8117201612e-07   1.6857203828e-14   5.4610400000e-01
   3.0400000000e-01   3.0400000000e-01   9.1228948104e+02  -2.3577307810e+06   2.0368378915e-01   3.0926072298e-01   2.4009914317e-04   8.2876384538e-12   2.6148739981e-15   8.6891808671e-05   6.2679612542e-12   9.1288646858e-02   1.9512368670e-09   3.5991973874e-15   1.2502488384e-17   2.7430258065e-07   2.6239636674e-01   3.4486686867e-03   1.0870637446e-01   2.2014637302e-13   6.7603238751e-07   1.5223160624e-14   5.3383200000e-01
   3.2000000000e-01   3.2000000000e-01   8.9056915026e+02  -2.4103374096e+06   1.9900169079e-01   3.1360903200e-01   2.3458788317e-04   6.1218576620e-12   1.6958850596e-15   8.4680640803e-05   3.7671808802e-12   8.9190141707e-02   1.9728434307e-09   1.9713215326e-15   6.0911275345e-18   2.1661767054e-07   2.7935274031e-01   3.3694401836e-03   1.0620752102e-01   1.8539715633e-13   6.6965603886e-07   1.3791560428e-14   5.2156000000e-01
   3.3600000000e-01   3.3600000000e-01   8.6963805107e+02  -2.4629409768e+06   1.9431949994e-01   3.1795130594e-01   2.2907332370e-04   4.5976017564e-12   1.1211845103e-15   8.2536792862e-05   2.2969355131e-12   8.7091613628e-02   2.0141991941e-09   1.1110765663e-15   3.0500429161e-18   1.7330755904e-07   2.9630912609e-01   3.2901990633e-03   1.0370861393e-01   1.5866112550e-13   6.6184673690e-07   1.2399736978e-14   5.0928800000e-01
   3.5200000000e-01   3.5200000000e-01   8.4943651919e+02  -2.5155429864e+06   1.8963724494e-01   3.2229564775e-01   2.2355666652e-04   3.5007860956e-12   7.5305128311e-16   8.0439996555e-05   1.4165191387e-12   8.4993068082e-02   2.0632221023e-09   6.4108760016e-16   1.5614208483e-18   1.4014678550e-07   3.1326552026e-01   3.2109474267e-03   1.0120967276e-01   1.3766329944e-13   6.5259395136e-07   1.0992745907e-14   4.9701600000e-01
   3.6800000000e-01   3.6800000000e-01   8.2991056195e+02  -2.5681441967e+06   1.8495494491e-01   3.2665005077e-01   2.1803866915e-04   2.6957065335e-12   5.1228890234e-16   7.8376514166e-05   8.8111292608e-13   8.2894509265e-02   2.1107518756e-09   3.7687059771e-16   8.1320607386e-19   1.1429881358e-07   3.3022192017e-01   3.1316874144e-03   9.8710709563e-02   1.2085914401e-13   6.4199183286e-07   9.5818241806e-15   4.8474400000e-01
   3.8400000000e-01   3.8400000000e-01   8.1101102382e+02  -2.6207449917e+06   1.8027261301e-01   3.3102250399e-01   2.1251981707e-04   2.0944783113e-12   3.5204619173e-16   7.6336837142e-05   5.5144885677e-13   8.0795940396e-02   2.1528067996e-09   2.2476670808e-16   4.2899921778e-19   9.3833705908e-08   3.4717832397e-01   3.0524209242e-03   9.6211731876e-02   1.0718476169e-13   6.3018749685e-07   8.2097597448e-15   4.7247200000e-01
   4.0000000000e-01   4.0000000000e-01   7.9269295742e+02  -2.6733455672e+06   1.7559025843e-01   3.3542106373e-01   2.0700042451e-04   1.6388504579e-12   2.4384035925e-16   7.4314274220e-05   3.4650626175e-13   7.8697363943e-02   2.1901410792e-09   1.3550666023e-16   2.2837874256e-19   7.7414658515e-08   3.6413473034e-01   2.9731495257e-03   9.3712744535e-02   9.5893711997e-14   6.1734849477e-07   6.9239810236e-15   4.6020000000e-01
   4.1600000000e-01   4.1600000000e-01   7.7491512603e+02  -2.7259460238e+06   1.7090788764e-01   3.3985390733e-01   2.0148069576e-04   1.2893197237e-12   1.6991328763e-16   7.2304056687e-05   2.1819666068e-13   7.6598781793e-02   2.2259387422e-09   8.2328932314e-17   1.2229672525e-19   6.4097774669e-08   3.8109113834e-01   2.8938744638e-03   9.1213750688e-02   8.6452392899e-14   6.0364287268e-07   5.7605653991e-15   4.4792800000e-01
   4.3200000000e-01   4.3200000000e-01   7.5763959492e+02  -2.7785464146e+06   1.6622550527e-01   3.4432937787e-01   1.9596076360e-04   1.0185027691e-12   1.1893741617e-16   7.0302754825e-05   1.3747930723e-13   7.4500195387e-02   2.2633788326e-09   5.0282497514e-17   6.5702820929e-20   5.3203469230e-08   3.9804754728e-01   2.8145966982e-03   8.8714752418e-02   7.8472507556e-14   5.8922756459e-07   4.7388065045e-15   4.3565600000e-01
   4.4800000000e-01   4.4800000000e-01   7.4083138657e+02  -2.8311467675e+06   1.6154311462e-01   3.4885602508e-01   1.9044071389e-04   8.0701566129e-13   8.3537916699e-17   6.8307887256e-05   8.6558983738e-14   7.2401605821e-02   2.3041399882e-09   3.0809272030e-17   3.5337019822e-20   4.4232614236e-08   4.1500395672e-01   2.7353169538e-03   8.6215751127e-02   7.1666494313e-14   5.7424231972e-07   3.8627341197e-15   4.2338400000e-01
   4.6400000000e-01   4.6400000000e-01   7.2445818402e+02  -2.8837470980e+06   1.5686071806e-01   3.5344264527e-01   1.8492060159e-04   6.4085920522e-13   5.8826210839e-17   6.6317653147e-05   5.4401078453e-14   7.0303013925e-02   2.3479887039e-09   1.8909195078e-17   1.8994001681e-20   3.6810977439e-08   4.3196036632e-01   2.6560357694e-03   8.3716747767e-02   6.5817273164e-14   5.5880726583e-07   3.1255234437e-15   4.1111200000e-01
   4.8000000000e-01   4.8000000000e-01   7.0849007241e+02  -2.9363474149e+06   1.5217831732e-01   3.5809832224e-01   1.7940046129e-04   5.0972939993e-13   4.1511187869e-17   6.4330744714e-05   3.4099504146e-14   6.8204420322e-02   2.3931090991e-09   1.1611669897e-17   1.0190186264e-20   3.0651959261e-08   4.4891677587e-01   2.5767535409e-03   8.1217742991e-02   6.0757145144e-14   5.4302279237e-07   2.5140710016e-15   3.9884000000e-01
   4.9600000000e-01   4.9600000000e-01   6.9289931162e+02  -2.9889477231e+06   1.4749591360e-01   3.6283247042e-01   1.7388031418e-04   4.0590814515e-13   2.9348324507e-17   6.2346213567e-05   2.1302729400e-14   6.6105825481e-02   2.4367551887e-09   7.1285283047e-18   5.4514775931e-21   2.5531423598e-08   4.6587318525e-01   2.4974705570e-03   7.8718737249e-02   5.6352740287e-14   5.2697083087e-07   2.0125512096e-15   3.8656800000e-01
   5.1200000000e-01   5.1200000000e-01   6.7766013508e+02  -3.0415480257e+06   1.4281350780e-01   3.6765488102e-01   1.6836017270e-04   3.2352394218e-13   2.0790841649e-17   6.0363374049e-05   1.3256664907e-14   6.4007229747e-02   2.4759141779e-09   4.3728594541e-18   2.9061777149e-21   2.1270637219e-08   4.8282959436e-01   2.4181870269e-03   7.6219730855e-02   5.2494100773e-14   5.1071688746e-07   1.6047533286e-15   3.7429600000e-01
   5.2800000000e-01   5.2800000000e-01   6.6274857088e+02  -3.0941483245e+06   1.3813110054e-01   3.7257577200e-01   1.6284004367e-04   2.5805139611e-13   1.4764225237e-17   5.8381732583e-05   8.2141398352e-15   6.1908633376e-02   2.5078100447e-09   2.6795718060e-18   1.5431609545e-21   1.7724669367e-08   4.9978600318e-01   2.3389031023e-03   7.3720724022e-02   4.9086687968e-14   4.9431238636e-07   1.2754206249e-15   3.6202400000e-01
   5.4400000000e-01   5.4400000000e-01   6.4814228245e+02  -3.1467486208e+06   1.3344869227e-01   3.7760584250e-01   1.5731993034e-04   2.0596624551e-13   1.0517650581e-17   5.6400935720e-05   5.0661433766e-15   5.9810036551e-02   2.5301917678e-09   1.6400100987e-18   8.1594226374e-22   1.4774448643e-08   5.1674241169e-01   2.2596188923e-03   7.1221716899e-02   4.6045547475e-14   4.7779703423e-07   1.0109017136e-15   3.4975200000e-01
   5.6000000000e-01   5.6000000000e-01   6.3382042624e+02  -3.1993489154e+06   1.2876628330e-01   3.8275633224e-01   1.5179983372e-04   1.6450254406e-13   7.5243568995e-18   5.4420731838e-05   3.1093835058e-15   5.7711439408e-02   2.5414264350e-09   1.0025584074e-18   4.2953526064e-22   1.2321239968e-08   5.3369881990e-01   2.1803344762e-03   6.8722709584e-02   4.3291192809e-14   4.6120102807e-07   7.9937586539e-16   3.3748000000e-01
   5.7600000000e-01   5.7600000000e-01   6.1976352463e+02  -3.2519492086e+06   1.2408387385e-01   3.8803908672e-01   1.4627975355e-04   1.3147767773e-13   5.4138332171e-18   5.2440942920e-05   1.8987969200e-15   5.5612842043e-02   2.5404562382e-09   6.1220252879e-19   2.2511376718e-22   1.0282700639e-08   5.5065522783e-01   2.1010499113e-03   6.6223702146e-02   4.0747051463e-14   4.4454701137e-07   6.3083618814e-16   3.2520800000e-01
   5.9200000000e-01   5.9200000000e-01   6.0595335239e+02  -3.3045495009e+06   1.1940146408e-01   3.9346662881e-01   1.4075968881e-04   1.0516317217e-13   3.9250927424e-18   5.0461443837e-05   1.1535848394e-15   5.3514244524e-02   2.5266876463e-09   3.7348492855e-19   1.1745573272e-22   8.5899574807e-09   5.6761163551e-01   2.0217652392e-03   6.3724694630e-02   3.8338577735e-14   4.2785174029e-07   4.9694797692e-16   3.1293600000e-01
   6.0800000000e-01   6.0800000000e-01   5.9237283548e+02  -3.3571497925e+06   1.1471905409e-01   3.9905223745e-01   1.3523963813e-04   8.4187131520e-14   2.8741795522e-18   4.8482147196e-05   6.9724547303e-16   5.1415646898e-02   2.4998708449e-09   2.2768703247e-19   6.1016727901e-23   7.1853472844e-09   5.8456804295e-01   1.9424804899e-03   6.1225687064e-02   3.5994332014e-14   4.1112745935e-07   3.9085270139e-16   3.0066400000e-01
   6.2400000000e-01   6.2400000000e-01   5.7900596097e+02  -3.4097500836e+06   1.1003664395e-01   4.0481003450e-01   1.2971960000e-04   6.7459165655e-14   2.1314246823e-18   4.6502992318e-05   4.1930889315e-16   4.9317049199e-02   2.4600076341e-09   1.3874151386e-19   3.1563621477e-23   6.0205996985e-09   6.0152445019e-01   1.8631956855e-03   5.8726679468e-02   3.3649338068e-14   3.9438300849e-07   3.0695806773e-16   2.8839200000e-01
   6.4000000000e-01   6.4000000000e-01   5.6583769711e+02  -3.4623503743e+06   1.0535423372e-01   4.1075508055e-01   1.2419957293e-04   5.4111811877e-14   1.6054574091e-18   4.4523937270e-05   2.5095972127e-16   4.7218451450e-02   2.4073040757e-09   8.4529811900e-20   1.6262009613e-23   5.0553312704e-09   6.1848085726e-01   1.7839108417e-03   5.6227671854e-02   3.1250685563e-14   3.7762469476e-07   2.4073617165e-16   2.7612000000e-01
   6.5600000000e-01   6.5600000000e-01   5.5285392288e+02  -3.5149506646e+06   1.0067182342e-01   4.1690348094e-01   1.1867955546e-04   4.3454413998e-14   1.2319344995e-18   4.2544953132e-05   1.4954924461e-16   4.5119853668e-02   2.3421651557e-09   5.1509812172e-20   8.3467675728e-24   4.2557747862e-09   6.3543726417e-01   1.7046259699e-03   5.3728664229e-02   2.8764526743e-14   3.6085696583e-07   1.8854071126e-16   2.6384800000e-01
   6.7200000000e-01   6.7200000000e-01   5.4004136634e+02  -3.5675509547e+06   9.5989413085e-02   4.2327250303e-01   1.1315954629e-04   3.4936640108e-14   9.6558105044e-19   4.0566019915e-05   8.8789681616e-17   4.3021255863e-02   2.2652153072e-09   3.1403771766e-20   4.2691029578e-24   3.5937003658e-09   6.5239367095e-01   1.6253410785e-03   5.1229656597e-02   2.6182481495e-14   3.4408292170e-07   1.4744770512e-16   2.5157600000e-01
   6.8800000000e-01   6.8800000000e-01   5.2738755108e+02  -3.6201512446e+06   9.1307002722e-02   4.2988070636e-01   1.0763954422e-04   2.8119590103e-14   7.7456214063e-19   3.8587123674e-05   5.2571192737e-17   4.0922658042e-02   2.1773223355e-09   1.9159768194e-20   2.1763939907e-24   3.0455019689e-09   6.6935007763e-01   1.5460561732e-03   4.8730648962e-02   2.3524636722e-14   3.2730469763e-07   1.1512039534e-16   2.3930400000e-01
   7.0400000000e-01   7.0400000000e-01   5.1488075063e+02  -3.6727515343e+06   8.6624592343e-02   4.3674808711e-01   1.0211954816e-04   2.2652945640e-14   6.3649724745e-19   3.6608254509e-05   3.1080863902e-17   3.8824060211e-02   2.0796037465e-09   1.1699165750e-20   1.1060921293e-24   2.5914305024e-09   6.8630648421e-01   1.4667712584e-03   4.6231641325e-02   2.0836708855e-14   3.1052374653e-07   8.9696934411e-17   2.2703200000e-01
   7.2000000000e-01   7.2000000000e-01   5.0250995018e+02  -3.7253518239e+06   8.1942181954e-02   4.4389623870e-01   9.6599557162e-05   1.8256954891e-14   5.3563359769e-19   3.4629405212e-05   1.8378702464e-17   3.6725462373e-02   1.9734027714e-09   7.1483498995e-21   5.6039270779e-25   2.2149563573e-09   7.0326289071e-01   1.3874863370e-03   4.3732633687e-02   1.8180962805e-14   2.9374104452e-07   6.9698397999e-17   2.1476000000e-01
   7.3600000000e-01   7.3600000000e-01   4.9026481560e+02  -3.7779521134e+06   7.7259771560e-02   4.5134853064e-01   9.1079570392e-05   1.4708286090e-14   4.6083834310e-19   3.2650570370e-05   1.0891857760e-17   3.4626864531e-02   1.8602333234e-09   4.3682992924e-21   2.8295386873e-25   1.9022430550e-09   7.2021929715e-01   1.3082014110e-03   4.1233626048e-02   1.5623319268e-14   2.7695723855e-07   5.3954236756e-17   2.0248800000e-01
   7.5200000000e-01   7.5200000000e-01   4.7813566946e+02  -3.8305524028e+06   7.2577361164e-02   4.5913030774e-01   8.5559587112e-05   1.1828968822e-14   4.0417111222e-19   3.0671745797e-05   6.4847861788e-18   3.2528266685e-02   1.7417039025e-09   2.6670396572e-21   1.4228799628e-25   1.6417125398e-09   7.3717570353e-01   1.2289164819e-03   3.8734618409e-02   1.3220931588e-14   2.6017275109e-07   4.1542245966e-17   1.9021600000e-01
   7.6800000000e-01   7.6800000000e-01   4.6611347392e+02  -3.8831526921e+06   6.7894950765e-02   4.6726911241e-01   8.0039606684e-05   9.4777984939e-15   3.5987102758e-19   2.8692928177e-05   3.8887804488e-18   3.0429668838e-02   1.6194358779e-09   1.6242184461e-21   7.1177531035e-26   1.4236834081e-09   7.5413210988e-01   1.1496315508e-03   3.6235610770e-02   1.1014097469e-14   2.4338785340e-07   3.1740353482e-17   1.7794400000e-01
   7.8400000000e-01   7.8400000000e-01   4.5418982051e+02  -3.9357529813e+06   6.3212540366e-02   4.7579493296e-01   7.4519628560e-05   7.5437175592e-15   3.2364542961e-19   2.6714114839e-05   2.3544051688e-18   2.8331070989e-02   1.4949902555e-09   9.8430213887e-22   3.5356528054e-26   1.2400664918e-09   7.7108851618e-01   1.0703466182e-03   3.3736603131e-02   9.0241249281e-15   2.2660271627e-07   2.3987878777e-17   1.6567200000e-01
   8.0000000000e-01   8.0000000000e-01   4.4235692665e+02  -3.9883532705e+06   5.8530129968e-02   4.8474048108e-01   6.8999652270e-05   5.9407914470e-15   2.9218867861e-19   2.4735303619e-05   1.4412776205e-18   2.6232473139e-02   1.3698108042e-09   5.9168886592e-22   1.7396676027e-26   1.0841068115e-09   7.8804492246e-01   9.9106168481e-04   3.1237595491e-02   7.2563156155e-15   2.0981744469e-07   1.7854250727e-17   1.5340000000e-01
   8.1600000000e-01   8.1600000000e-01   4.3060763893e+02  -4.0409535596e+06   5.3847719569e-02   4.9414150239e-01   6.3479677411e-05   4.6044270939e-15   2.6289278835e-19   2.2756492765e-05   8.9185193153e-19   2.4133875289e-02   1.2451837074e-09   3.5136227287e-22   8.4504869885e-27   9.5016549709e-10   8.0500132871e-01   9.1177675078e-04   2.8738587852e-02   5.7058400677e-15   1.9303210128e-07   1.3013343534e-17   1.4112800000e-01
   8.3200000000e-01   8.3200000000e-01   4.1893544321e+02  -4.0935538487e+06   4.9165309171e-02   5.0403712425e-01   5.7959703648e-05   3.4883893286e-15   2.3373596170e-19   2.0777680882e-05   5.5617287489e-19   2.2035277438e-02   1.1222078928e-09   2.0506926614e-22   4.0347899626e-27   8.3353864520e-10   8.2195773495e-01   8.3249181638e-04   2.6239580213e-02   4.3640863718e-15   1.7624672196e-07   9.2215495253e-18   1.2885600000e-01
   8.4800000000e-01   8.4800000000e-01   4.0733448124e+02  -4.1461541377e+06   4.4482898773e-02   5.1447024562e-01   5.2439730697e-05   2.5619508899e-15   2.0333993483e-19   1.8798866895e-05   3.4729303140e-19   1.9936679587e-02   1.0017678558e-09   1.1691091538e-22   1.8829396787e-27   7.3031153865e-10   8.3891414117e-01   7.5320688174e-04   2.3740572573e-02   3.2234630782e-15   1.5946132631e-07   6.2976375348e-18   1.1658400000e-01
   8.6400000000e-01   8.6400000000e-01   3.9579957387e+02  -4.1987544267e+06   3.9800488375e-02   5.2548797472e-01   4.6919758324e-05   1.8063077500e-15   1.7115409638e-19   1.6820050044e-05   2.1496887553e-19   1.7838081736e-02   8.8450311623e-10   6.4630863020e-23   8.5263406324e-28   6.3724591349e-10   8.5587054738e-01   6.7392194696e-04   2.1241564934e-02   2.2791590308e-15   1.4267592426e-07   4.1028799624e-18   1.0431200000e-01
   8.8000000000e-01   8.8000000000e-01   3.8432625045e+02  -4.2513547157e+06   3.5118077978e-02   5.3714212066e-01   4.1399786345e-05   1.2095795192e-15   1.3764662438e-19   1.4841229890e-05   1.3015554196e-19   1.5739483885e-02   7.7077548034e-10   3.4347992287e-23   3.7107076723e-28   5.5169506169e-10   8.7282695358e-01   5.9463701210e-04   1.8742557295e-02   1.5271595586e-15   1.2589052038e-07   2.5215708225e-18   9.2040000000e-02
   8.9600000000e-01   8.9600000000e-01   3.7291078406e+02  -4.3039550046e+06   3.0435667581e-02   5.4948974664e-01   3.5879814616e-05   7.6070728769e-16   1.0430566925e-19   1.2862406320e-05   7.5855956658e-20   1.3640886034e-02   6.6064500374e-10   1.7368646224e-23   1.5323988197e-28   4.7153744109e-10   8.8978335978e-01   5.1535207719e-04   1.6243549656e-02   9.5936954628e-16   1.0910511649e-07   1.4448342668e-18   7.9768000000e-02
   9.1200000000e-01   9.1200000000e-01   3.6155023178e+02  -4.3565552935e+06   2.5753257184e-02   5.6259379341e-01   3.0359843034e-05   4.4409702702e-16   7.3286446960e-20   1.0883579533e-05   4.1756105892e-20   1.1542288182e-02   5.5387247396e-10   8.2513212076e-24   5.8990875524e-29   3.9511673644e-10   9.0673976597e-01   4.3606714225e-04   1.3744542016e-02   5.5871474231e-16   9.2319713094e-08   7.6248385666e-19   6.7496000000e-02
   9.2800000000e-01   9.2800000000e-01   3.5024247917e+02  -4.4091555824e+06   2.1070846787e-02   5.7652378322e-01   2.4839871531e-05   2.3751858276e-16   4.6749522168e-20   8.9047499879e-06   2.1189773623e-20   9.4436903309e-03   4.4996347717e-10   3.6216131217e-24   2.0616157003e-29   3.2117838873e-10   9.2369617216e-01   3.5678220730e-04   1.1245534377e-02   2.9782199006e-16   7.5534310210e-08   3.6555848193e-19   5.5224000000e-02
   9.4400000000e-01   9.4400000000e-01   3.3898628756e+02  -4.4617558712e+06   1.6388436390e-02   5.9135661672e-01   1.9319900065e-05   1.1425238496e-16   2.6185807868e-20   6.9259183181e-06   9.5549115988e-21   7.3450924796e-03   3.4825497628e-10   1.4326845120e-24   6.2616071048e-30   2.4880019946e-10   9.4065257835e-01   2.7749727235e-04   8.7465267376e-03   1.4273471086e-16   5.8748907699e-08   1.5624017999e-19   4.2952000000e-02
   9.6000000000e-01   9.6000000000e-01   3.2778134242e+02  -4.5143561600e+06   1.1706025993e-02   6.0717747780e-01   1.3799928614e-05   4.7766580920e-17   1.2058465822e-20   4.9470852155e-06   3.5694981735e-21   5.2464946283e-03   2.4802791089e-10   4.8921341766e-25   1.5197192102e-30   1.7732339136e-10   9.5760898453e-01   1.9821233739e-04   6.2475190983e-03   5.9507898259e-17   4.1963505410e-08   5.7532217752e-20   3.0680000000e-02
   9.7600000000e-01   9.7600000000e-01   3.1662830061e+02  -4.5669564487e+06   7.0236155955e-03   6.2408086462e-01   8.2799571675e-06   1.5948472368e-17   3.8635341099e-21   2.9682513187e-06   9.2512911501e-22   3.1478967770e-03   1.4862120574e-10   1.3084746491e-25   2.3980969875e-31   1.0629447118e-10   9.7456539072e-01   1.1892740244e-04   3.7485114590e-03   1.9907946818e-17   2.5178103226e-08   1.6826630828e-20   1.8408000000e-02
   9.9200000000e-01   9.9200000000e-01   3.0552883378e+02  -4.6195567375e+06   2.3412051985e-03   6.4217177001e-01   2.7599857225e-06   2.9990088048e-18   4.2719211705e-22   9.8941711781e-07   7.4050421780e-23   1.0492989257e-03   4.9528461362e-11   1.8958256556e-26   1.0080960723e-32   3.5425525421e-11   9.9152179691e-01   3.9642467479e-05   1.2495038197e-03   3.8814401386e-18   8.3927010743e-09   2.8804128769e-21   6.1360000000e-03
   1.0000000000e+00   1.0000000000e+00   3.0000000000e+02  -4.6458568819e+06   0.0000000000e+00   6.5169855213e-01   0.0000000000e+00   0.0000000000e+00   0.0000000000e+00   0.0000000000e+00   0.0000000000e+00   0.0000000000e+00   0.0000000000e+00   0.0000000000e+00   0.0000000000e+00   0.0000000000e+00   1.0000000000e+00   0.0000000000e+00   0.0000000000e+00   0.0000000000e+00   0.0000000000e+00   0.0000000000e+00   0.0000000000e+00