# L (m)  = 0.0046
# P (Pa) = 101325
#             001_x           002_mixf              003_T              004_h        005_density             006_H2              007_H              008_O             009_O2             010_OH            011_H2O            012_HO2            013_CH2         014_CH2(S)            015_CH3            016_CH4             017_CO            018_CO2            019_HCO           020_CH2O          021_CH2OH             022_N2
                  0   0.0000000000e+00   3.0000000000e+02   1.9075768848e+03   1.1719839921e+00   0.0000000000e+00   0.0000000000e+00   0.0000000000e+00   2.3300000000e-01   0.0000000000e+00   0.0000000000e+00   0.0000000000e+00   0.0000000000e+00   0.0000000000e+00   0.0000000000e+00   0.0000000000e+00   0.0000000000e+00   0.0000000000e+00   0.0000000000e+00   0.0000000000e+00   0.0000000000e+00   7.6700000000e-01
   9.2000000000e-06   1.8339563447e-03   3.0163527973e+02  -6.9203188207e+03   1.1639751141e+00   8.4655960356e-09   1.2869643418e-18   2.9399115093e-19   2.3228400228e-01   7.8449218550e-13   6.2713283943e-05   1.8799477331e-10   1.9800645129e-18   9.8944081924e-20   4.0964675736e-08   1.7536513077e-03   5.3624372616e-05   1.4287299522e-04   7.6405384697e-18   6.6006661423e-07   1.7673362199e-22   7.6570287263e-01
   2.7600000000e-05   5.4678269779e-03   3.0485956206e+02  -2.4424868120e+04   1.1484327324e+00   2.5354065100e-08   9.4006048500e-18   8.7859628328e-19   2.3087559249e-01   2.3043591818e-12   1.8715564636e-04   5.6147870952e-10   1.6261558985e-17   8.5087838827e-19   1.2239823821e-07   5.2310352489e-03   1.6020275482e-04   4.2626680143e-04   6.6378118873e-17   1.9683658989e-06   1.6437253064e-21   7.6311717795e-01
   4.6000000000e-05   9.0695586396e-03   3.0803779901e+02  -4.1779819214e+04   1.1334303134e+00   4.2199089032e-08   2.5343348132e-17   1.4593203436e-18   2.2949021438e-01   3.7193999582e-12   3.1063760415e-04   9.3230601016e-10   4.2166828832e-17   2.2390797765e-18   2.0334573730e-07   8.6801798100e-03   2.6612197550e-04   7.0736615646e-04   1.7831355141e-16   3.2651189072e-06   4.6927859252e-21   7.6054242123e-01
   6.4400000000e-05   1.2640713928e-02   3.1117021489e+02  -5.8992373136e+04   1.1189419383e+00   5.8998910165e-08   4.8894362925e-17   2.0367460049e-18   2.2812574183e-01   5.0053350538e-12   4.3317246446e-04   1.3003236221e-09   7.6913341802e-17   4.1309619098e-18   2.8381070605e-07   1.2102388979e-02   3.7138509919e-04   9.8620455297e-04   3.3613624322e-16   4.5504980082e-06   9.3734406202e-21   7.5797575365e-01
   8.2800000000e-05   1.6182754524e-02   3.1425705471e+02  -7.6069275883e+04   1.1049432706e+00   7.5752147071e-08   7.9624060023e-17   2.6127621576e-18   2.2678182559e-01   6.1613139563e-12   5.5477483096e-04   1.6654131398e-09   1.1807557810e-16   6.4077783504e-18   3.6379774136e-07   1.5498950516e-02   4.7599660234e-04   1.2628175587e-03   5.3285388794e-16   5.8246845757e-06   1.5703708122e-20   7.5541982849e-01
   1.0120000000e-04   1.9697050858e-02   3.1729858226e+02  -9.3016860925e+04   1.0914114389e+00   9.2457049775e-08   1.1719373632e-16   3.1906501444e-18   2.2545654366e-01   7.2013497613e-12   6.7545527467e-04   2.0274774525e-09   1.6384126410e-16   8.9785619062e-18   4.4330900421e-07   1.8870991342e-02   5.7995779399e-04   1.5372308307e-03   7.6311462526e-16   7.0878137074e-06   2.3710034680e-20   7.5287172965e-01
   1.1960000000e-04   2.3184890383e-02   3.2029507846e+02  -1.0984108526e+05   1.0783249304e+00   1.0911248606e-07   1.6147220237e-16   3.7750797999e-18   2.2414973334e-01   8.1470269849e-12   7.9522768140e-04   2.3864636423e-09   2.1302943682e-16   1.1783055617e-17   5.2234902951e-07   2.2219686784e-02   6.8327310821e-04   1.8094769629e-03   1.0236799043e-15   8.3400519557e-06   3.3453640967e-20   7.5033409454e-01
   1.3800000000e-04   2.6647485067e-02   3.2324683958e+02  -1.2654756259e+05   1.0656634936e+00   1.2571669025e-07   2.1256763073e-16   4.3718977112e-18   2.2285963451e-01   9.0218719387e-12   9.1410021198e-04   2.7423347266e-09   2.6498542426e-16   1.4787683409e-17   6.0091878731e-07   2.5546011512e-02   7.8594233369e-04   2.0795750172e-03   1.3133173614e-15   9.5815029560e-06   4.5042605961e-20   7.4780395224e-01
   1.5640000000e-04   3.0085977822e-02   3.2615417578e+02  -1.4314159149e+05   1.0534080492e+00   1.4226876380e-07   2.7080942069e-16   4.9879422053e-18   2.2158623541e-01   9.8478849280e-12   1.0320863386e-03   3.0951000532e-09   3.1943548485e-16   1.7978799720e-17   6.7902292254e-07   2.8851051187e-02   8.8797008405e-04   2.3475557236e-03   1.6324157307e-15   1.0812323602e-05   5.8633628914e-20   7.4528393811e-01
   1.7480000000e-04   3.3501448400e-02   3.2901740960e+02  -1.5962818170e+05   1.0415406084e+00   1.5876690461e-07   3.3669658035e-16   5.6307589926e-18   2.2032790566e-01   1.0643512041e-11   1.1491920433e-03   3.4447731370e-09   3.7633825220e-16   2.1355236370e-17   7.5666133372e-07   3.2135647586e-02   9.8935478407e-04   2.6134324311e-03   1.9824738915e-15   1.2032590196e-05   7.4425617122e-20   7.4277103530e-01
   1.9320000000e-04   3.6894918474e-02   3.3183687455e+02  -1.7601207655e+05   1.0300441982e+00   1.7521043504e-07   4.1084412976e-16   6.3085221578e-18   2.1908475716e-01   1.1423136858e-11   1.2654306135e-03   3.7914118042e-09   4.3577244684e-16   2.4922443200e-17   8.3383889571e-07   3.5400814894e-02   1.0901013864e-03   2.8772348245e-03   2.3656682196e-15   1.3242453773e-05   9.2651270695e-20   7.4026788737e-01
   2.1160000000e-04   4.0267356343e-02   3.3461291388e+02  -1.9229777406e+05   1.0189027925e+00   1.9159749809e-07   4.9392507996e-16   7.0299304737e-18   2.1785526428e-01   1.2197072490e-11   1.3808060186e-03   4.1350640973e-09   4.9785044406e-16   2.8687779574e-17   9.1055450911e-07   3.8647277273e-02   1.1902070544e-03   3.1389711728e-03   2.7844713896e-15   1.4441966270e-05   1.1356636634e-19   7.3777143737e-01
   2.3000000000e-04   4.3619680997e-02   3.3734587932e+02  -2.0848954500e+05   1.0081012485e+00   2.0792762658e-07   5.8663252199e-16   7.8044542756e-18   2.1663964138e-01   1.2972302091e-11   1.4953315375e-03   4.4758201000e-09   5.6267606555e-16   3.2658132481e-17   9.8681336261e-07   4.1875992189e-02   1.2896771963e-03   3.3986707305e-03   3.2414490314e-15   1.5631275710e-05   1.3744249936e-19   7.3528434441e-01
   2.4840000000e-04   4.6952765923e-02   3.4003612998e+02  -2.2459145013e+05   9.9762524902e-01   2.2419889376e-07   6.8963883278e-16   8.6426160136e-18   2.1543644959e-01   1.3753016665e-11   1.6090092590e-03   4.8137469654e-09   6.3031372829e-16   3.6838090285e-17   1.0626134108e-06   4.5087578719e-02   1.3885077905e-03   3.6563371724e-03   3.7390838256e-15   1.6810411941e-05   1.6455871217e-19   7.3280352101e-01
   2.6680000000e-04   5.0267442398e-02   3.4268403127e+02  -2.4060735483e+05   9.8746124777e-01   2.4041103160e-07   8.0357899630e-16   9.5567955993e-18   2.1424598612e-01   1.4541514839e-11   1.7218525724e-03   5.1489531576e-09   7.0078960895e-16   4.1229930029e-17   1.1379602041e-06   4.8282949174e-02   1.4867047695e-03   3.9119997463e-03   4.2797621794e-15   1.7979521940e-05   1.9519844432e-19   7.3033163723e-01
   2.8520000000e-04   5.3564502602e-02   3.4528995397e+02  -2.5654094341e+05   9.7759642024e-01   2.5656203325e-07   9.2902443763e-16   1.0562206274e-17   2.1306688695e-01   1.5338592597e-11   1.8338618060e-03   5.4815129389e-09   7.7408439113e-16   4.5833116682e-17   1.2128507978e-06   5.1462628262e-02   1.5842629949e-03   4.1656579387e-03   4.8657059455e-15   1.9138615373e-05   2.2964350784e-19   7.2786559009e-01
   3.0360000000e-04   5.6844702318e-02   3.4785427328e+02  -2.7239573107e+05   9.6801861750e-01   2.7265181872e-07   1.0664964355e-15   1.1678712394e-17   2.1189951574e-01   1.6144234753e-11   1.9450505411e-03   5.8115428857e-09   8.5015012063e-16   5.0645229738e-17   1.2872911312e-06   5.4627492393e-02   1.6811889635e-03   4.4173412874e-03   5.4990484662e-15   2.0287839546e-05   2.6817480315e-19   7.2540805386e-01
   3.2200000000e-04   6.0108763502e-02   3.5037736800e+02  -2.8817507584e+05   9.5871632360e-01   2.8867829251e-07   1.2164940061e-15   1.2933158876e-17   2.1074257340e-01   1.6957719345e-11   2.0554174442e-03   6.1391158553e-09   9.2890583203e-16   5.5661661196e-17   1.3612773974e-06   5.7777980831e-02   1.7774764721e-03   4.6670454125e-03   6.1817841362e-15   2.1427185464e-05   3.1106941376e-19   7.2295592049e-01
   3.4040000000e-04   6.3357376515e-02   3.5285961974e+02  -3.0388218857e+05   9.4967861616e-01   3.0464155417e-07   1.3796342034e-15   1.4363175361e-17   2.0959647826e-01   1.7778104005e-11   2.1649763605e-03   6.4643493991e-09   1.0102572259e-15   6.0876758566e-17   1.4348159486e-06   6.0914942002e-02   1.8731326148e-03   4.9148003832e-03   6.9158747565e-15   2.2556801884e-05   3.5861121056e-19   7.2051186737e-01
   3.5880000000e-04   6.6591202276e-02   3.5530141224e+02  -3.1952014290e+05   9.4089512980e-01   3.2053941139e-07   1.5569048186e-15   1.6022182639e-17   2.0845998700e-01   1.8604116599e-11   2.2737243692e-03   6.7873090496e-09   1.0940878947e-15   6.6283287837e-17   1.5079021402e-06   6.4038737002e-02   1.9681501577e-03   5.1605981933e-03   7.7031758065e-15   2.3676662295e-05   4.1110535618e-19   7.1807278574e-01
   3.7720000000e-04   6.9810874116e-02   3.5770313064e+02  -3.3509188364e+05   9.3235602213e-01   3.3637213515e-07   1.7501838800e-15   1.7986923909e-17   2.0733356274e-01   1.9434531861e-11   2.3816756309e-03   7.1081082937e-09   1.1802790229e-15   7.1873615615e-17   1.5805427512e-06   6.7150192772e-02   2.0625368101e-03   5.4044696171e-03   8.5455571666e-15   2.4786917721e-05   4.6892600137e-19   7.1564135377e-01
   3.9560000000e-04   7.3016999592e-02   3.6006516093e+02  -3.5060023525e+05   9.2405194221e-01   3.5213743106e-07   1.9630250685e-15   2.0367246772e-17   2.0621601154e-01   2.0267938506e-11   2.4888257125e-03   7.4268010805e-09   1.2686954368e-15   7.7638870547e-17   1.6527323270e-06   7.0249598710e-02   2.1562843441e-03   5.6464032432e-03   9.4447959679e-15   2.5887525197e-05   5.3258966159e-19   7.1321446892e-01
   4.1400000000e-04   7.6210162052e-02   3.6238788939e+02  -3.6604790886e+05   9.1597400125e-01   3.6783573367e-07   2.2018662553e-15   2.3319701469e-17   2.0510783289e-01   2.1103081158e-11   2.5951891259e-03   7.7434929670e-09   1.3592060808e-15   8.3570196945e-17   1.7244780796e-06   7.3337765618e-02   2.2494010903e-03   5.8864306721e-03   1.0402715578e-14   2.6978638589e-05   6.0289590286e-19   7.1079480675e-01
   4.3240000000e-04   7.9390922170e-02   3.6467170202e+02  -3.8143750955e+05   9.0811374523e-01   3.8346464126e-07   2.4775660037e-15   2.7064281230e-17   2.0400787618e-01   2.1938559670e-11   2.7007599835e-03   8.0582228538e-09   1.4516657151e-15   8.9657649411e-17   1.7957737631e-06   7.6414916517e-02   2.3418778512e-03   6.1245372551e-03   1.1421045144e-14   2.8060199302e-05   6.8112234609e-19   7.0837927398e-01
   4.5080000000e-04   8.2559819273e-02   3.6691698414e+02  -3.9677154232e+05   9.0046312952e-01   3.9902474716e-07   2.8073252581e-15   3.1905675828e-17   2.0291667170e-01   2.2773175682e-11   2.8055531918e-03   8.3710851034e-09   1.5459373184e-15   9.5891581556e-17   1.8666270351e-06   7.9481851048e-02   2.4337235935e-03   6.3607555447e-03   1.2501585227e-14   2.9132364648e-05   7.6931755352e-19   7.0597054513e-01
   4.6920000000e-04   8.5717372653e-02   3.6912411992e+02  -4.1205241831e+05   8.9301449510e-01   4.1451353749e-07   3.2167003056e-15   3.8257128148e-17   2.0183310688e-01   2.3605589370e-11   2.9095614568e-03   8.6821005073e-09   1.6418700737e-15   1.0226130407e-16   1.9370308727e-06   8.2538730330e-02   2.5249281679e-03   6.5950677905e-03   1.3646034030e-14   3.0195061075e-05   8.7065432112e-19   7.0356553737e-01
   4.8760000000e-04   8.8864082700e-02   3.7129349201e+02  -4.2728245991e+05   8.8576054655e-01   4.2993175824e-07   3.7416110541e-15   4.6667489094e-17   2.0075773714e-01   2.4434686860e-11   3.0128001022e-03   8.9913493596e-09   1.7393244379e-15   1.0875665246e-16   2.0069933799e-06   8.5586346745e-02   2.6155011755e-03   6.8275075659e-03   1.4856186516e-14   3.1248449693e-05   9.8987113894e-19   7.0116692183e-01
   5.0600000000e-04   9.2000432030e-02   3.7342548117e+02  -4.4246390613e+05   8.7869433128e-01   4.4527677993e-07   4.4298466374e-15   5.7847378950e-17   1.9968948388e-01   2.5259203980e-11   3.1152604741e-03   9.2988319021e-09   1.8381466799e-15   1.1536641985e-16   2.0765067715e-06   8.8624803480e-02   2.7054315342e-03   7.0580541436e-03   1.6133724326e-14   3.2292442623e-05   1.1337204012e-18   6.9877162826e-01
   5.2440000000e-04   9.5126886457e-02   3.7552046597e+02  -4.5759891702e+05   8.7180922037e-01   4.6054949735e-07   5.3419164257e-15   7.2693955201e-17   1.9862892374e-01   2.6078119972e-11   3.2169583425e-03   9.6046124482e-09   1.9381970004e-15   1.2208012789e-16   2.1455796044e-06   9.1654889343e-02   2.7947294856e-03   7.2867421954e-03   1.7480452286e-14   3.3327205164e-05   1.3114268652e-18   6.9638232500e-01
   5.4280000000e-04   9.8243895973e-02   3.7757882246e+02  -4.7268957832e+05   8.6509889041e-01   4.7574716161e-07   6.5506807995e-15   9.2307691509e-17   1.9757500818e-01   2.6890251206e-11   3.3178837287e-03   9.9086695618e-09   2.0393206444e-15   1.2888623238e-16   2.2142033402e-06   9.4676652830e-02   2.8833830252e-03   7.5135481098e-03   1.8898045624e-14   3.4352635599e-05   1.5350288089e-18   6.9399595432e-01
   5.6120000000e-04   1.0135189558e-01   3.7960092395e+02  -4.8773790524e+05   8.5855730678e-01   4.9087081328e-07   8.1397906006e-15   1.1800058674e-16   1.9652833188e-01   2.7694672836e-11   3.4180528766e-03   1.0211051439e-08   2.1413792860e-15   1.3577411204e-16   2.2823869955e-06   9.7690882471e-02   2.9714030409e-03   7.7385077258e-03   2.0388325684e-14   3.5368903772e-05   1.8196003295e-18   6.9161518268e-01
   5.7960000000e-04   1.0445130616e-01   3.8158714076e+02  -5.0274584658e+05   8.5217870771e-01   5.0591758091e-07   1.0200483065e-14   1.5128708694e-16   1.9548787313e-01   2.8490283318e-11   3.5174545148e-03   1.0511715979e-08   2.2442186493e-15   1.4273204012e-16   2.3501212867e-06   1.0069757490e-01   3.0587766160e-03   7.9615946297e-03   2.1952956025e-14   3.6375894571e-05   2.1832022472e-18   6.8923696485e-01
   5.9800000000e-04   1.0754253516e-01   3.8353784001e+02  -5.1771528800e+05   8.4595758966e-01   5.2088864567e-07   1.2827193269e-14   1.9385977288e-16   1.9445424097e-01   2.9276254159e-11   3.6161053667e-03   1.0810697440e-08   2.3477032828e-15   1.4974940034e-16   2.4174156840e-06   1.0369752077e-01   3.1455152737e-03   8.1828458442e-03   2.3593758686e-14   3.7373782504e-05   2.6466015613e-18   6.8686396255e-01
   6.1640000000e-04   1.1062597741e-01   3.8545338542e+02  -5.3264805559e+05   8.3988869333e-01   5.3578101485e-07   1.6111699358e-14   2.4753999775e-16   1.9342643927e-01   3.0051566153e-11   3.7139929251e-03   1.1107936552e-08   2.4516806468e-15   1.5681441994e-16   2.4842601848e-06   1.0669066809e-01   3.2316052176e-03   8.4022322876e-03   2.5312351478e-14   3.8362439753e-05   3.2326116311e-18   6.8449314830e-01
   6.3480000000e-04   1.1370201567e-01   3.8733413715e+02  -5.4754591874e+05   8.3396699075e-01   5.5059600482e-07   2.0136822054e-14   3.1421194316e-16   1.9240508813e-01   3.0815486321e-11   3.8111343926e-03   1.1403457986e-08   2.5560193212e-15   1.6391661670e-16   2.5506647031e-06   1.0967781160e-01   3.3170585907e-03   8.6197921655e-03   2.7110507695e-14   3.9342045531e-05   3.9651893511e-18   6.8212717572e-01
   6.5320000000e-04   1.1677102136e-01   3.8918045167e+02  -5.6241059331e+05   8.2818767306e-01   5.6533049946e-07   2.4969392365e-14   3.9572940080e-16   1.9138921449e-01   3.1567076827e-11   3.9075160531e-03   1.1697190443e-08   2.6605695334e-15   1.7104429015e-16   2.6166185247e-06   1.1265885286e-01   3.4018607259e-03   8.8354937945e-03   2.8989729399e-14   4.0312459691e-05   4.8681557003e-18   6.7976303464e-01
   6.7160000000e-04   1.1983335506e-01   3.9099268160e+02  -5.7724374411e+05   8.2254613909e-01   5.7998594754e-07   3.0654059491e-14   4.9381405275e-16   1.9037944751e-01   3.2305698566e-11   4.0031556008e-03   1.1989154474e-08   2.7652048583e-15   1.7818720476e-16   2.6821320077e-06   1.1563459283e-01   3.4860243830e-03   9.0493765889e-03   3.0951657596e-14   4.1273866324e-05   5.9638101018e-18   6.7740337064e-01
   6.9000000000e-04   1.2288936715e-01   3.9277117564e+02  -5.9204698772e+05   8.1703798457e-01   5.9455911011e-07   3.7207269855e-14   6.0993153449e-16   1.8937483591e-01   3.3030493488e-11   4.0980381530e-03   1.2279272211e-08   2.8697791603e-15   1.8533383642e-16   2.7471937440e-06   1.1860488898e-01   3.5695340469e-03   9.2614063613e-03   3.2997579547e-14   4.2226113472e-05   7.2712875029e-18   6.7504519313e-01
   7.0840000000e-04   1.2593939822e-01   3.9451627841e+02  -6.0682189467e+05   8.1165899207e-01   6.0905156686e-07   4.4613481706e-14   7.4517732457e-16   1.8837601647e-01   3.3740914077e-11   4.1921819130e-03   1.2567564987e-08   2.9741718159e-15   1.9247429434e-16   2.8118145399e-06   1.2157055064e-01   3.6524030975e-03   9.4716237726e-03   3.5128899981e-14   4.3169390333e-05   8.8050784400e-18   6.7269114062e-01
   7.2680000000e-04   1.2898377966e-01   3.9622833045e+02  -6.2156999190e+05   8.0640512149e-01   6.2345994805e-07   5.2822105407e-14   9.0015046476e-16   1.8738205576e-01   3.4436179421e-11   4.2855708104e-03   1.2853952236e-08   3.0782410070e-15   1.9959731828e-16   2.8759822699e-06   1.2453139154e-01   3.7346151408e-03   9.6799920847e-03   3.7346582377e-14   4.4103533004e-05   1.0573463146e-17   6.7033823417e-01
   7.4520000000e-04   1.3202283405e-01   3.9790766807e+02  -6.3629276475e+05   8.0127250111e-01   6.3778596548e-07   6.1747742251e-14   1.0748624053e-15   1.8639359790e-01   3.5115830883e-11   4.3782235924e-03   1.3138458920e-08   3.1818725860e-15   2.0669344743e-16   2.9397082042e-06   1.2748823188e-01   3.8161841952e-03   9.8865532795e-03   3.9651694830e-14   4.5028736181e-05   1.2577436434e-17   6.6798910944e-01
   7.6360000000e-04   1.3505687561e-01   3.9955462334e+02  -6.5099165913e+05   7.9625741918e-01   6.5202612271e-07   7.1271000557e-14   1.2686431255e-15   1.8540972722e-01   3.5779162275e-11   4.4701230561e-03   1.3421003274e-08   3.2849296765e-15   2.1375176490e-16   3.0029795277e-06   1.3044084406e-01   3.8970930251e-03   1.0091268194e-02   4.2044785933e-14   4.5944824676e-05   1.4809674053e-17   6.6564080408e-01
   7.8200000000e-04   1.3808621064e-01   4.0116952402e+02  -6.6566808324e+05   7.9135631602e-01   6.6618225718e-07   8.1243106352e-14   1.4801083816e-15   1.8443109255e-01   3.6425800310e-11   4.5612884711e-03   1.3701613679e-08   3.3873051285e-15   2.2076331058e-16   3.0658079527e-06   1.3339005984e-01   3.9773562577e-03   1.0294180078e-02   4.4526516261e-14   4.6851998492e-05   1.7254282573e-17   6.6329594573e-01
   8.0040000000e-04   1.4111113784e-01   4.0275269357e+02  -6.8032340954e+05   7.8656577652e-01   6.8025074460e-07   9.1490168329e-14   1.7071262173e-15   1.8345679469e-01   3.7055110494e-11   4.6517015237e-03   1.3980205653e-08   3.4888674949e-15   2.2771757679e-16   3.1281799802e-06   1.3633561166e-01   4.0569558251e-03   1.0495247394e-02   4.7096968215e-14   4.7750071466e-05   1.9886588298e-17   6.6095158856e-01
   8.1880000000e-04   1.4413194873e-01   4.0430445104e+02  -6.9495897632e+05   7.8188252310e-01   6.9423354569e-07   1.0182121857e-13   1.9468654807e-15   1.8248748574e-01   3.7666801247e-11   4.7413820052e-03   1.4256808153e-08   3.5895170489e-15   2.3460616485e-16   3.1901077570e-06   1.3927834407e-01   4.1359069529e-03   1.0694514652e-02   4.9756372502e-14   4.8639248935e-05   2.2673904214e-17   6.5861035090e-01
   8.3720000000e-04   1.4714892799e-01   4.0582511113e+02  -7.0957608936e+05   7.7730340910e-01   7.0812691021e-07   1.1203441296e-13   2.1958330582e-15   1.8152228257e-01   3.8260306658e-11   4.8303105305e-03   1.4531330216e-08   3.6891281888e-15   2.4141903343e-16   3.2515771175e-06   1.4221795122e-01   4.2141907654e-03   1.0891938029e-02   5.2504346420e-14   4.9519334242e-05   2.5576159970e-17   6.5626930588e-01
   8.5560000000e-04   1.5016235374e-01   4.0731498414e+02  -7.2417602337e+05   7.7282541249e-01   7.2193291667e-07   1.2192674021e-13   2.4500055788e-15   1.8056183885e-01   3.8835412798e-11   4.9185073957e-03   1.4803796771e-08   3.7876089304e-15   2.4814839199e-16   3.3126006251e-06   1.4515529113e-01   4.2918230637e-03   1.1087563254e-02   5.5340720996e-14   5.0390537931e-05   2.8547597664e-17   6.5393105968e-01
   8.7400000000e-04   1.5317249791e-01   4.0877437596e+02  -7.3876002357e+05   7.6844562998e-01   7.3564768805e-07   1.3130019481e-13   2.7049258834e-15   1.7960528615e-01   3.9391618830e-11   5.0059521569e-03   1.5074105507e-08   3.8848398036e-15   2.5478471066e-16   3.3731634475e-06   1.4809002050e-01   4.3687841665e-03   1.1281344245e-02   5.8264698250e-14   5.1252653055e-05   3.1538005845e-17   6.5159270289e-01
   8.9240000000e-04   1.5617962649e-01   4.1020358810e+02  -7.5332930692e+05   7.6416127139e-01   7.4927343242e-07   1.3997121849e-13   2.9558982956e-15   1.7865328223e-01   3.9928785091e-11   5.0926657100e-03   1.5342272706e-08   3.9807368763e-15   2.6132085074e-16   3.4332786218e-06   1.5102301469e-01   4.4450905249e-03   1.1473328158e-02   6.1275783159e-14   5.2105896360e-05   3.4495027357e-17   6.4925684143e-01
   9.1080000000e-04   1.5918399983e-01   4.1160291770e+02  -7.6788506352e+05   7.5996965438e-01   7.6280613278e-07   1.4777506368e-13   3.1981149557e-15   1.7770496921e-01   4.0446471605e-11   5.1786264821e-03   1.5608179938e-08   4.0751869892e-15   2.6774782580e-16   3.4929305943e-06   1.5395389126e-01   4.5207215841e-03   1.1663466496e-02   6.4372845615e-14   5.2950049985e-05   3.7365588691e-17   6.4692057138e-01
   9.2920000000e-04   1.6218587290e-01   4.1297265749e+02  -7.8242845763e+05   7.5586819950e-01   7.7624811577e-07   1.5457341553e-13   3.4268794251e-15   1.7676100610e-01   4.0944608252e-11   5.2638559121e-03   1.5871830714e-08   4.1681143478e-15   2.7405917358e-16   3.5521328315e-06   1.5688354227e-01   4.5956943876e-03   1.1851807709e-02   6.7555158046e-14   5.3785336332e-05   4.0098388629e-17   6.4458649055e-01
   9.4760000000e-04   1.6518549553e-01   4.1431309586e+02  -7.9696062912e+05   7.5185442543e-01   7.8959524186e-07   1.6025587624e-13   3.6377257458e-15   1.7582054913e-01   4.1422813026e-11   5.3483314350e-03   1.6133087778e-08   4.2594123171e-15   2.8024648131e-16   3.6108691425e-06   1.5981155046e-01   4.6699876198e-03   1.2038301192e-02   7.0821353305e-14   5.4611528103e-05   4.2645103814e-17   6.4225171598e-01
   9.6600000000e-04   1.6818311266e-01   4.1562451689e+02  -8.1148269433e+05   7.4792594452e-01   8.0284995704e-07   1.6474495631e-13   3.8266322258e-15   1.7488425802e-01   4.1881081130e-11   5.4320750443e-03   1.6391939784e-08   4.3490133474e-15   2.8630398463e-16   3.6691534261e-06   1.6273882588e-01   4.7436189199e-03   1.2222996712e-02   7.4170565297e-14   5.5428853504e-05   4.4962649618e-17   6.3991883771e-01
   9.8440000000e-04   1.7117896459e-01   4.1690720031e+02  -8.2599574728e+05   7.4408045857e-01   8.1600798434e-07   1.6799434278e-13   3.9900972688e-15   1.7395129919e-01   4.2319084004e-11   5.5150631028e-03   1.6648229306e-08   4.4368173106e-15   2.9222385624e-16   3.7269687934e-06   1.6566491430e-01   4.8165661353e-03   1.2405841375e-02   7.7601270358e-14   5.6237075060e-05   4.7013813302e-17   6.3758498176e-01
   1.0028000000e-03   1.7417328715e-01   4.1816142161e+02  -8.4050086060e+05   7.4031575480e-01   8.2907189243e-07   1.6999124113e-13   4.1253123588e-15   1.7302233358e-01   4.2736878036e-11   5.5973181915e-03   1.6901930222e-08   4.5227649255e-15   2.9800104121e-16   3.7843295927e-06   1.6859074570e-01   4.8888475233e-03   1.2586886330e-02   8.1112536591e-14   5.7036427145e-05   4.8769014623e-17   6.3525273402e-01
   1.0212000000e-03   1.7716631194e-01   4.1938745203e+02  -8.5499908644e+05   7.3662970206e-01   8.4203727064e-07   1.7075185036e-13   4.2301719530e-15   1.7209653802e-01   4.3134184534e-11   5.6788156403e-03   1.7152866052e-08   4.6067626255e-15   3.0362831094e-16   3.8412182578e-06   1.7151583021e-01   4.9604401234e-03   1.2766076489e-02   8.4702736615e-14   5.7826662601e-05   5.0206181783e-17   6.3291923241e-01
   1.0396000000e-03   1.8015826654e-01   4.2058555861e+02  -8.6949145747e+05   7.3302024724e-01   8.5490680815e-07   1.7032158318e-13   4.3033875676e-15   1.7117457398e-01   4.3511116606e-11   5.7595786152e-03   1.7400997755e-08   4.6887592974e-15   3.0910132129e-16   3.8976495805e-06   1.7444111852e-01   5.0313628028e-03   1.2943464371e-02   8.8370911796e-14   5.8608021965e-05   5.1311900227e-17   6.3058705782e-01
   1.0580000000e-03   1.8314937465e-01   4.2175600422e+02  -8.8397898775e+05   7.2948541188e-01   8.6767596010e-07   1.6876862812e-13   4.3444256793e-15   1.7025562788e-01   4.3867441648e-11   5.8395814194e-03   1.7646132478e-08   4.7686678992e-15   3.1441344567e-16   3.9536053158e-06   1.7736608536e-01   5.1015917932e-03   1.3118992703e-02   9.2115348621e-14   5.9380248525e-05   5.2080530264e-17   6.2825335887e-01
   1.0764000000e-03   1.8613985630e-01   4.2289904759e+02  -8.9846267339e+05   7.2602328891e-01   8.8034753375e-07   1.6618285718e-13   4.3535604788e-15   1.6934036115e-01   4.4203325078e-11   5.9188478002e-03   1.7888221498e-08   4.8464453666e-15   3.1956104531e-16   4.0091006929e-06   1.8029170297e-01   5.1711465636e-03   1.3292715368e-02   9.5935063546e-14   6.0143588995e-05   5.2514763834e-17   6.2592071083e-01
   1.0948000000e-03   1.8912992806e-01   4.2401494337e+02  -9.1294349359e+05   7.2263203957e-01   8.9291685297e-07   1.6266854704e-13   4.3317493811e-15   1.6842796995e-01   4.4518576850e-11   5.9973510671e-03   1.8127059374e-08   4.9220110849e-15   3.2453809268e-16   4.0641168055e-06   1.8321741169e-01   5.2400025628e-03   1.3464572983e-02   9.9828236780e-14   6.0897777522e-05   5.2624147413e-17   6.2358627512e-01
   1.1132000000e-03   1.9211980314e-01   4.2510394218e+02  -9.2742241120e+05   7.1930989054e-01   9.0538683549e-07   1.5834283373e-13   4.2806353615e-15   1.6751911400e-01   4.4813410117e-11   6.0751155055e-03   1.8362591484e-08   4.9953298466e-15   3.2934164268e-16   4.1186692875e-06   1.8614420489e-01   5.3081798179e-03   1.3634620688e-02   1.0379383057e-13   6.1643066559e-05   5.2425184224e-17   6.2125261649e-01
   1.1316000000e-03   1.9510969158e-01   4.2616629064e+02  -9.4190037358e+05   7.1605513112e-01   9.1775267986e-07   1.5332852998e-13   4.2023804793e-15   1.6661299955e-01   4.5087674237e-11   6.1521134755e-03   1.8594604028e-08   5.0663274410e-15   3.3396626668e-16   4.1727385965e-06   1.8907148973e-01   5.3756530296e-03   1.3802797092e-02   1.0782988084e-13   6.2379181651e-05   5.1939480935e-17   6.1891691205e-01
   1.1500000000e-03   1.9809980041e-01   4.2720223142e+02  -9.5637831308e+05   7.1286611061e-01   9.3001741560e-07   1.4775283384e-13   4.0996360887e-15   1.6571028495e-01   4.5341626136e-11   6.2283698212e-03   1.8823040519e-08   5.1349762755e-15   3.3840969673e-16   4.2263407823e-06   1.9200028220e-01   5.4424427972e-03   1.3969158637e-02   1.1193524137e-13   6.3106381234e-05   5.1193595318e-17   6.1658171831e-01
   1.1684000000e-03   2.0109033379e-01   4.2821200328e+02  -9.7085714812e+05   7.0974123585e-01   9.4217611320e-07   1.4174093666e-13   3.9753589658e-15   1.6481018563e-01   4.5575150931e-11   6.3038559482e-03   1.9047682623e-08   5.2012083352e-15   3.4266708668e-16   4.2794556583e-06   1.9492995619e-01   5.5085230650e-03   1.4133641910e-02   1.1610774185e-13   6.3824382256e-05   5.0217037805e-17   6.1424422602e-01
   1.1868000000e-03   2.0408149309e-01   4.2919584117e+02  -9.8533778299e+05   7.0667896880e-01   9.5423190486e-07   1.3541543108e-13   3.8327703379e-15   1.6391335692e-01   4.5788545149e-11   6.3785972068e-03   1.9268475429e-08   5.2650034536e-15   3.4673682784e-16   4.3320996520e-06   1.9786154943e-01   5.5739149551e-03   1.4296304539e-02   1.2034607351e-13   6.4533448661e-05   4.9042063406e-17   6.1190697829e-01
   1.2052000000e-03   2.0707347718e-01   4.3015397621e+02  -9.9982110976e+05   7.0367782428e-01   9.6617973845e-07   1.2889111833e-13   3.6751770130e-15   1.6301902395e-01   4.5981726736e-11   6.4525640928e-03   1.9485199475e-08   5.3262996522e-15   3.5061464449e-16   4.3842519586e-06   2.0079440384e-01   5.6385916910e-03   1.4457081188e-02   1.2464779661e-13   6.5233289310e-05   4.7701738265e-17   6.0956718261e-01
   1.2236000000e-03   2.1006648238e-01   4.3108663576e+02  -1.0143080076e+06   7.0073636786e-01   9.7802286052e-07   1.2227530406e-13   3.5059373266e-15   1.6212784041e-01   4.6155028545e-11   6.5257825291e-03   1.9697804506e-08   5.3850840045e-15   3.5429957204e-16   4.4359294250e-06   2.0372958167e-01   5.7025749698e-03   1.4616030803e-02   1.2901138400e-13   6.5924174284e-05   4.6229823811e-17   6.0722737469e-01
   1.2420000000e-03   2.1306070271e-01   4.3199404350e+02  -1.0287993440e+06   6.9785321379e-01   9.8975608235e-07   1.1566391086e-13   3.3283040720e-15   1.6123903888e-01   4.6308397842e-11   6.5982220360e-03   1.9906072266e-08   5.4413003331e-15   3.5778788141e-16   4.4871105803e-06   2.0666639076e-01   5.7658372364e-03   1.4773085996e-02   1.3343407264e-13   6.6605803842e-05   4.4659058945e-17   6.0488477158e-01
   1.2604000000e-03   2.1605632992e-01   4.3287641945e+02  -1.0432959752e+06   6.9502702305e-01   1.0013827623e-06   1.0914262900e-13   3.1454088781e-15   1.6035327116e-01   4.6442200217e-11   6.6699091025e-03   2.0109959200e-08   5.4949426686e-15   3.6107922704e-16   4.5378126839e-06   2.0960591858e-01   5.8284007539e-03   1.4928307014e-02   1.3791407061e-13   6.7278454160e-05   4.3021227749e-17   6.0254190127e-01
   1.2788000000e-03   2.1905355369e-01   4.3373398004e+02  -1.0577987468e+06   6.9225650148e-01   1.0128975811e-06   1.0278424509e-13   2.9601373115e-15   1.5946977742e-01   4.6556409634e-11   6.7408123051e-03   2.0309250136e-08   5.5459604921e-15   3.6417041193e-16   4.5880136155e-06   2.1254743958e-01   5.8902372129e-03   1.5081624479e-02   1.4244825205e-13   6.7941817240e-05   4.1345738597e-17   6.0019599183e-01
   1.2972000000e-03   2.2205256169e-01   4.3456693817e+02  -1.0723084937e+06   6.8954039805e-01   1.0243040091e-06   9.6650469130e-14   2.7751359821e-15   1.5858920764e-01   4.6651421233e-11   6.8109587098e-03   2.0503909589e-08   5.5943545656e-15   3.6706168575e-16   4.6377310519e-06   2.1549206760e-01   5.9513694486e-03   1.5233099962e-02   1.4703453299e-13   6.8596175492e-05   3.9659907679e-17   5.9784956461e-01
   1.3156000000e-03   2.2505353968e-01   4.3537550321e+02  -1.0868260416e+06   6.8687750313e-01   1.0355965958e-06   9.0790248662e-14   2.5927227747e-15   1.5771080935e-01   4.6727233081e-11   6.8803159580e-03   2.0693726581e-08   5.6400798182e-15   3.6975036327e-16   4.6869422259e-06   2.1843904384e-01   6.0117684033e-03   1.5382662120e-02   1.5166940103e-13   6.9241212828e-05   3.7987849074e-17   5.9549985860e-01
   1.3340000000e-03   2.2805667167e-01   4.3615988111e+02  -1.1013522065e+06   6.8426664694e-01   1.0467789208e-06   8.5242030343e-14   2.4149158341e-15   1.5683523011e-01   4.6784266754e-11   6.9489116751e-03   2.0878674387e-08   5.6831434770e-15   3.7223726243e-16   4.7356652166e-06   2.2138950874e-01   6.0714574656e-03   1.5530373805e-02   1.5635046826e-13   6.9877217721e-05   3.6350955108e-17   5.9314938689e-01
   1.3524000000e-03   2.3106213994e-01   4.3692027445e+02  -1.1158877956e+06   6.8170669795e-01   1.0578454021e-06   8.0032829571e-14   2.2433762453e-15   1.5596172433e-01   4.6822542569e-11   7.0167125682e-03   2.1058546817e-08   5.7235058344e-15   3.7452019473e-16   4.7838766066e-06   2.2434266999e-01   6.1304068287e-03   1.5676161711e-02   1.6107383282e-13   7.0503866060e-05   3.4767071001e-17   5.9079539846e-01
   1.3708000000e-03   2.3407012521e-01   4.3765688243e+02  -1.1304336078e+06   6.7919656148e-01   1.0687997279e-06   7.5180829790e-14   2.0794545126e-15   1.5509093720e-01   4.6842508150e-11   7.0837468265e-03   2.1233326183e-08   5.7611808997e-15   3.7660053888e-16   4.8315948784e-06   2.2729969567e-01   6.1886404358e-03   1.5820089977e-02   1.6583709002e-13   7.1121452445e-05   3.3250945134e-17   5.8844039878e-01
   1.4014666667e-03   2.3908766626e-01   4.3884524497e+02  -1.1546896324e+06   6.7510183725e-01   1.0868567865e-06   6.7704985295e-14   1.8206284468e-15   1.5364291707e-01   4.6845272621e-11   7.1941297761e-03   2.1515794882e-08   5.8194623802e-15   3.7972046617e-16   4.9102603797e-06   2.3223285414e-01   6.2844509410e-03   1.6056760643e-02   1.7391355376e-13   7.2135169970e-05   3.0818376262e-17   5.8450942970e-01
   1.4444000000e-03   2.4612874677e-01   4.4038224280e+02  -1.1887219218e+06   6.6961492145e-01   1.1115093297e-06   5.9268784230e-14   1.5129791687e-15   1.5162875938e-01   4.6752850642e-11   7.3444076019e-03   2.1881826002e-08   5.8862430913e-15   3.8299415688e-16   5.0176376065e-06   2.3916164850e-01   6.4146007886e-03   1.6377763797e-02   1.8527243807e-13   7.3504188156e-05   2.7990399300e-17   5.7899447356e-01
   1.4873333333e-03   2.5318834376e-01   4.4179489158e+02  -1.2228310373e+06   6.6437220464e-01   1.1355054889e-06   5.2718621812e-14   1.2618623183e-15   1.4962548412e-01   4.6567121780e-11   7.4903050867e-03   2.2216989455e-08   5.9381844819e-15   3.8516956653e-16   5.1221693522e-06   2.4611231351e-01   6.5406572170e-03   1.6688215571e-02   1.9673891466e-13   7.4822139827e-05   2.5725032685e-17   5.7346060356e-01
   1.5302666667e-03   2.6026864711e-01   4.4308545614e+02  -1.2570265386e+06   6.5936247707e-01   1.1588441348e-06   4.7815765504e-14   1.0639680950e-15   1.4763413584e-01   4.6292307891e-11   7.6318573489e-03   2.2520405095e-08   5.9754172693e-15   3.8626620970e-16   5.2238701950e-06   2.5308958886e-01   6.6626447149e-03   1.6988211873e-02   2.0825996370e-13   7.6089559114e-05   2.4006060639e-17   5.6791238974e-01
   1.5732000000e-03   2.6737182023e-01   4.4425611449e+02  -1.2913178276e+06   6.5457532895e-01   1.1815000252e-06   4.4279648815e-14   9.1280122801e-16   1.4565262722e-01   4.5931828239e-11   7.7689390886e-03   2.2790827716e-08   5.9980157606e-15   3.8630133369e-16   5.3226448560e-06   2.6009300317e-01   6.7804485419e-03   1.7277492356e-02   2.1977528610e-13   7.7305393464e-05   2.2780412556e-17   5.6234232392e-01
   1.6161333333e-03   2.7450000548e-01   4.4530896107e+02  -1.3257141699e+06   6.5000108622e-01   1.2034722862e-06   4.1828562743e-14   8.0042904886e-16   1.4368201922e-01   4.5490232766e-11   7.9015841603e-03   2.3027594636e-08   6.0062459414e-15   3.8530576547e-16   5.4185068005e-06   2.6712743303e-01   6.8940937226e-03   1.7556152052e-02   2.3122666762e-13   7.8470192943e-05   2.1975311115e-17   5.5675494036e-01
   1.6590666667e-03   2.8165532855e-01   4.4624600986e+02  -1.3602247155e+06   6.4563075276e-01   1.2247346773e-06   4.0202125853e-14   7.1869850145e-16   1.4172028626e-01   4.4971215716e-11   8.0296583440e-03   2.3229667648e-08   6.0003074200e-15   3.8330705746e-16   5.5113541103e-06   2.7419219784e-01   7.0034594100e-03   1.7823913365e-02   2.4254953545e-13   7.9582851617e-05   2.1510048352e-17   5.5114279391e-01
   1.7020000000e-03   2.8883990331e-01   4.4706919743e+02  -1.3948585186e+06   6.4145595796e-01   1.2452865476e-06   3.9176065367e-14   6.6009065529e-16   1.3976849722e-01   4.4379541066e-11   8.1531941736e-03   2.3396616932e-08   5.9805856709e-15   3.8034549079e-16   5.6011989559e-06   2.8129233483e-01   7.1085710448e-03   1.8080870327e-02   2.5368321791e-13   8.0643935993e-05   2.1305952243e-17   5.4551037263e-01
   1.7449333333e-03   2.9605583578e-01   4.4778038586e+02  -1.4296245555e+06   6.3746890957e-01   1.2651006460e-06   3.8564900130e-14   6.1812715641e-16   1.3782467941e-01   4.3719075904e-11   8.2720485672e-03   2.3527633569e-08   5.9473903797e-15   3.7645712377e-16   5.6879326764e-06   2.8842696397e-01   7.2093016934e-03   1.8326728322e-02   2.6456134976e-13   8.1652288934e-05   2.1291004148e-17   5.3985028324e-01
   1.7878666667e-03   3.0330522869e-01   4.4838136553e+02  -1.4645317431e+06   6.3366235066e-01   1.2841765200e-06   3.8222626617e-14   5.8755847134e-16   1.3588990336e-01   4.2994698573e-11   8.3862526890e-03   2.3622543208e-08   5.9012103104e-15   3.7168983318e-16   5.7715660005e-06   2.9560130778e-01   7.3056771240e-03   1.8561580296e-02   2.7512315857e-13   8.2608493565e-05   2.1403578969e-17   5.3416696142e-01
   1.8308000000e-03   3.1059018494e-01   4.4887385789e+02  -1.4995889550e+06   6.3002952094e-01   1.3024858998e-06   3.8036879054e-14   5.6430815759e-16   1.3396224195e-01   4.2210363500e-11   8.4956546325e-03   2.3680791680e-08   5.8424502835e-15   3.6608643314e-16   5.8519834361e-06   3.0281429526e-01   7.3975643423e-03   1.8785114812e-02   2.8530272724e-13   8.3511343112e-05   2.1592348015e-17   5.2845305646e-01
   1.8737333333e-03   3.1791281203e-01   4.4925951796e+02  -1.5348050387e+06   6.2656412133e-01   1.3200284958e-06   3.7925132248e-14   5.4536722793e-16   1.3204276089e-01   4.1370979458e-11   8.6002840310e-03   2.3702481553e-08   5.7716864778e-15   3.5970060389e-16   5.9291940744e-06   3.1007135615e-01   7.4849892798e-03   1.8997423424e-02   2.9504132135e-13   8.4361436001e-05   2.1816782608e-17   5.2271294102e-01
   1.9166666667e-03   3.2527522525e-01   4.4953993692e+02  -1.5701888303e+06   6.2326028214e-01   1.3367750119e-06   3.7827340725e-14   5.2859132614e-16   1.3012957223e-01   4.0480517192e-11   8.6999801522e-03   2.3687334823e-08   5.6894042838e-15   3.5258024321e-16   6.0030755078e-06   3.1737123522e-01   7.5678128977e-03   1.9198178010e-02   3.0427555125e-13   8.5157516631e-05   2.2045072755e-17   5.1693929829e-01
   1.9596000000e-03   3.3267955190e-01   4.4971664445e+02  -1.6057491713e+06   6.2011253368e-01   1.3527252945e-06   3.7702412755e-14   5.1254217947e-16   1.2822373205e-01   3.9543846185e-11   8.7947709555e-03   2.3635745963e-08   5.5962518971e-15   3.4478313865e-16   6.0736350356e-06   3.2471959348e-01   7.6460611622e-03   1.9387468482e-02   3.1295072635e-13   8.5900197230e-05   2.2253668735e-17   5.1113643117e-01
   2.0025333333e-03   3.4012793433e-01   4.4979111104e+02  -1.6414949222e+06   6.1711578006e-01   1.3678490154e-06   3.7522084167e-14   4.9629659951e-16   1.2632338599e-01   3.8564894743e-11   8.8844868539e-03   2.3547726421e-08   5.4927811028e-15   3.3636069517e-16   6.1407432598e-06   3.3211499705e-01   7.7195890022e-03   1.9564950130e-02   3.2100796139e-13   8.6588173536e-05   2.2424858161e-17   5.0529704859e-01
   2.0454666667e-03   3.4762253409e-01   4.4976475019e+02  -1.6774349786e+06   6.1426527478e-01   1.3821461173e-06   3.7269037606e-14   4.7932917943e-16   1.2442957513e-01   3.7548434763e-11   8.9691538764e-03   2.3423968129e-08   5.3796970950e-15   3.2737321596e-16   6.2044054843e-06   3.3956336000e-01   7.7884222113e-03   1.9730710748e-02   3.2839850452e-13   8.7222068640e-05   2.2546446814e-17   4.9942537248e-01
   2.0884000000e-03   3.5516553484e-01   4.4963892049e+02  -1.7135782844e+06   6.1155659908e-01   1.3955852426e-06   3.6932431289e-14   4.6137730192e-16   1.2254047420e-01   3.6498303774e-11   9.0485935662e-03   2.3264775759e-08   5.2576042553e-15   3.1787414367e-16   6.2644852867e-06   3.4706307593e-01   7.8524097301e-03   1.9884389182e-02   3.3506984682e-13   8.7800529583e-05   2.2609633585e-17   4.9351413220e-01
   2.1313333333e-03   3.6275914653e-01   4.4941492768e+02  -1.7499338480e+06   6.0898564160e-01   1.4081663914e-06   3.6507523294e-14   4.4237754462e-16   1.2065710452e-01   3.5419127729e-11   9.1228297377e-03   2.3071134475e-08   5.1272501583e-15   3.0792482179e-16   6.3209857815e-06   3.5462033488e-01   7.9115769661e-03   2.0026070591e-02   3.4098093245e-13   8.8324186811e-05   2.2609134021e-17   4.8756745822e-01
   2.1742666667e-03   3.7040560815e-01   4.4909402656e+02  -1.7865107546e+06   6.0654858050e-01   1.4198571636e-06   3.5992451072e-14   4.2238058685e-16   1.1877766441e-01   3.4314613016e-11   9.1916749141e-03   2.2843636037e-08   4.9892782141e-15   2.9757936818e-16   6.3737634259e-06   3.6223335907e-01   7.9657668181e-03   2.0155377248e-02   3.4608734145e-13   8.8791637003e-05   2.2541445729e-17   4.8157808920e-01
   2.2172000000e-03   3.7810719207e-01   4.4867742284e+02  -1.8233181829e+06   6.0424186653e-01   1.4306575799e-06   3.5388837327e-14   4.0152620051e-16   1.1690315132e-01   3.3189199618e-11   9.2551503947e-03   2.2583545316e-08   4.8444641275e-15   2.8689881289e-16   6.4228189703e-06   3.6990863914e-01   8.0150040976e-03   2.0272391145e-02   3.5035727418e-13   8.9203514025e-05   2.2405363201e-17   4.7555005505e-01
   2.2601333333e-03   3.8586620674e-01   4.4816627494e+02  -1.8603654171e+06   6.0206220819e-01   1.4405342075e-06   3.4699332713e-14   3.7999062320e-16   1.1503178371e-01   3.2046429843e-11   9.3130596419e-03   2.2291726399e-08   4.6934770955e-15   2.7593670558e-16   6.4680017638e-06   3.7764423151e-01   8.0591257216e-03   2.0376718112e-02   3.5375589605e-13   8.9558363307e-05   2.2200535539e-17   4.6947610007e-01
   2.3030666667e-03   3.9368500123e-01   4.4756169571e+02  -1.8976618645e+06   6.0000655765e-01   1.4494870633e-06   3.3928747516e-14   3.5798321298e-16   1.1316453221e-01   3.0890524717e-11   9.3654211913e-03   2.1969702049e-08   4.5371070626e-15   2.6475253529e-16   6.5093100857e-06   3.8544695741e-01   8.0981557593e-03   2.0468436577e-02   3.5626196328e-13   8.9856818455e-05   2.1928231825e-17   4.6336014822e-01
   2.3460000000e-03   4.0156596787e-01   4.4686475405e+02  -1.9352170671e+06   5.9807209851e-01   1.4574816764e-06   3.3082015159e-14   3.3571228992e-16   1.1129963069e-01   2.9724834627e-11   9.4120292727e-03   2.1618585570e-08   4.3760359239e-15   2.5339815285e-16   6.5465861326e-06   3.9331470855e-01   8.1319251104e-03   2.0547135791e-02   3.5785143300e-13   9.0097371218e-05   2.1590076327e-17   4.5719493959e-01
   2.3889333333e-03   4.0951154699e-01   4.4607647657e+02  -1.9730407197e+06   5.9625623410e-01   1.4645179683e-06   3.2165556018e-14   3.1339199810e-16   1.0943801488e-01   2.8553332854e-11   9.4528989379e-03   2.1240127309e-08   4.2110540896e-15   2.4193039368e-16   6.5798253103e-06   4.0125465061e-01   8.1604565653e-03   2.0612889215e-02   3.5851457722e-13   9.0280646522e-05   2.1188941827e-17   4.5098426519e-01
   2.4318666667e-03   4.1752422961e-01   4.4519784906e+02  -2.0111426819e+06   5.9455657744e-01   1.4705604289e-06   3.1185474694e-14   2.9121835079e-16   1.0757792989e-01   2.7379154801e-11   9.4878150069e-03   2.0835659741e-08   4.0428433341e-15   2.3039840150e-16   6.6088626490e-06   4.0926451096e-01   8.1835749869e-03   2.0665269393e-02   3.5823901079e-13   9.0405079737e-05   2.0727786646e-17   4.4472085312e-01
   2.4748000000e-03   4.2560656256e-01   4.4422981806e+02  -2.0495329979e+06   5.9297094146e-01   1.4756089332e-06   3.0148993485e-14   2.6938006009e-16   1.0572027940e-01   2.6206004801e-11   9.5167892101e-03   2.0407126241e-08   3.8721815484e-15   2.1885540090e-16   6.6336909256e-06   4.1735185424e-01   8.2013021320e-03   2.0704345366e-02   3.5702714640e-13   9.0471286958e-05   2.0210594912e-17   4.3840837883e-01
   2.5177333333e-03   4.3376115119e-01   4.4317329226e+02  -2.0882219079e+06   5.9149733091e-01   1.4796268828e-06   2.9062790141e-14   2.4804061599e-16   1.0386331166e-01   2.5036782783e-11   9.5395964298e-03   1.9956041670e-08   3.6997376828e-15   2.0734693423e-16   6.6541377824e-06   4.2551422999e-01   8.2134565230e-03   2.0729672105e-02   3.5487872805e-13   9.0477640887e-05   1.9641273079e-17   4.3203953379e-01
   2.5606666667e-03   4.4199066480e-01   4.4202914399e+02  -2.1272198695e+06   5.9013393420e-01   1.4826140125e-06   2.7934420005e-14   2.2735018068e-16   1.0200789025e-01   2.3874903955e-11   9.5562442806e-03   1.9484500553e-08   3.5262641343e-15   1.9592176776e-16   6.6701929803e-06   4.3375962027e-01   8.2200583216e-03   2.0741312713e-02   3.5180849628e-13   9.0424739320e-05   1.9024590719e-17   4.2561785030e-01
   2.6036000000e-03   4.5029783958e-01   4.4079821061e+02  -2.1665375701e+06   5.8887911693e-01   1.4845327260e-06   2.6770763788e-14   2.0743168202e-16   1.0015226854e-01   2.2723017947e-11   9.5664980466e-03   1.8994160504e-08   3.3524050850e-15   1.8462109807e-16   6.6816771928e-06   4.4208542079e-01   8.2209201749e-03   2.0738805632e-02   3.4782841954e-13   9.0310894063e-05   1.8365124974e-17   4.1913600040e-01
   2.6465333333e-03   4.5868548433e-01   4.3948129588e+02  -2.2061859490e+06   5.8773141522e-01   1.4853824935e-06   2.5579389689e-14   1.8839246575e-16   9.8297260043e-02   2.1584233684e-11   9.5703602006e-03   1.8487220992e-08   3.1788749626e-15   1.7348852190e-16   6.6885766499e-06   4.5050004272e-01   8.2160599098e-03   2.0722206038e-02   3.4296532584e-13   9.0136672835e-05   1.7668169883e-17   4.1259733752e-01
   2.6894666667e-03   4.6715648365e-01   4.3807917140e+02  -2.2461762114e+06   5.8668953056e-01   1.4851247774e-06   2.4367109121e-14   1.7031353099e-16   9.6441121918e-02   2.0460937262e-11   9.5675865089e-03   1.7965438491e-08   3.0062815962e-15   1.6256026970e-16   6.6907053343e-06   4.5900074269e-01   8.2052845600e-03   2.0691036341e-02   3.3724307118e-13   8.9900325603e-05   1.6938732943e-17   4.0599451821e-01
   2.7324000000e-03   4.7571380416e-01   4.3659257793e+02  -2.2865198518e+06   5.8575232436e-01   1.4837587235e-06   2.3141254099e-14   1.5326032491e-16   9.4584612302e-02   1.9355918320e-11   9.5581736585e-03   1.7431069422e-08   2.8352898552e-15   1.5187421107e-16   6.6880457311e-06   4.6759639377e-01   8.1886092306e-03   2.0645342669e-02   3.3069992262e-13   8.9602381756e-05   1.6182394857e-17   3.9933070048e-01
   2.7753333333e-03   4.8436049782e-01   4.3502222687e+02  -2.3272286691e+06   5.8491881402e-01   1.4812448452e-06   2.1908343687e-14   1.3727455085e-16   9.2725985814e-02   1.8271287254e-11   9.5418675236e-03   1.6885921924e-08   2.6664601294e-15   1.4146111777e-16   6.6804051308e-06   4.7628410823e-01   8.1658352326e-03   2.0584630933e-02   3.2337084973e-13   8.9241023958e-05   1.5404365124e-17   3.9259850899e-01
   2.8182666667e-03   4.9309970875e-01   4.3336880163e+02  -2.3683147920e+06   5.8418816855e-01   1.4775819299e-06   2.0675266963e-14   1.2238388726e-16   9.0865941299e-02   1.7209504406e-11   9.5186584914e-03   1.6332260264e-08   2.5003970847e-15   1.3135272516e-16   6.6677621868e-06   4.8507326533e-01   8.1369746969e-03   2.0508937394e-02   3.1530450384e-13   8.8816736102e-05   1.4610283932e-17   3.8580089618e-01
   2.8612000000e-03   5.0193467683e-01   4.3163295911e+02  -2.4097906953e+06   5.8355970565e-01   1.4727295573e-06   1.9448063524e-14   1.0859589871e-16   8.9002725452e-02   1.6172394623e-11   9.4882822732e-03   1.5771896182e-08   2.3376035069e-15   1.2157399846e-16   6.6499176076e-06   4.9396083273e-01   8.1018232160e-03   2.0417751255e-02   3.0654579444e-13   8.8327628861e-05   1.3805344184e-17   3.7893044294e-01
   2.9041333333e-03   5.1086874512e-01   4.2981533123e+02  -2.4516692280e+06   5.8303288817e-01   1.4666861045e-06   1.8233007057e-14   9.5906569357e-17   8.7136972174e-02   1.5162081050e-11   9.4507222869e-03   1.5207052287e-08   2.1786142691e-15   1.1215028021e-16   6.6268460563e-06   5.0295673920e-01   8.0603895846e-03   2.0311097789e-02   2.9715231193e-13   8.7774131859e-05   1.2995030550e-17   3.7198987942e-01
   2.9470666667e-03   5.1990536374e-01   4.2791652647e+02  -2.4939636302e+06   5.8260732214e-01   1.4594102353e-06   1.7035503377e-14   8.4295920844e-17   8.5266914337e-02   1.4180095080e-11   9.4057037871e-03   1.4639495992e-08   2.0238655013e-15   1.0310052762e-16   6.5983417936e-06   5.1205780609e-01   8.0124636838e-03   2.0188449247e-02   2.8717735960e-13   8.7154278636e-05   1.2184315153e-17   3.6497172955e-01
   2.9900000000e-03   5.2904809805e-01   4.2593713157e+02  -2.5366875648e+06   5.8228275394e-01   1.4508998475e-06   1.5861072016e-14   7.3735318382e-17   8.3393113622e-02   1.3228216981e-11   9.3532023995e-03   1.4071359675e-08   1.8738140193e-15   9.4443584698e-17   6.5643752627e-06   5.2127455345e-01   7.9580505050e-03   2.0049818499e-02   2.7668567381e-13   8.6468434195e-05   1.1378330815e-17   3.5787847849e-01
   3.0329333333e-03   5.3830063282e-01   4.2387771324e+02  -2.5798551352e+06   5.8205906909e-01   1.4411127427e-06   1.4714363784e-14   6.4184384983e-17   8.1513784394e-02   1.2307679086e-11   9.2929328141e-03   1.3504320177e-08   1.7288216624e-15   8.6192350996e-17   6.5247345824e-06   5.3060366384e-01   7.8969344080e-03   1.9894661034e-02   2.6573708640e-13   8.5714551271e-05   1.0581645901e-17   3.5070258650e-01
   3.0758666667e-03   5.4766678125e-01   4.2173882006e+02  -2.6234809203e+06   5.8193628990e-01   1.4300462804e-06   1.3600039189e-14   5.5597113836e-17   7.9629408656e-02   1.1419915649e-11   9.2248620634e-03   1.2940373472e-08   1.5892605465e-15   7.8359222384e-17   6.4793858000e-06   5.4005629844e-01   7.8291161587e-03   1.9722975976e-02   2.5440140026e-13   8.4892919903e-05   9.7988695688e-18   3.4344627146e-01
   3.1188000000e-03   5.5715048951e-01   4.1952098451e+02  -2.6675799945e+06   5.8191457493e-01   1.4176574480e-06   1.2521905075e-14   4.7919749779e-17   7.7738176017e-02   1.0565856272e-11   9.1486940851e-03   1.2381061917e-08   1.4554121992e-15   7.0951140013e-17   6.4281111840e-06   5.4962900408e-01   7.7543747407e-03   1.9534202087e-02   2.4274284354e-13   8.4001407277e-05   9.0340092514e-18   3.3610191812e-01
   3.1617333333e-03   5.6675584657e-01   4.1722472511e+02  -2.7121679648e+06   5.8199421703e-01   1.4039429562e-06   1.1483691110e-14   4.1095735023e-17   7.5840477613e-02   9.7465883094e-12   9.0643861436e-03   1.1828201860e-08   1.3275592174e-15   6.3974254169e-17   6.3708719866e-06   5.5933361736e-01   7.6727059823e-03   1.9328322647e-02   2.3083397962e-13   8.3040214467e-05   8.2910076118e-18   3.2867144036e-01
   3.2046666667e-03   5.7648708927e-01   4.1485054881e+02  -2.7572609936e+06   5.8217564318e-01   1.3888591050e-06   1.0488304345e-14   3.5064291173e-17   7.3934474995e-02   8.9627378678e-12   8.9716317009e-03   1.1283161377e-08   1.2058987810e-15   5.7429799574e-17   6.3074452858e-06   5.6916657794e-01   7.5838840519e-03   1.9104760738e-02   2.1874112382e-13   8.2007122253e-05   7.5731850593e-18   3.2114715033e-01
   3.2476000000e-03   5.8634861310e-01   4.1239895363e+02  -2.8028758400e+06   5.8245941262e-01   1.3724018791e-06   9.5385059101e-15   2.9764272518e-17   7.2020457959e-02   8.2150476933e-12   8.8703772484e-03   1.0747538611e-08   1.0906213206e-15   5.1318036308e-17   6.2377872981e-06   5.7914044794e-01   7.4878992999e-03   1.8863482085e-02   2.0653716562e-13   8.0902230019e-05   6.8837092425e-18   3.1353062618e-01
   3.2905333333e-03   5.9634497754e-01   4.0987043147e+02  -2.8490298829e+06   5.8284621701e-01   1.3545269300e-06   8.6362794464e-15   2.5133203103e-17   7.0096550144e-02   7.5038415412e-12   8.7603054457e-03   1.0222491028e-08   9.8183768948e-16   4.5634883669e-17   6.1616701915e-06   5.8925154980e-01   7.3845211496e-03   1.8603893870e-02   1.9428807922e-13   7.9723225260e-05   6.2251224666e-18   3.0581408459e-01
   3.3334666667e-03   6.0648091817e-01   4.0726547132e+02  -2.8957411681e+06   5.8333687839e-01   1.3352294990e-06   7.7834145932e-15   2.1110199281e-17   6.8162931319e-02   6.8295234763e-12   8.6413513556e-03   9.7093655476e-09   8.7964591730e-16   4.0375212929e-17   6.0790451915e-06   5.9951324825e-01   7.2737342519e-03   1.8325943323e-02   1.8206461485e-13   7.8470095760e-05   5.5997480878e-18   2.9799874651e-01
   3.3764000000e-03   6.1676135224e-01   4.0458456274e+02  -2.9430284325e+06   5.8393234918e-01   1.3144646922e-06   6.9809817148e-15   1.7635232380e-17   6.6217678801e-02   6.1921195366e-12   8.5131868874e-03   9.2090781555e-09   7.8407099132e-16   3.5530157423e-17   5.9896801458e-06   6.0992175612e-01   7.1553036919e-03   1.8029022314e-02   1.6992998159e-13   7.7140431741e-05   5.0092994102e-18   2.9007671942e-01
   3.4193333333e-03   6.2719139193e-01   4.0182819979e+02  -2.9909111555e+06   5.8463370966e-01   1.2922269063e-06   6.2298288088e-15   1.4651248372e-17   6.4260847393e-02   5.5917041172e-12   8.3757344474e-03   8.7226964444e-09   6.9512077463e-16   3.1089829106e-17   5.8935209728e-06   6.2049128477e-01   7.0292077383e-03   1.7713057453e-02   1.5795037359e-13   7.5734093758e-05   4.4552274555e-18   2.8204882166e-01
   3.4622666667e-03   6.3777635039e-01   3.9899688539e+02  -3.0394095857e+06   5.8544216756e-01   1.2684708816e-06   5.5301551078e-15   1.2103570963e-17   6.2290461236e-02   5.0280141030e-12   8.2286557254e-03   8.2508699676e-09   6.1273744832e-16   2.7041229777e-17   5.7903321687e-06   6.3121796868e-01   6.8952079567e-03   1.7377426897e-02   1.4618391967e-13   7.4248574401e-05   3.9384071117e-18   2.7390704829e-01
   3.5052000000e-03   6.4852175618e-01   3.9609113617e+02  -3.0885447962e+06   5.8635905441e-01   1.2431901093e-06   4.8819277974e-15   9.9413307862e-18   6.0306435122e-02   4.5008075625e-12   8.0718594837e-03   7.7943651109e-09   5.3684363410e-16   2.3370458177e-17   5.6800542377e-06   6.4211692559e-01   6.7532757659e-03   1.7022035017e-02   1.3469001609e-13   7.2683592914e-05   3.4594305964e-18   2.6565177283e-01
   3.5481333333e-03   6.5943335950e-01   3.9311148796e+02  -3.1383387131e+06   5.8738582415e-01   1.2163391188e-06   4.2845453197e-15   8.1169330131e-18   5.8306728920e-02   4.0095446723e-12   7.9049975604e-03   7.3535454112e-09   4.6730438254e-16   2.0061142358e-17   5.5624492201e-06   6.5318421879e-01   6.6031698912e-03   1.6646247494e-02   1.2351959800e-13   7.1036541506e-05   3.0183646615e-18   2.5727486072e-01
   3.5910666667e-03   6.7051714799e-01   3.9005850191e+02  -3.1888141761e+06   5.8852404779e-01   1.1879104776e-06   3.7371823649e-15   6.5869324688e-18   5.6291101807e-02   3.5536852945e-12   7.7279643696e-03   6.9288604654e-09   4.0396471353e-16   1.7096208412e-17   5.4374523360e-06   6.6443594737e-01   6.4448546740e-03   1.6249945436e-02   1.1272330427e-13   6.9306985775e-05   2.6149958049e-18   2.4877620079e-01
   3.6340000000e-03   6.8177935298e-01   3.8693277129e+02  -3.2399949668e+06   5.8977541012e-01   1.1578587197e-06   3.2385326360e-15   5.3115142439e-18   5.4257437828e-02   3.1324302074e-12   7.5404026875e-03   6.5203742557e-09   3.4662088814e-16   1.4456750896e-17   5.3048243988e-06   6.7586812024e-01   6.2780870122e-03   1.5832484120e-02   1.0234308276e-13   6.7492217502e-05   2.2486512101e-18   2.4014751495e-01
   3.6769333333e-03   6.9322646652e-01   3.8373492928e+02  -3.2919058748e+06   5.9114170181e-01   1.1261754733e-06   2.7870911742e-15   4.2549785178e-18   5.2205321654e-02   2.7449642426e-12   7.3421919265e-03   6.1282099583e-09   2.9505056612e-16   1.2123429829e-17   5.1644955433e-06   6.8749788360e-01   6.1028239663e-03   1.5393720435e-02   9.2419235585e-14   6.5591635695e-05   1.9184024932e-18   2.3138815883e-01
   3.7198666667e-03   7.0486524734e-01   3.8046565756e+02  -3.3445727252e+06   5.9262481325e-01   1.0928155556e-06   2.3809663877e-15   3.3852347469e-18   5.0132548862e-02   2.3902514595e-12   7.1329670754e-03   5.7521244667e-09   2.4899209051e-16   1.0075699679e-17   5.0162269546e-06   6.9932121409e-01   5.9188219803e-03   1.4933002261e-02   8.2983348739e-14   6.3602434663e-05   1.6229427158e-18   2.2248969862e-01
   3.7628000000e-03   7.1670273911e-01   3.7712569600e+02  -3.3980224496e+06   5.9422672261e-01   1.0577696859e-06   2.0181086296e-15   2.6739687618e-18   4.8038508828e-02   2.0672304955e-12   6.9125922810e-03   5.3919110662e-09   2.0816840459e-16   8.2928951811e-18   4.8599441793e-06   7.1135637538e-01   5.7260309091e-03   1.4450162054e-02   7.4064285853e-14   6.1523836066e-05   1.3607552571e-18   2.1345090690e-01
   3.8057333333e-03   7.2874627548e-01   3.7371585358e+02  -3.4522831108e+06   5.9594948544e-01   1.0209933101e-06   1.6961807059e-15   2.0961750452e-18   4.5920894176e-02   1.7746571736e-12   6.6806965907e-03   5.0470180940e-09   1.7227305183e-16   6.7537426379e-18   4.6954107892e-06   7.2359933185e-01   5.5242085084e-03   1.3944544357e-02   6.5682401353e-14   5.9352943144e-05   1.1300380905e-18   2.0426318166e-01
   3.8486666667e-03   7.4100349929e-01   3.7023702055e+02  -3.5073839776e+06   5.9779521696e-01   9.8247632871e-07   1.4127407073e-15   1.6301252643e-18   4.3778875951e-02   1.5112587679e-12   6.4371291742e-03   4.7169118427e-09   1.4098892492e-16   5.4371888077e-18   4.5225486361e-06   7.3606953548e-01   5.3132978732e-03   1.3415957992e-02   5.7854572169e-14   5.7088792750e-05   9.2884300530e-19   1.9492466115e-01
   3.8916000000e-03   7.5348236595e-01   3.6669018208e+02  -3.5633555444e+06   5.9976607546e-01   9.4217525514e-07   1.1651595110e-15   1.2569459477e-18   4.1610027758e-02   1.2756175078e-12   6.1815158299e-03   4.4007373030e-09   1.1397968753e-16   4.3221232660e-18   4.3411262804e-06   7.4876295803e-01   5.0930604025e-03   1.2863749781e-02   5.0589623922e-14   5.4728409024e-05   7.5503685060e-19   1.8542656500e-01
   3.9345333333e-03   7.6619116314e-01   3.6307643346e+02  -3.6202296080e+06   6.0186423636e-01   9.0007934222e-07   9.5076447902e-16   9.6046787005e-19   3.9413276829e-02   1.0662902715e-12   5.9136918374e-03   4.0976438990e-09   9.0904314307e-17   3.3879969787e-18   4.1510633149e-06   7.6170030550e-01   4.8634333865e-03   1.2287707154e-02   4.3892503058e-14   5.2270641665e-05   6.0641441803e-19   1.7576634527e-01
   3.9774666667e-03   7.7913851125e-01   3.5939699713e+02  -3.6780392778e+06   6.0409186689e-01   8.5614673602e-07   7.6679227680e-16   7.2685189770e-19   3.7186060355e-02   8.8172657622e-13   5.6332836349e-03   3.8064866807e-09   7.1412675779e-17   2.6146911799e-18   3.9521366881e-06   7.7487757735e-01   4.6241849743e-03   1.1687186992e-02   3.7760819564e-14   4.9712455959e-05   4.8068548444e-19   1.6593503819e-01
   4.0204000000e-03   7.9233338278e-01   3.5565324153e+02  -3.7368190521e+06   6.0645108873e-01   8.1036632454e-07   6.1049889763e-16   5.4441504806e-19   3.4927033921e-02   7.2035983915e-13   5.3401148633e-03   3.5261176902e-09   5.5156687314e-17   1.9829641950e-18   3.7442659274e-06   7.8831678768e-01   4.3752483278e-03   1.1061959645e-02   3.2188268040e-14   4.7052520054e-05   3.7556333078e-19   1.5592935948e-01
   4.0633333333e-03   8.0578509791e-01   3.5184670203e+02  -3.7966048122e+06   6.0894394066e-01   7.6269860388e-07   4.7913693676e-16   4.0330282814e-19   3.2633479350e-02   5.8055364994e-13   5.0338180490e-03   3.2551267623e-09   4.1788862111e-17   1.4744102850e-18   3.5272407650e-06   8.0201397053e-01   4.1164024156e-03   1.0411402609e-02   2.7162167701e-14   4.4287771706e-05   2.8876699466e-19   1.4574016293e-01
   4.1062666667e-03   8.1950334252e-01   3.4797910409e+02  -3.8574338949e+06   6.1157232575e-01   7.1313255219e-07   3.7003682816e-16   2.9529522216e-19   3.0303751466e-02   4.6067024541e-13   4.7142092277e-03   2.9921017823e-09   3.0970717487e-17   1.0717657006e-18   3.3009839836e-06   8.1599249578e-01   3.8475790478e-03   9.7352766459e-03   2.2666241766e-14   4.1416716105e-05   2.1808714726e-19   1.3536338640e-01
   4.1492000000e-03   8.3349815614e-01   3.4405238864e+02  -3.9193450612e+06   6.1433795776e-01   6.6163195210e-07   2.8059927439e-16   2.1356409727e-19   2.7934957570e-02   3.5903911568e-13   4.3809347304e-03   2.7354094047e-09   2.2373202106e-17   7.5891000895e-19   3.0653039076e-06   8.3024843778e-01   3.5685734708e-03   9.0329944415e-03   1.8679015048e-14   3.8436311742e-05   1.6139481224e-19   1.2478971602e-01
   4.1921333333e-03   8.4777994672e-01   3.4006873996e+02  -3.9823785593e+06   6.1724228792e-01   6.0818652381e-07   2.0835224532e-16   1.5250048252e-19   2.5525120689e-02   2.7400763998e-13   4.0338092741e-03   2.4834278526e-09   1.5682839674e-17   5.2105563907e-19   2.8201312571e-06   8.4480651882e-01   3.2793202279e-03   8.3043185688e-03   1.5176052572e-14   3.5344936203e-05   1.1668664112e-19   1.1401427803e-01
   4.2350666667e-03   8.6235946669e-01   3.3603061592e+02  -4.0465760535e+06   6.2028643024e-01   5.5276454787e-07   1.5095113789e-16   1.0750420833e-19   2.3071154987e-02   2.0392647885e-13   3.6725037166e-03   2.2343699037e-09   1.0603051954e-17   3.4475453116e-19   2.5653005687e-06   8.5966284061e-01   2.9796380838e-03   7.5487167457e-03   1.2129063057e-14   3.2139640123e-05   8.2093619946e-20   1.0302762477e-01
   4.2780000000e-03   8.7724782235e-01   3.3194078069e+02  -4.1119806724e+06   6.2347106191e-01   4.9535745434e-07   1.0621574325e-16   7.4852634446e-20   2.0570722016e-02   1.4718649884e-13   3.2968411987e-03   1.9864925709e-09   6.8583729192e-18   2.1799038548e-19   2.3007572498e-06   8.7484344311e-01   2.6694704504e-03   6.7659708294e-03   9.5076845923e-15   2.8818735926e-05   5.5908127377e-20   9.1824061199e-02
   4.3209333333e-03   8.9245643166e-01   3.2780233975e+02  -4.1786368765e+06   6.2679632257e-01   4.3593958391e-07   7.2132633778e-17   5.1551768931e-20   1.8020526292e-02   1.0221577660e-13   2.9065318216e-03   1.7379668202e-09   4.1958417255e-18   1.3016438036e-19   2.0263720060e-06   8.9034440523e-01   2.3486691589e-03   5.9556303387e-03   7.2791330622e-15   2.5379469556e-05   3.6588354806e-20   8.0394066833e-02
   4.3638666667e-03   9.0799702568e-01   3.2361877698e+02  -4.2465904848e+06   6.3026168190e-01   3.7450544948e-07   4.6876116696e-17   3.5198023842e-20   1.5417841520e-02   6.7506066957e-14   2.5014214843e-03   1.4870694841e-09   2.3874966274e-18   7.2106508014e-20   1.7421143531e-06   9.0619298463e-01   2.0171952823e-03   5.1175218659e-03   5.4096082166e-15   2.1820187792e-05   2.2769866290e-20   6.8731149541e-02
   4.4068000000e-03   9.2388157748e-01   3.1939399354e+02  -4.3158884471e+06   6.3386580881e-01   3.1103745460e-07   2.8808947629e-17   2.3869416858e-20   1.2759150655e-02   4.1616712709e-14   2.0812794754e-03   1.2321065481e-09   1.2312137227e-18   3.6025600129e-20   1.4479040958e-06   9.2238507232e-01   1.6749462192e-03   4.2513125091e-03   3.8643283425e-15   1.8138478027e-05   1.3263537358e-20   5.6825815141e-02
   4.4497333333e-03   9.4012229544e-01   3.1513234788e+02  -4.3865788523e+06   6.3760639981e-01   2.4553514768e-07   1.6486446921e-17   1.6021130780e-20   1.0041322303e-02   2.3192980836e-14   1.6459952190e-03   9.7159367266e-10   5.5161328169e-19   1.5455489612e-20   1.1437479787e-06   9.3894906330e-01   1.3219132426e-03   3.3569102591e-03   2.6086253179e-15   1.4332874598e-05   7.0539322922e-21   4.4670857568e-02
   4.4926666667e-03   9.5673153583e-01   3.1083869626e+02  -4.4587106574e+06   6.4148000876e-01   1.7799213531e-07   8.6277947404e-18   1.0399261245e-20   7.2606348857e-03   1.0972487010e-14   1.1954272467e-03   7.0424323467e-10   1.9992190446e-19   5.1658932466e-21   8.2963391765e-07   9.5588348580e-01   9.5805824100e-04   2.4341534450e-03   1.6082691877e-15   1.0401536452e-05   3.2865430168e-21   3.2257051064e-02
   4.5356000000e-03   9.7372167773e-01   3.0651843264e+02  -4.5323332793e+06   6.4548186493e-01   1.0841377389e-07   4.0120796257e-18   5.9878833841e-21   4.4134775696e-03   3.7929303892e-15   7.2952565075e-04   4.2912909820e-10   5.3162990988e-20   1.0595728339e-21   5.0561539042e-07   9.7320691113e-01   5.8341047758e-04   1.4830591655e-03   8.3053852194e-16   6.3433109880e-06   1.2429260791e-21   1.9576321229e-02
   4.5785333333e-03   9.9110512503e-01   3.0217752684e+02  -4.6074966747e+06   6.4960563071e-01   3.6809478288e-08   1.2400270368e-18   2.0075377280e-21   1.4959914773e-03   5.4437207555e-16   2.4828257876e-04   1.4576612989e-10   1.0704188770e-20   5.0316840159e-23   1.7177605688e-07   9.9093189171e-01   1.9802458688e-04   5.0371753681e-04   2.4405308561e-16   2.1572870869e-06   2.8878691484e-22   6.6201871264e-03
   4.6000000000e-03   1.0000000000e+00   3.0000000000e+02  -4.6458568819e+06   6.5169855213e-01   0.0000000000e+00   0.0000000000e+00   0.0000000000e+00   0.0000000000e+00   0.0000000000e+00   0.0000000000e+00   0.0000000000e+00   0.0000000000e+00   0.0000000000e+00   0.0000000000e+00   1.0000000000e+00   0.0000000000e+00   0.0000000000e+00   0.0000000000e+00   0.0000000000e+00   0.0000000000e+00   0.0000000000e+00