# L (m)  = 0.2
# P (Pa) = 101325
#             001_x           002_mixf              003_T              004_h        005_density             006_H2              007_H              008_O             009_O2             010_OH            011_H2O            012_HO2            013_CH2         014_CH2(S)            015_CH3            016_CH4             017_CO            018_CO2            019_HCO           020_CH2O          021_CH2OH             022_N2
                  0   0.0000000000e+00   3.0000000000e+02   1.9075768848e+03   1.1719839921e+00   0.0000000000e+00   0.0000000000e+00   0.0000000000e+00   2.3300000000e-01   0.0000000000e+00   0.0000000000e+00   0.0000000000e+00   0.0000000000e+00   0.0000000000e+00   0.0000000000e+00   0.0000000000e+00   0.0000000000e+00   0.0000000000e+00   0.0000000000e+00   0.0000000000e+00   0.0000000000e+00   7.6700000000e-01
   4.0000000000e-04   2.7449293261e-03   3.5626273255e+02  -9.1369820928e+04   9.8616287361e-01   4.9583657755e-07   6.6466177538e-19   4.6961070310e-12   2.2141571939e-01   6.2554158456e-12   4.8997582196e-03   1.8460872602e-08   2.3759368683e-23   1.4097957425e-24   7.8355975530e-14   1.1276859838e-09   1.6905077593e-06   9.4754940846e-03   1.8916069042e-21   2.3060815881e-11   6.4415661986e-27   7.6420682359e-01
   1.2000000000e-03   6.9950979282e-03   4.4443949117e+02  -2.2751593093e+05   7.8971953808e-01   1.4738157319e-06   1.1281082989e-17   8.7585172727e-12   2.0348096837e-01   8.4449469367e-12   1.2145054371e-02   5.4407961809e-08   1.0370790649e-22   6.9133933749e-24   3.0991652373e-13   6.4586748730e-09   4.8946299381e-06   2.4048609615e-02   1.7185035226e-20   1.3069470855e-10   1.0776849461e-25   7.6031893695e-01
   2.0000000000e-03   1.0701808454e-02   5.1747525940e+02  -3.4617284401e+05   6.7771688738e-01   2.7178399542e-06   4.0485920040e-17   8.7823654742e-12   1.8784334515e-01   5.8527347307e-12   1.8318927607e-02   1.0102387982e-07   1.7769204997e-22   1.2204833131e-23   8.3171956494e-13   2.5784004850e-08   8.9234093385e-06   3.6735146880e-02   6.2499607005e-20   5.4225739030e-10   2.6766952108e-24   7.5709081300e-01
   2.8000000000e-03   1.4050889084e-02   5.7986122725e+02  -4.5443940078e+05   6.0439199647e-01   4.3759428743e-06   8.1416536326e-17   6.7696335206e-12   1.7371999303e-01   3.3552241005e-12   2.3811778087e-02   1.6681334285e-07   2.4489583730e-22   1.6656105401e-23   2.0527805623e-12   8.7778066630e-08   1.4535836323e-05   4.8200009574e-02   1.7050152058e-19   1.9862411915e-09   1.2208067753e-22   7.5424904971e-01
   3.6000000000e-03   1.7144132854e-02   6.3422088903e+02  -5.5591245079e+05   5.5225880315e-01   6.5799331039e-06   1.6237659595e-16   4.4446818703e-12   1.6068306822e-01   2.4511073812e-12   2.8827324879e-02   2.6328362900e-07   4.4063106309e-22   2.9032438295e-23   5.0313177437e-12   2.6334348674e-07   2.2791006475e-05   5.8801593392e-02   4.7408062149e-19   6.5090756855e-09   2.9947745598e-21   7.5165811066e-01
   4.4000000000e-03   2.0043509863e-02   6.8227447384e+02  -6.5259889870e+05   5.1308610182e-01   9.4611939825e-06   4.9161182764e-16   2.9902333191e-12   1.4847354151e-01   3.2909760378e-12   3.3484402598e-02   4.0762050474e-07   1.5314785206e-21   9.6419562261e-23   1.2704199694e-11   7.0988575467e-07   3.5349533223e-05   6.8755133480e-02   1.8752720306e-18   1.9198449884e-08   4.5341129434e-20   7.4924097373e-01
   5.2000000000e-03   2.2789587214e-02   7.2524125957e+02  -7.4567022047e+05   4.8245041458e-01   1.3154352242e-05   2.1107765209e-15   3.2289722782e-12   1.3692397240e-01   6.9422728595e-12   3.7857160833e-02   6.2502804697e-07   8.8625433214e-21   5.2808180826e-22   3.3509921089e-11   1.7446640765e-06   5.4847699303e-05   7.8198938004e-02   1.1283326260e-17   5.1318265937e-08   4.8508403650e-19   7.4694950689e-01
   6.0000000000e-03   2.5410204463e-02   7.6402646599e+02  -8.3580669579e+05   4.5774970331e-01   1.7796840642e-05   1.0020993256e-14   6.6147323886e-12   1.2592257799e-01   1.7340593246e-11   4.1993217905e-02   9.5033857648e-07   6.4138946550e-20   3.5907367967e-21   9.2321410800e-11   3.9539582419e-06   8.5364736460e-05   8.7224565532e-02   7.8322058059e-17   1.2521190306e-07   3.9802669778e-18   7.4475144615e-01
   6.8000000000e-03   2.7924974005e-02   7.9931368581e+02  -9.2337335464e+05   4.3735378092e-01   2.3526809226e-05   4.6764739843e-14   1.7907816435e-11   1.1539510893e-01   4.5329573822e-11   4.5922779694e-02   1.4278957687e-06   5.0800777827e-19   2.6560628234e-20   2.6358680234e-10   8.3384954369e-06   1.3294888607e-04   9.5891462910e-02   5.2318071031e-16   2.8073036602e-07   2.6335582024e-17   7.4262412655e-01
   7.6000000000e-03   3.0347803094e-02   8.3161202947e+02  -1.0085179249e+06   4.2019673462e-01   3.0480428338e-05   2.0658714477e-13   5.1708761440e-11   1.0529515567e-01   1.1903365071e-10   4.9663697394e-02   2.1084988399e-06   4.1596612924e-18   2.0204029083e-19   7.7037946977e-10   1.6485154213e-05   2.0611868545e-04   1.0423404226e-01   3.1941574799e-15   5.8180910791e-07   1.4503629901e-16   7.4055132794e-01
   8.4000000000e-03   3.2688421906e-02   8.6128152065e+02  -1.0912291461e+06   4.0556295089e-01   3.8789232737e-05   8.4931140186e-13   1.4766299655e-10   9.5598594674e-02   3.1131957111e-10   5.3224645920e-02   3.0424351424e-06   3.3991440240e-17   1.5263223547e-18   2.2693492993e-09   3.0742594084e-05   3.1621891095e-04   1.1226492037e-01   1.7482751460e-14   1.1203542849e-06   6.7905587976e-16   7.3852192400e-01
   9.2000000000e-03   3.4953411233e-02   8.8854980348e+02  -1.1713741593e+06   3.9296554482e-01   4.8578023856e-05   3.2214746055e-12   4.0134847783e-10   8.6299870919e-02   8.1243729385e-10   5.6607447243e-02   4.2682999758e-06   2.7126942271e-16   1.1209883801e-17   6.6185582983e-09   5.4368410004e-05   4.7750370194e-04   1.1997645109e-01   8.4930382756e-14   2.0133627912e-06   2.7448168335e-15   7.3652948990e-01
   1.0000000000e-02   3.7146995227e-02   9.1352792204e+02  -1.2487256298e+06   3.8207188257e-01   5.9963812176e-05   1.1366953842e-11   1.0256919142e-09   7.7408821194e-02   2.0397635849e-09   5.9809023749e-02   5.7981038699e-06   2.0851356120e-15   7.8962840668e-17   1.8789685323e-08   9.1612454825e-05   7.0685554552e-04   1.2734206272e-01   3.7737267544e-13   3.3889525087e-06   9.6981790030e-15   7.3457245282e-01
   1.0800000000e-02   3.9271737045e-02   9.3622918471e+02  -1.3229854907e+06   3.7265469024e-01   7.3056329457e-05   3.7699628514e-11   2.4788417349e-09   6.8947323714e-02   4.6072602420e-09   6.2823141489e-02   7.5995096089e-06   1.4712193316e-14   5.0832476562e-16   5.1209081952e-08   1.4770792773e-04   1.0231239930e-03   1.3431844720e-01   1.5848098683e-12   5.3585121658e-06   3.0295036050e-14   7.3265418178e-01
   1.1600000000e-02   4.1329190432e-02   9.5659187287e+02  -1.3938096888e+06   3.6455833126e-01   8.7960947035e-05   1.1601936431e-10   5.5874217463e-09   6.0945574458e-02   9.2967878879e-09   6.5641936793e-02   9.5751375659e-06   8.8563838326e-14   2.7789910016e-15   1.3176357193e-07   2.2875877212e-04   1.4461593802e-03   1.4084919946e-01   6.0317640752e-12   7.9766242599e-06   8.4701589564e-14   7.3078271288e-01
   1.2400000000e-02   4.3320502746e-02   9.7450388505e+02  -1.4608359438e+06   3.5767523671e-01   1.0478532755e-04   3.2328046309e-10   1.1339131812e-08   5.3438146948e-02   1.7552757593e-08   6.8257109645e-02   1.1540558581e-05   4.4503651131e-13   1.2632850320e-14   3.1285376889e-07   3.4153728425e-04   1.9956900889e-03   1.4686990517e-01   1.9764906172e-11   1.1198409058e-05   2.1500968597e-13   7.2896974327e-01
   1.3200000000e-02   4.5246935958e-02   9.8982609965e+02  -1.5237141719e+06   3.5192992422e-01   1.2365102013e-04   7.9924538644e-10   2.0176271918e-08   4.6460222477e-02   3.1048480826e-08   7.0660679562e-02   1.3219942880e-05   1.8766947390e-12   4.8039704334e-14   6.7045265034e-07   4.9323278883e-04   2.6902161806e-03   1.5231421280e-01   5.5077169406e-11   1.4850610340e-05   5.0257499774e-13   7.2722899330e-01
   1.4000000000e-02   4.7110282141e-02   1.0024127341e+03  -1.5821372078e+06   3.4726852262e-01   1.4470811591e-04   1.7229485513e-09   3.1042397945e-08   4.0044253492e-02   4.9294925517e-08   7.2845312525e-02   1.4300831608e-05   6.4464882185e-12   1.4830679717e-13   1.2742677910e-06   6.9120288757e-04   3.5460475284e-03   1.5712014375e-01   1.2935670614e-10   1.8626116515e-05   1.0863985548e-12   7.2557404710e-01
   1.4800000000e-02   4.8913199062e-02   1.0121324541e+03  -1.6358668892e+06   3.4365062608e-01   1.6814294959e-04   3.1920341995e-09   4.0922949043e-08   3.4216857288e-02   6.7686148229e-08   7.4804586446e-02   1.4560100970e-05   1.7068111165e-11   3.5179591471e-13   2.1241236184e-06   9.4272667660e-04   4.5765136855e-03   1.6123611310e-01   2.5159367002e-10   2.2094742221e-05   2.1326774750e-12   7.2401617003e-01
   1.5600000000e-02   5.0659527093e-02   1.0188985558e+03  -1.6847521298e+06   3.4103953801e-01   1.9416240486e-04   5.0482144128e-09   4.6168074419e-08   2.8995226294e-02   7.9161293872e-08   7.6533866596e-02   1.3979728239e-05   3.3487640907e-11   6.1742845135e-13   3.0996266298e-06   1.2546260455e-03   5.7912872720e-03   1.6462646332e-01   3.9971111245e-10   2.4746993226e-05   3.6632906036e-12   7.2256240970e-01
   1.6400000000e-02   5.2354568726e-02   1.0227099520e+03  -1.7287365365e+06   3.3938954913e-01   2.2295059581e-04   6.8893522826e-09   4.5280538535e-08   2.4382920923e-02   7.9954681279e-08   7.8032083820e-02   1.2744488003e-05   5.0464164974e-11   8.3103676722e-13   3.9912849760e-06   1.6326129317e-03   7.1957869523e-03   1.6727623578e-01   5.2507062186e-10   2.6133138049e-05   5.4188311138e-12   7.2121440856e-01
   1.7200000000e-02   5.4005160511e-02   1.0236859027e+03  -1.7678563887e+06   3.3863479526e-01   2.5462162954e-04   8.2860927808e-09   3.9467992254e-08   2.0366669423e-02   7.1203023458e-08   7.9303492956e-02   1.1135301064e-05   6.0445773827e-11   8.8846198018e-13   4.6052724117e-06   2.0805554026e-03   8.7906989997e-03   1.6919407602e-01   5.8523929664e-10   2.6062205031e-05   6.9263520774e-12   7.1996796198e-01
   1.8000000000e-02   5.5619389868e-02   1.0220723422e+03  -1.8022327010e+06   3.3868564123e-01   2.8919719088e-04   8.9962484661e-09   3.1257523316e-08   1.6916281135e-02   5.7309030531e-08   8.0358140701e-02   9.4131538521e-06   5.9898938512e-11   7.8607168731e-13   4.8479516761e-06   2.6001156725e-03   1.0571703848e-02   1.7041207870e-01   5.7284044117e-10   2.4688284436e-05   7.7979719864e-12   7.1881343638e-01
   1.8800000000e-02   5.7206021765e-02   1.0182170504e+03  -1.8320598770e+06   3.3943298678e-01   3.2661429778e-04   9.0138423940e-09   2.2930192538e-08   1.3987867867e-02   4.2683492233e-08   8.1210812584e-02   7.7598498027e-06   5.1096005551e-11   5.9942871047e-13   4.7394582544e-06   3.1909322856e-03   1.2529514148e-02   1.7098244458e-01   5.1066189813e-10   2.2410986795e-05   7.9352152397e-12   7.1773682753e-01
   1.9600000000e-02   5.8773842508e-02   1.0125287091e+03  -1.8575915088e+06   3.4075637727e-01   3.6674904138e-04   8.4900608921e-09   1.5833877137e-08   1.1528736322e-02   3.0017539503e-08   8.1879269711e-02   6.2747373661e-06   3.8851200698e-11   4.0831251154e-13   4.3732889723e-06   3.8511277690e-03   1.4650317888e-02   1.7097206012e-01   4.2896957865e-10   1.9690199207e-05   7.4856245806e-12   7.1672134735e-01
   2.0400000000e-02   6.0331098111e-02   1.0054358959e+03  -1.8791242149e+06   3.4253204864e-01   4.0944106981e-04   7.6312490266e-09   1.0435012114e-08   9.4822183180e-03   2.0271108324e-08   8.2382591232e-02   4.9972756774e-06   2.7123472049e-11   2.5613832990e-13   3.8638221180e-06   4.5778500831e-03   1.6916600837e-02   1.7045637216e-01   3.4973919247e-10   1.6903073064e-05   6.6901210419e-12   7.1574912215e-01
   2.1200000000e-02   6.1885107644e-02   9.9735425683e+02  -1.8969811161e+06   3.4463930983e-01   4.5451121612e-04   6.6272603758e-09   6.6448481256e-09   7.7915658062e-03   1.3331595663e-08   8.2739987645e-02   3.9313333009e-06   1.7826990513e-11   1.5184250452e-13   3.3092180245e-06   5.3677073476e-03   1.9308202712e-02   1.6951366667e-01   2.8337329602e-10   1.4290333378e-05   5.7639624757e-12   7.1480280203e-01
   2.2000000000e-02   6.3442057951e-02   9.8866360793e+02  -1.9114972818e+06   3.4696520955e-01   5.0177106077e-04   5.6179368028e-09   4.1341386982e-09   6.4027443839e-03   8.6396598914e-09   8.2970052406e-02   3.0621880770e-06   1.1263274336e-11   8.6917757591e-14   2.7761286196e-06   6.2170875284e-03   2.1803422381e-02   1.6822036347e-01   2.3204603769e-10   1.1969267794e-05   4.8507706628e-12   7.1386673134e-01
   2.2800000000e-02   6.5006950472e-02   9.7969388994e+02  -1.9230075572e+06   3.4940787110e-01   5.5102662378e-04   4.6879174368e-09   2.5374897603e-09   5.2662627807e-03   5.5705708492e-09   8.3090315461e-02   2.3664881791e-06   6.9576524792e-12   4.8890112409e-14   2.3004176277e-06   7.1223992606e-03   2.4380032164e-02   1.6664763277e-01   1.9393577480e-10   9.9727977334e-06   4.0258476084e-12   7.1292767944e-01
   2.3600000000e-02   6.6583660156e-02   9.7071787291e+02  -1.9318393801e+06   3.5187892952e-01   6.0207906329e-04   3.8767409309e-09   1.5489448564e-09   4.3382216193e-03   3.6006505366e-09   8.3116954866e-02   1.8178858525e-06   4.2581813750e-12   2.7394627439e-14   1.8952077896e-06   8.0802586571e-03   2.7016117357e-02   1.6485932445e-01   1.6604764331e-10   8.2872031958e-06   3.3171688007e-12   7.1197503329e-01
   2.4400000000e-02   6.8175066929e-02   9.6194949423e+02  -1.9383077255e+06   3.5430502151e-01   6.5472480291e-04   3.1936500391e-09   9.4624318858e-10   3.5807404062e-03   2.3464090106e-09   8.3064610602e-02   1.3903536036e-06   2.6076549925e-12   1.5447665673e-14   1.5598807096e-06   9.0876295952e-03   2.9690712967e-02   1.6291107350e-01   1.4555069947e-10   6.8784325732e-06   2.7259265233e-12   7.1100067403e-01
   2.5200000000e-02   6.9783224845e-02   9.5354651593e+02  -1.9427123785e+06   3.5662831382e-01   7.0875628447e-04   2.6308614482e-09   5.8114845823e-10   2.9618979424e-03   1.5477736933e-09   8.2946268741e-02   1.0601306465e-06   1.6091857774e-12   8.8295654522e-15   1.2870662594e-06   1.0141913800e-02   3.2384235808e-02   1.6085028470e-01   1.3020654883e-10   5.7071049168e-06   2.2408220131e-12   7.0999858233e-01
   2.6000000000e-02   7.1409540614e-02   9.4561629259e+02  -1.9453363687e+06   3.5880607645e-01   7.6396379400e-04   2.1730031367e-09   3.5993653641e-10   2.4553191511e-03   1.0361874979e-09   8.2773231353e-02   8.0670099941e-07   1.0054613981e-12   5.1401370749e-15   1.0670673313e-06   1.1240990737e-02   3.5078739103e-02   1.5871671358e-01   1.1838716121e-10   4.7356510754e-06   1.8463263488e-12   7.0896443037e-01
   2.6800000000e-02   7.3054940728e-02   9.3822343049e+02  -1.9464448785e+06   3.6080942584e-01   8.2013806649e-04   1.8027964029e-09   2.2523659755e-10   2.0395399796e-03   7.0515672384e-10   8.2555160698e-02   6.1306471187e-07   6.3803749717e-13   3.0566694970e-15   8.9023630181e-07   1.2383211098e-02   3.7758021132e-02   1.5654333459e-01   1.0895914138e-10   3.9309591740e-06   1.5268048975e-12   7.0789515613e-01
   2.7600000000e-02   7.4720014340e-02   9.3139818093e+02  -1.9462843023e+06   3.6262147738e-01   8.7707335430e-04   1.5039714787e-09   1.4254784840e-10   1.6972732223e-03   4.8821018592e-10   8.2300200570e-02   4.6555104099e-07   4.1192894064e-13   1.8597647628e-15   7.4803063916e-07   1.3567356186e-02   4.0407633314e-02   1.5435730365e-01   1.0115322944e-10   3.2648385254e-06   1.2682548931e-12   7.0678868025e-01
   2.8400000000e-02   7.6405126404e-02   9.2514461315e+02  -1.9450814310e+06   3.6423519756e-01   9.3457041739e-04   1.2624622210e-09   9.1276229903e-11   1.4146734452e-03   3.4397850870e-10   8.2015141379e-02   3.5339405827e-07   2.7082867944e-13   1.1585060273e-15   6.3333231202e-07   1.4792574988e-02   4.3014820702e-02   1.5218085375e-01   9.4456906501e-11   2.7136188573e-06   1.0588257580e-12   7.0564366198e-01
   2.9200000000e-02   7.8110501300e-02   9.1944791049e+02  -1.9430428829e+06   3.6565122580e-01   9.9243922465e-04   1.0666658989e-09   5.9131982264e-11   1.1806676396e-03   2.4662670235e-10   8.1705616336e-02   2.6823223210e-07   1.8139444408e-13   7.3892745237e-16   5.4040940797e-07   1.6058313412e-02   4.5568431010e-02   1.5003208386e-01   8.8535199008e-11   2.2575243884e-06   8.8878844908e-13   7.0445938209e-01
   3.0000000000e-02   7.9836280801e-02   9.1428045004e+02  -1.9403549181e+06   3.6687586596e-01   1.0505010304e-03   9.0726382136e-10   3.8747329292e-11   9.8638502010e-04   1.7989669126e-10   8.1376292633e-02   2.0362787687e-07   1.2377346854e-13   4.8243825265e-16   4.6473390516e-07   1.7364243386e-02   4.8058807052e-02   1.4792560414e-01   8.3174622794e-11   1.8800733348e-06   7.5029263799e-13   7.0323561590e-01
   3.0800000000e-02   8.1582561803e-02   9.0960659084e+02  -1.9371837041e+06   3.6791936190e-01   1.1085898773e-03   7.7688013454e-10   2.5671088194e-11   8.2469387445e-04   1.3345001357e-10   8.1031053028e-02   1.5465070563e-07   8.6029261264e-14   3.2225887917e-16   4.0276434836e-07   1.8710200000e-02   5.0477680929e-02   1.4587307593e-01   7.8243915193e-11   1.5675671818e-06   6.3706871280e-13   7.0197258156e-01
   3.1600000000e-02   8.3349419244e-02   9.0538627357e+02  -1.9336760127e+06   3.6879449564e-01   1.1665533842e-03   6.6971687690e-10   1.7188228192e-11   6.8983632797e-04   1.0063246128e-10   8.0673145744e-02   1.1753706149e-07   6.0895902337e-14   2.2011045188e-16   3.5174199980e-07   2.0096127035e-02   5.2818068452e-02   1.4388364704e-01   7.3666449252e-11   1.3086622628e-06   5.4413998368e-13   7.0067084202e-01
   3.2400000000e-02   8.5136918830e-02   9.0157762430e+02  -1.9299602608e+06   3.6951549493e-01   1.2242530409e-03   5.8122503014e-10   1.1625073009e-11   5.7714458889e-04   7.7105047316e-11   8.0305312297e-02   8.9420005699e-08   4.3889005099e-14   1.5363579945e-16   3.0951803461e-07   2.1522033819e-02   5.5074172337e-02   1.4196432731e-01   6.9400807841e-11   1.0940023839e-06   4.6756885263e-13   6.9933126413e-01
   3.3200000000e-02   8.6945123038e-02   8.9813877715e+02  -1.9261477788e+06   3.7009720910e-01   1.2815639490e-03   5.0783043757e-10   7.9384565427e-12   4.8282069090e-04   6.0000236539e-11   7.9929882602e-02   6.8119197261e-08   3.2200383417e-14   1.0952571057e-16   2.7441442450e-07   2.2987959686e-02   5.7241286278e-02   1.4012029857e-01   6.5427149871e-11   9.1589659957e-07   4.0424263806e-13   6.9795492796e-01
   3.4000000000e-02   8.8774092834e-02   8.9502911086e+02  -1.9223341930e+06   3.7055450427e-01   1.3383742969e-03   4.4671490109e-10   5.4709481888e-12   4.0376432573e-04   4.7397201745e-11   7.9548853870e-02   5.1978756034e-08   2.4045382611e-14   7.9705705802e-17   2.4511514915e-07   2.4493947584e-02   5.9315707127e-02   1.3835519178e-01   6.1737785137e-11   7.6803547601e-07   3.5169783866e-13   6.9654309652e-01
   3.4800000000e-02   9.0623886747e-02   8.9221005821e+02  -1.9186008316e+06   3.7090183112e-01   1.3945844991e-03   3.9564521770e-10   3.8036630918e-12   3.3743668863e-04   3.7991962750e-11   7.9163945831e-02   3.9742674258e-08   1.8273071622e-14   5.9185374396e-17   2.2058238818e-07   2.6040022188e-02   6.1294646584e-02   1.3667131635e-01   5.8330815647e-11   6.4524404960e-07   3.0797878349e-13   6.9509714061e-01
   3.5600000000e-02   9.2494558365e-02   8.8964560762e+02  -1.9150160952e+06   3.7115292642e-01   1.4501062894e-03   3.5284130183e-10   2.6668511482e-12   2.8175181206e-04   3.0887614585e-11   7.8776648903e-02   3.0459328769e-08   1.4130457521e-14   4.4824355865e-17   1.9999247204e-07   2.7626174715e-02   6.3176151008e-02   1.3506986786e-01   5.5206016480e-11   5.4327140493e-07   2.7152587785e-13   6.9361852644e-01
   3.6400000000e-02   9.4386153003e-02   8.8730258381e+02  -1.9116367561e+06   3.7132061727e-01   1.5048616512e-03   3.1687495475e-10   1.8850081396e-12   2.3498930074e-04   2.5459304656e-11   7.8388256669e-02   2.3408438235e-08   1.1117948685e-14   3.4611851507e-17   1.8268703150e-07   2.9252349890e-02   6.4959020768e-02   1.3355109687e-01   5.2362313676e-11   4.5861554962e-07   2.4108840683e-13   6.9210875856e-01
   3.7200000000e-02   9.6298704053e-02   8.8515076901e+02  -1.9085091738e+06   3.7141670453e-01   1.5587818540e-03   2.8659234888e-10   1.3428202737e-12   1.9572424546e-04   2.1266267988e-11   7.7999897305e-02   1.8045307420e-08   8.8995504923e-15   2.7238657861e-17   1.6813576527e-07   3.0918438198e-02   6.6642738641e-02   1.3211446324e-01   4.9796391819e-11   3.8838085809e-07   2.1565723710e-13   6.9056938278e-01
   3.8000000000e-02   9.8232229384e-02   8.8316290945e+02  -1.9056704217e+06   3.7145190660e-01   1.6118064232e-03   2.6105461898e-10   9.6380992747e-13   1.6277105512e-04   1.7993824158e-11   7.7612553693e-02   1.3958345604e-08   7.2463114989e-15   2.1838624573e-17   1.5590800334e-07   3.2624268845e-02   6.8227398044e-02   1.3075875897e-01   4.7502069316e-11   3.3016384069e-07   1.9441315719e-13   6.8900194143e-01
   3.8800000000e-02   1.0018672809e-01   8.8131463981e+02  -1.9031493310e+06   3.7143584913e-01   1.6638822959e-03   2.3949232045e-10   6.9680560103e-13   1.3513867620e-04   1.5414680256e-11   7.7227085366e-02   1.0836757064e-08   6.0002367634e-15   1.7829884258e-17   1.4565097883e-07   3.4369607307e-02   6.9713640873e-02   1.2948222325e-01   4.5470192394e-11   2.8196256242e-07   1.7668729667e-13   6.8740798467e-01
   3.9600000000e-02   1.0216217771e-01   8.7958435072e+02  -1.9009674527e+06   3.7137708840e-01   1.7149629448e-03   2.2127042365e-10   5.0728120211e-13   1.1199500997e-04   1.3362812746e-11   7.6844241195e-02   8.4459983632e-09   5.0509610630e-15   1.4815788274e-17   1.3707318393e-07   3.6154152549e-02   7.1102594837e-02   1.2828263259e-01   4.3688855004e-11   2.4210495979e-07   1.6193064031e-13   6.8578903179e-01
   4.0400000000e-02   1.0415853213e-01   8.7795301861e+02  -1.8991399465e+06   3.7128315900e-01   1.7650077160e-03   2.0586137780e-10   3.7175713571e-13   9.2638716155e-05   1.1715642667e-11   7.6464675250e-02   6.6091560693e-09   4.3204805371e-15   1.2522144086e-17   1.2993162646e-07   3.7977538419e-02   7.2395820264e-02   1.2715738849e-01   4.2143819672e-11   2.0919194214e-07   1.4969034399e-13   6.8414658633e-01
   4.1200000000e-02   1.0617572007e-01   8.7640401284e+02  -1.8976763968e+06   3.7116063749e-01   1.8139811312e-03   1.9282428871e-10   2.7414602960e-13   7.6476823027e-05   1.0381735536e-11   7.6088954547e-02   5.1928267395e-09   3.7530358181e-15   1.0756859363e-17   1.2402204464e-07   3.9839333853e-02   7.3595255582e-02   1.2610358511e-01   4.0819037422e-11   1.8205178742e-07   1.3959105718e-13   6.8248210027e-01
   4.2000000000e-02   1.0821364431e-01   8.7492289194e+02  -1.8965815627e+06   3.7101521608e-01   1.8618524039e-03   1.8178877816e-10   2.0334606979e-13   6.3006873581e-05   9.2922243850e-12   7.5717570773e-02   4.0964205656e-09   3.3083299036e-15   9.3836258502e-18   1.1917139864e-07   4.1739046955e-02   7.4703171787e-02   1.2511807802e-01   3.9697206008e-11   1.5970318213e-07   1.3131998793e-13   6.8079699117e-01
   4.2800000000e-02   1.1027218148e-01   8.7349719738e+02  -1.8958560624e+06   3.7085178117e-01   1.9085948990e-03   1.7244237043e-10   1.5164245357e-13   5.1802553315e-05   8.3947651868e-12   7.5350944731e-02   3.2440657338e-09   2.9569294740e-15   8.3045239216e-18   1.1523207794e-07   4.3676127132e-02   7.5722124695e-02   1.2419753608e-01   3.8760312432e-11   1.4132485036e-07   1.2461478679e-13   6.7909260872e-01
   4.3600000000e-02   1.1235118247e-01   8.7211625140e+02  -1.8954969975e+06   3.7067449309e-01   1.9541857967e-03   1.6452058039e-10   1.1363725843e-13   4.2501999854e-05   7.6492345656e-12   7.4989435360e-02   2.5784897531e-09   2.6771133545e-15   7.4483763444e-18   1.1207742851e-07   4.5649970946e-02   7.6654915717e-02   1.2333849644e-01   3.7990134078e-11   1.2623032307e-07   1.1925367654e-13   6.7737025382e-01
   4.4400000000e-02   1.1445047333e-01   8.7077096325e+02  -1.8954985174e+06   3.7048686443e-01   1.9986056746e-03   1.5779902517e-10   8.5527816756e-14   3.4798163690e-05   7.0246356802e-12   7.4633342122e-02   2.0564018381e-09   2.4526900867e-15   6.7628543541e-18   1.0959826160e-07   4.7659925359e-02   7.7504549718e-02   1.2253740464e-01   3.7368672429e-11   1.1384675201e-07   1.1504743079e-13   6.7563114745e-01
   4.5200000000e-02   1.1656985653e-01   8.6945364648e+02  -1.8958523306e+06   3.7029183499e-01   2.0418382830e-03   1.5208709603e-10   6.4616856786e-14   2.8430766244e-05   6.4968518378e-12   7.4282912385e-02   1.6450150035e-09   2.2714721560e-15   6.2090657279e-18   1.0770011795e-07   4.9705294652e-02   7.8274201087e-02   1.2179065891e-01   3.6878515016e-11   1.0369701560e-07   1.1183298072e-13   6.7387645186e-01
   4.6000000000e-02   1.1870911269e-01   8.6815784923e+02  -1.8965481626e+06   3.7009184227e-01   2.0838702149e-03   1.4722279765e-10   4.8977887252e-14   2.3179507715e-05   6.0469986197e-12   7.3938342643e-02   1.3194314280e-09   2.1241990515e-15   5.7578025666e-18   1.0630108452e-07   5.1785344173e-02   7.8967176431e-02   1.2109464078e-01   3.6503116762e-11   9.5384524564e-08   1.0946845135e-13   6.7210724189e-01
   4.6800000000e-02   1.2086800248e-01   8.6687819802e+02  -1.8975741669e+06   3.6988888673e-01   2.1246907623e-03   1.4306850542e-10   3.7225291140e-14   1.8858282182e-05   5.6602041213e-12   7.3599784972e-02   1.0606809113e-09   2.0037706083e-15   5.3869130055e-18   1.0533004043e-07   5.3899307816e-02   7.9586885343e-02   1.2044575075e-01   3.6227008881e-11   8.8580311920e-08   1.0782946673e-13   6.7032452810e-01
   4.7600000000e-02   1.2304626880e-01   8.6561025537e+02  -1.8989172908e+06   3.6968459156e-01   2.1642916473e-03   1.3950741488e-10   2.8355453675e-14   1.5310213000e-05   5.3246966776e-12   7.3267347646e-02   8.5425162104e-10   1.9046962204e-15   5.0794406369e-18   1.0472521151e-07   5.6046391841e-02   8.0136807486e-02   1.1984043091e-01   3.6035935883e-11   8.3012050227e-08   1.0680649819e-13   6.6852923032e-01
   4.8400000000e-02   1.2524363910e-01   8.6435039085e+02  -1.9005635996e+06   3.6948025687e-01   2.2026669345e-03   1.3644055597e-10   2.1636360309e-14   1.2403377186e-05   5.0311169230e-12   7.2941101082e-02   6.8899120999e-10   1.8226959715e-15   4.8222948224e-18   1.0443297217e-07   5.8225782549e-02   8.0620467730e-02   1.1927519327e-01   3.5916934696e-11   7.8454734389e-08   1.0630303081e-13   6.6672220247e-01
   4.9200000000e-02   1.2745982778e-01   8.6309566520e+02  -1.9024985628e+06   3.6927690837e-01   2.2398128046e-03   1.3378424010e-10   1.6530428298e-14   1.0027112589e-05   4.7719937067e-12   7.2621078143e-02   5.5628542340e-10   1.7544090397e-15   4.6052903112e-18   1.0440682224e-07   6.0436649848e-02   8.1041407422e-02   1.1874663570e-01   3.5858360022e-11   7.4722784083e-08   1.0623427820e-13   6.6490420795e-01
   5.0000000000e-02   1.2969453869e-01   8.6184372655e+02  -1.9047073048e+06   3.6907534086e-01   2.2757275057e-03   1.3146787905e-10   1.2640246692e-14   8.0888295764e-06   4.5413420996e-12   7.2307279779e-02   4.4944425916e-10   1.6971788479e-15   4.4204472022e-18   1.0460651354e-07   6.2678154863e-02   8.1403163703e-02   1.1825146389e-01   3.5849871188e-11   7.1663380050e-08   1.0652622840e-13   6.6307594570e-01
   5.0800000000e-02   1.3194746763e-01   8.6059271828e+02  -1.9071748237e+06   3.6887615677e-01   2.3104111551e-03   1.2943209389e-10   9.6701799623e-15   6.5112593309e-06   4.3343520422e-12   7.1999675146e-02   3.6324278193e-10   1.6488930980e-15   4.2614749307e-18   1.0499728119e-07   6.4949453010e-02   8.1709244851e-02   1.1778650157e-01   3.5882384498e-11   6.9150849538e-08   1.0711481947e-13   6.6123802717e-01
   5.1600000000e-02   1.3421830481e-01   8.5934119735e+02  -1.9098861797e+06   3.6867980011e-01   2.3438657180e-03   1.2762708746e-10   7.3990183242e-15   5.2300852151e-06   4.1471460660e-12   7.1698207024e-02   2.9357711167e-10   1.6078637458e-15   4.1233885182e-18   1.0554917392e-07   6.7249701338e-02   8.1963113662e-02   1.1734870706e-01   3.5948005056e-11   6.7081961475e-08   1.0794513847e-13   6.5939100319e-01
   5.2400000000e-02   1.3650673731e-01   8.5808806254e+02  -1.9128266564e+06   3.6848658614e-01   2.3760948280e-03   1.2601122435e-10   5.6603590027e-15   4.1919081912e-06   3.9765890492e-12   7.1402791785e-02   2.3720595394e-10   1.5727358762e-15   4.0022197231e-18   1.0623645299e-07   6.9578060937e-02   8.2168166768e-02   1.1693517853e-01   3.6039940179e-11   6.5371988248e-08   1.0897056776e-13   6.5753534208e-01
   5.3200000000e-02   1.3881245138e-01   8.5683249162e+02  -1.9159818971e+06   3.6829672717e-01   2.4071037850e-03   1.2454980897e-10   4.3284326268e-15   3.3525055831e-06   3.8201385570e-12   7.1113324608e-02   1.9155574546e-10   1.5424180387e-15   3.8947978984e-18   1.0703706400e-07   7.1933703865e-02   8.2327721971e-02   1.1654316591e-01   3.6152406069e-11   6.3951429041e-08   1.1015188408e-13   6.5567145716e-01
   5.4000000000e-02   1.4113513474e-01   8.5557388674e+02  -1.9193380183e+06   3.6811035481e-01   2.4368993868e-03   1.2321401885e-10   3.3077870935e-15   2.6753451474e-06   3.6757260895e-12   7.0829679284e-02   1.5457305510e-10   1.5160282924e-15   3.7985816098e-18   1.0793215831e-07   7.4315814762e-02   8.2445001413e-02   1.1617007198e-01   3.6280527540e-11   6.2763283933e-08   1.1145631554e-13   6.5379968567e-01
   5.4800000000e-02   1.4347447868e-01   8.5431182721e+02  -1.9228817013e+06   3.6792753900e-01   2.4654899404e-03   1.2197999198e-10   2.5257244887e-15   2.1303220405e-06   3.5416629989e-12   7.0551713218e-02   1.2461221169e-10   1.4928522194e-15   3.7115285222e-18   1.0890567320e-07   7.6723597258e-02   8.2523122693e-02   1.1581346024e-01   3.6420240155e-11   6.1760801443e-08   1.1285660789e-13   6.5192031653e-01
   5.5600000000e-02   1.4583018007e-01   8.5304602916e+02  -1.9266002664e+06   3.6774830411e-01   2.4928851007e-03   1.2082803224e-10   1.9267158148e-15   1.6926885288e-06   3.4165652877e-12   7.0279267060e-02   1.0034920211e-10   1.4723097925e-15   3.6319935421e-18   1.0994395035e-07   7.9156274714e-02   8.2565085727e-02   1.1547105251e-01   3.6568192458e-11   6.0905614842e-08   1.1433012013e-13   6.5003356995e-01
   5.6400000000e-02   1.4820194316e-01   8.5177631111e+02  -1.9304817281e+06   3.6757264254e-01   2.5190958902e-03   1.1974193623e-10   1.4682482624e-15   1.3421505630e-06   3.2992938216e-12   7.0012169460e-02   8.0715259494e-11   1.4539292101e-15   3.5586489317e-18   1.1103540427e-07   8.1613096055e-02   8.2573767434e-02   1.1514073346e-01   3.6721655812e-11   6.0166212332e-08   1.1585799550e-13   6.4813962526e-01
   5.7200000000e-02   1.5058948135e-01   8.5050256507e+02  -1.9345148357e+06   3.6740052585e-01   2.5441345409e-03   1.1870840955e-10   1.1177173028e-15   1.0621074960e-06   3.1889063067e-12   6.9750236509e-02   6.4845196281e-11   1.4373259206e-15   3.4904208166e-18   1.1217022124e-07   8.4093335592e-02   8.2551912031e-02   1.1482054527e-01   3.6878437917e-11   5.9516677218e-08   1.1742441077e-13   6.4623860090e-01
   5.8000000000e-02   1.5299251860e-01   8.4922473250e+02  -1.9386890993e+06   3.6723191396e-01   2.5680145199e-03   1.1771657853e-10   8.5008720704e-16   8.3901464150e-07   3.0846190907e-12   6.9493276234e-02   5.2036756336e-11   1.4221858923e-15   3.4264388955e-18   1.1334010137e-07   8.6596298274e-02   8.2502128999e-02   1.1450868946e-01   3.7036806280e-11   5.8935660795e-08   1.1901593289e-13   6.4433058215e-01
   5.8800000000e-02   1.5541079086e-01   8.4794278459e+02  -1.9429948039e+06   3.6706676247e-01   2.5907503722e-03   1.1675757036e-10   6.4612046177e-16   6.6185038249e-07   2.9857763710e-12   6.9241087833e-02   4.1717970016e-11   1.4082520443e-15   3.3659960413e-18   1.1453802478e-07   8.9121318585e-02   8.2426886512e-02   1.1420351915e-01   3.7195417177e-11   5.8405540097e-08   1.2062102785e-13   6.4241560142e-01
   5.9600000000e-02   1.5784404723e-01   8.4665670628e+02  -1.9474230120e+06   3.6690502843e-01   2.6123577493e-03   1.1582435470e-10   4.9103466275e-16   5.2167228024e-07   2.8918265037e-12   6.8993465893e-02   3.3419786785e-11   1.3953139630e-15   3.3085174449e-18   1.1575804060e-07   9.1667765233e-02   8.2328512324e-02   1.1390353877e-01   3.7353319237e-11   5.7911736638e-08   1.2223110022e-13   6.4049366564e-01
   6.0933333333e-02   1.6192395869e-01   8.4450632729e+02  -1.9550039875e+06   3.6664248452e-01   2.6465081686e-03   1.1433892477e-10   2.9959351376e-16   3.3763249079e-07   2.7448532062e-12   6.8587939945e-02   2.2304807337e-11   1.3754292189e-15   3.2179297342e-18   1.1781681486e-07   9.5946475349e-02   8.2129620074e-02   1.1341006527e-01   3.7626172467e-11   5.7129139196e-08   1.2496224498e-13   6.3727887580e-01
   6.2800000000e-02   1.6771423865e-01   8.4147334427e+02  -1.9661573184e+06   3.6629100648e-01   2.6884371822e-03   1.1227278101e-10   1.5467169779e-16   1.8891824522e-07   2.5565313832e-12   6.8042081457e-02   1.3008393073e-11   1.3504085331e-15   3.0999201668e-18   1.2076010439e-07   1.0204504869e-01   8.1755730790e-02   1.1272886229e-01   3.7978372458e-11   5.6074005511e-08   1.2860213930e-13   6.3273947630e-01
   6.4666666667e-02   1.7358046780e-01   8.3841704140e+02  -1.9777922979e+06   3.6595754183e-01   2.7247202073e-03   1.1023677052e-10   7.8974772043e-17   1.0423924606e-07   2.3852309261e-12   6.7515262992e-02   7.4948446271e-12   1.3274387016e-15   2.9890376429e-18   1.2372153569e-07   1.0824580213e-01   8.1308180912e-02   1.1204580841e-01   3.8316242154e-11   5.4974406109e-08   1.3204598990e-13   6.2815993963e-01
   6.6533333333e-02   1.7952080878e-01   8.3533573227e+02  -1.9898550329e+06   3.6564250753e-01   2.7556247799e-03   1.0820718055e-10   3.9872814738e-17   5.6696082724e-08   2.2282024463e-12   6.7004806280e-02   4.2613065537e-12   1.3056713080e-15   2.8830902546e-18   1.2667237192e-07   1.1454369160e-01   8.0804869940e-02   1.1135246392e-01   3.8640202761e-11   5.3773089897e-08   1.3520399082e-13   6.2353830879e-01
   6.8400000000e-02   1.8553392735e-01   8.3222694732e+02  -2.0023078303e+06   3.6534667685e-01   2.7814338421e-03   1.0616854031e-10   1.9914741880e-17   3.0388073733e-08   2.0833146329e-12   6.6508133945e-02   2.3893323503e-12   1.2844786632e-15   2.7805094109e-18   1.2958932229e-07   1.2093468023e-01   8.0260150477e-02   1.1064308117e-01   3.8951857871e-11   5.2431942166e-08   1.3798751362e-13   6.1887230519e-01
   7.0266666667e-02   1.9161897655e-01   8.2908755789e+02  -2.0151263107e+06   3.6507109698e-01   2.8024415336e-03   1.0411021966e-10   9.8554498295e-18   1.6046456673e-08   1.9488657989e-12   6.6022812642e-02   1.3206111826e-12   1.2633639732e-15   2.6801109163e-18   1.3245172187e-07   1.2741567905e-01   7.9685251210e-02   1.0991408753e-01   3.9253166069e-11   5.0927177621e-08   1.4031083104e-13   6.1415953104e-01
   7.2133333333e-02   1.9777556789e-01   8.2591395480e+02  -2.0282966275e+06   3.6481699389e-01   2.8189486209e-03   1.0202432508e-10   4.8504786450e-18   8.3468460864e-09   1.8234679832e-12   6.5546571519e-02   7.1932539105e-13   1.2419087479e-15   2.5809591978e-18   1.3523967424e-07   1.3398445126e-01   7.9088713691e-02   1.0916358767e-01   3.9545902040e-11   4.9246769592e-08   1.4209402327e-13   6.0939753170e-01
   7.4000000000e-02   2.0400373378e-01   8.2270223855e+02  -2.0418129447e+06   3.6458568180e-01   2.8312585648e-03   9.9904481471e-11   2.3919968663e-18   4.2769919486e-09   1.7059738844e-12   6.5077320613e-02   3.8609870006e-13   1.2197434986e-15   2.4822933734e-18   1.3793287617e-07   1.4063952724e-01   7.8476840587e-02   1.0839093850e-01   3.9831340564e-11   4.7389097944e-08   1.4326704894e-13   6.0458392731e-01
   7.5866666667e-02   2.1030388459e-01   8.1944839516e+02  -2.0556752639e+06   3.6437848642e-01   2.8396733772e-03   9.7745124268e-11   1.1987238250e-18   2.1594268316e-09   1.5954282198e-12   6.4613149588e-02   2.0425985805e-13   1.1965322572e-15   2.3834884130e-18   1.4050986105e-07   1.4738009616e-01   7.7854106924e-02   1.0759636934e-01   4.0110072581e-11   4.5362112861e-08   1.4377426299e-13   5.9971641390e-01
   7.7733333333e-02   2.1667676385e-01   8.1614844212e+02  -2.0698876358e+06   3.6419668745e-01   2.8444902652e-03   9.5541126081e-11   6.2510353825e-19   1.0750457034e-09   1.4910339654e-12   6.4152330623e-02   1.0657938287e-13   1.1719658444e-15   2.2840368722e-18   1.4294756039e-07   1.5420592250e-01   7.7223545414e-02   1.0678068580e-01   4.0381914478e-11   4.3182582647e-08   1.4357885592e-13   5.9479284058e-01
   7.9600000000e-02   2.2312340383e-01   8.1279853906e+02  -2.0844567537e+06   3.6404148036e-01   2.8459981926e-03   9.3287600333e-11   3.5059485397e-19   5.2854647118e-10   1.3921271723e-12   6.3693305914e-02   5.4935543579e-14   1.1457602544e-15   2.1835414706e-18   1.4522104964e-07   1.6111724620e-01   7.6587071327e-02   1.0594501962e-01   4.0645863417e-11   4.0875134538e-08   1.4266664957e-13   5.8981116948e-01
   8.1466666667e-02   2.2964508371e-01   8.0939506229e+02  -2.0993908990e+06   3.6391395680e-01   2.8444753273e-03   9.0979843581e-11   2.1842558548e-19   2.5747665465e-10   1.2981576536e-12   6.3234682460e-02   2.8066559433e-14   1.1176586836e-15   2.0817141832e-18   1.4730347497e-07   1.6811471596e-01   7.5945768925e-02   1.0509065409e-01   4.0900091960e-11   3.8470963959e-08   1.4104884037e-13   5.8476951957e-01
   8.3333333333e-02   2.3624329150e-01   8.0593464739e+02  -2.1146991914e+06   3.6381509987e-01   2.8401864803e-03   8.8613347108e-11   1.5309970318e-19   1.2511970140e-10   1.2086732248e-12   6.2775214502e-02   1.4312355938e-14   1.0874357743e-15   1.9783782095e-18   1.4916609420e-07   1.7519930795e-01   7.5300114975e-02   1.0421888266e-01   4.1141957720e-11   3.6006169153e-08   1.3876326542e-13   5.7966610554e-01
   8.5200000000e-02   2.4291969056e-01   8.0241420463e+02  -2.1303910919e+06   3.6374579170e-01   2.8333814610e-03   8.6183888719e-11   1.1882815611e-19   6.1471319949e-11   1.1233068789e-12   6.2313795133e-02   7.3867967939e-15   1.0549038242e-15   1.8734717785e-18   1.5077847592e-07   1.8237228115e-01   7.4650167568e-02   1.0333092669e-01   4.1368037341e-11   3.3519785466e-08   1.3587398467e-13   5.7449926597e-01
   8.7066666667e-02   2.4967609125e-01   7.9883091392e+02  -2.1464761035e+06   3.6370682901e-01   2.8242934371e-03   8.3687665317e-11   9.8910217562e-20   3.1299813445e-11   1.0417657992e-12   6.1849437451e-02   3.9587682097e-15   1.0199201718e-15   1.7670519405e-18   1.5210881914e-07   1.8963511622e-01   7.3995701104e-02   1.0242787015e-01   4.1574171621e-11   3.1051634005e-08   1.3246903373e-13   5.6926739589e-01
   8.8933333333e-02   2.5651442744e-01   7.9518220461e+02  -2.1629636213e+06   3.6369894432e-01   2.8131381806e-03   8.1121488723e-11   8.5672493814e-20   1.7177046184e-11   9.6382212184e-13   6.1381265768e-02   2.2933008142e-15   9.8239569716e-16   1.6592979671e-18   1.5312445482e-07   1.9698949171e-01   7.3336317582e-02   1.0151063668e-01   4.1755538487e-11   2.8640164220e-08   1.2865647845e-13   5.6396897059e-01
   9.0800000000e-02   2.6343673808e-01   7.9146572585e+02  -2.1798628872e+06   3.6372282962e-01   2.8001132790e-03   7.8483011241e-11   7.5641334941e-20   1.0628387598e-11   8.8930470426e-13   6.0908497457e-02   1.5022157012e-15   9.4230361189e-16   1.5505127612e-18   1.5379249670e-07   2.0443724012e-01   7.2671516819e-02   1.0057996950e-01   4.1906745255e-11   2.6320459231e-08   1.2455899564e-13   5.5860248018e-01
   9.2666666667e-02   2.7044515306e-01   7.8767931127e+02  -2.1971830161e+06   3.6377916092e-01   2.7853981592e-03   7.5770999566e-11   6.7265655092e-20   7.6020568295e-12   8.1809189242e-13   6.0430435101e-02   1.1385443931e-15   8.9968822135e-16   1.4411217516e-18   1.5408069875e-07   2.1198034090e-01   7.2000754821e-02   9.9636440465e-02   4.2021959135e-11   2.4122578227e-08   1.2030745923e-13   5.5316645461e-01
   9.4533333333e-02   2.7754188324e-01   7.8382094178e+02  -2.2149330632e+06   3.6386862200e-01   2.7691540042e-03   7.2985619705e-11   5.9861049971e-20   6.1924872179e-12   7.5010467504e-13   5.9946449931e-02   9.8109247387e-16   8.5467254183e-16   1.3316676238e-18   1.5395847237e-07   2.1962088911e-01   7.1323472763e-02   9.8680452132e-02   4.2095067598e-11   2.2070352139e-08   1.1603404334e-13   5.4765940354e-01
   9.6400000000e-02   2.8472921391e-01   7.7988870822e+02  -2.2331221144e+06   3.6399192674e-01   2.7515243823e-03   7.0128741445e-11   5.3128399789e-20   5.5173931781e-12   6.8530022371e-13   5.9455975467e-02   9.2213548744e-16   8.0746410070e-16   1.2228002866e-18   1.5339809687e-07   2.2736110066e-01   7.0639123661e-02   9.7712260183e-02   4.2119885451e-11   2.0180712204e-08   1.1186549336e-13   5.4207984429e-01
   9.8266666667e-02   2.9200950134e-01   7.7588077596e+02  -2.2517593840e+06   3.6414983920e-01   2.7326356859e-03   6.7204217859e-11   4.6937798474e-20   5.1740386481e-12   6.2366532654e-13   5.8958492863e-02   9.0996696177e-16   7.5835757873e-16   1.1152607431e-18   1.5237604397e-07   2.3520328928e-01   6.9947178366e-02   9.6731983061e-02   4.2090396126e-11   1.8463554175e-08   1.0791711874e-13   5.3642624747e-01
   1.0013333333e-01   2.9938517192e-01   7.7179535197e+02  -2.2708543104e+06   3.6434319166e-01   2.7125981727e-03   6.4218137317e-11   4.1232805302e-20   4.9807361592e-12   5.6520976735e-13   5.8453526195e-02   9.2005498580e-16   7.0773350115e-16   1.0098587758e-18   1.5087440842e-07   2.4314988012e-01   6.9247135623e-02   9.5739626939e-02   4.2001037242e-11   1.6922098486e-08   1.0428804932e-13   5.3069706734e-01
   1.0200000000e-01   3.0685872342e-01   7.6763065580e+02  -2.2904166439e+06   3.6457290007e-01   2.6915067350e-03   6.1178998099e-11   3.5988254251e-20   4.8561385766e-12   5.0995933817e-13   5.7940629742e-02   9.4083060557e-16   6.5605182761e-16   9.0744415756e-19   1.4888232067e-07   2.5120339187e-01   6.8538517113e-02   9.4735095248e-02   4.1847009086e-11   1.5553647546e-08   1.0105807620e-13   5.2489069247e-01
   1.0386666667e-01   3.1443272825e-01   7.6338489657e+02  -2.3104565183e+06   3.6483997617e-01   2.6694421682e-03   5.8097796770e-11   3.1191518225e-20   4.7638461832e-12   4.5794867679e-13   5.7419384866e-02   9.6681556343e-16   6.0384009896e-16   8.0887257808e-19   1.4639728647e-07   2.5936645606e-01   6.7820870155e-02   9.3718210980e-02   4.1624603905e-11   1.4350624598e-08   9.8286280476e-14   5.1900547717e-01
   1.0573333333e-01   3.2210983828e-01   7.5905626791e+02  -2.3309844838e+06   3.6514553083e-01   2.6464720986e-03   5.4987983051e-11   2.6833914036e-20   4.6873986019e-12   4.0921389919e-13   5.6889389074e-02   9.9536041642e-16   5.5167587660e-16   7.1496772665e-19   1.4342629118e-07   2.6764180248e-01   6.7093758696e-02   9.2688722918e-02   4.1331516676e-11   1.3301757324e-08   9.6011371086e-14   5.1303969568e-01
   1.0760000000e-01   3.2989279153e-01   7.5464300814e+02  -2.3520114060e+06   3.6549074531e-01   2.6226523241e-03   5.1865275819e-11   2.2906531890e-20   4.6191485225e-12   3.6378555692e-13   5.6350254255e-02   1.0251248071e-15   5.0016433981e-16   6.2648257116e-19   1.3998658774e-07   2.7603228306e-01   6.6356763549e-02   9.1646323489e-02   4.0967094396e-11   1.2393286680e-08   9.4253452067e-14   5.0699157305e-01
   1.0946666667e-01   3.3778441976e-01   7.5014369877e+02  -2.3735478820e+06   3.6587672511e-01   2.5980277718e-03   4.8747303414e-11   1.9398100230e-20   4.5553672769e-12   3.2168259309e-13   5.5801597374e-02   1.0553812655e-15   4.4991243563e-16   5.4406349934e-19   1.3610600945e-07   2.8454085945e-01   6.5609472747e-02   9.0590651021e-02   4.0532371255e-11   1.1610093005e-08   9.3016456797e-14   5.0085924164e-01
   1.1133333333e-01   3.4578765145e-01   7.4555815179e+02  -2.3956024404e+06   3.6630405910e-01   2.5726338201e-03   4.5653073117e-11   1.6293941053e-20   4.4941057511e-12   2.8290838663e-13   5.5243040473e-02   1.0857023259e-15   4.0150203738e-16   4.6822166982e-19   1.3182275415e-07   2.9317062384e-01   6.4851482196e-02   8.9521303975e-02   4.0029647436e-11   1.0936669102e-08   9.2290601130e-14   4.9464077500e-01
   1.1320000000e-01   3.5390552078e-01   7.4088202096e+02  -2.4181922798e+06   3.6677546429e-01   2.5464971465e-03   4.2602641854e-11   1.3574646277e-20   4.4342562738e-12   2.4742567017e-13   5.4674202609e-02   1.1158454293e-15   3.5545143450e-16   3.9927587358e-19   1.2718445565e-07   3.0192478725e-01   6.4082386761e-02   8.8437839964e-02   3.9466100219e-11   1.0357892458e-08   9.2066905196e-14   4.8833414652e-01
   1.1506666667e-01   3.6214118153e-01   7.3611316736e+02  -2.4413307129e+06   3.6729268799e-01   2.5196368661e-03   3.9615999906e-11   1.1217300969e-20   4.3751350010e-12   2.1517905804e-13   5.4094699685e-02   1.1456854884e-15   3.1220485539e-16   3.3738418827e-19   1.2224677222e-07   3.1080671306e-01   6.3301780526e-02   8.7339785317e-02   3.8849500595e-11   9.8595868319e-09   9.2330332395e-14   4.8193725445e-01
   1.1693333333e-01   3.7049791604e-01   7.3124900294e+02  -2.4650324115e+06   3.6785780512e-01   2.4920652837e-03   3.6712467342e-11   9.1954184589e-21   4.3162885254e-12   1.8608184200e-13   5.3504137718e-02   1.1751902426e-15   2.7210787383e-16   2.8252390642e-19   1.1707138274e-07   3.1981990473e-01   6.2509249129e-02   8.6226631728e-02   3.8189779957e-11   9.4288807495e-09   9.3067534808e-14   4.7544788276e-01
   1.1880000000e-01   3.7897914590e-01   7.2628679446e+02  -2.4893128159e+06   3.6847307628e-01   2.4637888801e-03   3.3909919609e-11   7.4797640556e-21   4.2573994997e-12   1.6001722785e-13   5.2902113675e-02   1.2044105941e-15   2.3539664661e-16   2.3450478721e-19   1.1172359731e-07   3.2896803657e-01   6.1704371056e-02   8.5097843778e-02   3.7498524964e-11   9.0543919909e-09   9.4270016927e-14   4.6886372722e-01
   1.2066666667e-01   3.8758844370e-01   7.2122363540e+02  -2.5141882053e+06   3.6914096961e-01   2.4348088778e-03   3.1224104722e-11   6.0393331252e-21   4.1982361307e-12   1.3684017589e-13   5.2288209279e-02   1.2334760834e-15   2.0219463872e-16   1.9299059766e-19   1.0626973346e-07   3.3825494420e-01   6.0886710728e-02   8.3952853775e-02   3.6788594273e-11   8.7262711769e-09   9.5936873722e-14   4.6218235606e-01
   1.2253333333e-01   3.9632954580e-01   7.1605643234e+02  -2.5396757419e+06   3.6986417731e-01   2.4051220452e-03   2.8668098199e-11   4.8424286034e-21   4.1386234615e-12   1.1638105562e-13   5.1661992054e-02   1.2625922306e-15   1.7251744650e-16   1.5752857410e-19   1.0077450904e-07   3.4768465835e-01   6.0055820096e-02   8.2791067282e-02   3.6073673715e-11   8.4361453716e-09   9.8076694753e-14   4.5540123287e-01
   1.2440000000e-01   4.0520636588e-01   7.1078189291e+02  -2.5657935132e+06   3.7064563327e-01   2.3747210908e-03   2.6251929423e-11   3.8577178313e-21   4.0784250296e-12   9.8450648947e-14   5.1023009576e-02   1.2920395999e-15   1.4628446156e-16   1.2758318309e-19   9.5298639191e-08   3.5726139692e-01   5.9211232351e-02   8.1611856911e-02   3.5367811176e-11   8.1769950616e-09   1.0070873429e-13   4.4851767766e-01
   1.2626666667e-01   4.1422300967e-01   7.0539651512e+02  -2.5925605751e+06   3.7148853213e-01   2.3435952864e-03   2.3982410171e-11   3.0551719488e-21   4.0175312111e-12   8.2846050935e-14   5.0370790493e-02   1.3221769025e-15   1.2333554748e-16   1.0257063156e-19   8.9896853657e-08   3.6698960179e-01   5.8352463558e-02   8.0414566389e-02   3.4684985964e-11   7.9429970455e-09   1.0386345933e-13   4.4152888650e-01
   1.2813333333e-01   4.2338379075e-01   6.9989657901e+02  -2.6199969914e+06   3.7239634939e-01   2.3117307057e-03   2.1863157105e-11   2.4068164668e-21   3.9558507812e-12   6.9356896204e-14   4.9704838989e-02   1.3534516120e-15   1.0345043650e-16   8.1890890465e-20   8.4616439892e-08   3.7687393295e-01   5.7479006726e-02   7.9198503686e-02   3.4038743635e-11   7.7293542603e-09   1.0758254119e-13   4.3443189266e-01
   1.3000000000e-01   4.3269324763e-01   6.9427813794e+02  -2.6481238765e+06   3.7337286433e-01   2.2791106846e-03   1.9894793632e-11   1.8872580346e-21   3.8933054088e-12   5.7771418662e-14   4.9024635557e-02   1.3864236441e-15   8.6368671456e-17   6.4954898435e-20   7.9496398150e-08   3.8691930864e-01   5.6590333248e-02   7.7962943911e-02   3.3441938248e-11   7.5321308061e-09   1.1191838425e-13   4.2722358272e-01
   1.3186666667e-01   4.4215616227e-01   6.8853700859e+02  -2.6769634431e+06   3.7442218628e-01   2.2457159254e-03   1.8075287177e-11   1.4739830845e-21   3.8298252904e-12   4.7881891499e-14   4.8329631494e-02   1.4218078529e-15   7.1808197520e-17   5.1205564120e-20   7.4567175016e-08   3.9713090227e-01   5.5685887112e-02   7.6707121966e-02   3.2906592944e-11   7.3481001037e-09   1.1693316719e-13   4.1990065745e-01
   1.3373333333e-01   4.5177758043e-01   6.8266875839e+02  -2.7065390573e+06   3.7554878563e-01   2.2115248173e-03   1.6400380744e-11   1.1474515846e-21   3.7653463885e-12   3.9489163490e-14   4.7619249222e-02   1.4605416141e-15   5.9481319381e-17   4.0132226330e-20   6.9850924846e-08   4.0751418659e-01   5.4765085918e-02   7.5430234343e-02   3.2443893648e-11   7.1746130761e-09   1.2269732641e-13   4.1245964381e-01
   1.3560000000e-01   4.6156283395e-01   6.7666869081e+02  -2.7368753018e+06   3.7675752953e-01   2.1765134310e-03   1.4864065455e-11   8.9102448796e-22   3.6998079913e-12   3.2406116219e-14   4.6892876615e-02   1.5038815113e-15   4.9107294151e-17   3.1278988450e-20   6.5362165757e-08   4.1807493453e-01   5.3827315044e-02   7.4131431314e-02   3.2064301999e-11   7.0094859574e-09   1.2928723331e-13   4.0489685491e-01
   1.3746666667e-01   4.7151756545e-01   6.7053182818e+02  -2.7679980460e+06   3.7805372332e-01   2.1406557212e-03   1.3459055295e-11   6.9077135539e-22   3.6331512610e-12   2.6460026870e-14   4.6149866677e-02   1.5535303038e-15   4.0421417248e-17   2.4247900683e-20   6.1108715406e-08   4.2881926861e-01   5.2871928041e-02   7.2809817558e-02   3.1777782262e-11   6.8509086113e-09   1.3678173634e-13   3.9720839708e-01
   1.3933333333e-01   4.8164775560e-01   6.6425289229e+02  -2.7999345255e+06   3.7944315800e-01   2.1039234318e-03   1.2177226149e-11   5.3520292643e-22   3.5653177256e-12   2.1493904573e-14   4.5389531499e-02   1.6117892318e-15   3.3180836694e-17   1.8698186560e-20   5.7092759177e-08   4.3975366711e-01   5.1898240556e-02   7.1464443774e-02   3.1594118140e-11   6.6973695679e-09   1.4525707197e-13   3.8939012813e-01
   1.4120000000e-01   4.9195975361e-01   6.5782628190e+02  -2.8327134307e+06   3.8093216529e-01   2.0662861991e-03   1.1010000072e-11   4.1496768615e-22   3.4962484279e-12   1.7366957070e-14   4.4611141075e-02   1.6817244229e-15   2.7167613381e-17   1.4342746943e-20   5.3311953435e-08   4.5088501995e-01   5.0905529923e-02   7.0094305992e-02   3.1523312257e-11   6.5475967285e-09   1.5477970666e-13   3.8143765857e-01
   1.4306666667e-01   5.0246031112e-01   6.5124604661e+02  -2.8663650077e+06   3.8252768145e-01   2.0277113829e-03   9.9486601171e-12   3.2254218858e-22   3.4258828372e-12   1.3954364762e-14   4.3813916668e-02   1.7673282898e-15   2.2189631145e-17   1.0943022948e-20   4.9760464592e-08   4.6222064197e-01   4.9893028652e-02   6.8698336403e-02   3.1576051609e-11   6.4005095293e-09   1.6539690552e-13   3.7334630714e-01
   1.4493333333e-01   5.1315662016e-01   6.4450585593e+02  -2.9009211737e+06   3.8423732203e-01   1.9881640814e-03   8.9845962421e-12   2.5193596693e-22   3.3541582263e-12   1.1146555735e-14   4.2997028498e-02   1.8736518945e-15   1.8079976272e-17   8.3030928180e-21   4.6429901212e-08   4.7376833725e-01   4.8859922983e-02   6.7275401101e-02   3.1764244743e-11   6.2551815671e-09   1.7712573917e-13   3.6511109488e-01
   1.4680000000e-01   5.2405635590e-01   6.3759896267e+02  -2.9364156506e+06   3.8606946933e-01   1.9476068965e-03   8.1094843101e-12   1.9842342798e-22   3.2810087315e-12   8.8481496176e-15   4.2159588229e-02   2.0068816630e-15   1.4695318986e-17   6.2636326970e-21   4.3310099130e-08   4.8553642190e-01   4.7805345698e-02   6.5824289809e-02   3.2101632680e-11   6.1108102028e-09   1.8994281076e-13   3.5672669652e-01
   1.4866666667e-01   5.3516772475e-01   6.3051815963e+02  -2.9728841192e+06   3.8803337564e-01   1.9059998640e-03   7.3154088939e-12   1.5830888397e-22   3.2063647678e-12   6.9767170479e-15   4.1300645170e-02   2.1743379553e-15   1.1913735460e-17   4.6961611432e-21   4.0389763275e-08   4.9753379933e-01   4.6728373355e-02   6.4343711651e-02   3.2604500871e-11   5.9666927438e-09   2.0377921252e-13   3.4818742567e-01
   1.5053333333e-01   5.4649951903e-01   6.2325572840e+02  -3.0103643972e+06   3.9013928499e-01   1.8633001518e-03   6.5949383126e-12   1.2872620424e-22   3.1301521101e-12   5.4614631844e-15   4.0419177469e-02   2.3843814219e-15   9.6322881289e-18   3.4978067849e-21   3.7656964513e-08   5.0976999623e-01   4.5628018071e-02   6.2832283300e-02   3.3292519733e-11   5.8222065800e-09   2.1852662034e-13   3.3948717986e-01
   1.5240000000e-01   5.5806117911e-01   6.1580337909e+02  -3.0488966474e+06   3.9239857765e-01   1.8194619010e-03   5.9411640073e-12   1.0747181362e-22   3.0522912704e-12   4.2419169105e-15   3.9514086343e-02   2.6462274603e-15   7.7645887452e-18   2.5867119724e-21   3.5099516740e-08   5.2225525277e-01   4.4503223030e-02   6.1288522170e-02   3.4189770055e-11   5.6767933981e-09   2.3405905871e-13   3.3061941431e-01
   1.5426666667e-01   5.6986286458e-01   6.0815217974e+02  -3.0885236175e+06   3.9482394170e-01   1.7744358465e-03   5.3477122759e-12   9.2868117656e-23   2.9726965631e-12   3.2666771032e-15   3.8584185376e-02   2.9696835378e-15   6.2384809022e-18   1.8980947303e-21   3.2705246565e-08   5.3500057683e-01   4.3352852749e-02   5.9710832254e-02   3.5326016621e-11   5.5299455211e-09   2.5026850279e-13   3.2157707738e-01
   1.5613333333e-01   5.8191553611e-01   6.0029247378e+02  -3.1292909192e+06   3.9742957796e-01   1.7281690521e-03   4.8087376486e-12   8.3653820361e-23   2.8912754335e-12   2.4922488001e-15   3.7628192052e-02   3.3648378692e-15   4.9939216618e-18   1.3809390885e-21   3.0462183162e-08   5.4801785510e-01   4.2175686261e-02   5.8097493834e-02   3.6738331456e-11   5.3811948116e-09   2.6710218120e-13   3.1235256905e-01
   1.5800000000e-01   5.9423105005e-01   5.9221378424e+02  -3.1712473513e+06   4.0023144498e-01   1.6806044320e-03   4.3189031828e-12   7.8897422942e-23   2.8079275099e-12   1.8819844375e-15   3.6644714278e-02   3.8417336981e-15   3.9810952714e-18   9.9525348024e-22   2.8358680682e-08   5.6131993328e-01   4.0970405132e-02   5.6446645894e-02   3.8473190512e-11   5.2301026532e-09   2.8457999684e-13   3.0293766216e-01
   1.5986666667e-01   6.0682226844e-01   5.8390470235e+02  -3.2144452750e+06   4.0324755390e-01   1.6316803506e-03   3.8733535243e-12   7.7930388986e-23   2.7225438868e-12   1.4051360344e-15   3.5632238129e-02   4.4100617049e-15   3.1587667597e-18   7.0982579992e-22   2.6383495205e-08   5.7492075695e-01   3.9735583440e-02   5.4756271003e-02   4.0589227670e-11   5.0762515734e-09   3.0276989320e-13   2.9332343976e-01
   1.6173333333e-01   6.1970318738e-01   5.7535275834e+02  -3.2589410488e+06   4.0649832448e-01   1.5813300050e-03   3.4676834906e-12   8.0296695164e-23   2.6350061589e-12   1.0360160264e-15   3.4589110260e-02   5.0788886457e-15   2.4928644284e-18   5.0040156073e-22   2.4525824651e-08   5.8883548906e-01   3.8469672458e-02   5.3024172628e-02   4.3160884311e-11   4.9192373044e-09   3.2171182914e-13   2.8350019502e-01
   1.6360000000e-01   6.3288908791e-01   5.6654427103e+02  -3.3047955366e+06   4.1000701800e-01   1.5294808414e-03   3.0979054531e-12   8.5715761670e-23   2.5451856405e-12   7.5326107355e-16   3.3513520206e-02   5.8564172212e-15   1.9552731895e-18   3.4821650163e-22   2.2775327629e-08   6.0308069420e-01   3.7170986087e-02   5.1247953143e-02   4.6283296739e-11   4.7586618106e-09   3.4130445418e-13   2.7345733896e-01
   1.6546666667e-01   6.4639671403e-01   5.5746417197e+02  -3.3520747030e+06   4.1380026709e-01   1.4760537363e-03   2.7604166407e-12   9.4055850758e-23   2.4529423529e-12   5.3919029568e-16   3.2403476587e-02   6.7497368888e-15   1.5228156693e-18   2.3882185767e-22   2.1122126913e-08   6.1767451077e-01   3.5837680531e-02   4.9424983471e-02   5.0078876029e-11   4.5941262278e-09   3.6119099642e-13   2.6318326816e-01
   1.6733333333e-01   6.6024448436e-01   5.4809579824e+02  -3.4008503157e+06   4.1790872939e-01   1.4209621488e-03   2.4519680004e-12   1.0531490420e-22   2.3581241628e-12   3.7924886910e-16   3.1256781346e-02   7.7644833223e-15   1.1763980778e-18   1.6114883275e-22   1.9556810333e-08   6.3263689995e-01   3.4467733099e-02   4.7552370986e-02   5.4706207854e-11   4.4252241371e-09   3.8068969077e-13   2.5266522933e-01
   1.6920000000e-01   6.7445274529e-01   5.3842064647e+02  -3.4512007819e+06   4.2236790084e-01   1.3641110014e-03   2.1696347082e-12   1.1960514060e-22   2.2605657446e-12   2.6152746625e-16   3.0070996381e-02   8.9042696551e-15   9.0029772707e-19   1.0676666471e-22   1.8070435458e-08   6.4798990022e-01   3.3058914207e-02   4.5626917350e-02   6.0372073448e-11   4.2515342405e-09   3.9880274610e-13   2.4188913760e-01
   1.7106666667e-01   6.8904407604e-01   5.2841807822e+02  -3.5032121533e+06   4.2721913724e-01   1.3053954398e-03   1.9107886438e-12   1.3713623657e-22   2.1600877487e-12   1.7634857845e-16   2.8843405390e-02   1.0169688004e-14   6.8157105404e-19   6.9296243535e-23   1.6654552196e-08   6.6375797621e-01   3.1608756141e-02   4.3645070991e-02   6.7347556472e-11   4.0726127558e-09   4.1431132225e-13   2.3083937583e-01
   1.7293333333e-01   7.0404365944e-01   5.1806496395e+02  -3.5569793446e+06   4.3251095009e-01   1.2446992453e-03   1.6730715409e-12   1.5818867578e-22   2.0564960066e-12   1.1591121609e-16   2.7570965286e-02   1.1556592497e-14   5.0956250281e-19   4.3947904504e-23   1.5301255558e-08   6.7996840170e-01   3.0114512924e-02   4.1602866163e-02   7.5989097871e-11   3.8879846938e-09   4.2593423712e-13   2.1949853468e-01
   1.7480000000e-01   7.1947973634e-01   5.0733524921e+02  -3.6126076249e+06   4.3830066794e-01   1.1818929887e-03   1.4543664635e-12   1.8306240216e-22   1.9495812399e-12   7.3986304861e-17   2.6250248206e-02   1.3053263467e-14   3.7549715419e-19   2.7157953977e-23   1.4003290872e-08   6.9665176855e-01   2.8573113233e-02   3.9495850856e-02   8.6764408995e-11   3.6971341633e-09   4.3250824184e-13   2.0784710904e-01
   1.7666666667e-01   7.3538416834e-01   4.9619942214e+02  -3.6702144614e+06   4.4465659048e-01   1.1168316905e-03   1.2527613627e-12   2.1197295160e-22   1.8391193539e-12   4.5655793680e-17   2.4877367754e-02   1.4635905783e-14   2.7214217934e-19   1.6303465729e-23   1.2754237563e-08   7.1384257889e-01   2.6981100384e-02   3.7318994838e-02   1.0027937861e-10   3.4994928167e-09   4.3314409122e-13   1.9586310948e-01
   1.7853333333e-01   7.5179314165e-01   4.8462385540e+02  -3.7299318170e+06   4.5166081510e-01   1.0493519926e-03   1.0664909511e-12   2.4484091414e-22   1.7248729339e-12   2.7089287018e-17   2.3447887760e-02   1.6261783817e-14   1.9352473687e-19   9.4790316523e-24   1.1548811253e-08   7.3158002185e-01   2.5334559003e-02   3.5066576507e-02   1.1728951516e-10   3.2944262161e-09   4.2732441961e-13   1.8352158847e-01
   1.8040000000e-01   7.6874805816e-01   4.7256998907e+02  -3.7919090400e+06   4.5941299309e-01   9.7926856036e-04   8.9382170859e-13   2.8086374882e-22   1.6065941332e-12   1.5352713642e-17   2.1956704967e-02   1.7859253240e-14   1.3469592914e-19   5.3224556417e-24   1.0383333520e-08   7.4990892278e-01   2.3629020953e-02   3.2732037284e-02   1.3863730450e-10   3.0812169186e-09   4.1492943752e-13   1.7079403138e-01
   1.8226666667e-01   7.8629667743e-01   4.5999331347e+02  -3.8563165246e+06   4.6803538814e-01   9.0636958238e-04   7.3279549843e-13   3.1762759941e-22   1.4840288607e-12   8.2442486200e-18   2.0397899053e-02   1.9314462540e-14   9.1531850572e-20   2.8790035334e-24   9.2564361900e-09   7.6888099130e-01   2.1859346220e-02   3.0307796019e-02   1.6491341132e-10   2.8590433697e-09   3.9619686972e-13   1.5764758595e-01
   1.8413333333e-01   8.0449460044e-01   4.4684210611e+02  -3.9233503713e+06   4.7767978257e-01   8.3041096113e-04   5.8079074140e-13   3.4928549524e-22   1.3569192474e-12   4.1533346348e-18   1.8764535863e-02   2.0457023504e-14   6.0563698771e-20   1.4959692798e-24   8.1700441999e-09   7.8855641347e-01   2.0019567407e-02   2.7785005358e-02   1.9523707783e-10   2.6269526427e-09   3.7163729398e-13   1.4404405561e-01
   1.8600000000e-01   8.2340722536e-01   4.3305588056e+02  -3.9932383315e+06   4.8853703597e-01   7.5110880405e-04   4.3486452867e-13   3.6381199587e-22   1.2249931534e-12   1.9392272078e-18   1.7048407511e-02   2.1055421784e-14   3.8841190913e-20   7.4154342747e-25   7.1302074894e-09   8.0900597657e-01   1.8102686017e-02   2.5153230060e-02   2.2424157982e-10   2.3838248238e-09   3.4193211773e-13   1.2993858153e-01
   1.8786666667e-01   8.4311236383e-01   4.1856353427e+02  -4.0662473461e+06   5.0085048502e-01   6.6812950040e-04   2.9595566565e-13   3.4392969019e-22   1.0879123849e-12   8.2626720772e-19   1.5239682207e-02   2.0850078885e-14   2.3884210375e-20   3.4384757666e-25   6.1452281199e-09   8.3031388801e-01   1.6100399792e-02   2.2400012604e-02   2.3917733532e-10   2.1283254356e-09   3.0783056701e-13   1.1527787933e-01
   1.8973333333e-01   8.6370379070e-01   4.0328127657e+02  -4.1426929243e+06   5.1493492388e-01   5.8107646712e-04   1.7505705610e-13   2.8131016550e-22   9.4515167169e-13   3.1437049648e-19   1.3326426798e-02   1.9651468812e-14   1.3778975168e-20   1.4354190883e-25   5.2168909251e-09   8.5258161827e-01   1.4002733946e-02   1.9510278938e-02   2.2586349740e-10   1.8588407402e-09   2.7002717655e-13   9.9997858288e-02
   1.9160000000e-01   8.8529611618e-01   3.8711066422e+02  -4.2229502859e+06   5.3120363032e-01   4.8947214237e-04   8.7385353590e-14   1.9336729472e-22   7.9585457286e-13   1.0319387189e-19   1.1293946495e-02   1.7453138897e-14   7.2288470636e-21   5.1377894561e-26   4.3293864968e-09   8.7593316192e-01   1.1797535501e-02   1.6465512270e-02   1.8416179753e-10   1.5733870327e-09   2.2900071281e-13   8.4020365556e-02
   1.9346666667e-01   9.0803150798e-01   3.6993766759e+02  -4.3074662055e+06   5.5020664598e-01   3.9273324554e-04   3.6594598427e-14   1.1127962550e-22   6.3878557401e-13   2.7590025183e-20   9.1238655750e-03   1.4431621919e-14   3.3245397851e-21   1.5004378661e-26   3.4508351996e-09   9.0052230319e-01   9.4697763524e-03   1.3242595682e-02   1.3078946901e-10   1.2694814992e-09   1.8488939136e-13   6.7248721138e-02
   1.9533333333e-01   9.3208889139e-01   3.5163505555e+02  -4.3967679627e+06   5.7268353344e-01   2.9013656477e-04   1.2858720575e-14   5.3342522459e-23   4.7238606040e-13   5.4268281707e-21   6.7928522617e-03   1.0818673188e-14   1.2825095284e-21   3.3530129271e-27   2.5469687410e-09   9.2654255732e-01   7.0005985116e-03   9.8121991811e-03   8.3052418447e-11   9.4396099670e-10   1.3748765536e-13   4.9561652549e-02
   1.9720000000e-01   9.5769608614e-01   3.3207337609e+02  -4.4914597483e+06   5.9963049328e-01   1.8077203102e-04   3.7415485154e-15   2.0162762672e-23   2.9479962260e-13   6.3119010126e-22   4.2709011375e-03   6.7805554448e-15   4.0038882217e-22   5.0476482729e-28   1.5906444944e-09   9.5424029177e-01   4.3660485109e-03   6.1366103918e-03   4.6446629319e-11   5.9273764722e-10   8.6310772967e-14   3.0805373970e-02
   1.9906666667e-01   9.8514417994e-01   3.1115192493e+02  -4.5921834602e+06   6.3236692834e-01   6.3480903340e-05   8.4341194547e-16   4.2639974339e-24   1.0379162896e-13   1.8726161600e-23   1.5192211967e-03   2.3861341690e-15   9.0548431541e-23   3.1478391355e-29   5.6134556978e-10   9.8393027917e-01   1.5355554409e-03   2.1671191407e-03   1.6007102269e-11   2.1050212761e-10   3.0635156818e-14   1.0784343313e-02
   2.0000000000e-01   1.0000000000e+00   3.0000000000e+02  -4.6458568819e+06   6.5169855213e-01   0.0000000000e+00   0.0000000000e+00   0.0000000000e+00   0.0000000000e+00   0.0000000000e+00   0.0000000000e+00   0.0000000000e+00   0.0000000000e+00   0.0000000000e+00   0.0000000000e+00   1.0000000000e+00   0.0000000000e+00   0.0000000000e+00   0.0000000000e+00   0.0000000000e+00   0.0000000000e+00   0.0000000000e+00