# time = 0.025
# Grid points = 162
# Pressure (Pa) = 101325
#             1_pos             2_posf             3_rho             4_dvisc             5_uvel             6_vvel             7_wvel             8_temp             9_mixf            10_chi            11_hr            12_y_H2            13_y_H            14_y_O            15_y_O2            16_y_OH            17_y_H2O            18_y_HO2            19_y_CH2            20_y_CH2(S)            21_y_CH3            22_y_CH4            23_y_CO            24_y_CO2            25_y_HCO            26_y_CH2O            27_y_CH2OH            28_y_N2            29_enth
  -7.2518244142e-01  -7.5000000000e-01   1.1719839921e+00   1.8630700790e-05  -2.6796201162e-17 -6.8065283917e-104  8.5405772413e-104   3.0000000000e+02  -2.1502453731e-05   0.0000000000e+00  -6.1636532766e-69   3.6400664905e-70   6.9405921455e-88   5.2474118640e-65   2.3300000000e-01   8.9709638398e-65   1.8036474816e-60   5.1123928432e-56 -1.7300395782e-118  2.3062422720e-123   1.6275418376e-93   2.0335897074e-91   5.0214640675e-81   6.6342838359e-62  7.4084364627e-111   4.1055532631e-83  7.0067868197e-152   7.6700000000e-01   1.9075768848e+03
  -6.7545541719e-01  -7.0036488284e-01   1.1719839921e+00   1.8630700790e-05  -2.0243456978e-17  -9.0910550206e-99   7.7266210919e-99   3.0000000000e+02  -2.1502453731e-05   6.9999994068e-36  -6.1636532762e-69   8.8650683080e-66   1.1309764254e-86   5.1038517649e-64   2.3300000000e-01   1.2507762044e-63   7.0280794323e-56   8.3306957547e-55 -5.7891168127e-115 -4.2033027462e-114   1.5985305970e-88   2.0813065735e-86   5.2693170640e-76   3.4020635109e-57  3.8264501542e-106   2.1205142543e-78  5.8967126605e-146   7.6700000000e-01   1.9075768848e+03
  -6.2563648589e-01  -6.5054595154e-01   1.1719839921e+00   1.8630700790e-05  -2.6801489630e-17  -1.1753033016e-93   6.5074399355e-94   3.0000000000e+02  -2.1502453731e-05   7.7934975828e-37  -6.1636532547e-69   2.1220701894e-61   7.6243838370e-86   5.4262319292e-63   2.3300000000e-01   8.2325671994e-63   2.9815012949e-51   5.6160697243e-54  6.4801269855e-110  4.8074868144e-119   1.5041285930e-83   2.0215404169e-81   5.3548457996e-71   2.0510866211e-52  2.3265229861e-101   1.2892955799e-73  2.4167972253e-140   7.6700000000e-01   1.9075768848e+03
  -5.7581755459e-01  -6.0072702024e-01   1.1719839921e+00   1.8630700790e-05  -2.4155690909e-17  -1.4344106463e-88   4.9650392529e-89   3.0000000000e+02  -2.1502453731e-05   7.0129430067e-36  -6.1615468081e-69   4.8975604104e-57   1.0512169705e-89   6.6370917119e-64   2.3300000000e-01   1.8450334227e-62   1.1488221178e-46   7.7428512860e-58  5.1698715969e-103 -1.8931884026e-104   1.3249710936e-78   1.8256424944e-76   5.1363929050e-66   1.1336306430e-47   1.2969856296e-96   7.1875402068e-69  1.8607944322e-139   7.6700000000e-01   1.9075768848e+03
  -5.2599862329e-01  -5.5090808894e-01   1.1719839921e+00   1.8630700790e-05   3.6474836515e-17  -1.6195181671e-83   3.3413329837e-84   3.0000000000e+02  -2.1502453731e-05   9.5449261337e-36   1.6440543683e-67   1.0659728558e-52   2.4855899193e-88   3.2610300939e-59   2.3300000000e-01   7.9471276574e-58   3.8888543031e-42   1.8304363304e-56   4.8249142346e-98 -1.1278832517e-105   1.0728818865e-73   1.5087925830e-71   4.5572183199e-61   5.5024075625e-43   6.3497061253e-92   3.5188327624e-64  1.0808134116e-132   7.6700000000e-01   1.9075768848e+03
  -4.7617969199e-01  -5.0108915764e-01   1.1719839921e+00   1.8630700790e-05  -2.6554407491e-17  -1.6575619686e-78   1.8633466399e-79   3.0000000000e+02  -2.1502453731e-05   9.5435206596e-36   1.2466636766e-62   2.1338737707e-48   5.8793380004e-87   1.5027304419e-54   2.3300000000e-01   3.2936917045e-53   1.1367022757e-37   3.4654039102e-55  1.5645255493e-101 -6.4884193305e-102   7.8415352754e-69   1.1226945800e-66   3.6667813094e-56   2.3050509139e-38   2.6829673982e-87   1.4868274005e-59  2.2809280734e-123   7.6700000000e-01   1.9075768848e+03
  -4.2636076069e-01  -4.5127022634e-01   1.1719839921e+00   1.8630700790e-05  -2.4601494968e-17  -1.5054868301e-73   7.0093311868e-75   3.0000000000e+02  -2.1502453731e-05   7.7934975828e-37   8.0648684065e-58   3.8266746593e-44   2.7305547707e-83   6.2884197014e-50   2.3300000000e-01   1.2791131347e-48   2.8050727422e-33   4.5950112382e-52   8.8663549874e-90   2.9484825145e-97   5.0728131408e-64   7.3866641988e-62   2.6210922230e-51   8.1468744472e-34   9.5643837014e-83   5.3003205371e-55  5.0293391633e-114   7.6700000000e-01   1.9075768848e+03
  -3.7654182939e-01  -4.0145129504e-01   1.1719839921e+00   1.8630700790e-05   1.5592800198e-17  -1.1844785268e-68  -4.7179826504e-71   3.0000000000e+02  -2.1502453731e-05   7.7894818685e-37   4.5134017947e-53   5.9770311098e-40   7.0232342455e-79   2.3120125646e-45   2.3300000000e-01   4.4852371512e-44   5.6673201954e-29   2.7487854000e-47  -2.0094027507e-83   1.3187503203e-90   2.8389358357e-59   4.2043783379e-57   1.6260501275e-46   2.3551512918e-29   2.7887741104e-78   1.5454586547e-50  8.7928675220e-105   7.6700000000e-01   1.9075768848e+03
  -3.2672289809e-01  -3.5163236374e-01   1.1719839921e+00   1.8630700790e-05  -2.6396185165e-17  -7.8346645598e-64  -3.7284581065e-65   3.0000000000e+02  -2.1502453731e-05   3.1165958385e-36   2.1224439016e-48   7.8701141805e-36   2.4961317653e-74   7.1980695007e-41   2.3300000000e-01   1.3573234226e-39   8.9657038269e-25   1.3900437710e-42   1.7441498214e-80  -3.0131375464e-89   1.3350200858e-54   2.0123126203e-52   8.5020738370e-42   5.3232643995e-25   6.3576021091e-74   3.5232094049e-46   1.1363828896e-95   7.6700000000e-01   1.9075768848e+03
  -2.7690396679e-01  -3.0181343244e-01   1.1719839921e+00   1.8630700790e-05  -2.6632834608e-17  -4.1815074879e-59  -3.7386668210e-60   3.0000000000e+02  -2.1502453731e-05   9.5418023756e-67   8.0538764489e-44   8.3725500961e-32   2.1295245755e-67   1.8128829683e-36   2.3300000000e-01   3.3592605644e-35   1.0334578432e-20   5.6835781476e-38   6.2038390624e-78  -7.6925922598e-84   5.0658991607e-50   7.7807317093e-48   3.5976497862e-37   8.7447823507e-21   1.0533548646e-69   5.8373919682e-42   9.8950758933e-87   7.6700000000e-01   1.9075768848e+03
  -2.2708503549e-01  -2.5199450114e-01   1.1719839921e+00   1.8630700790e-05   1.3108030748e-15  -1.6874290372e-54  -2.2268609471e-55   3.0000000000e+02  -2.1502453731e-05   6.6404641501e-29   2.3115696047e-39   6.7446691952e-28   2.0577249550e-59   3.4529660020e-32   2.3300000000e-01   6.3195916142e-31   7.5497696837e-17   1.7589821453e-33  -4.9733570975e-69   7.2438731636e-73   1.4539572744e-45   2.2780856399e-43   1.1542870610e-32   9.0541663045e-17   1.1474175329e-65   6.0952423479e-38   5.0540048123e-78   7.6700000000e-01   1.9075768848e+03
  -1.7726610419e-01  -2.0217556984e-01   1.1719839921e+00   1.8630700790e-05   4.9613549628e-12  -4.5012934078e-50  -7.8789340742e-51   3.0000000001e+02  -2.1502453609e-05   1.9967860348e-23   4.6400847142e-35   3.6115367474e-24   1.2447882965e-51   4.3518530074e-28   2.3300000000e-01   7.8846732930e-27   2.4240701300e-13   3.6017381924e-29   9.2067550896e-66   6.7317549669e-67   2.7599436479e-41   4.4134815919e-39   2.4520524281e-28   4.0233518096e-13   2.6382219023e-59   2.7303774785e-34   1.1556901397e-69   7.6700000000e-01   1.9075768835e+03
  -1.2744717289e-01  -1.5235663854e-01   1.1719839806e+00   1.8630700925e-05   2.6974234948e-09  -5.0676899486e-46  -1.1113400631e-46   3.0000000292e+02  -2.1502387172e-05   8.5640023630e-19   4.9534427161e-29   8.4417680476e-21   2.2183025199e-44   2.3339023413e-24   2.3299999972e-01   4.1868985598e-23   1.2941268947e-10   3.1218474651e-25   5.5845222113e-58   2.8881076050e-59   2.2191528771e-37   3.6235614286e-35   2.2070175064e-24   2.2227007320e-10   7.7267383071e-53   1.5095378232e-31   4.8961080575e-62   7.6699999993e-01   1.9075761087e+03
  -9.0084870242e-02  -1.0253770724e-01   1.1719824388e+00   1.8630719135e-05   3.6806879198e-07  -1.2056491788e-43  -3.4817635124e-44   3.0000039654e+02  -2.1493379427e-05   4.6702237597e-16   2.3709436898e-24   1.8378836152e-18   1.0668454780e-39   5.1902560687e-22   2.3299996169e-01   9.0772876890e-21   1.7574055110e-08   7.3718373976e-23   2.8748053423e-53   1.4848769313e-54   5.2624904119e-35   8.8488833631e-33   5.5616260660e-22   3.0441954101e-08   2.2948025697e-48   2.0678503610e-29   2.5177907005e-57   7.6699999030e-01   1.9074693292e+03
  -7.1405614602e-02  -7.7632033240e-02   1.1719673281e+00   1.8630897604e-05   3.9459102701e-06  -1.2283416893e-40  -7.7583148715e-41   3.0000425417e+02  -2.1405116475e-05   5.3444574407e-14   2.7099280934e-19   3.5922121527e-16   1.1932228840e-34   2.0030459522e-19   2.3299958905e-01   3.0385360781e-18   1.8854941426e-07   5.7009412677e-20   7.0370660269e-48   3.6213922378e-49   3.8339107224e-32   7.3912512570e-30   5.7210378936e-19   3.2646972995e-07   8.2487037315e-45   2.2190834709e-28   6.1446839312e-52   7.6699989593e-01   1.9064239684e+03
  -5.8952775371e-02  -6.5179195964e-02   1.1718510168e+00   1.8632271426e-05   3.1376559613e-05  -1.3137910231e-37  -1.0846266870e-37   3.0003394959e+02  -2.0727083626e-05   8.7570675515e-12   4.6699181227e-14   7.6205716116e-14   1.9761675890e-29   8.9624442619e-17   2.3299672644e-01   1.2685420592e-15   1.5053372841e-06   4.6026544782e-17   2.1695451408e-42   1.1227982426e-43   2.8475314790e-29   5.9359662288e-27   5.3933376681e-16   2.5941539083e-06   3.1504780740e-41   1.9514758323e-27   1.9050283705e-46   7.6699917407e-01   1.8984674727e+03
  -4.8181554353e-02  -5.2726354779e-02   1.1704103156e+00   1.8649305041e-05   3.6961173240e-04  -6.6247635780e-35  -6.8638090671e-35   3.0040223844e+02  -1.2348774139e-05   2.7132410514e-09   1.7696570677e-09   8.8048161330e-12   6.7035714539e-25   1.9118160758e-14   2.3296135380e-01   2.5190101354e-13   1.7846156058e-05   1.7322731203e-14   2.4336630293e-37  -1.1682652216e-36   9.7844093477e-27   2.2274883429e-24   2.4085474367e-13   3.0471142155e-05  -1.7568308285e-36   1.2816523496e-25  -8.1250247564e-41   7.6699032890e-01   1.8018826146e+03
  -4.1364209171e-02  -4.3636753928e-02   1.1563102987e+00   1.8817685568e-05   3.7309453804e-03  -1.1837995992e-32  -1.4864108397e-32   3.0405504682e+02   7.0881106546e-05   8.8520408445e-08   1.0933348119e-05   4.5150514511e-10   4.3353925286e-21   1.4768926623e-12   2.3260996586e-01   1.8066789418e-11   1.7977673673e-04   2.2224605676e-12   1.2068806810e-33   6.3440473474e-35   1.1359714165e-24   2.8876849215e-22   3.8313832600e-11   3.0775336468e-04   1.5034735687e-32   1.9942638945e-23   1.1641730894e-37   7.6690250352e-01   8.4005485320e+02
  -3.6818649864e-02  -3.9091664414e-02   1.1087579122e+00   1.9408986975e-05   1.5676583273e-02  -7.3636061412e-31  -1.0180852131e-30   3.1705682808e+02   3.6706303065e-04   1.5344076222e-06   5.0477107707e-03   8.0575408949e-09   2.1460740215e-18   3.4898997870e-11   2.3135956512e-01   3.9387844554e-10   7.5597833653e-04   8.2583924906e-11   8.1344432717e-31   4.4917072938e-32   3.7527677386e-23   1.1066308702e-20   1.9435308585e-09   1.2916833057e-03   2.6365913008e-28   9.9571597278e-22   1.0489152952e-34   7.6659276273e-01  -2.5350650190e+03
  -3.3554336916e-02  -3.4545635313e-02   9.9169012660e-01   2.1041831256e-05   4.9104110975e-02  -2.3306252130e-29  -3.1755106897e-29   3.5434796905e+02   1.2054789570e-03   3.1809372066e-05   6.5395047208e-01   9.7840080320e-08   3.8678714140e-16   4.9083661841e-10   2.2782056107e-01   5.1239367792e-09   2.4167066418e-03   1.6227569096e-09   3.1091402008e-28  -1.3991447187e-27   6.5866919608e-22   2.2429770784e-19   5.0766148681e-08   4.0101668591e-03   1.3075994735e-24   2.4391684233e-20   6.4661153701e-32   7.6575240958e-01  -1.1224042010e+04
  -3.2074375286e-02  -3.2563038518e-02   8.3871757957e-01   2.3673766480e-05   1.0474037659e-01  -7.8593679763e-28  -9.8834760023e-28   4.1864046044e+02   2.6073428320e-03   1.4864026135e-04   2.2836296887e+01   3.7623375026e-07   2.0900896455e-14   3.9407324874e-09   2.2190471357e-01   3.0627553938e-08   5.3515374850e-03   2.0771428711e-08  -5.3783400728e-26   5.9432070259e-28   7.1712470534e-21   2.8937717364e-18   1.0239604917e-06   8.3797155821e-03   1.5000097793e-21   5.3021699894e-19  -4.0364212141e-29   7.6436257783e-01  -2.3654485501e+04
  -3.1263824866e-02  -3.1585712055e-02   7.3304100952e-01   2.5957798714e-05   1.5348128609e-01  -4.2268197321e-27  -5.3265621986e-27   4.7852336707e+02   3.9062008445e-03   4.1324940284e-04   1.1443719176e+02   5.9926503345e-07   1.8643447417e-13   1.2761539729e-08   2.1642441792e-01   7.2450256534e-08   8.3237132155e-03   6.1978883466e-08  -6.0154307054e-26   3.4114353567e-27   1.8252838927e-20   6.7809625066e-18   3.9857451312e-06   1.2181578097e-02   5.2464686209e-20   2.0059048834e-18   5.8310148076e-29   7.6306555856e-01  -3.5134872643e+04
  -3.0702677923e-02  -3.0941937678e-02   6.5046047202e-01   2.8123811136e-05   1.9985214986e-01  -8.7766890820e-27  -1.3377392052e-26   5.3865883872e+02   5.2173755488e-03   9.5384741000e-04   3.9011738334e+02   7.7360098142e-07   1.0980481124e-12   3.0866890554e-08   2.1089267527e-01   1.5482280985e-07   1.1474008599e-02   1.2888068493e-07   1.1602738252e-25  -2.5339939576e-26   3.2630062973e-20   9.6914184785e-18   8.6751343415e-06   1.5829396846e-02   6.6458426422e-19   4.1764188862e-18   3.0413852318e-28   7.6179415598e-01  -4.6346819157e+04
  -3.0270137605e-02  -3.0463418168e-02   5.8328582231e-01   3.0224634201e-05   2.4540564900e-01  -9.4497600239e-27  -2.4801160724e-26   5.9994767429e+02   6.5785297174e-03   1.9088030420e-03   1.1141876564e+03   9.1149135899e-07   5.1601876831e-12   6.5247162184e-08   2.0515022023e-01   3.1355707307e-07   1.4777794131e-02   2.2916169288e-07   3.3788221017e-25  -1.3424183783e-25   5.0068069583e-20   1.1060472648e-17   1.4526179807e-05   1.9512259749e-02   5.1178065761e-18   7.0041761946e-18   1.3833387846e-27   7.6054368025e-01  -5.7536862481e+04
  -2.9911555072e-02  -3.0076857042e-02   5.2752155055e-01   3.2277491229e-05   2.9122571040e-01  -4.2739254802e-28  -3.7378233074e-26   6.6252263217e+02   8.0076186383e-03   3.3368633569e-03   2.8556111011e+03   1.0245593450e-06   2.0751243542e-11   1.2829579343e-07   1.9912103395e-01   6.0809708042e-07   1.8187676103e-02   3.7400204180e-07   1.4677296561e-24  -1.1308022026e-23   6.9610495730e-20   1.1114849382e-17   2.1089700284e-05   2.3364215165e-02   2.9112216121e-17   1.1080195929e-17   5.4021332345e-27   7.5930385011e-01  -6.8942676829e+04
  -2.9605713892e-02  -2.9746253102e-02   4.8209246936e-01   3.4219551483e-05   3.3572528079e-01   1.9868290917e-26  -4.7658256431e-26   7.2405557552e+02   9.4520746960e-03   5.1243210243e-03   6.7206812651e+03   1.1192775833e-06   7.2687934350e-11   2.4024857451e-07   1.9302671958e-01   1.1337693245e-06   2.1561238800e-02   5.6891861012e-07   2.4956851096e-24   2.2930764441e-25   8.7983253071e-20   1.0286845211e-17   2.7811467598e-05   2.7272637842e-02   1.3096127221e-16   1.7513257299e-17   2.0349610983e-26   7.5810853003e-01  -8.0098414707e+04
  -2.9336167800e-02  -2.9465174682e-02   4.4495906636e-01   3.6034700150e-05   3.7784499595e-01   4.9161412706e-26  -5.1946230847e-26   7.8354362644e+02   1.0887464530e-02   7.2453156333e-03   1.4744666763e+04   1.2025068722e-06   2.2588310620e-10   4.3514462464e-07   1.8697024054e-01   2.0454069653e-06   2.4854714052e-02   8.1615325775e-07   4.0120482924e-24  -1.9645230403e-24   1.0354180116e-19   9.0059194405e-18   3.4447787818e-05   3.1164108088e-02   4.9155581399e-16   2.8189863088e-17   5.2851600905e-26   7.5697199009e-01  -9.0908016289e+04
  -2.9086438230e-02  -2.9207160918e-02   4.1311763049e-01   3.7793709757e-05   4.1910103692e-01   8.6345450276e-26  -4.7957713299e-26   8.4294305097e+02   1.2357499344e-02   9.8491570432e-03   3.1191792668e+04   1.2821085246e-06   6.5575915238e-10   7.8667087718e-07   1.8076698770e-01   3.6676664203e-06   2.8162916599e-02   1.1233037151e-06   7.7936907605e-24  -4.1033053882e-24   1.1449080713e-19   7.5113848024e-18   4.1182534994e-05   3.5173962626e-02   1.6636928471e-15   4.6951731525e-17   1.5906834239e-25   7.5584809013e-01  -1.0164175932e+05
  -2.8851525263e-02  -2.8965715543e-02   3.8543599017e-01   3.9508184026e-05   4.5979455860e-01   1.2939605271e-25  -3.1903780484e-26   9.0244064579e+02   1.3867656195e-02   1.2995452886e-02   6.3286657796e+04   1.3643578911e-06   1.7777730591e-09   1.4216695228e-06   1.7439357559e-01   6.5388763015e-06   3.1490379040e-02   1.4798463727e-06  -2.0386915334e-23   1.6854925426e-24   1.1925376127e-19   6.0010671628e-18   4.8116607201e-05   3.9334304562e-02   5.1321800271e-15   7.9478897985e-17   5.8819748782e-25   7.5472281767e-01  -1.1241183852e+05
  -2.8628520857e-02  -2.8737334984e-02   3.6116340217e-01   4.1182065842e-05   4.9996854456e-01   1.7730687926e-25  -2.5253755824e-27   9.6200723212e+02   1.5417625156e-02   1.6722471455e-02   1.2213330492e+05   1.4583605701e-06   4.4844751146e-09   2.5515924172e-06   1.6785089715e-01   1.1533292341e-05   3.4833029390e-02   1.8617059723e-06  -3.0076898670e-23   2.9006927377e-24   1.1738437812e-19   4.6174889018e-18   5.5443040118e-05   4.3653584131e-02   1.4479742889e-14   1.3336584626e-16   1.8650616057e-24   7.5358963686e-01  -1.2328476420e+05
  -2.8417382788e-02  -2.8519706730e-02   3.3992228679e-01   4.2802252568e-05   5.3919352209e-01   2.3040919328e-25   4.8955601271e-26   1.0210124600e+03   1.6990118537e-02   2.1004074592e-02   2.2241162612e+05   1.5777345399e-06   1.0474944812e-08   4.4857463694e-06   1.6121134442e-01   1.9895567556e-05   3.8153869858e-02   2.2401059879e-06   5.2354273722e-23   4.7141551571e-24   1.1029282591e-19   3.4706980245e-18   6.3436280963e-05   4.8086865064e-02   3.7359118635e-14   2.1750457737e-16   5.7774970163e-24   7.5245627475e-01  -1.3420492119e+05
  -2.8216205101e-02  -2.8315058845e-02   3.2123074323e-01   4.4368720237e-05   5.7738423310e-01   2.7465487307e-25   1.1983279596e-25   1.0792922131e+03   1.8581545312e-02   2.5828050840e-02   3.8192894369e+05   1.7445634196e-06   2.2726321493e-08   7.6459430748e-06   1.5448940247e-01   3.3273435999e-05   4.1448234165e-02   2.5984858269e-06   6.4337102930e-23  -6.5391702272e-23   1.0323489277e-19   2.6273527919e-18   7.2638876232e-05   5.2623518175e-02   8.8918184213e-14   3.4474662671e-16   1.7114311966e-23   7.5132092116e-01  -1.4532207227e+05
  -2.8020976172e-02  -2.8117351357e-02   3.0446056707e-01   4.5904499688e-05   6.1502625623e-01   3.2140008163e-25   2.1134868482e-25   1.1375763691e+03   2.0211942865e-02   3.1275939430e-02   6.2715054179e+05   1.9974666948e-06   4.6728930365e-08   1.2681676760e-05   1.4759961256e-01   5.4117653901e-05   4.4757559801e-02   2.9405419602e-06  -6.8248159898e-23   1.1879578562e-23   1.0301421025e-19   2.1540850286e-18   8.4088534348e-05   5.7321119424e-02   2.0066545995e-13   5.4396847324e-16   4.9348587012e-23   7.5016583562e-01  -1.5680515175e+05
  -2.7830354621e-02  -2.7924600986e-02   2.8932182378e-01   4.7412794275e-05   6.5216368737e-01   3.2297066451e-25   3.2430843364e-25   1.1958980066e+03   2.1884373573e-02   3.7374750265e-02   9.9042682516e+05   2.3953762375e-06   9.1754533727e-08   2.0436160033e-05   1.4052820081e-01   8.5419673923e-05   4.8085635779e-02   3.2713725628e-06   2.6637443541e-22   2.2812004760e-23   1.2487936066e-19   2.1922716638e-18   9.9304960172e-05   6.2189274711e-02   4.3577985790e-13   8.7663751475e-16   1.4186484272e-22   7.4898596940e-01  -1.6872719333e+05
  -2.7643569924e-02  -2.7736108256e-02   2.7561303268e-01   4.8892657561e-05   6.8876972321e-01   2.6849837224e-25   4.5843816188e-25   1.2541410059e+03   2.3598849131e-02   4.4139292697e-02   1.5097167975e+06   3.0266153406e-06   1.7282887012e-07   3.1955396841e-05   1.3327458973e-01   1.3065721710e-04   5.1428738823e-02   3.5944897784e-06   7.0064868639e-22   5.8845015495e-23   2.0966843631e-19   3.1131205860e-18   1.2062721564e-04   6.7227765206e-02   9.2159867655e-13   1.4773131442e-15   4.1606094685e-22   7.4777887248e-01  -1.8116217232e+05
  -2.7459843703e-02  -2.7551031592e-02   2.6316033613e-01   5.0343447617e-05   7.2485143120e-01   2.2275856584e-25   6.1498277174e-25   1.3122047240e+03   2.5356808339e-02   5.1582003967e-02   2.2280113289e+06   4.0206750257e-06   3.1354417140e-07   4.8486253202e-05   1.2583289737e-01   1.9373820672e-04   5.4784527895e-02   3.9098649342e-06   2.4487213106e-21   2.0157841798e-22   4.8075461580e-19   6.1192447592e-18   1.5166657803e-04   7.2438943706e-02   1.9180444993e-12   2.6434120576e-15   1.2670049476e-21   7.4654149590e-01  -1.9420814915e+05
  -2.7278970065e-02  -2.7368655813e-02   2.5185072064e-01   5.1759933527e-05   7.6032867063e-01   6.9911583812e-26   7.9172962808e-25   1.3698044390e+03   2.7155084669e-02   5.9664087937e-02   3.1877705626e+06   5.5571838034e-06   5.4885454345e-07   7.1348576004e-05   1.1821810985e-01   2.7853905449e-04   5.8140517412e-02   4.2124133310e-06   1.0682308632e-20   8.6170184192e-22   1.4142781290e-18   1.5584880384e-17   1.9776935675e-04   7.7809111865e-02   3.9493616254e-12   5.0275644570e-15   4.0469975393e-21   7.4527428543e-01  -2.0794312047e+05
  -2.7099964301e-02  -2.7189284317e-02   2.4154672088e-01   5.3141876746e-05   7.9528333987e-01   4.1216776864e-26   9.9008487919e-25   1.4268568518e+03   2.8998415359e-02   6.8357778006e-02   4.4282573525e+06   7.8851445704e-06   9.2952442526e-07   1.0189601339e-04   1.1041399811e-01   3.8895720950e-04   6.1498105993e-02   4.4927919658e-06   5.6399537143e-20   4.4576968842e-21   5.1669184383e-18   4.9600520019e-17   2.6694064504e-04   8.3344632849e-02   8.0681293808e-12   1.0069535927e-14   1.3794672238e-20   7.4397216171e-01  -2.2254978797e+05
  -2.6921010269e-02  -2.7010644285e-02   2.3209126866e-01   5.4494835754e-05   8.2997998297e-01   8.5592996688e-27   1.2113348810e-24   1.4835289059e+03   3.0901784812e-02   7.7661016352e-02   5.9917137178e+06   1.1368623419e-05   1.5313989833e-06   1.4161115342e-04   1.0236442651e-01   5.2933890491e-04   6.4874170063e-02   4.7416871321e-06   3.6373621843e-19   2.8164078647e-20   2.3574048525e-17   1.9739975767e-16   3.7170967932e-04   8.9078582050e-02   1.6418984367e-11   2.1028099849e-14   5.3174948564e-20   7.4262251991e-01  -2.3830817338e+05
  -2.6740822905e-02  -2.6831376253e-02   2.2339205806e-01   5.5818100661e-05   8.6458069629e-01  -1.4069090201e-26   1.4592880256e-24   1.5397402682e+03   3.2875845456e-02   8.7494316092e-02   7.9050257924e+06   1.6509450500e-05   2.4610723010e-06   1.9164510898e-04   9.4037082073e-02   7.0316429806e-04   6.8274038573e-02   4.9456435164e-06   2.9110843704e-18   2.2042921684e-19   1.3606947364e-16   9.8917102604e-16   5.3065302486e-04   9.5024290130e-02   3.3249527738e-11   4.5242834361e-14   2.6182274788e-19   7.4121521059e-01  -2.5551961617e+05
  -2.6558022053e-02  -2.6650269557e-02   2.1537925057e-01   5.7108962657e-05   8.9926362755e-01  -1.0533269393e-25   1.7391417940e-24   1.5953313109e+03   3.4932777831e-02   9.7723335576e-02   1.0173108909e+07   2.4006965907e-05   3.8665501105e-06   2.5254960816e-04   8.5401488317e-02   9.1260092569e-04   7.1701864209e-02   5.0887056402e-06   3.4213001190e-18   2.4890351439e-18   1.0621243042e-15   6.2978375998e-15   7.7140450726e-04   1.0118901391e-01   6.6865266210e-11   1.0014466929e-13   2.0772857079e-18   7.3973811624e-01  -2.7455897946e+05
  -2.6370773831e-02  -2.6465774549e-02   2.0799122203e-01   5.8364239967e-05   9.3428471276e-01  -2.8547432654e-25   2.0575034845e-24   1.6501273689e+03   3.7090098507e-02   1.0815800918e-01   1.2770738678e+07   3.4861408051e-05   5.9533193071e-06   3.2391222745e-04   7.6417340379e-02   1.1579151046e-03   7.5165742084e-02   5.1526074804e-06   3.5348598544e-16   2.5669018936e-17   9.1032165084e-15   5.1361610187e-14   1.1355964341e-03   1.0757945860e-01   1.3344172101e-10   2.3475198698e-13   2.0943901831e-17   7.3817406770e-01  -2.9592192996e+05
  -2.6176514333e-02  -2.6275773114e-02   2.0117273553e-01   5.9580135153e-05   9.7001678062e-01  -5.6763640347e-25   2.4231912822e-24   1.7039363575e+03   3.9373792431e-02   1.1854017408e-01   1.5627865075e+07   5.0559368406e-05   9.0086718353e-06   4.0374773704e-04   6.7028937139e-02   1.4363964790e-03   7.8680019089e-02   5.1153698291e-06   5.6955934513e-15   4.0354682893e-16   1.1134305650e-13   5.4670644356e-13   1.6873968659e-03   1.1420078510e-01   2.6471990250e-10   7.2727931223e-13   3.3082332253e-16   7.3649803391e-01  -3.2028117596e+05
  -2.5971487388e-02  -2.6077255551e-02   1.9487466835e-01   6.0751613191e-05   1.0070139424e+00  -9.7399686416e-25   2.8492291868e-24   1.7565287790e+03   4.1823556499e-02   1.2852402371e-01   1.8600949630e+07   7.3439139963e-05   1.3439774525e-05   4.8740042803e-04   5.7157641500e-02   1.7402971015e-03   8.2268438558e-02   4.9480943998e-06   1.2173484897e-13   8.3803986614e-15   1.8280362580e-12   7.7271781363e-12   2.5298393030e-03   1.2105213636e-01   5.2458884382e-10   5.2059648560e-12   7.0617053857e-15   7.3467241920e-01  -3.4857881517e+05
  -2.5749882103e-02  -2.5865719225e-02   1.8905544847e-01   6.1870845889e-05   1.0461304086e+00  -1.5392044212e-24   3.3528598780e-24   1.8075830799e+03   4.4502438089e-02   1.3762976517e-01   2.1408751457e+07   1.0748631118e-04   1.9828653314e-05   5.6525893189e-04   4.6692412466e-02   2.0521305960e-03   8.5968939598e-02   4.6088744644e-06   3.5913710373e-12   2.3853093952e-13   4.1807491620e-11   1.4922819568e-10   3.8397914287e-03   1.2811091354e-01   1.0510056123e-09   9.4224095985e-11   2.0548982950e-13   7.3263862826e-01  -3.8217313469e+05
  -2.5500558513e-02  -2.5634044981e-02   1.8365313704e-01   6.2929946392e-05   1.0890169518e+00  -2.3140378534e-24   3.9644187842e-24   1.8568526713e+03   4.7534340820e-02   1.4515119675e-01   2.3488447845e+07   1.6063494801e-04   2.9021881889e-05   6.1740916971e-04   3.5417125345e-02   2.3334605392e-03   8.9864882989e-02   4.0265780278e-06   1.5432843419e-10   9.7965029489e-12   1.4083095192e-09   4.1234877714e-09   5.9660649423e-03   1.3532039196e-01   2.2989902071e-09   2.8523366555e-09   8.5032060197e-12   7.3028697079e-01  -4.2327373044e+05
  -2.5196801957e-02  -2.5367072044e-02   1.7852769016e-01   6.3924039093e-05   1.1396376295e+00  -3.4213197285e-24   4.7363723737e-24   1.9044732503e+03   5.1220011950e-02   1.4949167667e-01   2.3858619258e+07   2.5377181015e-04   4.2074807578e-05   5.9504666513e-04   2.2844562816e-02   2.4786635105e-03   9.4166133640e-02   3.0576333991e-06   1.0234709072e-08   6.1663044417e-10   7.6325568420e-08   1.7941593259e-07   9.7992418983e-03   1.4244990887e-01   1.2020700146e-08   1.2625542948e-07   5.2712400238e-10   7.2736713296e-01  -4.7584490474e+05
  -2.4740293271e-02  -2.5026531869e-02   1.7315072146e-01   6.4861645108e-05   1.2124733301e+00  -5.2268253190e-24   5.8238206643e-24   1.9524169335e+03   5.6646056968e-02   1.5819903457e-01   3.2899672804e+07   4.8412082743e-04   5.5724703210e-05   3.3005483315e-04   7.7596058318e-03   1.9913831555e-03   9.9502999330e-02   1.3544971951e-06   1.0435437460e-06   5.7933319081e-08   7.6943617378e-06   1.5660065948e-05   1.9059616304e-02   1.4774342468e-01   3.6825508480e-07   7.6616315760e-06   4.6625423691e-08   7.2303918342e-01  -5.4569531945e+05
  -2.4050414466e-02  -2.4454054673e-02   1.7193167773e-01   6.4340482045e-05   1.3154394957e+00  -7.5285090264e-24   6.8806470856e-24   1.9413998178e+03   6.5144078655e-02   2.3078904789e-01   1.7715669577e+07   1.0388792918e-03   7.0904173328e-06   1.8721586263e-06   1.5303857725e-03   1.1159049147e-04   1.0154706970e-01   3.4353415964e-07   7.3479641203e-06   3.3705249884e-07   5.9119913237e-04   2.7652465629e-03   3.8552127327e-02   1.3652810765e-01   4.7612590634e-07   1.2122500401e-04   2.4563162273e-07   7.1719645619e-01  -5.6088540795e+05
  -2.3410216348e-02  -2.3646774260e-02   1.7735326816e-01   6.2273938261e-05   1.4020689607e+00  -6.5004077093e-24   6.5898725327e-24   1.8645308656e+03   7.5757492063e-02   3.3081100428e-01  -6.5594826689e+05   1.1945651036e-03   2.2311695062e-06   1.2998444168e-07   7.2257516273e-04   2.5287020107e-05   9.9343387483e-02   1.1774458732e-07   2.8297242122e-06   1.1645259571e-07   8.3632794135e-04   1.2575217205e-02   4.3391369370e-02   1.3272009734e-01   1.4492875039e-07   9.2373509543e-05   9.0723965500e-08   7.0909313913e-01  -6.2247619729e+05
  -2.2949158774e-02  -2.3173658436e-02   1.8156879036e-01   6.0736839696e-05   1.4636769266e+00  -4.7022354866e-24   5.9796912912e-24   1.8087655995e+03   8.4533210625e-02   3.9795594182e-01  -1.5699577784e+06   1.2532905091e-03   1.4271654392e-06   4.1676105059e-08   4.6193435775e-04   1.3470032431e-05   9.7587822514e-02   6.8126114432e-08   1.7975548351e-06   6.8460570241e-08   8.8663116309e-04   2.1372553844e-02   4.5262605927e-02   1.3072093406e-01   8.7976917913e-08   7.2977069194e-05   5.6873967363e-08   7.0236423269e-01  -6.7112977590e+05
  -2.2501585557e-02  -2.2724659112e-02   1.8574406521e-01   5.9230377571e-05   1.5234058402e+00  -2.4781656643e-24   5.1627365375e-24   1.7555466292e+03   9.4162364431e-02   4.7627954808e-01  -1.0643167296e+06   1.2802440271e-03   9.5597031472e-07   1.6439980397e-08   3.3757966152e-04   7.7054101913e-06   9.5846766572e-02   4.5503357746e-08   1.1206928188e-06   3.9523218038e-08   8.6360174568e-04   3.1368495122e-02   4.6223136902e-02   1.2902161121e-01   5.4461392801e-08   5.6009230822e-05   3.5278418472e-08   6.9499258225e-01  -7.2045818690e+05
  -2.2053623771e-02  -2.2278512002e-02   1.9005166503e-01   5.7693597003e-05   1.5838502044e+00  -2.9717935103e-25   4.2498255936e-24   1.7024515163e+03   1.0496572367e-01   5.6156165610e-01  -4.8252267955e+05   1.2877877352e-03   6.2936067553e-07   7.0838272239e-09   2.8179632600e-04   4.3651337106e-06   9.4082190748e-02   3.4096853446e-08   6.4169217698e-07   2.0882563132e-08   7.7862773728e-04   4.2792681063e-02   4.6676803530e-02   1.2732531935e-01   3.1862279209e-08   4.1134528341e-05   2.0241923283e-08   6.8672790862e-01  -7.7300292592e+05
  -2.1604693914e-02  -2.1828735541e-02   1.9457082708e-01   5.6109482706e-05   1.6456400841e+00   1.4158013930e-24   3.3199836368e-24   1.6486933959e+03   1.1702355333e-01   6.5213881912e-01  -7.3480894683e+04   1.2834960958e-03   4.0464465076e-07   3.2931408677e-09   2.6747700229e-04   2.4086849597e-06   9.2284696313e-02   2.8613459951e-08   3.3724275554e-07   1.0073064413e-08   6.5827618864e-04   5.5653932721e-02   4.6827748356e-02   1.2549996773e-01   1.7596682049e-08   2.9145352304e-05   1.0743528004e-08   6.7749203935e-01  -8.2995350701e+05
  -2.1159639615e-02  -2.1380652288e-02   1.9930950546e-01   5.4488665545e-05   1.7086440556e+00   2.5083358052e-24   2.4329294035e-24   1.5944927141e+03   1.3024625870e-01   7.4602038917e-01   1.4272690332e+05   1.2726522577e-03   2.5675099187e-07   1.6628945954e-09   2.7900202005e-04   1.3015273433e-06   9.0462006169e-02   2.6231561981e-08   1.6659433846e-07   4.5406993899e-09   5.3116326297e-04   6.9800372346e-02   4.6786666039e-02   1.2350707873e-01   9.4338056550e-09   2.0344392320e-05   5.4065307456e-09   6.6733894263e-01  -8.9150266896e+05
  -2.0721450264e-02  -2.0938626942e-02   2.0426419655e-01   5.2843431568e-05   1.7730498627e+00   3.0111935238e-24   1.6406481932e-24   1.5401787788e+03   1.4456083643e-01   8.4299122105e-01   2.1747579876e+05   1.2585011605e-03   1.6298638172e-07   9.0721774195e-10   3.0585339014e-04   6.9612693313e-07   8.8617553402e-02   2.5350489741e-08   7.9739144242e-08   1.9713580324e-09   4.1700964840e-04   8.5119673393e-02   4.6607402418e-02   1.2134263238e-01   5.0938801329e-09   1.4338921243e-05   2.6616863028e-09   6.5631606045e-01  -9.5767974831e+05
  -2.0290807253e-02  -2.0504273587e-02   2.0943796377e-01   5.1181333417e-05   1.8394649198e+00   3.0959911126e-24   9.8933257315e-25   1.4859599641e+03   1.5995913835e-01   9.4388958185e-01   2.1304245851e+05   1.2427281876e-03   1.0477967645e-07   5.2684443056e-10   3.4129999769e-04   3.7233111916e-07   8.6748835467e-02   2.5218653507e-08   3.8029157069e-08   8.4736197586e-10   3.2407223552e-04   1.0158740080e-01   4.6312938982e-02   1.1900757400e-01   2.8692016838e-09   1.0443086284e-05   1.3195415155e-09   6.4442416133e-01  -1.0286622425e+06
  -1.9867030748e-02  -2.0077340919e-02   2.1484491352e-01   4.9505334185e-05   1.9087493801e+00   2.9078492674e-24   5.0552025993e-25   1.4319112852e+03   1.7649162174e-01   1.0496537250e+00   1.7653930711e+05   1.2260747212e-03   6.8794219965e-08   3.2079682205e-10   3.8140650065e-04   2.0050485446e-07   8.4848864857e-02   2.5634409703e-08   1.8442066362e-08   3.6777291391e-10   2.5249866513e-04   1.1925333439e-01   4.5911868030e-02   1.1649855855e-01   1.7313445875e-09   8.0052034876e-06   6.7301374950e-10   6.3161907262e-01  -1.1048404256e+06
  -1.9448846578e-02  -1.9656720577e-02   2.2050979552e-01   4.7815504099e-05   1.9818618604e+00   2.5767290083e-24   1.8634709067e-25   1.3780199645e+03   1.9425005042e-01   1.1608550015e+00   1.3481601395e+05   1.2087918108e-03   4.6305210539e-08   2.0235655024e-10   4.2391305195e-04   1.0894357376e-07   8.2907221190e-02   2.6720936696e-08   9.1895484332e-09   1.6273079936e-10   1.9869509937e-04   1.3821678585e-01   4.5405941505e-02   1.1380764309e-01   1.1354244839e-09   6.5316706930e-06   3.5737076669e-10   6.1782428371e-01  -1.1867736947e+06
  -1.9034788234e-02  -1.9240972580e-02   2.2646672379e-01   4.6110444028e-05   2.0597878201e+00   2.2087311912e-24   2.1411041692e-27   1.3242278948e+03   2.1335538337e-01   1.2777321955e+00   9.9218174211e+04   1.1908950940e-03   3.1941328545e-08   1.3091039909e-10   4.6731578043e-04   5.9591163243e-08   8.0910624219e-02   2.8786916195e-08   4.7118177812e-09   7.3432431937e-11   1.5830406304e-04   1.5860987171e-01   4.4792828413e-02   1.1092345646e-01   8.1065224001e-10   5.6867369248e-06   1.9822473996e-10   6.0294089127e-01  -1.2751315012e+06
  -1.8623387961e-02  -1.8828603888e-02   2.3275881995e-01   4.4388110685e-05   2.1435357292e+00   1.8405856323e-24  -8.7403689973e-26   1.2704567872e+03   2.3395219620e-01   1.4003532127e+00   7.2319479815e+04   1.1722905212e-03   2.2510747546e-08   8.6064028279e-11   5.1028877188e-04   3.2640172123e-08   7.8843408474e-02   3.2243843670e-08   2.4742150839e-09   3.3590120028e-11   1.2758478535e-04   1.8058979007e-01   4.4067160095e-02   1.0783157026e-01   6.2504008678e-10   5.2508120524e-06   1.1464591343e-10   5.8685256548e-01  -1.3706586865e+06
  -1.8213231661e-02  -1.8418172033e-02   2.3943973764e-01   4.2646093967e-05   2.2341753582e+00   1.4694600678e-24  -1.1712911268e-25   1.2166159144e+03   2.5620861257e-01   1.5283652335e+00   5.3020614089e+04   1.1528299250e-03   1.6142186087e-08   5.7015415004e-11   5.5140071291e-04   1.7779377851e-08   7.6687854330e-02   3.7540906584e-08   1.3205463394e-09   1.5433673302e-11   1.0376804536e-04   2.0433816865e-01   4.3221087910e-02   1.0451388490e-01   5.1367990406e-10   5.0787025931e-06   6.8974821553e-11   5.6942585338e-01  -1.4741742049e+06
  -1.7802938897e-02  -1.8008291289e-02   2.4657564939e-01   4.0881918736e-05   2.3328798482e+00   1.1390059755e-24  -1.1159427673e-25   1.1626104487e+03   2.8031561344e-01   1.6597388068e+00   3.9339992013e+04   1.1323280339e-03   1.1730506608e-08   3.7770228119e-11   5.8900824648e-04   9.5590342713e-09   7.4424389374e-02   4.5067736649e-08   7.1050614330e-10   7.0513354785e-12   8.4935362211e-05   2.3006032055e-01   4.2244805237e-02   1.0094811594e-01   4.4385082772e-10   5.0690061553e-06   4.3244186942e-11   5.5051096065e-01  -1.5865671007e+06
  -1.7391099060e-02  -1.7597586506e-02   2.5424437437e-01   3.9094083971e-05   2.4408811800e+00   8.5736073900e-25  -8.7782155237e-26   1.1083728869e+03   3.0647591871e-01   1.7884777158e+00   2.9539139851e+04   1.1105510450e-03   8.6087004034e-09   2.4847220551e-11   6.2122592698e-04   5.0345783575e-09   7.2031411773e-02   5.4980623554e-08   3.8238793936e-10   3.1717308375e-12   6.9787186416e-05   2.5797361740e-01   4.1127222251e-02   9.7109391714e-02   3.9865668637e-10   5.1452544554e-06   2.8549611216e-11   5.2995157799e-01  -1.7087202202e+06
  -1.6975860777e-02  -1.7184611614e-02   2.6253583888e-01   3.7282616252e-05   2.5593076197e+00   6.3625099603e-25  -5.7775615745e-26   1.0538798726e+03   3.3489743927e-01   1.9035382804e+00   2.2369828136e+04   1.0871625384e-03   6.3604936663e-09   1.6124352701e-11   6.4593151788e-04   2.5777050217e-09   6.9482278145e-02   6.6968364377e-08   2.0435116462e-10   1.3908921131e-12   5.7431720035e-05   2.8830090402e-01   3.9855717137e-02   9.2972761570e-02   3.6928098721e-10   5.2452812860e-06   2.0209828372e-11   5.0759249155e-01  -1.8414200069e+06
  -1.6554942250e-02  -1.6767109939e-02   2.7154431467e-01   3.5450966630e-05   2.6887957694e+00   4.6460292570e-25  -2.9586444277e-26   9.9921003106e+02   3.6576253528e-01   1.9920773469e+00   1.7012969018e+04   1.0616846814e-03   4.7189693052e-09   1.0255015530e-11   6.6073318739e-04   1.2737250621e-09   6.6743857653e-02   8.0070820459e-08   1.0774798463e-10   5.8937795313e-13   4.7256080660e-05   3.2123811820e-01   3.8416376521e-02   8.8520193529e-02   3.5131114252e-10   5.3156923457e-06   1.5483038462e-11   4.8330637790e-01  -1.9851330857e+06
  -1.6126292127e-02  -1.6342774561e-02   2.8136433977e-01   3.3607181548e-05   2.8293421025e+00   3.2658710983e-25  -7.6369340140e-27   9.4456835602e+02   3.9917882888e-01   2.0499176406e+00   1.2949147880e+04   1.0335472633e-03   3.5085111404e-09   6.3527371700e-12   6.6307271965e-04   6.0372450812e-10   6.3781649445e-02   9.2737326297e-08   5.5782197536e-11   2.3959304026e-13   3.8838281530e-05   3.5690180217e-01   3.6797070985e-02   8.3745736795e-02   3.4292858935e-10   5.3101465068e-06   1.2548646557e-11   4.5703287493e-01  -2.1396569315e+06
  -1.5687609058e-02  -1.5909809693e-02   2.9213577395e-01   3.1756875065e-05   2.9811289156e+00   2.1459579190e-25   5.4242531212e-27   8.9006412394e+02   4.3526219318e-01   2.0687679636e+00   9.8322312998e+03   1.0021264953e-03   2.6066526486e-09   3.8045304305e-12   6.5057831013e-04   2.7242859235e-10   6.0559422734e-02   1.0323600138e-07   2.8186391119e-11   9.2598934625e-14   3.1850109776e-05   3.9541715205e-01   3.4986663469e-02   7.8636645058e-02   3.4391026901e-10   5.1912413786e-06   1.0279439765e-11   4.2871026403e-01  -2.3049467041e+06
  -1.5240480517e-02  -1.5465408423e-02   3.0393865595e-01   2.9919704681e-05   3.1429068698e+00   1.3198294182e-25   7.2528753124e-27   8.3621306218e+02   4.7380830946e-01   2.0477292805e+00   7.4358832251e+03   9.6708563858e-04   1.9317024490e-09   2.1931590138e-12   6.2155334034e-04   1.1686959438e-10   5.7068821574e-02   1.0996401595e-07   1.3878439532e-11   3.3928973250e-14   2.6072293636e-05   4.3656737616e-01   3.2992131582e-02   7.3220230389e-02   3.5456675572e-10   4.9342646538e-06   8.2284263044e-12   3.9853168236e-01  -2.4795724712e+06
  -1.4796091405e-02  -1.5015552611e-02   3.1657620324e-01   2.8152260438e-05   3.3090221794e+00   7.0539380122e-26   3.0887505349e-27   7.8459821551e+02   5.1363148425e-01   1.9834298780e+00   5.6110105604e+03   9.2899940126e-04   1.4307204925e-09   1.2275560475e-12   5.7673172699e-04   4.8589355632e-11   5.3387586861e-02   1.1177482065e-07   6.7436896475e-12   1.2011493226e-14   2.1389507105e-05   4.7908787534e-01   3.0875096544e-02   6.7658465126e-02   3.7338196547e-10   4.5419655750e-06   6.3759371088e-12   3.6745919989e-01  -2.6576113121e+06
  -1.4359169227e-02  -1.4576630199e-02   3.3001809405e-01   2.6478200895e-05   3.4756650432e+00   2.3361848198e-26  -2.7010239381e-27   7.3579320370e+02   5.5388721482e-01   1.8755629826e+00   4.1980950694e+03   8.8823791017e-04   1.0530351683e-09   6.7044491671e-13   5.1896261051e-04   1.9786280031e-11   4.9569399542e-02   1.0835486106e-07   3.2374185896e-12   4.1263534427e-15   1.7587553305e-05   5.2207783303e-01   2.8685676792e-02   6.2060895443e-02   3.9519697793e-10   4.0402925335e-06   4.7622601789e-12   3.3617725700e-01  -2.8352263421e+06
  -1.3922638582e-02  -1.4141708255e-02   3.4455569404e-01   2.4877313196e-05   3.6430223589e+00  -1.0592335793e-26  -8.3854659190e-27   6.8913923015e+02   5.9474529660e-01   1.7249965450e+00   3.0540920057e+03   8.4412782720e-04   7.5661610562e-10   3.5514645324e-13   4.5055675296e-04   7.8252385016e-12   4.5577035472e-02   9.9509253163e-08   1.5086574132e-12   1.3447687563e-15   1.4418546435e-05   5.6571968783e-01   2.6419784803e-02   5.6395323916e-02   4.0949294245e-10   3.4532315828e-06   3.3785299692e-12   3.0457551094e-01  -3.0128814225e+06
  -1.3478784283e-02  -1.3703568909e-02   3.6055882789e-01   2.3332047419e-05   3.8112271333e+00  -3.4321983853e-26  -1.2388308399e-26   6.4407284463e+02   6.3636161362e-01   1.5331730604e+00   2.0945642094e+03   7.9583033446e-04   5.1703443804e-10   1.8196801212e-13   3.7427186744e-04   2.9777961689e-12   4.1374666414e-02   8.5293209102e-08   6.6740942154e-13   4.0380829075e-16   1.1701852263e-05   6.1018162432e-01   2.4072686689e-02   5.0632448785e-02   4.0017981315e-10   2.8099341974e-06   2.2195782745e-12   2.7255387359e-01  -3.1909856594e+06
  -1.3018374356e-02  -1.3253999656e-02   3.7851751014e-01   2.1826336270e-05   3.9803786563e+00  -4.6478785379e-26  -1.2310911805e-26   6.0008868638e+02   6.7887717742e-01   1.3049574854e+00   1.2906461314e+03   7.4229178506e-04   3.2343292636e-10   8.9638703666e-14   2.9355323515e-04   1.0691424416e-12   3.6928237420e-02   6.6750225827e-08   2.7142082965e-13   1.0705257270e-16   9.2936865554e-06   6.5561673526e-01   2.1639053769e-02   4.4745769765e-02   3.5304992690e-10   2.1456795667e-06   1.2976556996e-12   2.4002285197e-01  -3.3699237499e+06
  -1.2529287830e-02  -1.2782749056e-02   3.9910392756e-01   2.0344621893e-05   4.1505813695e+00  -4.3616738450e-26  -4.3209835229e-27   5.5671345072e+02   7.2241592653e-01   1.0498874118e+00   6.6702875901e+02   6.8216964597e-04   1.7601816835e-10   4.1311888340e-14   2.1279256548e-04   3.4571907087e-13   3.2207008880e-02   4.6507968863e-08   9.8198083291e-14  -9.2818310572e-17   7.0790164912e-06   7.0216100581e-01   1.9112309239e-02   3.8711851814e-02   2.7001469422e-10   1.5027699774e-06   6.3905544560e-13   2.0690423330e-01  -3.5500809628e+06
  -1.1994102578e-02  -1.2275826604e-02   4.2326081922e-01   1.8871387678e-05   4.3219611030e+00  -3.2444453549e-26  -1.4058125643e-27   5.1350117409e+02   7.6707000971e-01   7.8313315333e-01   2.6450445827e+02   6.1373280891e-04   7.8590220651e-11   1.6763958648e-14   1.3755816662e-04   9.2506719674e-14   2.7188419100e-02   2.8207153647e-08   2.8305746551e-14  -2.5433252568e-17   4.9929999873e-06   7.4991820613e-01   1.6483003673e-02   3.2512745935e-02   1.7444682652e-10   9.3018301843e-07   2.4820321754e-13   1.7314038254e-01  -3.7318258106e+06
  -1.1385401440e-02  -1.1712378553e-02   4.5230472225e-01   1.7392043280e-05   4.4946553130e+00  -2.6524284889e-26  -8.5508120034e-27   4.7007990083e+02   8.1285560957e-01   5.2579948452e-01   7.2246968276e+01   5.3477819956e-04   2.7172188529e-11   5.5492610669e-15   7.4548335134e-05   1.8197088331e-14   2.1870536932e-02   1.4606229764e-08   5.9225300370e-15  -3.8228822489e-18   3.0732068220e-06   7.9891381024e-01   1.3734846111e-02   2.6142930121e-02   9.5315736534e-11   4.7899641105e-07   7.1317855848e-14   1.3872498313e-01  -3.9153699475e+06
  -1.0654314586e-02  -1.1058424327e-02   4.8800001235e-01   1.5895602559e-05   4.6689891286e+00  -7.8179679843e-27  -3.5829705031e-27   4.2627005853e+02   8.5966953373e-01   3.0425137323e-01   1.1854896237e+01   4.4259990168e-04   6.8667140593e-12   1.3739379068e-15   3.0419410112e-05   2.2511714558e-15   1.6292945754e-02   6.1732426295e-09   8.1413330390e-16  -2.4027547400e-19   1.4975571679e-06   8.4905074592e-01   1.0831036352e-02   1.9614877215e-02   4.5612807010e-11   1.8708955860e-07   1.4804710775e-14   1.0373568457e-01  -4.1005508122e+06
  -9.6430408939e-03  -1.0250204846e-02   5.3542089796e-01   1.4293886775e-05   4.8560158691e+00  -1.0657055063e-27  -8.7970790800e-28   3.7976925979e+02   9.0974831643e-01   1.2796466095e-01   8.2619183575e-01   3.2826723681e-04   1.0628203082e-12   1.9546812967e-16   7.0956080015e-06   1.1738050690e-16   1.0268489342e-02   1.6777038060e-09   8.5943580094e-17  -3.8257408776e-21   4.5509764257e-07   9.0275065740e-01   7.5170240137e-03   1.2606035676e-02   2.1429495312e-11   4.4926668379e-08   1.7754786098e-14   6.6521928998e-02  -4.2967878541e+06
  -7.6131169431e-03  -9.0358769419e-03   5.9734527112e-01   1.2642147686e-05   5.0479795144e+00  -3.8905180800e-29  -5.8149245216e-29   3.3275280609e+02   9.6140093090e-01   2.2206298879e-02   2.3448375902e-02   1.6775841134e-04   8.4600705530e-14   1.0757075177e-17   5.2887229292e-07   1.3123082054e-18   4.1601074713e-03   1.5775357074e-10   6.1989715914e-18  -1.1927322668e-24   5.1228303292e-08   9.5829693113e-01   3.6080328549e-03   5.4559707020e-03   2.6316615953e-11   4.5329539579e-09   1.0277000190e-13   2.8310614613e-02  -4.4980555832e+06
  -3.0951805900e-03  -6.1903569443e-03   6.3470227360e-01   1.1805654645e-05   5.1498999170e+00  -3.4360077125e-31  -1.3012479552e-30   3.0957183237e+02   9.8826215792e-01   6.1589837805e-04   3.6453361969e-04   5.9314561092e-05   6.5876684839e-15   2.3398983226e-19   1.5187926415e-08   5.1964485063e-21   1.1864201984e-03   5.6839153494e-12   2.3980381656e-19   3.1696939494e-28   2.6381638699e-09   9.8728488865e-01   1.2146391485e-03   1.6864883339e-03   1.0949664097e-11   2.7132184912e-10   1.9749621950e-14   8.5682309988e-03  -4.6012416803e+06
   3.0951721162e-03  -4.2357491681e-09   6.3470230927e-01   1.1805653892e-05   5.1499000098e+00   2.2978526295e-31  -7.7540041970e-31   3.0957181173e+02   9.8826218245e-01   6.1588939443e-04   3.6454768860e-04   5.9314453396e-05   6.5887470878e-15   2.3407272892e-19   1.5187789692e-08   5.1972666305e-21   1.1864175808e-03   5.6838588298e-12   2.3984915028e-19   3.1701383980e-28   2.6381612585e-09   9.8728491516e-01   1.2146368119e-03   1.6864848565e-03   1.0949855312e-11   2.7132023360e-10   1.9750058309e-14   8.5682130280e-03  -4.6012417740e+06
   7.6131058209e-03   6.1903484682e-03   5.9734556141e-01   1.2642140817e-05   5.0479793734e+00   1.4181424316e-29  -2.7125155355e-29   3.3275261328e+02   9.6140114607e-01   2.2206119011e-02   2.3448354134e-02   1.6775769340e-04   8.4604750496e-14   1.0758403702e-17   5.2885845294e-07   1.3123800428e-18   4.1600824428e-03   1.5775525303e-10   6.1999343788e-18  -1.1927473682e-24   5.1227937957e-08   9.5829716274e-01   3.6080157495e-03   5.4559408227e-03   2.6316213286e-11   4.5328606391e-09   1.0276276668e-13   2.8310455747e-02  -4.4980564174e+06
   9.6430318458e-03   9.0358631737e-03   5.3542123463e-01   1.4293876689e-05   4.8560145741e+00   2.7119193502e-28  -3.2716790186e-28   3.7976896834e+02   9.0974862639e-01   1.2796359230e-01   8.2617656077e-01   3.2826643692e-04   1.0628084813e-12   1.9546854057e-16   7.0955036269e-06   1.1738041624e-16   1.0268451917e-02   1.6777204876e-09   8.5949065028e-17  -3.8257274742e-21   4.5510238953e-07   9.0275099006e-01   7.5170028065e-03   1.2605992743e-02   2.1425364097e-11   4.4926050538e-08   1.7707529449e-14   6.6521698805e-02  -4.2967890784e+06
   1.0654311442e-02   1.0250200518e-02   4.8800014828e-01   1.5895597386e-05   4.6689889735e+00   1.6123405353e-27  -1.4438008887e-27   4.2626990765e+02   8.5966969640e-01   3.0425030004e-01   1.1855133368e+01   4.4259960759e-04   6.8666929697e-12   1.3739119467e-15   3.0419253751e-05   2.2511741718e-15   1.6292926456e-02   6.1731833129e-09   8.1417803342e-16  -2.4034681129e-19   1.4975936983e-06   8.4905092005e-01   1.0831026221e-02   1.9614854459e-02   4.5612514917e-11   1.8708848786e-07   1.4803937397e-14   1.0373556304e-01  -4.1005514530e+06
   1.1385397806e-02   1.1058422366e-02   4.5230488686e-01   1.7392035432e-05   4.4946549855e+00   5.5093217557e-27  -8.0743907715e-28   4.7007967275e+02   8.1285586341e-01   5.2579871908e-01   7.2243956713e+01   5.3477781539e-04   2.7170132848e-11   5.5489947939e-15   7.4548020638e-05   1.8194356055e-14   2.1870507796e-02   1.4606104403e-08   5.9222595896e-15  -3.7511899909e-18   3.0732895760e-06   7.9891408170e-01   1.3734830849e-02   2.6142893959e-02   9.5314564268e-11   4.7899400473e-07   7.1315395719e-14   1.3872479285e-01  -3.9153709328e+06
   1.1994095906e-02   1.1712373247e-02   4.2326109172e-01   1.8871372273e-05   4.3219607998e+00   2.5456701469e-26   3.1454717261e-27   5.1350072367e+02   7.6707048943e-01   7.8313118028e-01   2.6448394300e+02   6.1373202704e-04   7.8582848553e-11   1.6763589072e-14   1.3755742107e-04   9.2522826032e-14   2.7188364036e-02   2.8207091994e-08   2.8269328014e-14  -1.7081556561e-17   4.9931120420e-06   7.4991871921e-01   1.6482975136e-02   3.2512679464e-02   1.7433783943e-10   9.3017732304e-07   2.4814328655e-13   1.7314002096e-01  -3.7318277233e+06
   1.2529279980e-02   1.2275818565e-02   3.9910424038e-01   2.0344601158e-05   4.1505805641e+00   6.3056417017e-26  -3.9106254811e-27   5.5671284251e+02   7.2241654460e-01   1.0498830920e+00   6.6699016792e+02   6.8216873936e-04   1.7599826313e-10   4.1303732193e-14   2.1279144564e-04   3.4568742439e-13   3.2206940042e-02   4.6507168638e-08   9.6550165970e-14   2.3413954962e-17   7.0791388261e-06   7.0216166659e-01   1.9112272921e-02   3.8711766796e-02   2.6995662618e-10   1.5027611593e-06   6.3887250225e-13   2.0690376461e-01  -3.5500835003e+06
   1.3018367699e-02   1.2782741395e-02   3.7851776821e-01   2.1826316355e-05   3.9803778705e+00   6.9223976410e-26  -4.3934236279e-27   6.0008810208e+02   6.7887774570e-01   1.3049526474e+00   1.2902520201e+03   7.4229105835e-04   3.2332347141e-10   8.9640670637e-14   2.9355213935e-04   1.0670903691e-12   3.6928176712e-02   6.6749480806e-08   2.7212856695e-13   1.0705781256e-16   9.2937883812e-06   6.5561734250e-01   2.1639020926e-02   4.4745691426e-02   3.5299392723e-10   2.1456705735e-06   1.2977023263e-12   2.4002241835e-01  -3.3699261406e+06
   1.3478779522e-02   1.3253994003e-02   3.6055900453e-01   2.3332031652e-05   3.8112266793e+00   7.4624634051e-26  -2.9825163353e-27   6.4407238273e+02   6.3636204390e-01   1.5331694209e+00   2.0945906958e+03   7.9582985923e-04   5.1703708116e-10   1.8196818587e-13   3.7427103984e-04   2.9777899685e-12   4.1374622248e-02   8.5292820642e-08   6.6741970777e-13   4.0381015611e-16   1.1701924697e-05   6.1018208388e-01   2.4072662309e-02   5.0632389208e-02   4.0018217420e-10   2.8099271845e-06   2.2195837325e-12   2.7255354339e-01  -3.1909875026e+06
   1.3922635392e-02   1.3703565042e-02   3.4455580689e-01   2.4877301647e-05   3.6430219409e+00   9.7870917903e-26  -1.3315106616e-27   6.8913889228e+02   5.9474559641e-01   1.7249943725e+00   3.0541113795e+03   8.4412754594e-04   7.5661733970e-10   3.5514604075e-13   4.5055620379e-04   7.8252217952e-12   4.5577005863e-02   9.9509040756e-08   1.5086636714e-12   1.3447706413e-15   1.4418596768e-05   5.6572000789e-01   2.6419768217e-02   5.6395282191e-02   4.0949453804e-10   3.4532268256e-06   3.3785346755e-12   3.0457527958e-01  -3.0128827279e+06
   1.4359167227e-02   1.4141705741e-02   3.3001816145e-01   2.6478193054e-05   3.4756646185e+00   1.5891413661e-25  -1.1760367413e-27   7.3579297436e+02   5.5388740733e-01   1.8755619449e+00   4.1981110771e+03   8.8823776412e-04   1.0530362953e-09   6.7044449821e-13   5.1896228573e-04   1.9786249039e-11   4.9569381185e-02   1.0835477339e-07   3.2374254232e-12   4.1263552972e-15   1.7587586917e-05   5.2207803844e-01   2.8685666508e-02   6.2060868458e-02   3.9519803711e-10   4.0402896898e-06   4.7622653060e-12   3.3617710765e-01  -2.8352271928e+06
   1.4796090313e-02   1.4576628712e-02   3.1657623872e-01   2.8152255780e-05   3.3090217457e+00   2.6365451557e-25  -2.2375641473e-28   7.8459807910e+02   5.1363159173e-01   1.9834295411e+00   5.6110230840e+03   9.2899934841e-04   1.4307214922e-09   1.2275557899e-12   5.7673156049e-04   4.8589315086e-11   5.3387576941e-02   1.1177479644e-07   6.7436977251e-12   1.2011496954e-14   2.1389529612e-05   4.7908798990e-01   3.0875091179e-02   6.7658449837e-02   3.7338256675e-10   4.5419641206e-06   6.3759421895e-12   3.6745911610e-01  -2.6576117934e+06
   1.5240480122e-02   1.5015551914e-02   3.0393866933e-01   2.9919702713e-05   3.1429064320e+00   4.2589126939e-25  -1.7333129168e-27   8.3621300427e+02   4.7380835170e-01   2.0477292999e+00   7.4358931321e+03   9.6708564881e-04   1.9317034573e-09   2.1931593432e-12   6.2155326851e-04   1.1686958237e-10   5.7068817816e-02   1.0996401385e-07   1.3878452136e-11   3.3928992553e-14   2.6072309956e-05   4.3656742105e-01   3.2992129927e-02   7.3220224079e-02   3.5456706001e-10   4.9342640422e-06   8.2284313903e-12   3.9853164925e-01  -2.4795726628e+06
   1.5687609026e-02   1.5465408330e-02   2.9213577618e-01   3.1756874657e-05   2.9811285312e+00   6.5870394189e-25  -7.2238294279e-27   8.9006411210e+02   4.3526220186e-01   2.0687681265e+00   9.8322391513e+03   1.0021265332e-03   2.6066536751e-09   3.8045314567e-12   6.5057826773e-04   2.7242866022e-10   6.0559422002e-02   1.0323600080e-07   2.8186411309e-11   9.2598994929e-14   3.1850122166e-05   3.9541716111e-01   3.4986663723e-02   7.8636643351e-02   3.4391041487e-10   5.1912410346e-06   1.0279444365e-11   4.2871025715e-01  -2.3049467396e+06
   1.6126292154e-02   1.5909809722e-02   2.8136433992e-01   3.3607181475e-05   2.8293418266e+00   9.6575077555e-25  -1.5543661666e-26   9.4456835403e+02   3.9917883069e-01   2.0499178359e+00   1.2949153374e+04   1.0335473038e-03   3.5085119550e-09   6.3527381785e-12   6.6307268046e-04   6.0372461597e-10   6.3781649287e-02   9.2737325377e-08   5.5782219803e-11   2.3959313299e-13   3.8838289420e-05   3.5690180388e-01   3.6797071727e-02   8.3745735953e-02   3.4292865825e-10   5.3101461945e-06   1.2548649916e-11   4.5703287347e-01  -2.1396569347e+06
   1.6554942274e-02   1.6342774587e-02   2.7154431459e-01   3.5450966612e-05   2.6887955827e+00   1.3528714293e-24  -2.3096385541e-26   9.9921003055e+02   3.6576253581e-01   1.9920775012e+00   1.7012972493e+04   1.0616847202e-03   4.7189698891e-09   1.0255016161e-11   6.6073314938e-04   1.2737251683e-09   6.6743857586e-02   8.0070819055e-08   1.0774800417e-10   5.8937805749e-13   4.7256084922e-05   3.2123811853e-01   3.8416377449e-02   8.8520192752e-02   3.5131117084e-10   5.3156920442e-06   1.5483040687e-11   4.8330637749e-01  -1.9851330833e+06
   1.6975860797e-02   1.6767109961e-02   2.6253583871e-01   3.7282616265e-05   2.5593074942e+00   1.8229067314e-24  -2.6560481316e-26   1.0538798730e+03   3.3489743908e-01   1.9035383775e+00   2.2369830127e+04   1.0871625758e-03   6.3604940895e-09   1.6124352856e-11   6.4593148073e-04   2.5777051090e-09   6.9482278140e-02   6.6968362244e-08   2.0435117854e-10   1.3908922071e-12   5.7431721839e-05   2.8830090358e-01   3.9855718196e-02   9.2972760782e-02   3.6928099303e-10   5.2452809939e-06   2.0209829696e-11   5.0759249172e-01  -1.8414200016e+06
   1.7391099078e-02   1.7184611633e-02   2.5424437419e-01   3.9094083998e-05   2.4408810963e+00   2.3621711544e-24  -2.9807429529e-26   1.1083728875e+03   3.0647591820e-01   1.7884777703e+00   2.9539140738e+04   1.1105510815e-03   8.6087007205e-09   2.4847220078e-11   6.2122589032e-04   5.0345783954e-09   7.2031411808e-02   5.4980620964e-08   3.8238794302e-10   3.1717308704e-12   6.9787186505e-05   2.5797361662e-01   4.1127223391e-02   9.7109390879e-02   3.9865667894e-10   5.1452541733e-06   2.8549611681e-11   5.2995157843e-01  -1.7087202138e+06
   1.7802938913e-02   1.7597586522e-02   2.4657564922e-01   4.0881918768e-05   2.3328797928e+00   2.9559255028e-24  -4.5666343172e-26   1.1626104494e+03   2.8031561280e-01   1.6597388364e+00   3.9339992032e+04   1.1323280701e-03   1.1730506865e-08   3.7770226764e-11   5.8900820982e-04   9.5590342115e-09   7.4424389434e-02   4.5067733900e-08   7.1050612894e-10   7.0513353437e-12   8.4935361025e-05   2.3006031962e-01   4.2244806417e-02   1.0094811506e-01   4.4385081116e-10   5.0690058810e-06   4.3244186359e-11   5.5051096122e-01  -1.5865670941e+06
   1.8213231675e-02   1.8008291303e-02   2.3943973748e-01   4.2646094000e-05   2.2341753218e+00   3.5833482638e-24  -8.0843018978e-26   1.2166159151e+03   2.5620861190e-01   1.5283652500e+00   5.3020613201e+04   1.1528299626e-03   1.6142186311e-08   5.7015412251e-11   5.5140067572e-04   1.7779377582e-08   7.6687854403e-02   3.7540903819e-08   1.3205462883e-09   1.5433672721e-11   1.0376804293e-04   2.0433816769e-01   4.3221089094e-02   1.0451388400e-01   5.1367987805e-10   5.0787023141e-06   6.8974819242e-11   5.6942585399e-01  -1.4741741984e+06
   1.8623387973e-02   1.8418172047e-02   2.3275881979e-01   4.4388110718e-05   2.1435357058e+00   4.2050027593e-24  -1.2607294401e-25   1.2704567878e+03   2.3395219554e-01   1.4003532220e+00   7.2319477435e+04   1.1722905633e-03   2.2510747729e-08   8.6064023019e-11   5.1028873346e-04   3.2640171317e-08   7.8843408550e-02   3.2243840861e-08   2.4742149404e-09   3.3590118107e-11   1.2758478109e-04   1.8058978912e-01   4.4067161257e-02   1.0783156937e-01   6.2504004387e-10   5.2508117288e-06   1.1464590719e-10   5.8685256609e-01  -1.3706586802e+06
   1.9034788246e-02   1.8828603900e-02   2.2646672361e-01   4.6110444061e-05   2.0597878058e+00   4.7610912084e-24  -1.7396039574e-25   1.3242278954e+03   2.1335538274e-01   1.2777322005e+00   9.9218168553e+04   1.1908951460e-03   3.1941328619e-08   1.3091038877e-10   4.6731573932e-04   5.9591160945e-08   8.0910624292e-02   2.8786913174e-08   4.7118173760e-09   7.3432425693e-11   1.5830405554e-04   1.5860987078e-01   4.4792829539e-02   1.1092345559e-01   8.1065215814e-10   5.6867364613e-06   1.9822472333e-10   6.0294089187e-01  -1.2751314952e+06
   1.9448846589e-02   1.9240972591e-02   2.2050979531e-01   4.7815504133e-05   1.9818618524e+00   5.1887720533e-24  -2.2925278726e-25   1.3780199652e+03   1.9425004981e-01   1.1608550049e+00   1.3481600470e+05   1.2087918798e-03   4.6305210907e-08   2.0235653054e-10   4.2391300396e-04   1.0894356871e-07   8.2907221247e-02   2.6720933239e-08   9.1895474971e-09   1.6273078292e-10   1.9869508825e-04   1.3821678491e-01   4.5405942607e-02   1.1380764227e-01   1.1354243300e-09   6.5316699710e-06   3.5737073068e-10   6.1782428431e-01  -1.1867736888e+06
   1.9867030760e-02   1.9656720588e-02   2.1484491328e-01   4.9505334221e-05   1.9087493778e+00   5.4066974863e-24  -3.0218630659e-25   1.4319112858e+03   1.7649162110e-01   1.0496537295e+00   1.7653929185e+05   1.2260748145e-03   6.8794221213e-08   3.2079677421e-10   3.8140643241e-04   2.0050484332e-07   8.4848864872e-02   2.5634404681e-08   1.8442064139e-08   3.6777286976e-10   2.5249864828e-04   1.1925333335e-01   4.5911869186e-02   1.1649855779e-01   1.7313442445e-09   8.0052021449e-06   6.7301366885e-10   6.3161907324e-01  -1.1048404196e+06
   2.0290807265e-02   2.0077340932e-02   2.0943796359e-01   5.1181333438e-05   1.8394649256e+00   5.3827172057e-24  -3.9903201902e-25   1.4859599640e+03   1.5995913770e-01   9.4388958996e-01   2.1304243681e+05   1.2427283137e-03   1.0477968007e-07   5.2684427906e-10   3.4129987867e-04   3.7233109387e-07   8.6748835378e-02   2.5218644129e-08   3.8029151778e-08   8.4736185653e-10   3.2407221031e-04   1.0158739965e-01   4.6312940399e-02   1.1900757325e-01   2.8692008381e-09   1.0443083599e-05   1.3195413321e-09   6.4442416192e-01  -1.0286622374e+06
   2.0721450264e-02   2.0504273597e-02   2.0426419667e-01   5.2843431511e-05   1.7730498847e+00   5.0837539792e-24  -5.2973882399e-25   1.5401787756e+03   1.4456083613e-01   8.4299123861e-01   2.1747577792e+05   1.2585013283e-03   1.6298638864e-07   9.0721721204e-10   3.0585317498e-04   6.9612686126e-07   8.8617553084e-02   2.5350470826e-08   7.9739129488e-08   1.9713576513e-09   4.1700960670e-04   8.5119672442e-02   4.6607404430e-02   1.2134263150e-01   5.0938776846e-09   1.4338915186e-05   2.6616858132e-09   6.5631606068e-01  -9.5767974702e+05
   2.1159639600e-02   2.0938626930e-02   1.9930950598e-01   5.4488665436e-05   1.7086440877e+00   4.4748546597e-24  -7.3156739597e-25   1.5944927091e+03   1.3024625865e-01   7.4602039328e-01   1.4272777011e+05   1.2726523202e-03   2.5675101281e-07   1.6628938677e-09   2.7900179078e-04   1.3015274220e-06   9.0462005848e-02   2.6231536629e-08   1.6659437805e-07   4.5406998669e-09   5.3116320595e-04   6.9800371873e-02   4.6786668083e-02   1.2350707779e-01   9.4338083822e-09   2.0344398581e-05   5.4065317815e-09   6.6733894255e-01  -8.9150267273e+05
   2.1604693908e-02   2.1380652270e-02   1.9457082723e-01   5.6109482633e-05   1.6456401087e+00   3.6436638542e-24  -1.0914998639e-24   1.6486933922e+03   1.1702355317e-01   6.5213880619e-01  -7.3480840143e+04   1.2834962552e-03   4.0464467397e-07   3.2931392139e-09   2.6747680792e-04   2.4086847755e-06   9.2284695995e-02   2.8613438549e-08   3.3724271002e-07   1.0073062973e-08   6.5827613872e-04   5.5653931975e-02   4.6827750126e-02   1.2549996700e-01   1.7596677815e-08   2.9145347082e-05   1.0743526542e-08   6.7749203946e-01  -8.2995350735e+05
   2.2053623778e-02   2.1828735546e-02   1.9005166488e-01   5.7693597013e-05   1.5838502155e+00   2.7619535143e-24  -1.7356884613e-24   1.7024515160e+03   1.0496572329e-01   5.6156164470e-01  -4.8252262685e+05   1.2877878469e-03   6.2936071296e-07   7.0838260708e-09   2.8179624095e-04   4.3651336039e-06   9.4082190672e-02   3.4096843017e-08   6.4169213773e-07   2.0882561830e-08   7.7862770525e-04   4.2792680321e-02   4.6676804477e-02   1.2732531891e-01   3.1862276618e-08   4.1134525949e-05   2.0241922015e-08   6.8672790895e-01  -7.7300292341e+05
   2.2501585564e-02   2.2278512011e-02   1.8574406501e-01   5.9230377597e-05   1.5234058470e+00   1.8244080151e-24  -2.7513775871e-24   1.7555466298e+03   9.4162364169e-02   4.7627954192e-01  -1.0643166787e+06   1.2802441022e-03   9.5597035992e-07   1.6439980114e-08   3.3757963519e-04   7.7054101511e-06   9.5846766606e-02   4.5503354180e-08   1.1206927856e-06   3.9523216902e-08   8.6360172503e-04   3.1368494638e-02   4.6223137389e-02   1.2902161089e-01   5.4461390977e-08   5.6009229187e-05   3.5278417404e-08   6.9499258250e-01  -7.2045818420e+05
   2.2949158779e-02   2.2724659117e-02   1.8156879019e-01   6.0736839720e-05   1.4636769327e+00   1.1732599222e-24  -4.0702732578e-24   1.8087656003e+03   8.4533210474e-02   3.9795593920e-01  -1.5699577124e+06   1.2532905573e-03   1.4271654886e-06   4.1676106188e-08   4.6193435824e-04   1.3470032466e-05   9.7587822596e-02   6.8126114554e-08   1.7975548100e-06   6.8460569364e-08   8.8663115013e-04   2.1372553565e-02   4.5262606183e-02   1.3072093381e-01   8.7976916745e-08   7.2977067941e-05   5.6873966572e-08   7.0236423284e-01  -6.7112977377e+05
   2.3410216351e-02   2.3173658440e-02   1.7735326803e-01   6.2273938280e-05   1.4020689669e+00   7.9673112578e-25  -5.4204301943e-24   1.8645308662e+03   7.5757491968e-02   3.3081100318e-01  -6.5594811404e+05   1.1945651318e-03   2.2311695688e-06   1.2998444665e-07   7.2257517532e-04   2.5287020363e-05   9.9343387588e-02   1.1774458984e-07   2.8297242132e-06   1.1645259588e-07   8.3632793514e-04   1.2575217038e-02   4.3391369508e-02   1.3272009713e-01   1.4492875052e-07   9.2373508645e-05   9.0723965573e-08   7.0909313924e-01  -6.2247619576e+05
   2.4050414471e-02   2.3646774262e-02   1.7193167763e-01   6.4340482068e-05   1.3154395020e+00   6.3752949784e-25  -6.5296217368e-24   1.9413998186e+03   6.5144078551e-02   2.3078904687e-01   1.7715669984e+07   1.0388793007e-03   7.0904175490e-06   1.8721587232e-06   1.5303857941e-03   1.1159049454e-04   1.0154706982e-01   3.4353416495e-07   7.3479641398e-06   3.3705250019e-07   5.9119911964e-04   2.7652464485e-03   3.8552127359e-02   1.3652810749e-01   4.7612591094e-07   1.2122500242e-04   2.4563162361e-07   7.1719645629e-01  -5.6088540690e+05
   2.4740293279e-02   2.4454054680e-02   1.7315072150e-01   6.4861645101e-05   1.2124733363e+00   7.3624323723e-25  -5.0489179930e-24   1.9524169330e+03   5.6646056869e-02   1.5819903381e-01   3.2899672472e+07   4.8412082353e-04   5.5724703538e-05   3.3005484238e-04   7.7596060690e-03   1.9913831831e-03   9.9502999372e-02   1.3544972302e-06   1.0435436801e-06   5.7933315638e-08   7.6943612198e-06   1.5660064979e-05   1.9059616085e-02   1.4774342448e-01   3.6825506932e-07   7.6616311456e-06   4.6625421028e-08   7.2303918352e-01  -5.4569531790e+05
   2.5196801967e-02   2.5026531877e-02   1.7852769022e-01   6.3924039078e-05   1.1396376355e+00   9.3507918482e-25  -3.4398590386e-24   1.9044732495e+03   5.1220011824e-02   1.4949167637e-01   2.3858619979e+07   2.5377180843e-04   4.2074807568e-05   5.9504667259e-04   2.2844563249e-02   2.4786635247e-03   9.4166133635e-02   3.0576334486e-06   1.0234708085e-08   6.1663038671e-10   7.6325561242e-08   1.7941591704e-07   9.7992417739e-03   1.4244990843e-01   1.2020699480e-08   1.2625541846e-07   5.2712395331e-10   7.2736713306e-01  -4.7584490150e+05
   2.5500558523e-02   2.5367072057e-02   1.8365313715e-01   6.2929946364e-05   1.0890169578e+00   1.0794835320e-24  -2.4634817899e-24   1.8568526699e+03   4.7534340691e-02   1.4515119703e-01   2.3488453794e+07   1.6063494905e-04   2.9021882221e-05   6.1740917985e-04   3.5417125858e-02   2.3334605686e-03   8.9864882930e-02   4.0265780865e-06   1.5432847743e-10   9.7965058117e-12   1.4083099301e-09   4.1234890878e-09   5.9660649102e-03   1.3532039141e-01   2.2989902803e-09   2.8523375907e-09   8.5032085677e-12   7.3028697088e-01  -4.2327372648e+05
   2.5749882111e-02   2.5634044990e-02   1.8905544868e-01   6.1870845840e-05   1.0461304146e+00   1.1915063659e-24  -1.7887425859e-24   1.8075830777e+03   4.4502437986e-02   1.3762976556e-01   2.1408742934e+07   1.0748631032e-04   1.9828653476e-05   5.6525894278e-04   4.6692412968e-02   2.0521305681e-03   8.5968939568e-02   4.6088745905e-06   3.5913781052e-12   2.3853141529e-13   4.1807576348e-11   1.4922850968e-10   3.8397915500e-03   1.2811091291e-01   1.0510056668e-09   9.4224295601e-11   2.0549024173e-13   7.3263862832e-01  -3.8217313235e+05
   2.5971487394e-02   2.5865719232e-02   1.9487466865e-01   6.0751613122e-05   1.0070139480e+00   1.2874936517e-24  -1.3068670341e-24   1.7565287759e+03   4.1823556418e-02   1.2852402608e-01   1.8600952615e+07   7.3439145184e-05   1.3439775473e-05   4.8740044517e-04   5.7157641922e-02   1.7402971327e-03   8.2268438473e-02   4.9480946234e-06   1.2173498781e-13   8.3804082604e-15   1.8280383267e-12   7.7271868258e-12   2.5298394093e-03   1.2105213581e-01   5.2458890615e-10   5.2059698142e-12   7.0617134537e-15   7.3467241925e-01  -3.4857881337e+05
   2.6176514336e-02   2.6077255555e-02   2.0117273572e-01   5.9580135124e-05   9.7001678594e-01   1.3715076441e-24  -9.6523685288e-25   1.7039363563e+03   3.9373792333e-02   1.1854017274e-01   1.5627865793e+07   5.0559355464e-05   9.0086699441e-06   4.0374769492e-04   6.7028937478e-02   1.4363964185e-03   7.8680019103e-02   5.1153692367e-06   5.6955588522e-15   4.0354436340e-16   1.1134237923e-13   5.4670316977e-13   1.6873968159e-03   1.1420078479e-01   2.6471984084e-10   7.2727755357e-13   3.3082131507e-16   7.3649803404e-01  -3.2028117648e+05
   2.6370773833e-02   2.6275773116e-02   2.0799122165e-01   5.8364240039e-05   9.3428471951e-01   1.4447675222e-24  -7.3024427208e-25   1.6501273719e+03   3.7090098486e-02   1.0815800484e-01   1.2770736269e+07   3.4861407561e-05   5.9533186174e-06   3.2391219394e-04   7.6417340362e-02   1.1579150586e-03   7.5165742244e-02   5.1526071362e-06   3.5348149778e-16   2.5668768688e-17   9.1031370476e-15   5.1361687915e-14   1.1355961655e-03   1.0757945874e-01   1.3344167374e-10   2.3475139023e-13   2.0943716952e-17   7.3817406777e-01  -2.9592192869e+05
   2.6558022055e-02   2.6465774550e-02   2.1537924978e-01   5.7108962803e-05   8.9926363603e-01   1.5168513337e-24  -5.7567203246e-25   1.5953313171e+03   3.4932777844e-02   9.7723335623e-02   1.0173103880e+07   2.4006962544e-05   3.8665492692e-06   2.5254955763e-04   8.5401488072e-02   9.1260085197e-04   7.1701864417e-02   5.0887055238e-06   4.3961387917e-18   2.4668496725e-18   1.0572654831e-15   6.2969793544e-15   7.7140408524e-04   1.0118901451e-01   6.6865213717e-11   1.0012918410e-13   2.0666308173e-18   7.3973811622e-01  -2.7455897846e+05
   2.6740822908e-02   2.6650269559e-02   2.2339205760e-01   5.5818100737e-05   8.6458070292e-01   1.6027138404e-24  -4.7981376945e-25   1.5397402714e+03   3.2875845444e-02   8.7494318686e-02   7.9050230614e+06   1.6509448398e-05   2.4610715745e-06   1.9164506597e-04   9.4037082035e-02   7.0316423186e-04   6.8274038751e-02   4.9456426600e-06   2.9065866719e-18   2.2016779941e-19   1.3592017744e-16   9.8908060674e-16   5.3065277659e-04   9.5024290281e-02   3.3249502992e-11   4.5241927209e-14   2.6164805953e-19   7.4121521066e-01  -2.5551961543e+05
   2.6921010271e-02   2.6831376256e-02   2.3209126886e-01   5.4494835721e-05   8.2997998822e-01   1.6338491923e-24  -4.2525042327e-25   1.4835289045e+03   3.0901784768e-02   7.7661016648e-02   5.9917134105e+06   1.1368617713e-05   1.5313985536e-06   1.4161113641e-04   1.0236442671e-01   5.2933888040e-04   6.4874170104e-02   4.7416863569e-06   3.6371269300e-19   2.8162342508e-20   2.3572617437e-17   1.9739397670e-16   3.7170972725e-04   8.9078581725e-02   1.6418981944e-11   2.1028090220e-14   5.3173834085e-20   7.4262252000e-01  -2.3830817348e+05
   2.7099964303e-02   2.7010644287e-02   2.4154672115e-01   5.3141876701e-05   7.9528334556e-01   1.8046332382e-24  -3.9619773676e-25   1.4268568500e+03   2.8998415337e-02   6.8357777009e-02   4.4282588561e+06   7.8851455110e-06   9.2952470848e-07   1.0189603376e-04   1.1041399826e-01   3.8895724950e-04   6.1498106005e-02   4.4927926801e-06   5.6397107984e-20   4.4575050665e-21   5.1666956209e-18   4.9598470690e-17   2.6694078575e-04   8.3344632475e-02   8.0681361017e-12   1.0069542493e-14   1.3794574039e-20   7.4397216172e-01  -2.2254978725e+05
   2.7278970067e-02   2.7189284319e-02   2.5185072073e-01   5.1759933511e-05   7.6032867690e-01   1.9347676667e-24  -3.7982861584e-25   1.3698044383e+03   2.7155084651e-02   5.9664087647e-02   3.1877726441e+06   5.5571832854e-06   5.4885481100e-07   7.1348604904e-05   1.1821810992e-01   2.7853911546e-04   5.8140517449e-02   4.2124144599e-06   1.0681820638e-20   8.6166253201e-22   1.4142133401e-18   1.5584177217e-17   1.9776945811e-04   7.7809111596e-02   3.9493655426e-12   5.0275694546e-15   4.0469827344e-21   7.4527428540e-01  -2.0794311919e+05
   2.7459843705e-02   2.7368655815e-02   2.6316033609e-01   5.0343447617e-05   7.2485143758e-01   1.9694707229e-24  -3.7056891796e-25   1.3122047240e+03   2.5356808325e-02   5.1582003914e-02   2.2280131381e+06   4.0206766969e-06   3.1354442356e-07   4.8486280230e-05   1.2583289742e-01   1.9373826133e-04   5.4784527951e-02   3.9098667295e-06   2.4486335669e-21   2.0157120020e-22   4.8073726830e-19   6.1190273709e-18   1.5166662073e-04   7.2438943522e-02   1.9180465685e-12   2.6434150252e-15   1.2670038917e-21   7.4654149586e-01  -1.9420814776e+05
   2.7643569926e-02   2.7551031594e-02   2.7561303264e-01   4.8892657562e-05   6.8876972939e-01   1.9433600834e-24  -3.7015231202e-25   1.2541410058e+03   2.3598849114e-02   4.4139292766e-02   1.5097178140e+06   3.0266165423e-06   1.7282898763e-07   3.1955412117e-05   1.3327458978e-01   1.3065724732e-04   5.1428738880e-02   3.5944912515e-06   7.0063526659e-22   5.8843890956e-23   2.0966438228e-19   3.1130624841e-18   1.2062722489e-04   6.7227765063e-02   9.2159936876e-13   1.4773144217e-15   4.1606109261e-22   7.4777887245e-01  -1.8116217143e+05
   2.7830354624e-02   2.7736108259e-02   2.8932182381e-01   4.7412794270e-05   6.5216369321e-01   1.8299987938e-24  -3.6552998718e-25   1.1958980064e+03   2.1884373556e-02   3.7374750254e-02   9.9042728054e+05   2.3953772711e-06   9.1754580330e-08   2.0436166709e-05   1.4052820087e-01   8.5419686471e-05   4.8085635827e-02   3.2713735598e-06   2.6637371528e-22   2.2811945539e-23   1.2487901944e-19   2.1922670939e-18   9.9304957855e-05   6.2189274583e-02   4.3578006824e-13   8.7663797839e-16   1.4186495862e-22   7.4898596940e-01  -1.6872719290e+05
   2.8020976174e-02   2.7924600988e-02   3.0446056713e-01   4.5904499680e-05   6.1502626174e-01   1.7340444183e-24  -3.4924936024e-25   1.1375763688e+03   2.0211942848e-02   3.1275939391e-02   6.2715067740e+05   1.9974671907e-06   4.6728942349e-08   1.2681678697e-05   1.4759961262e-01   5.4117657282e-05   4.4757559843e-02   2.9405423941e-06  -6.8248659239e-23   1.1879677518e-23   1.0301506309e-19   2.1541036378e-18   8.4088529596e-05   5.7321119307e-02   2.0066549998e-13   5.4396856800e-16   4.9348636452e-23   7.5016583562e-01  -1.5680515156e+05
   2.8216205103e-02   2.8117351359e-02   3.2123074330e-01   4.4368720229e-05   5.7738423826e-01   1.5651363080e-24  -3.2149149282e-25   1.0792922128e+03   1.8581545297e-02   2.5828050792e-02   3.8192895872e+05   1.7445635672e-06   2.2726323020e-08   7.6459432662e-06   1.5448940253e-01   3.3273436233e-05   4.1448234205e-02   2.5984858905e-06   6.4337796733e-23  -6.5392253181e-23   1.0323600740e-19   2.6273808325e-18   7.2638871843e-05   5.2623518066e-02   8.8918184817e-14   3.4474660057e-16   1.7114332474e-23   7.5132092117e-01  -1.4532207215e+05
   2.8417382790e-02   2.8315058847e-02   3.3992228686e-01   4.2802252561e-05   5.3919352687e-01   1.4128166870e-24  -2.8813189592e-25   1.0210124597e+03   1.6990118522e-02   2.1004074545e-02   2.2241161256e+05   1.5777344990e-06   1.0474944332e-08   4.4857461497e-06   1.6121134448e-01   1.9895567187e-05   3.8153869895e-02   2.2401058767e-06   5.2354690159e-23   4.7141924712e-24   1.1029369804e-19   3.4707235931e-18   6.3436277510e-05   4.8086864963e-02   3.7359114901e-14   2.1750453345e-16   5.7775040194e-24   7.5245627476e-01  -1.3420492106e+05
   2.8628520859e-02   2.8519706733e-02   3.6116340222e-01   4.1182065837e-05   4.9996854888e-01   1.2359579110e-24  -2.4955612691e-25   9.6200723193e+02   1.5417625142e-02   1.6722471415e-02   1.2213329336e+05   1.4583604516e-06   4.4844747117e-09   2.5515922221e-06   1.6785089720e-01   1.1533292098e-05   3.4833029426e-02   1.8617058288e-06  -3.0076994299e-23   2.9007020593e-24   1.1738475784e-19   4.6175001101e-18   5.5443037650e-05   4.3653584037e-02   1.4479740947e-14   1.3336581469e-16   1.8650629037e-24   7.5358963686e-01  -1.2328476405e+05
   2.8851525265e-02   2.8737334986e-02   3.8543599020e-01   3.9508184023e-05   4.5979456237e-01   1.0453771548e-24  -2.0760270025e-25   9.0244064568e+02   1.3867656183e-02   1.2995452855e-02   6.3286652329e+04   1.3643577607e-06   1.7777729023e-09   1.4216694184e-06   1.7439357564e-01   6.5388762229e-06   3.1490379076e-02   1.4798462641e-06  -2.0386888027e-23   1.6854903108e-24   1.1925360483e-19   6.0010538599e-18   4.8116605539e-05   3.9334304479e-02   5.1321793983e-15   7.9478874959e-17   5.8819702226e-25   7.5472281767e-01  -1.1241183836e+05
   2.9086438233e-02   2.8965715545e-02   4.1311763050e-01   3.7793709755e-05   4.1910103998e-01   8.4684354963e-25  -1.6650560382e-25   8.4294305091e+02   1.2357499334e-02   9.8491570218e-03   3.1191790641e+04   1.2821084131e-06   6.5575910739e-10   7.8667082967e-07   1.8076698774e-01   3.6676664134e-06   2.8162916633e-02   1.1233036478e-06   7.7936529443e-24  -4.1032852617e-24   1.1449025189e-19   7.5113426812e-18   4.1182533836e-05   3.5173962555e-02   1.6636926866e-15   4.6951704304e-17   1.5906783570e-25   7.5584809013e-01  -1.0164175919e+05
   2.9336167802e-02   2.9207160921e-02   4.4495906636e-01   3.6034700149e-05   3.7784499807e-01   6.4857365273e-25  -1.2688685518e-25   7.8354362642e+02   1.0887464521e-02   7.2453156192e-03   1.4744666076e+04   1.2025067879e-06   2.2588309492e-10   4.3514460323e-07   1.8697024058e-01   2.0454069740e-06   2.4854714083e-02   8.1615321949e-07   4.0120193995e-24  -1.9645087762e-24   1.0354105574e-19   9.0058515424e-18   3.4447786915e-05   3.1164108029e-02   4.9155577663e-16   2.8189818545e-17   5.2851295147e-26   7.5697199009e-01  -9.0908016193e+04
   2.9605713894e-02   2.9465174684e-02   4.8209246935e-01   3.4219551483e-05   3.3572528165e-01   4.5987634163e-25  -8.9298275343e-26   7.2405557552e+02   9.4520746893e-03   5.1243210159e-03   6.7206810527e+03   1.1192775233e-06   7.2687931715e-11   2.4024856570e-07   1.9302671961e-01   1.1337693308e-06   2.1561238828e-02   5.6891859209e-07   2.4956632179e-24   2.2930564055e-25   8.7982483887e-20   1.0286759750e-17   2.7811466834e-05   2.7272637795e-02   1.3096126388e-16   1.7513181968e-17   2.0349446871e-26   7.5810853002e-01  -8.0098414655e+04
   2.9911555074e-02   2.9746253104e-02   5.2752155053e-01   3.2277491230e-05   2.9122570941e-01   2.8905680974e-25  -5.5447154348e-26   6.6252263218e+02   8.0076186334e-03   3.3368633530e-03   2.8556110499e+03   1.0245593050e-06   2.0751243017e-11   1.2829579171e-07   1.9912103397e-01   6.0809708094e-07   1.8187676127e-02   3.7400203736e-07   1.4677141347e-24  -1.1307902308e-23   6.9609760138e-20   1.1114755918e-17   2.1089699646e-05   2.3364215130e-02   2.9112214507e-17   1.1080077900e-17   5.4020761008e-27   7.5930385010e-01  -6.8942676825e+04
   3.0270137607e-02   3.0076857044e-02   5.8328582229e-01   3.0224634201e-05   2.4540564516e-01   1.5407811881e-25  -2.9365327483e-26   5.9994767430e+02   6.5785297141e-03   1.9088030404e-03   1.1141876447e+03   9.1149133464e-07   5.1601875686e-12   6.5247163744e-08   2.0515022024e-01   3.1355706762e-07   1.4777794150e-02   2.2916169618e-07   3.3787700140e-25  -1.3423976019e-25   5.0067299130e-20   1.1060381636e-17   1.4526179311e-05   1.9512259727e-02   5.1178062878e-18   7.0040168047e-18   1.3833169743e-27   7.6054368024e-01  -5.7536862512e+04
   3.0702677924e-02   3.0463418170e-02   6.5046047202e-01   2.8123811136e-05   1.9985214117e-01   6.5537204569e-26  -1.1833383412e-26   5.3865883871e+02   5.2173755469e-03   9.5384740864e-04   3.9011737364e+02   7.7360096650e-07   1.0980480536e-12   3.0866892526e-08   2.1089267527e-01   1.5482279864e-07   1.1474008611e-02   1.2888069303e-07   1.1602393777e-25  -2.5339180492e-26   3.2629096530e-20   9.6913408342e-18   8.6751339994e-06   1.5829396833e-02   6.6458420208e-19   4.1762497546e-18   3.0412941175e-28   7.6179415598e-01  -4.6346819202e+04
   3.1263824868e-02   3.0941937679e-02   7.3304100955e-01   2.5957798713e-05   1.5348126689e-01   1.8806026359e-26  -2.9378209885e-27   4.7852336705e+02   3.9062008450e-03   4.1324939988e-04   1.1443716915e+02   5.9926502282e-07   1.8643439522e-13   1.2761536611e-08   2.1642441792e-01   7.2450236840e-08   8.3237132207e-03   6.1978898408e-08  -6.0150396172e-26   3.4112138745e-27   1.8251658809e-20   6.7809090155e-18   3.9857449415e-06   1.2181578091e-02   5.2464661376e-20   2.0057826336e-18   5.8306364250e-29   7.6306555857e-01  -3.5134872678e+04
   3.2074375287e-02   3.1585712056e-02   8.3871757967e-01   2.3673766478e-05   1.0474032352e-01   2.3559393462e-27  -2.5136422220e-28   4.1864046038e+02   2.6073428434e-03   1.4864026002e-04   2.2836239150e+01   3.7623374305e-07   2.0900739332e-14   3.9406995802e-09   2.2190471352e-01   3.0627500080e-08   5.3515374842e-03   2.0771496496e-08  -5.3776694599e-26   5.9424668301e-28   7.1703664740e-21   2.8937485456e-18   1.0239604285e-06   8.3797155777e-03   1.4999983960e-21   5.3017873814e-19  -4.0359179350e-29   7.6436257788e-01  -2.3654485504e+04
   3.3554336916e-02   3.2563038519e-02   9.9169012661e-01   2.1041831256e-05   4.9103994452e-02   5.4939801440e-29   8.8930001374e-31   3.5434796905e+02   1.2054789572e-03   3.1809372536e-05   6.5394963383e-01   9.7840077842e-08   3.8678627093e-16   4.9083581903e-10   2.2782056107e-01   5.1239324530e-09   2.4167066418e-03   1.6227586052e-09   3.1088103477e-28  -1.3989962661e-27   6.5859987826e-22   2.2429582037e-19   5.0766144832e-08   4.0101668589e-03   1.3075963607e-24   2.4389964987e-20   6.4654294507e-32   7.6575240958e-01  -1.1224042010e+04
   3.6818649864e-02   3.4545635314e-02   1.1087579122e+00   1.9408986974e-05   1.5676165529e-02   1.3851335346e-30   2.9481543539e-31   3.1705682807e+02   3.6706303069e-04   1.5344076231e-06   5.0477625586e-03   8.0575406171e-09   2.1461103924e-18   3.4899559046e-11   2.3135956512e-01   3.9387909713e-10   7.5597833663e-04   8.2583174437e-11   8.1332933130e-31   4.4914781843e-32   3.7525601399e-23   1.1066211379e-20   1.9435306956e-09   1.2916833058e-03   2.6366331483e-28   9.9564986253e-22   1.0487990851e-34   7.6659276273e-01  -2.5350650193e+03
   4.1364209171e-02   3.9091664415e-02   1.1563102987e+00   1.8817685568e-05   3.7309756643e-03   1.5001263571e-32   1.1086669507e-32   3.0405504683e+02   7.0881106572e-05   8.8520408468e-08   1.0933402205e-05   4.5150512287e-10   4.3354467146e-21   1.4769106416e-12   2.3260996586e-01   1.8066804024e-11   1.7977673678e-04   2.2223910228e-12   1.2068897417e-33   6.3440944025e-35   1.1359789213e-24   2.8876580758e-22   3.8313828901e-11   3.0775336476e-04   1.5034589145e-32   1.9941372710e-23   1.1641817573e-37   7.6690250352e-01   8.4005485284e+02
   4.8181554353e-02   4.3636753928e-02   1.1704103156e+00   1.8649305041e-05   3.6962631147e-04   5.9329602788e-35   8.1456136090e-35   3.0040223844e+02  -1.2348774136e-05   2.7132410532e-09   1.9884918690e-09   8.8048155690e-12   8.0525634059e-25   1.9118295271e-14   2.3296135380e-01   2.5190102085e-13   1.7846156062e-05   1.7321263850e-14   1.4786089528e-37   7.6573764993e-39   9.7848980638e-27   2.2274666211e-24   2.4085471862e-13   3.0471142162e-05   4.9046593117e-37   1.2815473768e-25   1.3085515441e-41   7.6699032890e-01   1.8018826145e+03
   5.8952775372e-02   5.2726354779e-02   1.1718510168e+00   1.8632271426e-05   3.1376858913e-05   8.8858352025e-38   1.7934794615e-37   3.0003394959e+02  -2.0727083625e-05   8.7570675543e-12   4.6984610686e-14   7.6205710144e-14   1.9936587176e-29   8.9624941660e-17   2.3299672644e-01   1.2685418355e-15   1.5053372850e-06   4.6026091067e-17   2.1735108655e-42   1.1228601185e-43   2.8477269728e-29   5.9359060424e-27   5.3933370995e-16   2.5941539098e-06   3.1505301834e-41   1.9513034428e-27   1.9051999517e-46   7.6699917407e-01   1.8984674727e+03
   7.1405614603e-02   6.5179195965e-02   1.1719673281e+00   1.8630897604e-05   3.9458943381e-06   6.5267254398e-41   1.7424166637e-40   3.0000425417e+02  -2.1405116475e-05   5.3444574467e-14   2.7102471696e-19   3.5922118192e-16   1.1934139171e-34   2.0030549242e-19   2.3299958905e-01   3.0385351956e-18   1.8854941437e-07   5.7012800439e-20   7.0376765669e-48   3.6216544295e-49   3.8341893917e-32   7.3911737916e-30   5.7210372992e-19   3.2646973014e-07   8.2485738752e-45   2.2190490536e-28   6.1451350370e-52   7.6699989593e-01   1.9064239683e+03
   9.0084870242e-02   7.7632033240e-02   1.1719824388e+00   1.8630719135e-05   3.6806711235e-07   4.5559105128e-44   1.6608926920e-43   3.0000039654e+02  -2.1493379427e-05   4.6702237665e-16   2.3709510583e-24   1.8378833946e-18   1.0668466377e-39   5.1902710867e-22   2.3299996169e-01   9.0772840948e-21   1.7574055120e-08   7.3728687004e-23   2.8749673951e-53   1.4849606086e-54   5.2627890549e-35   8.8487855079e-33   5.5616255362e-22   3.0441954118e-08   2.2947892647e-48   2.0678391828e-29   2.5179325955e-57   7.6699999030e-01   1.9074693292e+03
   1.2744717289e-01   1.0253770724e-01   1.1719839806e+00   1.8630700925e-05   2.6974163519e-09   1.7892925541e-46   6.8970982348e-46   3.0000000292e+02  -2.1502387172e-05   8.5640023312e-19   4.9534610069e-29   8.4417669880e-21   2.2183056165e-44   2.3339085083e-24   2.3299999972e-01   4.1868968509e-23   1.2941268954e-10   3.1223268632e-25   5.5848115928e-58   2.8882571268e-59   2.2192686808e-37   3.6235208857e-35   2.2070173022e-24   2.2227007331e-10   7.7267043951e-53   1.5095318091e-31   4.8963615563e-62   7.6699999993e-01   1.9075761087e+03
   1.7726610419e-01   1.5235663854e-01   1.1719839921e+00   1.8630700790e-05   4.9614701289e-12   1.5924722256e-50   5.9866307449e-50   3.0000000001e+02  -2.1502453609e-05   1.9967868236e-23   4.6402937658e-35   3.6115362784e-24   1.2447893551e-51   4.3518638104e-28   2.3300000000e-01   7.8846700711e-27   2.4240701310e-13   3.6023027692e-29   9.2453427660e-66   6.7638523404e-67   2.7600748862e-41   4.4134319593e-39   2.4520522072e-28   4.0233518112e-13   2.6382197037e-59   2.7303764131e-34   1.1557446635e-69   7.6700000000e-01   1.9075768835e+03
   2.2708503549e-01   2.0217556984e-01   1.1719839921e+00   1.8630700790e-05   1.3055956291e-15   6.0170741624e-55   2.1903505368e-54   3.0000000000e+02  -2.1502453731e-05   6.6397449633e-29   2.3116691588e-39   6.7446682909e-28   2.0577259515e-59   3.4529740729e-32   2.3300000000e-01   6.3195890436e-31   7.5497696867e-17   1.7592618962e-33   8.7940673089e-75   2.8412909703e-75   1.4540198941e-45   2.2780598999e-43   1.1542869599e-32   9.0541663081e-17   1.1474737019e-65   6.0952414524e-38   5.0542213833e-78   7.6700000000e-01   1.9075768848e+03
   2.7690396679e-01   2.5199450114e-01   1.1719839921e+00   1.8630700790e-05  -2.6658798534e-17   1.5113216836e-59   5.2912828785e-59   3.0000000000e+02  -2.1502453731e-05   7.7894818685e-37   8.0541887473e-44   8.3725489395e-32   2.1295264328e-67   1.8128869637e-36   2.3300000000e-01   3.3592592139e-35   1.0334578436e-20   5.6844907376e-38   1.0224588597e-79  -1.9830834263e-78   5.0660955968e-50   7.7806434069e-48   3.5976494804e-37   8.7447823540e-21   1.0533520392e-69   5.8373914637e-42   9.8954597613e-87   7.6700000000e-01   1.9075768848e+03
   3.2672289809e-01   3.0181343244e-01   1.1719839921e+00   1.8630700790e-05  -2.6834395647e-17   2.8896419648e-64   9.6585534978e-64   3.0000000000e+02  -2.1502453731e-05   1.7532357517e-36   2.1225179285e-48   7.8701130626e-36   2.4964363235e-74   7.1980844853e-41   2.3300000000e-01   1.3573228891e-39   8.9657038302e-25   1.3902678441e-42   1.3015287846e-82   3.7658019952e-89   1.3350666488e-54   2.0122896947e-52   8.5020731361e-42   5.3232644014e-25   6.3576008351e-74   3.5232091930e-46   1.1364228596e-95   7.6700000000e-01   1.9075768848e+03
   3.7654182939e-01   3.5163236374e-01   1.1719839921e+00   1.8630700790e-05   1.9336450577e-17   4.5018510303e-69   1.4203198303e-68   3.0000000000e+02  -2.1502453731e-05   1.7532357517e-36   4.5135435647e-53   5.9770302372e-40   7.0238440446e-79   2.3120171050e-45   2.3300000000e-01   4.4852354579e-44   5.6673201974e-29   2.7492272873e-47   1.0481384433e-87  -3.2235798449e-94   2.8390250093e-59   4.2043302853e-57   1.6260499975e-46   2.3551512926e-29   2.7887668136e-78   1.5454585843e-50  8.7931490050e-105   7.6700000000e-01   1.9075768848e+03
   4.2636076069e-01   4.0145129504e-01   1.1719839921e+00   1.8630700790e-05  -2.5835384061e-17   5.9866853531e-74   1.7487958535e-73   3.0000000000e+02  -2.1502453731e-05   1.7526334204e-36   8.0650969342e-58   3.8266740838e-44   2.7323021812e-83   6.2884312661e-50   2.3300000000e-01   1.2791126834e-48   2.8050727431e-33   4.6078812916e-52  -1.5122428802e-88   1.2059077304e-93   5.0729568850e-64   7.3865795659e-62   2.6210920201e-51   8.1468744499e-34   9.5643992413e-83   5.3003203450e-55  5.0294863944e-114   7.6700000000e-01   1.9075768848e+03
   4.7617969199e-01   4.5127022634e-01   1.1719839921e+00   1.8630700790e-05  -2.6828811870e-17   7.0590199388e-79   1.8495693153e-78   3.0000000000e+02  -2.1502453731e-05   4.8694300188e-36   1.2466955841e-62   2.1338734383e-48   2.5910237324e-87   1.5027329871e-54   2.3300000000e-01   3.2936906595e-53   1.1367022761e-37   1.0432536919e-55  -2.0705367610e-93  -2.5751506517e-99   7.8417359741e-69   1.1226816960e-66   3.6667810355e-56   2.3050509147e-38   2.6829666778e-87   1.4868273563e-59  2.2808691837e-123   7.6700000000e-01   1.9075768848e+03
   5.2599862329e-01   5.0108915764e-01   1.1719839921e+00   1.8630700790e-05  -2.6836791441e-17   7.6346900852e-84   1.7088112802e-83   3.0000000000e+02  -2.1502453731e-05   7.0117382925e-36   1.6440938061e-67   1.0659726822e-52   2.1861653776e-89   3.2610318912e-59   2.3300000000e-01   7.9471249165e-58   3.8888543043e-42   1.6059890488e-57  -3.4911684650e-98  3.4076157839e-103   1.0729066930e-73   1.5087752599e-71   4.5572179938e-61   5.5024075642e-43   6.3497084108e-92   3.5188326748e-64  8.8468949543e-133   7.6700000000e-01   1.9075768848e+03
   5.7581755459e-01   5.5090808894e-01   1.1719839921e+00   1.8630700790e-05  -2.6726077193e-17   7.8010444552e-89   1.3921709123e-88   3.0000000000e+02  -2.1502453731e-05   1.9473704671e-37  -6.1615467651e-69   4.8975595658e-57   5.9315878169e-87   1.4546884809e-63   2.3300000000e-01   1.9406149338e-62   1.1488221182e-46   4.3691675910e-55 -3.5902076199e-103  1.5133966304e-110   1.3249987242e-78   1.8256215569e-76   5.1363925577e-66   1.1336306433e-47   1.2969855272e-96   7.1875400547e-69  1.0481802518e-136   7.6700000000e-01   1.9075768848e+03
   6.2563648589e-01   6.0072702024e-01   1.1719839921e+00   1.8630700790e-05  -6.4048085247e-18   7.6953375001e-94   1.0011715994e-93   3.0000000000e+02  -2.1502453731e-05   1.9473704671e-37  -6.1636532527e-69   2.1220697972e-61   2.1464398048e-88   2.8747444363e-65   2.3300000000e-01   3.6349276149e-65   2.9815012957e-51   1.5810528243e-56 -5.8196844745e-107  1.1251060048e-114   1.5041567686e-83   2.0215173127e-81   5.3548454652e-71   2.0510866216e-52  2.3265242635e-101   1.2892955565e-73  6.8057644812e-143   7.6700000000e-01   1.9075768848e+03
   6.7545541719e-01   6.5054595154e-01   1.1719839921e+00   1.8630700790e-05  -2.5974263557e-17   7.4086534613e-99   6.2778224327e-99   3.0000000000e+02  -2.1502453731e-05   3.1339057006e-36  -6.1636532756e-69   8.8650665381e-66   1.1370742231e-89   2.1275089525e-66   2.3300000000e-01   1.8359579508e-66   7.0280794340e-56   8.3751291797e-58 -7.5910833696e-113  3.1145766203e-120   1.5985573066e-88   2.0812829474e-86   5.2693167710e-76   3.4020635117e-57  3.8264500411e-106   2.1205142215e-78  5.9289599161e-149   7.6700000000e-01   1.9075768848e+03
   7.2518244142e-01   7.0036488284e-01   1.1719839921e+00   1.8630700790e-05  -2.2516295460e-19  7.0337533452e-104  3.2892864619e-104   3.0000000000e+02  -2.1502453731e-05   1.2512507473e-35  -6.1636532785e-69   3.6400657060e-70   1.0820415157e-85   1.3950125384e-62   2.3300000000e-01   1.1179562408e-62   1.8036474819e-60   7.9702448037e-54  6.7774859364e-118  3.3629781673e-119   1.6275658471e-93   2.0335668880e-91   5.0214638323e-81   6.6342838369e-62  7.4084364302e-111   4.1055532169e-83  1.0921917062e-149   7.6700000000e-01   1.9075768848e+03