# time = 0.025
# Grid points = 162
# Pressure (Pa) = 101325
#             1_pos             2_posf             3_rho             4_dvisc             5_uvel             6_vvel             7_wvel             8_temp             9_mixf            10_chi            11_hr            12_y_H2            13_y_H            14_y_O            15_y_O2            16_y_OH            17_y_H2O            18_y_HO2            19_y_CH2            20_y_CH2(S)            21_y_CH3            22_y_CH4            23_y_CO            24_y_CO2            25_y_HCO            26_y_CH2O            27_y_CH2OH            28_y_N2            29_enth
  -7.2518244983e-01  -7.5000000000e-01   1.1719839921e+00   1.8630700790e-05   6.6658295235e-17 -1.5217046237e-103  9.4782828908e-104   3.0000000000e+02  -2.1502453731e-05   3.1289355781e-36  -6.1636532765e-69   3.6385904691e-70   7.5007139293e-88   1.1357715977e-64   2.3300000000e-01   8.6576005834e-65   1.8052552983e-60   5.5249744319e-56  1.3733179947e-125 -3.4196078281e-124   1.6267570906e-93   2.0325868531e-91   5.0193029795e-81   6.6429549769e-62  7.4181729559e-111   4.1109491427e-83  7.5828420289e-152   7.6700000000e-01   1.9075768848e+03
  -6.7545544581e-01  -7.0036489966e-01   1.1719839921e+00   1.8630700790e-05   1.7181425190e-21  -2.1760576507e-98   1.0807446191e-98   3.0000000000e+02  -2.1502453731e-05   3.1223682486e-36  -6.1636532748e-69   8.8605394750e-66   1.8881860061e-86   2.5207608828e-63   2.3300000000e-01   2.0657338749e-63   7.0272247992e-56   1.3908249749e-54  1.1007555379e-120  7.6729637035e-122   1.5976311385e-88   2.0801406347e-86   5.2665566426e-76   3.4020335971e-57  3.8264240997e-106   2.1204998413e-78  9.8452509119e-146   7.6700000000e-01   1.9075768848e+03
  -6.2563653812e-01  -6.5054599197e-01   1.1719839921e+00   1.8630700790e-05   3.1260358231e-20  -2.9540448753e-93   1.2180086136e-93   3.0000000000e+02  -2.1502453731e-05   6.1067708815e-65  -6.1636532590e-69   2.1208030749e-61   2.3866403399e-85   2.4482364362e-62   2.3300000000e-01   2.3809943020e-62   2.9802030388e-51   1.7579831822e-53  6.0419154939e-110 -1.5044572047e-108   1.5031961460e-83   2.0203031270e-81   5.3517101378e-71   2.0501932866e-52  2.3255098654e-101   1.2887340193e-73  7.5619415249e-140   7.6700000000e-01   1.9075768848e+03
  -5.7581763043e-01  -6.0072708427e-01   1.1719839921e+00   1.8630700790e-05   1.2752863917e-18  -3.7297578856e-88   1.3272063766e-88   3.0000000000e+02  -2.1502453731e-05   1.7532374131e-36  -6.1615482210e-69   4.8942675528e-57   4.1984766231e-87   1.2119554038e-63   2.3300000000e-01   1.8503899928e-62   1.1482228725e-46   3.0925685061e-55  3.7581751906e-108  2.9666124578e-115   1.3240814536e-78   1.8244344973e-76   5.1331060853e-66   1.1330390381e-47   1.2963086711e-96   7.1837891670e-69  7.4153442161e-137   7.6700000000e-01   1.9075768848e+03
  -5.2599872273e-01  -5.5090817658e-01   1.1719839921e+00   1.8630700790e-05   2.3283075213e-17  -4.3098852824e-83   1.3690625626e-83   3.0000000000e+02  -2.1502453731e-05   1.2466395168e-35   1.6428221155e-67   1.0651836646e-52   1.0448805645e-87   3.2586280051e-59   2.3300000000e-01   7.9414476338e-58   3.8864634676e-42   7.6960868528e-56  -1.5797144794e-98 -1.8724877215e-102   1.0721067978e-73   1.5077167817e-71   4.5540595316e-61   5.4990225268e-43   6.3457976750e-92   3.5166679493e-64  1.7680157293e-132   7.6700000000e-01   1.9075768848e+03
  -4.7617981504e-01  -5.0108926888e-01   1.1719839921e+00   1.8630700790e-05   1.1968595944e-19  -4.4830915296e-78   1.3026632469e-78   3.0000000000e+02  -2.1502453731e-05   7.0117449371e-36   1.2456963706e-62   2.1321549169e-48   1.9917644509e-86   1.5015068383e-54   2.3300000000e-01   3.2910223399e-53   1.1358874125e-37   1.3806622849e-54 -1.6874752001e-108 -5.9940502521e-110   7.8354509076e-69   1.1218319435e-66   3.6640364432e-56   2.3033970881e-38   2.6810421713e-87   1.4857606034e-59  2.2777909580e-123   7.6700000000e-01   1.9075768848e+03
  -4.2636090734e-01  -4.5127036119e-01   1.1719839921e+00   1.8630700790e-05   2.2554215321e-18  -4.1211102070e-73   1.1110026028e-73   3.0000000000e+02  -2.1502453731e-05   1.9473723125e-37   8.0581398193e-58   3.8233365583e-44   2.7279697003e-83   6.2828410153e-50   2.3300000000e-01   1.2779634648e-48   2.8027469276e-33   4.5895026692e-52   2.7316594320e-89   5.3603493257e-97   5.0685808503e-64   7.3805358713e-62   2.6189721197e-51   8.1401118948e-34   9.5564451428e-83   5.2959207128e-55  5.0205473473e-114   7.6700000000e-01   1.9075768848e+03
  -3.7654199965e-01  -4.0145145349e-01   1.1719839921e+00   1.8630700790e-05   4.2974420729e-17  -3.2746166591e-68   8.2330288831e-69   3.0000000000e+02  -2.1502453731e-05   0.0000000000e+00   4.5093406548e-53   5.9713847750e-40   7.0166824014e-79   2.3097846460e-45   2.3300000000e-01   4.4808212644e-44   5.6619191959e-29   2.7462425600e-47  -4.7224526598e-85  -1.1558104042e-85   2.8363813733e-59   4.2005995639e-57   1.6246252518e-46   2.3529034108e-29   2.7861051168e-78   1.5439835324e-50  8.7761477416e-105   7.6700000000e-01   1.9075768848e+03
  -3.2672309195e-01  -3.5163254580e-01   1.1719839921e+00   1.8630700790e-05   6.6615894021e-19  -2.1856557194e-63   5.1141415372e-64   3.0000000000e+02  -2.1502453731e-05   1.7532374131e-36   2.1203755061e-48   7.8620413801e-36   2.4933880752e-74   7.1905229856e-41   2.3300000000e-01   1.3558652096e-39   8.9559345709e-25   1.3886452001e-42   2.4966643413e-79  -9.0182740587e-84   1.3337190622e-54   2.0103451291e-52   8.4939715123e-42   5.3174516758e-25   6.3506737391e-74   3.5193620662e-46   1.1340349366e-95   7.6700000000e-01   1.9075768848e+03
  -2.7690418426e-01  -3.0181363811e-01   1.1719839921e+00   1.8630700790e-05   6.6809688434e-18  -1.1770591376e-58   2.5431550288e-59   3.0000000000e+02  -2.1502453731e-05   8.5876465521e-66   8.0453353729e-44   8.3631906631e-32   2.1243923591e-67   1.8108069043e-36   2.3300000000e-01   3.3553158908e-35   1.0321770749e-20   5.6773307601e-38  -1.4318991099e-77  -2.6868526911e-80   5.0605268124e-50   7.7724192367e-48   3.5939052631e-37   8.7339102509e-21   1.0520451700e-69   5.8301340593e-42   9.8728256098e-87   7.6700000000e-01   1.9075768848e+03
  -2.2708527656e-01  -2.5199473041e-01   1.1719839921e+00   1.8630700790e-05   1.3299188799e-15  -4.7942442030e-54   9.4537331077e-55   3.0000000000e+02  -2.1502453731e-05   6.6189099082e-29   2.3088920225e-39   6.7364353157e-28   2.0523790923e-59   3.4486310066e-32   2.3300000000e-01   6.3114537827e-31   7.5391964345e-17   1.7568622339e-33   8.4529695087e-71   2.8239011185e-73   1.4522731313e-45   2.2754178483e-43   1.1529708354e-32   9.0414177267e-17   1.1457999650e-65   6.0866591137e-38   5.0416059047e-78   7.6700000000e-01   1.9075768848e+03
  -1.7726636887e-01  -2.0217582272e-01   1.1719839921e+00   1.8630700790e-05   4.9536957297e-12  -1.2909492793e-49   2.2965339598e-50   3.0000000001e+02  -2.1502453609e-05   1.9914209835e-23   4.6338355514e-35   3.6067471182e-24   1.2413172179e-51   4.3458699738e-28   2.3300000000e-01   7.8735468075e-27   2.4202688092e-13   3.5969816136e-29   1.3243984137e-65  -1.5550454142e-64   2.7564532161e-41   4.4078217386e-39   2.4489917119e-28   4.0169615701e-13   2.6303208612e-59   2.7260397008e-34   1.1525976729e-69   7.6700000000e-01   1.9075768835e+03
  -1.2744746117e-01  -1.5235691502e-01   1.1719839807e+00   1.8630700924e-05   2.6937948870e-09  -1.4673666183e-45   2.3196188170e-46   3.0000000292e+02  -2.1502387262e-05   8.5617847955e-19   4.9386834980e-29   8.4299976384e-21   2.2116732653e-44   2.3304240454e-24   2.3299999972e-01   4.1804897533e-23   1.2923917462e-10   3.1173442708e-25   5.5683101151e-58   2.8797191295e-59   2.2160999930e-37   3.6184901822e-35   2.2040081779e-24   2.2196935190e-10   7.7044715906e-53   1.5074950792e-31   4.8818885816e-62   7.6699999993e-01   1.9075761098e+03
  -9.0085172644e-02  -1.0253800733e-01   1.1719824390e+00   1.8630719132e-05   3.6801961184e-07  -3.5456289958e-43   4.5260290573e-44   3.0000039648e+02  -2.1493380641e-05   4.6691499542e-16   2.3701201425e-24   1.8375558533e-18   1.0664714073e-39   5.1893691807e-22   2.3299996169e-01   9.0757960285e-21   1.7571706726e-08   7.3704327534e-23   2.8739715267e-53   1.4844523320e-54   5.2618506790e-35   8.8470011959e-33   5.5603863703e-22   3.0437878329e-08   2.2941182364e-48   2.0675734931e-29   2.5170690140e-57   7.6699999030e-01   1.9074693436e+03
  -7.1405920483e-02  -7.7632337962e-02   1.1719673300e+00   1.8630897581e-05   3.9454517535e-06  -3.8518591188e-40  -3.5029959858e-42   3.0000425367e+02  -2.1405127826e-05   5.3401281366e-14   2.7000406586e-19   3.5863180657e-16   1.1888485089e-34   1.9994271892e-19   2.3299958910e-01   3.0330069131e-18   1.8852732449e-07   5.6905304902e-20   7.0125108851e-48   3.6087701216e-49   3.8275127191e-32   7.3778864590e-30   5.7108428649e-19   3.2643185348e-07   8.2327235767e-45   2.2188236545e-28   6.1232666331e-52   7.6699989594e-01   1.9064241005e+03
  -5.8953083572e-02  -6.5179503005e-02   1.1718510680e+00   1.8632270821e-05   3.1364542481e-05  -4.2487172168e-37  -3.1923754890e-38   3.0003393651e+02  -2.0727381173e-05   8.7523217616e-12   4.6608628863e-14   7.6087757929e-14   1.9737647575e-29   8.9465440818e-17   2.3299672769e-01   1.2662730211e-15   1.5047566450e-06   4.5943200943e-17   2.1633690806e-42   1.1189927575e-43   2.8429646288e-29   5.9253829388e-27   5.3839125723e-16   2.5931642194e-06   3.1432106294e-41   1.9504734940e-27   1.8986678288e-46   7.6699917439e-01   1.8984708995e+03
  -4.8181789643e-02  -5.2726664140e-02   1.1704107284e+00   1.8649300155e-05   3.6951431211e-04  -2.1884457408e-34  -2.9983287770e-35   3.0040213277e+02  -1.2351183551e-05   2.7125123649e-09   1.5346192481e-09   8.7981739665e-12   5.2630797320e-25   1.9099505987e-14   2.3296136397e-01   2.5165353041e-13   1.7841473674e-05   1.7304548359e-14   2.4207197958e-37  -1.6499005790e-36   9.7767076196e-27   2.2252208811e-24   2.4061687871e-13   3.0463103233e-05  -3.5974212381e-36   1.2805332689e-25  -1.4452708986e-40   7.6699033145e-01   1.8019106039e+03
  -4.1364333347e-02  -4.3636915145e-02   1.1563122147e+00   1.8817662478e-05   3.7304789584e-03  -3.7995865653e-32  -7.3912712669e-33   3.0405454439e+02   7.0869607766e-05   8.8521714421e-08   1.0924527742e-05   4.5137703970e-10   4.3319292434e-21   1.4762965127e-12   2.3261001441e-01   1.8059529843e-11   1.7975455020e-04   2.2213876383e-12   1.2061717756e-33   6.3403078869e-35   1.1357574190e-24   2.8863278593e-22   3.8296323907e-11   3.0771481384e-04   1.5018097424e-32   1.9933668329e-23   1.1634756105e-37   7.6690251571e-01   8.4018950935e+02
  -3.6818699990e-02  -3.9091751550e-02   1.1087577924e+00   1.9408988507e-05   1.5676619229e-02  -1.9411801911e-30  -4.7552680741e-31   3.1705686227e+02   3.6706392221e-04   1.5344063565e-06   5.0471786697e-03   8.0572478345e-09   2.1458518786e-18   3.4897201610e-11   2.3135956135e-01   3.9385773236e-10   7.5598007321e-04   8.2579290539e-11   8.1362122136e-31   4.4924832791e-32   3.7536184854e-23   1.1065619168e-20   1.9433901927e-09   1.2916866407e-03   2.6361340197e-28   9.9569103400e-22   1.0491194526e-34   7.6659276142e-01  -2.5350835088e+03
  -3.3554327428e-02  -3.4545648429e-02   9.9168859801e-01   2.1041854497e-05   4.9104634093e-02  -5.0597622551e-29  -1.4033194760e-29   3.5434851389e+02   1.2054912746e-03   3.1811253363e-05   6.5394992331e-01   9.7840225177e-08   3.8678887851e-16   4.9083564707e-10   2.2782050907e-01   5.1239647864e-09   2.4167293317e-03   1.6227580483e-09  -1.5350663633e-27   1.7195422735e-29   6.5882973488e-22   2.2429604058e-19   5.0765642168e-08   4.0102091435e-03   1.3087358923e-24   2.4392491403e-20  -5.0686693361e-31   7.6575239661e-01  -1.1224168897e+04
  -3.2074349368e-02  -3.2563006427e-02   8.3871114475e-01   2.3673892341e-05   1.0474318150e-01  -1.3404139268e-27  -4.2348021980e-28   4.1864365621e+02   2.6074137083e-03   1.4864280838e-04   2.2837529845e+01   3.7624606894e-07   2.0902579525e-14   3.9408346691e-09   2.2190441445e-01   3.0628707103e-08   5.3516837044e-03   2.0772318365e-08  -1.0406529001e-25   5.9638335635e-28   7.1725256672e-21   2.8938803065e-18   1.0239987304e-06   8.3799386170e-03   1.5001921033e-21   5.3025582299e-19  -7.0290981886e-29   7.6436250764e-01  -2.3655137083e+04
  -3.1263807831e-02  -3.1585692309e-02   7.3303794216e-01   2.5957872084e-05   1.5348278770e-01  -6.0019843304e-27  -2.3850912217e-27   4.7852535077e+02   3.9062438527e-03   4.1325304469e-04   1.1444169844e+02   5.9927282919e-07   1.8644507733e-13   1.2761845939e-08   2.1642423648e-01   7.2451974322e-08   8.3238182085e-03   6.1980536589e-08  -1.5798868013e-25   3.4240026656e-27   1.8254279503e-20   6.7811014260e-18   3.9858717408e-06   1.2181696457e-02   5.2469333408e-20   2.0060120788e-18   5.8326835490e-29   7.6306551652e-01  -3.5135256216e+04
  -3.0702666583e-02  -3.0941923353e-02   6.5045835123e-01   2.8123872057e-05   1.9985339330e-01  -1.6431301210e-26  -7.0879905954e-27   5.3866057487e+02   5.2174135295e-03   9.5385210316e-04   3.9012972342e+02   7.7360492034e-07   1.0980978525e-12   3.0867450664e-08   2.1089251505e-01   1.5482597296e-07   1.1474103241e-02   1.2888319467e-07   1.2491405968e-25  -5.6502984037e-26   3.2634834857e-20   9.6914558967e-18   8.6753266890e-06   1.5829496289e-02   6.6462869709e-19   4.1765581613e-18   3.1505917350e-28   7.6179412191e-01  -4.6347123587e+04
  -3.0270131892e-02  -3.0463409812e-02   5.8328520529e-01   3.0224655179e-05   2.4540607125e-01  -3.3561433180e-26  -1.3825524274e-26   5.9994830075e+02   6.5785439829e-03   1.9087720657e-03   1.1142024654e+03   9.1149196927e-07   5.1602813276e-12   6.5247553722e-08   2.0515016006e-01   3.1356005246e-07   1.4777828989e-02   2.2916314444e-07   3.6395316081e-25  -2.5195365392e-25   5.0087174176e-20   1.1060432807e-17   1.4526282796e-05   1.9512296958e-02   5.1179337997e-18   7.0043076995e-18   1.4356811384e-27   7.6054366824e-01  -5.7536981058e+04
  -2.9911554331e-02  -3.0076853973e-02   5.2752228316e-01   3.2277461804e-05   2.9122473297e-01  -5.9163579066e-26  -2.1697247590e-26   6.6252171782e+02   8.0075958165e-03   3.3368020937e-03   2.8556062137e+03   1.0245574625e-06   2.0751097642e-11   1.2829526724e-07   1.9912113024e-01   6.0809669094e-07   1.8187633433e-02   3.7400038359e-07  -1.7859451366e-23   9.9338858736e-26   6.9664329217e-20   1.1114800644e-17   2.1089622050e-05   2.3364140246e-02   2.9111913331e-17   1.1080310138e-17  -6.2481316247e-26   7.5930387149e-01  -6.8942447457e+04
  -2.9605710179e-02  -2.9746254689e-02   4.8209286495e-01   3.4219532931e-05   3.3572447835e-01  -9.0110429286e-26  -2.9925454740e-26   7.2405498107e+02   9.4520609897e-03   5.1243474704e-03   6.7206995443e+03   1.1192761283e-06   7.2688033017e-11   2.4024834772e-07   1.9302677741e-01   1.1337710385e-06   2.1561218373e-02   5.6891759741e-07  -9.7805760568e-24   2.2761578188e-25   8.8071833378e-20   1.0286773781e-17   2.7811419408e-05   2.7272585629e-02   1.3096126419e-16   1.7513454396e-17   2.0365203037e-26   7.5810854489e-01  -8.0098342950e+04
  -2.9336160861e-02  -2.9465165670e-02   4.4495869624e-01   3.6034719440e-05   3.7784529968e-01  -1.2205966285e-25  -3.4497581722e-26   7.8354426844e+02   1.0887480331e-02   7.2454464876e-03   1.4744943320e+04   1.2025060970e-06   2.2588891206e-10   4.3514967204e-07   1.8697017384e-01   2.0454339455e-06   2.4854749225e-02   8.1615759019e-07   4.3373556798e-24  -3.5567457740e-24   1.0356788660e-19   9.0057412785e-18   3.4447861002e-05   3.1164151127e-02   4.9156931715e-16   2.8190253456e-17   5.5177733326e-26   7.5697197847e-01  -9.0908129739e+04
  -2.9086435201e-02  -2.9207156053e-02   4.1311760957e-01   3.7793711202e-05   4.1910116544e-01  -1.5425921154e-25  -3.5479825936e-26   8.4294310012e+02   1.2357502259e-02   9.8492486375e-03   3.1191989071e+04   1.2821063227e-06   6.5576583892e-10   7.8667306906e-07   1.8076697537e-01   3.6676808000e-06   2.8162913332e-02   1.1233041482e-06   8.4414418200e-24  -7.3179856448e-24   1.1449361553e-19   7.5110955004e-18   4.1182536206e-05   3.5173982524e-02   1.6637096590e-15   4.6951828848e-17   1.6643456747e-25   7.5584808582e-01  -1.0164183817e+05
  -2.8851525294e-02  -2.8965714350e-02   3.8543624477e-01   3.9508167631e-05   4.5979434155e-01  -1.9049845758e-25  -3.1686083345e-26   9.0244006925e+02   1.3867643588e-02   1.2995465602e-02   6.3286404143e+04   1.3643544198e-06   1.7777677210e-09   1.4216620899e-06   1.7439362877e-01   6.5388494004e-06   3.1490339217e-02   1.4798414849e-06  -5.9637242121e-23   1.6995386134e-24   1.1924580669e-19   6.0006536111e-18   4.8116522660e-05   3.9334283868e-02   5.1321564491e-15   7.9478318785e-17   5.8822270365e-25   7.5472282514e-01  -1.1241181889e+05
  -2.8628523193e-02  -2.8737336238e-02   3.6116385826e-01   4.1182032941e-05   4.9996790810e-01  -2.2335597056e-25  -1.9518767063e-26   9.6200604725e+02   1.5417595913e-02   1.6722377604e-02   1.2213193120e+05   1.4583556975e-06   4.4844186550e-09   2.5515626092e-06   1.6785102056e-01   1.1533172535e-05   3.4832956019e-02   1.8616957633e-06  -9.5434759638e-23   2.9289397418e-24   1.1736990320e-19   4.6169890821e-18   5.5442853954e-05   4.3653513704e-02   1.4479519714e-14   1.3336400036e-16   1.8650850110e-24   7.5358965759e-01  -1.2328461197e+05
  -2.8417381873e-02  -2.8519710148e-02   3.3992243502e-01   4.2802240764e-05   5.3919338204e-01  -2.6185135201e-25  -2.6620885191e-27   1.0210120279e+03   1.6990110093e-02   2.1004016035e-02   2.2241006453e+05   1.5777304266e-06   1.0474886162e-08   4.4857161924e-06   1.6121138005e-01   1.9895459567e-05   3.8153844574e-02   2.2400982386e-06   5.2344087834e-23   4.7133627210e-24   1.1027497367e-19   3.4701550861e-18   6.3436160415e-05   4.8086848797e-02   3.7358848510e-14   2.1750253100e-16   5.7772556081e-24   7.5245628094e-01  -1.3420497784e+05
  -2.8216200908e-02  -2.8315053598e-02   3.2123056709e-01   4.4368735816e-05   5.7738472038e-01  -3.1387119308e-25   2.0915449278e-26   1.0792927990e+03   1.8581562808e-02   2.5828075141e-02   3.8193105666e+05   1.7445629007e-06   2.2726577642e-08   7.6459803286e-06   1.5448932850e-01   3.3273614154e-05   4.1448263708e-02   2.5984865651e-06   7.0415887220e-23  -1.0434350762e-22   1.0321591907e-19   2.6268446795e-18   7.2638902746e-05   5.2623574370e-02   8.8919167361e-14   3.4474694032e-16   1.7114555551e-23   7.5132090915e-01  -1.4532222648e+05
  -2.8020973945e-02  -2.8117348219e-02   3.0446057985e-01   4.5904498554e-05   6.1502633325e-01  -3.4847199750e-25   5.1422935039e-26   1.1375763264e+03   2.0211942877e-02   3.1275884968e-02   6.2714988871e+05   1.9974639903e-06   4.6729023469e-08   1.2681662138e-05   1.4759961245e-01   5.4117629827e-05   4.4757555000e-02   2.9405386281e-06  -3.1606392702e-22   1.2070441782e-23   1.0298909277e-19   2.1536493135e-18   8.4088426825e-05   5.7321124007e-02   2.0066559524e-13   5.4396633759e-16   4.9349156546e-23   7.5016583609e-01  -1.5680518510e+05
  -2.7830353939e-02  -2.7924599670e-02   2.8932196426e-01   4.7412779752e-05   6.5216343864e-01  -4.5660758766e-25   8.7114782238e-26   1.1958974410e+03   2.1884358430e-02   3.7374645120e-02   9.9042111102e+05   2.3953690396e-06   9.1754097837e-08   2.0436046587e-05   1.4052826482e-01   8.5419279890e-05   4.8085601907e-02   3.2713658237e-06   2.6632929102e-22   2.2807612734e-23   1.2485567134e-19   2.1918573832e-18   9.9304667046e-05   6.2189233919e-02   4.3577677956e-13   8.7663038510e-16   1.4186163102e-22   7.4898598087e-01  -1.6872712092e+05
  -2.7643570382e-02  -2.7736108208e-02   2.7561324954e-01   4.8892633266e-05   6.8876923662e-01  -5.0872275212e-25   1.2564761317e-25   1.2541400428e+03   2.3598821785e-02   4.4139146824e-02   1.5097032377e+06   3.0265996665e-06   1.7282724355e-07   3.1955126411e-05   1.3327470544e-01   1.3065626421e-04   5.1428682090e-02   3.5944802854e-06   7.0051942649e-22   5.8834181728e-23   2.0963139344e-19   3.1125788423e-18   1.2062664825e-04   6.7227687410e-02   9.2158693663e-13   1.4772952918e-15   4.1604859852e-22   7.4777889311e-01  -1.8116200858e+05
  -2.7459844970e-02  -2.7551032557e-02   2.6316059309e-01   5.0343416600e-05   7.2485078380e-01  -5.2922394032e-25   1.6387463009e-25   1.3122034742e+03   2.5356771553e-02   5.1581809031e-02   2.2279865390e+06   4.0206459420e-06   3.1354028547e-07   4.8485755774e-05   1.2583305316e-01   1.9373649034e-04   5.4784453906e-02   3.9098533217e-06   2.4482563688e-21   2.0154021708e-22   4.8066786765e-19   6.1181631916e-18   1.5166558064e-04   7.2438837237e-02   1.9180121455e-12   2.6433702433e-15   1.2669562171e-21   7.4654152383e-01  -1.9420791218e+05
  -2.7278968629e-02  -2.7368657383e-02   2.5185080478e-01   5.1759922646e-05   7.6032855179e-01  -6.4393886221e-25   1.9903465715e-25   1.3698039964e+03   2.7155073252e-02   5.9664036690e-02   3.1877457210e+06   5.5571611629e-06   5.4885120347e-07   7.1348186490e-05   1.1821815829e-01   2.7853794044e-04   5.8140491329e-02   4.2124028677e-06   1.0680255052e-20   8.6153619555e-22   1.4140120393e-18   1.5582002766e-17   1.9776851951e-04   7.7809081397e-02   3.9493244348e-12   5.0275155421e-15   4.0468584577e-21   7.4527429592e-01  -2.0794311470e+05
  -2.7099960341e-02  -2.7189279876e-02   2.4154665235e-01   5.3141886382e-05   7.9528375866e-01  -8.5523031184e-25   2.2684672084e-25   1.4268572551e+03   2.8998430824e-02   6.8357883581e-02   4.4282501176e+06   7.8851648098e-06   9.2952752890e-07   1.0189611191e-04   1.1041393279e-01   3.8895780412e-04   6.1498126296e-02   4.4927897877e-06   5.6390559203e-20   4.4569822137e-21   5.1660805268e-18   4.9592216942e-17   2.6694091644e-04   8.3344685433e-02   8.0681581985e-12   1.0069573164e-14   1.3794343575e-20   7.4397215316e-01  -2.2254996563e+05
  -2.6921007061e-02  -2.7010640807e-02   2.3209124528e-01   5.4494839405e-05   8.2998029535e-01  -9.6030295843e-25   2.3962568982e-25   1.4835290631e+03   3.0901792850e-02   7.7661058808e-02   5.9916929086e+06   1.1368631852e-05   1.5313999749e-06   1.4161106580e-04   1.0236439272e-01   5.2933891873e-04   6.4874174581e-02   4.7416834505e-06   3.6365206377e-19   2.8158207825e-20   2.3569256154e-17   1.9736902814e-16   3.7170963887e-04   8.9078615165e-02   1.6418988718e-11   2.1028112743e-14   5.3171325479e-20   7.4262251618e-01  -2.3830831194e+05
  -2.6740820085e-02  -2.6831373314e-02   2.2339205729e-01   5.5818101051e-05   8.6458098229e-01  -1.0371542213e-24   2.2885166301e-25   1.5397402892e+03   3.2875849469e-02   8.7494315055e-02   7.9049907439e+06   1.6509444722e-05   2.4610702883e-06   1.9164483691e-04   9.4037065493e-02   7.0316378400e-04   6.8274033569e-02   4.9456391403e-06   2.9174101061e-18   2.2055549195e-19   1.3609120958e-16   9.8904689853e-16   5.3065286371e-04   9.5024314147e-02   3.3249492173e-11   4.5242855450e-14   2.6195781427e-19   7.4121520912e-01  -2.5551974569e+05
  -2.6558019296e-02  -2.6650266855e-02   2.1537925546e-01   5.7108962217e-05   8.9926395378e-01  -1.1669678017e-24   1.8527575143e-25   1.5953312973e+03   3.4932780909e-02   9.7723288966e-02   1.0173084474e+07   2.4006911760e-05   3.8665385708e-06   2.5254894525e-04   8.5401475853e-02   9.1259995108e-04   7.1701855697e-02   5.0886954590e-06  -5.0582090567e-17   2.6361731334e-18   1.0602783443e-15   6.2970234057e-15   7.7140437073e-04   1.0118903809e-01   6.6865050723e-11   1.0014343886e-13   2.0759731194e-18   7.3973811488e-01  -2.7455912650e+05
  -2.6370770829e-02  -2.6465771736e-02   2.0799121972e-01   5.8364240866e-05   9.3428514361e-01  -1.2199577740e-24   9.7842728498e-26   1.6501274146e+03   3.7090103731e-02   1.0815791067e-01   1.2770663708e+07   3.4861369748e-05   5.9533055329e-06   3.2391151216e-04   7.6417318560e-02   1.1579138148e-03   7.5165734991e-02   5.1525996601e-06   3.5346677259e-16   2.5667161667e-17   9.1025083069e-15   5.1356989438e-14   1.1355952483e-03   1.0757949457e-01   1.3344128169e-10   2.3474988608e-13   2.0942501068e-17   7.3817406389e-01  -2.9592211518e+05
  -2.6176510910e-02  -2.6275769922e-02   2.0117272234e-01   5.9580138221e-05   9.7001733999e-01  -1.2782826091e-24  -4.6858995532e-26   1.7039365011e+03   3.9373801195e-02   1.1854000551e-01   1.5627770378e+07   5.0559309009e-05   9.0086481257e-06   4.0374676993e-04   6.7028900192e-02   1.4363949993e-03   7.8680016192e-02   5.1153597290e-06   5.6953144475e-15   4.0352492020e-16   1.1133685675e-13   5.4666932910e-13   1.6873951904e-03   1.1420083598e-01   2.6471891280e-10   7.2726257762e-13   3.3080553346e-16   7.3649802710e-01  -3.2028141145e+05
  -2.5971483670e-02  -2.6077251898e-02   1.9487465260e-01   6.0751616973e-05   1.0070145918e+00  -1.3751587250e-24  -2.6780705265e-25   1.7565289572e+03   4.1823566503e-02   1.2852375729e-01   1.8600838600e+07   7.3439077170e-05   1.3439738512e-05   4.8739921292e-04   5.7157599507e-02   1.7402952426e-03   8.2268436346e-02   4.9480844881e-06   1.2173595035e-13   8.3804164900e-15   1.8280354283e-12   7.7270376025e-12   2.5298374274e-03   1.2105219322e-01   5.2458695347e-10   5.2059301015e-12   7.0617144708e-15   7.3467241160e-01  -3.4857906827e+05
  -2.5749878839e-02  -2.5865715443e-02   1.8905545046e-01   6.1870846457e-05   1.0461310008e+00  -1.4915751527e-24  -5.9101603207e-25   1.8075831127e+03   4.4502439097e-02   1.3762932148e-01   2.1408633117e+07   1.0748609198e-04   1.9828568587e-05   5.6525711564e-04   4.6692405273e-02   2.0521270509e-03   8.5968924827e-02   4.6088659748e-06   3.5915882516e-12   2.3854317801e-13   4.1809475363e-11   1.4923142550e-10   3.8397843972e-03   1.2811094819e-01   1.0509996056e-09   9.4227266910e-11   2.0549990279e-13   7.3263862828e-01  -3.8217326118e+05
  -2.5500547890e-02  -2.5634042236e-02   1.8365298926e-01   6.2929977201e-05   1.0890187923e+00  -1.6157308886e-24  -1.0588730648e-24   1.8568541182e+03   4.7534425756e-02   1.4515089314e-01   2.3488405633e+07   1.6063616167e-04   2.9022002424e-05   6.1740766684e-04   3.5416805359e-02   2.3334630621e-03   8.9864978362e-02   4.0265475482e-06   1.5434458902e-10   9.7974299779e-12   1.4084291281e-09   4.1236885631e-09   5.9661134048e-03   1.3532063043e-01   2.2990211780e-09   2.8525020436e-09   8.5039758090e-12   7.3028690614e-01  -4.2327499575e+05
  -2.5196787267e-02  -2.5367053545e-02   1.7852753716e-01   6.3924069043e-05   1.1396400615e+00  -1.7933092093e-24  -1.7541635149e-24   1.9044747223e+03   5.1220140448e-02   1.4949129457e-01   2.3859177817e+07   2.5377553093e-04   4.2075082498e-05   5.9504233680e-04   2.2844147206e-02   2.4786595260e-03   9.4166258686e-02   3.0575903622e-06   1.0237253935e-08   6.1678039616e-10   7.6343732553e-08   1.7944824220e-07   9.7993972405e-03   1.4245014636e-01   1.2021907724e-08   1.2627250943e-07   5.2724773007e-10   7.2736703497e-01  -4.7584681093e+05
  -2.4740281551e-02  -2.5026520989e-02   1.7315064133e-01   6.4861660223e-05   1.2124751124e+00  -2.2356478751e-24  -2.9189471214e-24   1.9524177163e+03   5.6646136960e-02   1.5819838064e-01   3.2898904772e+07   4.8412437782e-04   5.5724567640e-05   3.3004867927e-04   7.7594030888e-03   1.9913666880e-03   9.9503057722e-02   1.3544598629e-06   1.0435137368e-06   5.7932315431e-08   7.6943869764e-06   1.5661633476e-05   1.9059770759e-02   1.4774348889e-01   3.6823123694e-07   7.6611725281e-06   4.6624619424e-08   7.2303912728e-01  -5.4569609237e+05
  -2.4050440177e-02  -2.4454042113e-02   1.7193141933e-01   6.4340582529e-05   1.3154351716e+00  -3.0362838045e-24  -4.3015124764e-24   1.9414037370e+03   6.5143667897e-02   2.3078424580e-01   1.7717449127e+07   1.0388656776e-03   7.0910862517e-06   1.8723727177e-06   1.5303979475e-03   1.1160295996e-04   1.0154713417e-01   3.4354644923e-07   7.3485209919e-06   3.3707968455e-07   5.9118199997e-04   2.7649244541e-03   3.8551658898e-02   1.3652854175e-01   4.7616911733e-07   1.2122595766e-04   2.4565045193e-07   7.1719675175e-01  -5.6088301136e+05
  -2.3410259550e-02  -2.3646838242e-02   1.7735282878e-01   6.2274100082e-05   1.4020628221e+00  -3.7625510699e-24  -3.9059326742e-24   1.8645368353e+03   7.5756637735e-02   3.3080823888e-01  -6.5588465618e+05   1.1945586159e-03   2.2312660388e-06   1.2999382089e-07   7.2256269466e-04   2.5288638460e-05   9.9343542562e-02   1.1774323519e-07   2.8298316721e-06   1.1645785927e-07   8.3631435254e-04   1.2574368979e-02   4.3391132019e-02   1.3272040201e-01   1.4493405280e-07   9.2374906549e-05   9.0727451428e-08   7.0909379426e-01  -6.2247153639e+05
  -2.2949181376e-02  -2.3173680858e-02   1.8156855058e-01   6.0736922651e-05   1.4636738203e+00  -4.1493687849e-24  -3.1173325752e-24   1.8087686456e+03   8.4532762156e-02   3.9795999283e-01  -1.5700371621e+06   1.2532883657e-03   1.4271927465e-06   4.1676730873e-08   4.6191796630e-04   1.3470410406e-05   9.7587900288e-02   6.8123866726e-08   1.7975936751e-06   6.8462322141e-08   8.8663004615e-04   2.1372094038e-02   4.5262508934e-02   1.3072107788e-01   8.7978442999e-08   7.2977792802e-05   5.6875191848e-08   7.0236458638e-01  -6.7112707056e+05
  -2.2501609347e-02  -2.2724681893e-02   1.8574384240e-01   5.9230452403e-05   1.5234031775e+00  -4.3725482630e-24  -2.1804381539e-24   1.7555493185e+03   9.4161915815e-02   4.7628228719e-01  -1.0643714115e+06   1.2802428126e-03   9.5598829537e-07   1.6440288156e-08   3.3757142085e-04   7.7056154927e-06   9.5846849887e-02   4.5502446657e-08   1.1207217422e-06   3.9524388821e-08   8.6360546058e-04   3.1368025075e-02   4.6223080231e-02   1.2902170094e-01   5.4462606216e-08   5.6009964603e-05   3.5279321093e-08   6.9499294067e-01  -7.2045548886e+05
  -2.2053648513e-02  -2.2278536801e-02   1.9005146074e-01   5.7693665312e-05   1.5838480144e+00  -4.4576370499e-24  -1.3472537215e-24   1.7024539007e+03   1.0496525742e-01   5.6156114992e-01  -4.8255014675e+05   1.2877871202e-03   6.2937235898e-07   7.0840200991e-09   2.8179446279e-04   4.3652461232e-06   9.4082278330e-02   3.4096806247e-08   6.4171001463e-07   2.0883220207e-08   7.7863331567e-04   4.2792186152e-02   4.6676781206e-02   1.2732537553e-01   3.1863078382e-08   4.1135127820e-05   2.0242479443e-08   6.8672827825e-01  -7.7300035384e+05
  -2.1604717227e-02  -2.1828760225e-02   1.9457065059e-01   5.6109542743e-05   1.6456383188e+00  -4.4026455329e-24  -7.8724162286e-25   1.6486954228e+03   1.1702308374e-01   6.5213292604e-01  -7.3492109747e+04   1.2834958154e-03   4.0465145328e-07   3.2932440834e-09   2.6747853817e-04   2.4087410040e-06   9.2284778835e-02   2.8613761922e-08   3.3725163412e-07   1.0073363551e-08   6.5828136389e-04   5.5653430906e-02   4.6827753874e-02   1.2550000967e-01   1.7597100597e-08   2.9145747608e-05   1.0743806220e-08   6.7749240428e-01  -8.2995123155e+05
  -2.1159660702e-02  -2.1380674228e-02   1.9930934116e-01   5.4488722741e-05   1.7086422716e+00  -4.1567107399e-24  -5.2643194217e-25   1.5944945879e+03   1.3024575579e-01   7.4600849333e-01   1.4272214821e+05   1.2726521040e-03   2.5675495265e-07   1.6629437853e-09   2.7900391463e-04   1.3015556642e-06   9.0462081718e-02   2.6231844080e-08   1.6659846602e-07   4.5408271221e-09   5.3116739065e-04   6.9799833422e-02   4.6786690540e-02   1.2350712864e-01   9.4339981207e-09   2.0344613737e-05   5.4066611732e-09   6.6733932547e-01  -8.9150049324e+05
  -2.0721469557e-02  -2.0938647175e-02   2.0426401507e-01   5.2843494313e-05   1.7730474991e+00  -3.7117512016e-24  -4.7569569210e-25   1.5401808011e+03   1.4456024248e-01   8.4297500180e-01   2.1747373400e+05   1.2585009252e-03   1.6298890963e-07   9.0724116126e-10   3.0585407734e-04   6.9614281830e-07   8.8617627859e-02   2.5350636876e-08   7.9741203651e-08   1.9714164632e-09   4.1701307463e-04   8.5119037704e-02   4.6607433548e-02   1.2134270846e-01   5.0939831724e-09   1.4339079345e-05   2.6617520332e-09   6.5631651041e-01  -9.5767726060e+05
  -2.0290824722e-02  -2.0504291938e-02   2.0943775334e-01   5.1181403617e-05   1.8394619610e+00  -3.1129787713e-24  -5.2033193845e-25   1.4859622081e+03   1.5995843860e-01   9.4387253578e-01   2.1304217544e+05   1.2427278993e-03   1.0478133208e-07   5.2685485533e-10   3.4129843196e-04   3.7234021931e-07   8.6748911498e-02   2.5218613475e-08   3.8030194649e-08   8.4738890327e-10   3.2407507718e-04   1.0158665279e-01   4.6312973248e-02   1.1900767700e-01   2.8692558782e-09   1.0443191269e-05   1.3195751831e-09   6.4442469493e-01  -1.0286592508e+06
  -1.9867046550e-02  -2.0077357506e-02   2.1484467388e-01   4.9505410254e-05   1.9087460048e+00  -2.4357622096e-24  -5.7678783572e-25   1.4319137018e+03   1.7649082658e-01   1.0496392455e+00   1.7654018554e+05   1.2260744839e-03   6.8795316165e-08   3.2080150952e-10   3.8140276028e-04   2.0051003744e-07   8.4848944126e-02   2.5634211347e-08   1.8442591650e-08   3.6778528344e-10   2.5250099646e-04   1.1925248492e-01   4.5911904403e-02   1.1649868152e-01   1.7313730261e-09   8.0052668166e-06   6.7303125301e-10   6.3161968504e-01  -1.1048369116e+06
  -1.9448860882e-02  -1.9656735593e-02   2.2050953581e-01   4.7815582207e-05   1.9818582769e+00  -1.7367091611e-24  -6.0363339659e-25   1.3780224297e+03   1.9424919171e-01   1.1608456215e+00   1.3481726449e+05   1.2087917252e-03   4.6305930880e-08   2.0235883965e-10   4.2390787646e-04   1.0894644272e-07   8.2907302547e-02   2.6720627797e-08   9.1898116246e-09   1.6273637461e-10   1.9869695823e-04   1.3821586867e-01   4.5405979596e-02   1.1380777685e-01   1.1354393150e-09   6.5317026128e-06   3.5737988299e-10   6.1782495105e-01  -1.1867697878e+06
  -1.9034801143e-02  -1.9240986170e-02   2.2646645901e-01   4.6110519321e-05   2.0597842052e+00  -1.0606214970e-24  -5.9094273670e-25   1.3242302547e+03   2.1335450995e-01   1.2777299642e+00   9.9219285353e+04   1.1908952251e-03   3.1941791112e-08   1.3091163711e-10   4.6731008203e-04   5.9592680685e-08   8.0910703472e-02   2.8786534738e-08   4.7119464367e-09   7.3434861761e-11   1.5830548246e-04   1.5860893873e-01   4.4792867127e-02   1.1092359194e-01   8.1065981612e-10   5.6867464935e-06   1.9822943094e-10   6.0294157496e-01  -1.2751274297e+06
  -1.8623399522e-02  -1.8828616117e-02   2.3275857012e-01   4.4388177683e-05   2.1435322891e+00  -4.8989709621e-25  -5.4495493641e-25   1.2704588723e+03   2.3395137418e-01   1.4003602257e+00   7.2320275302e+04   1.1722909039e-03   2.2511031986e-08   8.6064723372e-11   5.1028332898e-04   3.2640920911e-08   7.8843479750e-02   3.2243420250e-08   2.4742750775e-09   3.3591119655e-11   1.2758580347e-04   1.8058891169e-01   4.4067197044e-02   1.0783169747e-01   6.2504375772e-10   5.2508073003e-06   1.1464824587e-10   5.8685321248e-01  -1.3706547759e+06
  -1.8213241915e-02  -1.8418182927e-02   2.3943952861e-01   4.2646146676e-05   2.2341724475e+00  -6.8527982208e-26  -4.7643908937e-25   1.2166175421e+03   2.5620792564e-01   1.5283826911e+00   5.3021106614e+04   1.1528305807e-03   1.6142348373e-08   5.7015774423e-11   5.5139605415e-04   1.7779707226e-08   7.6687912446e-02   3.7540484504e-08   1.3205719278e-09   1.5434044206e-11   1.0376870988e-04   2.0433743397e-01   4.3221119761e-02   1.0451399093e-01   5.1368149565e-10   5.0786906408e-06   6.8975901650e-11   5.6942639542e-01  -1.4741709042e+06
  -1.7802947945e-02  -1.8008300903e-02   2.4657550920e-01   4.0881951990e-05   2.3328780141e+00   1.7365013205e-25  -3.9552439498e-25   1.1626114635e+03   2.8031514638e-01   1.6597636479e+00   3.9340260496e+04   1.1323289741e-03   1.1730588366e-08   3.7770372452e-11   5.8900464785e-04   9.5591524108e-09   7.4424432340e-02   4.5067385668e-08   7.1051536143e-10   7.0514490987e-12   8.4935732110e-05   2.3005981969e-01   4.2244829068e-02   1.0094818580e-01   4.4385138869e-10   5.0689928319e-06   4.3244626038e-11   5.5051132716e-01  -1.5865649135e+06
  -1.7391107100e-02  -1.7597594987e-02   2.5424431644e-01   3.9094097144e-05   2.4408808674e+00   2.6759662609e-25  -3.1070770728e-25   1.1083732753e+03   3.0647570623e-01   1.7884989111e+00   2.9539261664e+04   1.1105522417e-03   8.6087338736e-09   2.4847247038e-11   6.2122342188e-04   5.0346064470e-09   7.2031441697e-02   5.4980410333e-08   3.8239025422e-10   3.1717540958e-12   6.9787333736e-05   2.5797338719e-01   4.1127237481e-02   9.7109417099e-02   3.9865680502e-10   5.1452434720e-06   2.8549753720e-11   5.2995173883e-01  -1.7087193938e+06
  -1.6975866774e-02  -1.7184619213e-02   2.6253586389e-01   3.7282611708e-05   2.5593087851e+00   2.5452250914e-25  -2.2920101681e-25   1.0538797181e+03   3.3489748501e-01   1.9035416822e+00   2.2369843751e+04   1.0871637982e-03   6.3604978790e-09   1.6124318300e-11   6.4592995741e-04   2.5777014381e-09   6.9482291213e-02   6.6968309991e-08   2.0435090874e-10   1.3908894825e-12   5.7431697377e-05   2.8830094879e-01   3.9855722564e-02   9.2972744133e-02   3.6928081981e-10   5.2452737116e-06   2.0209841646e-11   5.0759244606e-01  -1.8414205078e+06
  -1.6554946340e-02  -1.6767114335e-02   2.7154435322e-01   3.5450958943e-05   2.6887968899e+00   1.8029859927e-25  -1.5740906508e-25   9.9920979565e+02   3.6576265837e-01   1.9920584422e+00   1.7012943209e+04   1.0616857864e-03   4.7189655680e-09   1.0254982666e-11   6.6073207452e-04   1.2737204097e-09   6.6743856780e-02   8.0070799146e-08   1.0774754116e-10   5.8937491916e-13   4.7256006754e-05   3.2123824615e-01   3.8416375924e-02   8.8520170103e-02   3.5131077286e-10   5.3156860933e-06   1.5483025454e-11   4.8330627494e-01  -1.9851337942e+06
  -1.6126295642e-02  -1.6342778344e-02   2.8136431026e-01   3.3607185917e-05   2.8293418914e+00   8.2323836060e-26  -1.0030558068e-25   9.4456849094e+02   3.9917875865e-01   2.0498884134e+00   1.2949134250e+04   1.0335481551e-03   3.5085121421e-09   6.3527327740e-12   6.6307177285e-04   6.0372483279e-10   6.3781652355e-02   9.2737198944e-08   5.5782155497e-11   2.3959299963e-13   3.8838253291e-05   3.5690172517e-01   3.6797075729e-02   8.3745749169e-02   3.4292811002e-10   5.3101405592e-06   1.2548644356e-11   4.5703293199e-01  -2.1396565194e+06
  -1.5687611818e-02  -1.5909812940e-02   2.9213567926e-01   3.1756889589e-05   2.9811277288e+00  -9.5804927974e-27  -5.8424990738e-26   8.9006455968e+02   4.3526191963e-01   2.0687453667e+00   9.8322361132e+03   1.0021271860e-03   2.6066571982e-09   3.8045388522e-12   6.5057759159e-04   2.7243002531e-10   6.0559437673e-02   1.0323581039e-07   2.8186491146e-11   9.2599466953e-14   3.1850128175e-05   3.9541685909e-01   3.4986676557e-02   7.8636688833e-02   3.4390977371e-10   5.1912369903e-06   1.0279450516e-11   4.2871048521e-01  -2.3049452757e+06
  -1.5240482688e-02  -1.5465410695e-02   3.0393852360e-01   2.9919723497e-05   3.1429052511e+00  -7.3863973773e-26  -3.0133789988e-26   8.3621361973e+02   4.7380791776e-01   2.0477203585e+00   7.4358948050e+03   9.6708624278e-04   1.9317074513e-09   2.1931680472e-12   6.2155295382e-04   1.1687053525e-10   5.7068849087e-02   1.0996384895e-07   1.3878523747e-11   3.3929285959e-14   2.6072328450e-05   4.3656695749e-01   3.2992150974e-02   7.3220289440e-02   3.5456624818e-10   4.9342629035e-06   8.2284434259e-12   3.9853199483e-01  -2.4795705530e+06
  -1.4796093246e-02  -1.5015554681e-02   3.1657606582e-01   2.8152278232e-05   3.3090205845e+00  -1.0105336483e-25  -1.3154030555e-26   7.8459873770e+02   5.1363107850e-01   1.9834316154e+00   5.6110178899e+03   9.2900001614e-04   1.4307240121e-09   1.2275615371e-12   5.7673166336e-04   4.8589749586e-11   5.3387620706e-02   1.1177474425e-07   6.7437286471e-12   1.2011601981e-14   2.1389530596e-05   4.7908744159e-01   3.0875117792e-02   6.7658523573e-02   3.7338141560e-10   4.5419662637e-06   6.3759517347e-12   3.6745951952e-01  -2.6576094319e+06
  -1.4359170516e-02  -1.4576631811e-02   3.3001798232e-01   2.6478213839e-05   3.4756637805e+00  -9.9064397421e-26  -3.7529552749e-27   7.3579358162e+02   5.5388689629e-01   1.8755690418e+00   4.1980941389e+03   8.8823851382e-04   1.0530366632e-09   6.7044703397e-13   5.1896268903e-04   1.9786390621e-11   4.9569429349e-02   1.0835489504e-07   3.2374280834e-12   4.1263763262e-15   1.7587553187e-05   5.2207749222e-01   2.8685694281e-02   6.2060939867e-02   3.9519639729e-10   4.0402940525e-06   4.7622674348e-12   3.3617750540e-01  -2.8352249246e+06
  -1.3922639152e-02  -1.4141709220e-02   3.4455562424e-01   2.4877320349e-05   3.6430214668e+00  -7.5346160723e-26   1.7110985051e-27   6.8913943821e+02   5.9474510786e-01   1.7250023376e+00   3.0540845203e+03   8.4412835332e-04   7.5661607272e-10   3.5514686211e-13   4.5055679118e-04   7.8252531406e-12   4.5577054849e-02   9.9509413912e-08   1.5086555250e-12   1.3447691510e-15   1.4418523601e-05   5.6571948550e-01   2.6419795630e-02   5.6395349578e-02   4.0949234016e-10   3.4532324511e-06   3.3785303358e-12   3.0457565686e-01  -3.0128806132e+06
  -1.3478784048e-02  -1.3703569083e-02   3.6055880651e-01   2.3332049362e-05   3.8112264945e+00  -3.1657881939e-26   6.5212059613e-27   6.4407290024e+02   6.3636155675e-01   1.5331765627e+00   2.0945654483e+03   7.9583072039e-04   5.1703678643e-10   1.8196906365e-13   3.7427175439e-04   2.9777929356e-12   4.1374673282e-02   8.5293548814e-08   6.6741055553e-13   4.0380639831e-16   1.1701812344e-05   6.1018156284e-01   2.4072690299e-02   5.0632456082e-02   4.0018015311e-10   2.8099336024e-06   2.2195803742e-12   2.7255391706e-01  -3.1909854355e+06
  -1.3018373419e-02  -1.3253999013e-02   3.7851753097e-01   2.1826334700e-05   3.9803778605e+00   8.0707933834e-26   1.2832130214e-26   6.0008863919e+02   6.7887721840e-01   1.3049581509e+00   1.2905926324e+03   7.4229200925e-04   3.2342023225e-10   8.9658113521e-14   2.9355297875e-04   1.0681792548e-12   3.6928234105e-02   6.6750634954e-08   2.7234735839e-13   1.0707592932e-16   9.2936401408e-06   6.5561677844e-01   2.1639051873e-02   4.4745763625e-02   3.5309413640e-10   2.1456776882e-06   1.2978269747e-12   2.4002282022e-01  -3.3699239436e+06
  -1.2529286472e-02  -1.2782747824e-02   3.9910396605e-01   2.0344619406e-05   4.1505802893e+00   1.1612400508e-26   5.5290463255e-27   5.5671337668e+02   7.2241599705e-01   1.0498863775e+00   6.6700111955e+02   6.8216972599e-04   1.7600857055e-10   4.1308117469e-14   2.1279228402e-04   3.4613732240e-13   3.2207001174e-02   4.6509224614e-08   9.8116218114e-14  -1.3478511078e-16   7.0789664734e-06   7.0216108078e-01   1.9112305662e-02   3.8711842249e-02   2.7017344298e-10   1.5027680866e-06   6.3880451742e-13   2.0690417943e-01  -3.5500812678e+06
  -1.1994101322e-02  -1.2275825119e-02   4.2326084031e-01   1.8871386512e-05   4.3219606122e+00   8.0873694407e-27   3.4310921868e-27   5.1350113967e+02   7.6707004526e-01   7.8313315607e-01   2.6436885972e+02   6.1373280550e-04   7.8547038437e-11   1.6753239780e-14   1.3755799765e-04   9.2478403821e-14   2.7188414340e-02   2.8207978015e-08   2.8276983774e-14  -4.1210237602e-17   4.9929584165e-06   7.4991824397e-01   1.6483002152e-02   3.2512741748e-02   1.7440819972e-10   9.3018204299e-07   2.4807702566e-13   1.7314035538e-01  -3.7318259545e+06
  -1.1385401145e-02  -1.1712377526e-02   4.5230472685e-01   1.7392043067e-05   4.4946548714e+00   5.3155268217e-27   4.7105682479e-27   4.7007989454e+02   8.1285561654e-01   5.2580084623e-01   7.2240299474e+01   5.3477820631e-04   2.7169596337e-11   5.5491335926e-15   7.4548258725e-05   1.8192580926e-14   2.1870535675e-02   1.4606527727e-08   5.9218589884e-15  -5.8321402543e-18   3.0731814351e-06   7.9891381752e-01   1.3734846769e-02   2.6142929203e-02   9.5314635688e-11   4.7899599752e-07   7.1315132500e-14   1.3872497746e-01  -3.9153699730e+06
  -1.0654316014e-02  -1.1058424764e-02   4.8800000696e-01   1.5895602877e-05   4.6689888487e+00  -2.2821594741e-28   1.6199627979e-27   4.2627006657e+02   8.5966951820e-01   3.0425255024e-01   1.1854788774e+01   4.4259990251e-04   6.8666968149e-12   1.3739637024e-15   3.0419407070e-05   2.2511908280e-15   1.6292946830e-02   6.1733572968e-09   8.1411987041e-16  -3.6611956753e-19   1.4975432376e-06   8.4905072916e-01   1.0831038688e-02   1.9614879768e-02   4.5613097334e-11   1.8708959833e-07   1.4804776812e-14   1.0373569539e-01  -4.1005507644e+06
  -9.6430439962e-03  -1.0250207264e-02   5.3542091025e-01   1.4293886584e-05   4.8560157660e+00  -1.9488624097e-28   1.3514179153e-28   3.7976925249e+02   9.0974831198e-01   1.2796505663e-01   8.2618930546e-01   3.2826710907e-04   1.0628211091e-12   1.9547271523e-16   7.0956576597e-06   1.1738217957e-16   1.0268488748e-02   1.6777361554e-09   8.5941843903e-17  -5.6780797282e-21   4.5509440156e-07   9.0275065285e-01   7.5170247641e-03   1.2606038107e-02   2.1429532069e-11   4.4926963166e-08   1.7755115348e-14   6.6521931041e-02  -4.2967878674e+06
  -7.6131215251e-03  -9.0358807285e-03   5.9734519300e-01   1.2642149509e-05   5.0479793044e+00  -6.1666420161e-30  -1.2235021458e-30   3.3275285777e+02   9.6140087634e-01   2.2206307836e-02   2.3448710222e-02   1.6775844373e-04   8.4601225747e-14   1.0757479110e-17   5.2889075435e-07   1.3123602948e-18   4.1601142767e-03   1.5775895675e-10   6.1986911065e-18  -1.9990483460e-24   5.1228886077e-08   9.5829687281e-01   3.6080365042e-03   5.4559783567e-03   2.6316451599e-11   4.5330514334e-09   1.0276793485e-13   2.8310654776e-02  -4.4980553714e+06
  -3.0951841196e-03  -6.1903623216e-03   6.3470223184e-01   1.1805655493e-05   5.1498998328e+00   1.0940155345e-31  -2.3634110450e-31   3.0957185591e+02   9.8826213241e-01   6.1589999164e-04   3.6455019050e-04   5.9314739066e-05   6.5878814847e-15   2.3401147048e-19   1.5189237304e-08   5.1969702672e-21   1.1864232944e-03   5.6843079259e-12   2.3979915808e-19   3.1697582710e-28   2.6382636996e-09   9.8728486098e-01   1.2146412718e-03   1.6864915268e-03   1.0949652737e-11   2.7132990812e-10   1.9749492940e-14   8.5682500718e-03  -4.6012415778e+06
   3.0951722813e-03  -5.9175980635e-09   6.3470228582e-01   1.1805654356e-05   5.1498999752e+00   2.5195808095e-31  -5.5711606914e-31   3.0957182471e+02   9.8826216920e-01   6.1588984379e-04   3.6456041303e-04   5.9314581884e-05   6.5889195585e-15   2.3409253646e-19   1.5189006608e-08   5.1977001980e-21   1.1864193203e-03   5.6841872367e-12   2.3986104566e-19   3.1702562099e-28   2.6382365295e-09   9.8728490072e-01   1.2146378400e-03   1.6864863283e-03   1.0949828949e-11   2.7132705448e-10   1.9749791469e-14   8.5682230894e-03  -4.6012417185e+06
   7.6131084607e-03   6.1903504802e-03   5.9734549960e-01   1.2642142258e-05   5.0479792447e+00   2.0269751963e-29  -2.0617267152e-29   3.3275265417e+02   9.6140110330e-01   2.2206110639e-02   2.3448453781e-02   1.6775768717e-04   8.4605130248e-14   1.0758730134e-17   5.2887618695e-07   1.3124188625e-18   4.1600878489e-03   1.5775929338e-10   6.2001172865e-18  -1.9990518084e-24   5.1227991897e-08   9.5829711710e-01   3.6080185125e-03   5.4559468495e-03   2.6316036496e-11   4.5329526522e-09   1.0275966500e-13   2.8310487182e-02  -4.4980562517e+06
   9.6430348583e-03   9.0358664411e-03   5.3542122015e-01   1.4293877290e-05   4.8560145559e+00   5.7461986212e-28  -2.4372788693e-28   3.7976898404e+02   9.0974859832e-01   1.2796407292e-01   8.2616254732e-01   3.2826636525e-04   1.0628085807e-12   1.9547289824e-16   7.0955688995e-06   1.1738127587e-16   1.0268454216e-02   1.6777457201e-09   8.5945887724e-17  -5.6779195027e-21   4.5509262018e-07   9.0275096019e-01   7.5170050853e-03   1.2605998357e-02   2.1425489481e-11   4.4926439987e-08   1.7707312912e-14   6.6521718495e-02  -4.2967889962e+06
   1.0654314179e-02   1.0250203275e-02   4.8800004619e-01   1.5895601405e-05   4.6689887123e+00   4.1589751632e-27  -5.6825907685e-28   4.2627002348e+02   8.5966956368e-01   3.0425141922e-01   1.1854804643e+01   4.4259979049e-04   6.8666684932e-12   1.3739528257e-15   3.0419356791e-05   2.2511775834e-15   1.6292941205e-02   6.1733078201e-09   8.1413520530e-16  -3.6566580199e-19   1.4975521045e-06   8.4905077792e-01   1.0831035746e-02   1.9614873788e-02   4.5612884877e-11   1.8708927888e-07   1.4803934540e-14   1.0373566133e-01  -4.1005509461e+06
   1.1385401123e-02   1.1058425082e-02   4.5230473573e-01   1.7392042598e-05   4.4946547587e+00   1.0236981027e-26  -1.7736604323e-27   4.7007988129e+02   8.1285563323e-01   5.2579987244e-01   7.2239781450e+01   5.3477824657e-04   2.7169144038e-11   5.5492183614e-15   7.4548215364e-05   1.8193928864e-14   2.1870534064e-02   1.4606375090e-08   5.9219602510e-15  -5.8957935075e-18   3.0732091412e-06   7.9891383521e-01   1.3734845785e-02   2.6142926783e-02   9.5313371721e-11   4.7899559536e-07   7.1315204708e-14   1.3872496476e-01  -3.9153700361e+06
   1.1994100332e-02   1.1712377164e-02   4.2326090229e-01   1.8871382943e-05   4.3219604334e+00  -2.9234998826e-27  -8.4315441159e-27   5.1350103575e+02   7.6707015753e-01   7.8313340714e-01   2.6452941903e+02   6.1373272916e-04   7.8597244573e-11   1.6766538611e-14   1.3755780086e-04   9.2480297666e-14   2.7188402517e-02   2.8207475921e-08   2.8312018381e-14  -3.6308479706e-17   4.9930096199e-06   7.4991836378e-01   1.6482995660e-02   3.2512725452e-02   1.7451828894e-10   9.3018029345e-07   2.4816709428e-13   1.7314027041e-01  -3.7318264048e+06
   1.2529284946e-02   1.2275823500e-02   3.9910402005e-01   2.0344615736e-05   4.1505798340e+00  -2.1369586374e-26  -7.1924162364e-27   5.5671326989e+02   7.2241610928e-01   1.0498872785e+00   6.6720568069e+02   6.8216959971e-04   1.7606972191e-10   4.1322666035e-14   2.1279206959e-04   3.4565978032e-13   3.2206989079e-02   4.6507782748e-08   9.8167647158e-14  -2.1043224103e-16   7.0790340169e-06   7.0216120064e-01   1.9112299076e-02   3.8711826676e-02   2.6993732466e-10   1.5027661675e-06   6.3874568702e-13   2.0690409410e-01  -3.5500817223e+06
   1.3018372430e-02   1.2782746393e-02   3.7851755359e-01   2.1826332919e-05   3.9803774283e+00   2.9388447420e-26  -5.0707391979e-27   6.0008858726e+02   6.7887727043e-01   1.3049577989e+00   1.2904178071e+03   7.4229196811e-04   3.2337123922e-10   8.9620507842e-14   2.9355286128e-04   1.0691136660e-12   3.6928228296e-02   6.6750104566e-08   2.7219297949e-13   1.0708134323e-16   9.2936934086e-06   6.5561683392e-01   2.1639048950e-02   4.4745756693e-02   3.5296513316e-10   2.1456766452e-06   1.2973511567e-12   2.4002278051e-01  -3.3699241566e+06
   1.3478783658e-02   1.3253998468e-02   3.6055881079e-01   2.3332048923e-05   3.8112261343e+00   4.5350580976e-27   3.7058938748e-27   6.4407288778e+02   6.3636156980e-01   1.5331754450e+00   2.0945560494e+03   7.9583076694e-04   5.1703229718e-10   1.8196735682e-13   3.7427170691e-04   2.9777975218e-12   4.1374672174e-02   8.5293492715e-08   6.6741410334e-13   4.0380883175e-16   1.1701851865e-05   6.1018157659e-01   2.4072689794e-02   5.0632454121e-02   4.0017799645e-10   2.8099330554e-06   2.2195689734e-12   2.7255390685e-01  -3.1909854885e+06
   1.3922638920e-02   1.3703568848e-02   3.4455562819e-01   2.4877319905e-05   3.6430211900e+00  -1.8375190387e-26   8.9994955088e-27   6.8913942533e+02   5.9474511966e-01   1.7250015020e+00   3.0540960464e+03   8.4412842675e-04   7.5661736577e-10   3.5514735747e-13   4.5055673432e-04   7.8252678106e-12   4.5577053964e-02   9.9509392814e-08   1.5086618098e-12   1.3447745954e-15   1.4418554435e-05   5.6571949784e-01   2.6419795341e-02   5.6395347714e-02   4.0949302625e-10   3.4532318552e-06   3.3785361366e-12   3.0457564750e-01  -3.0128806649e+06
   1.4359170285e-02   1.4141708991e-02   3.3001798837e-01   2.6478213124e-05   3.4756635568e+00  -5.2775410550e-26   1.3941207507e-26   7.3579356050e+02   5.5388691344e-01   1.8755686702e+00   4.1981045822e+03   8.8823859344e-04   1.0530379179e-09   6.7044762752e-13   5.1896260894e-04   1.9786409676e-11   4.9569427839e-02   1.0835487880e-07   3.2374359990e-12   4.1263857302e-15   1.7587575978e-05   5.2207751023e-01   2.8685693864e-02   6.2060937279e-02   3.9519689700e-10   4.0402933193e-06   4.7622730512e-12   3.3617749189e-01  -2.8352250022e+06
   1.4796093044e-02   1.4576631578e-02   3.1657607121e-01   2.8152277530e-05   3.3090203779e+00  -9.6134081897e-26   1.1958447230e-26   7.8459871672e+02   5.1363109394e-01   1.9834315135e+00   5.6110265490e+03   9.2900010578e-04   1.4307250989e-09   1.2275621329e-12   5.7673157155e-04   4.8589771899e-11   5.3387619276e-02   1.1177473417e-07   6.7437379930e-12   1.2011616831e-14   2.1389546736e-05   4.7908745773e-01   3.0875117699e-02   6.7658521145e-02   3.7338173010e-10   4.5419654895e-06   6.3759566826e-12   3.6745950732e-01  -2.6576095031e+06
   1.5240482573e-02   1.5015554509e-02   3.0393852628e-01   2.9919723116e-05   3.1429050447e+00  -1.4787124939e-25   8.1121122364e-27   8.3621360796e+02   4.7380792504e-01   2.0477203459e+00   7.4359017048e+03   9.6708635046e-04   1.9317084112e-09   2.1931686650e-12   6.2155285584e-04   1.1687056708e-10   5.7068848388e-02   1.0996384247e-07   1.3878534748e-11   3.3929310106e-14   2.6072339460e-05   4.3656696485e-01   3.2992151607e-02   7.3220287969e-02   3.5456642310e-10   4.9342621309e-06   8.2284477472e-12   3.9853198899e-01  -2.4795705878e+06
   1.5687611774e-02   1.5465410636e-02   2.9213567976e-01   3.1756889506e-05   2.9811275365e+00  -2.0373569757e-25   1.0206633798e-26   8.9006455665e+02   4.3526192053e-01   2.0687453665e+00   9.8322413203e+03   1.0021273129e-03   2.6066580629e-09   3.8045394084e-12   6.5057748002e-04   2.7243007406e-10   6.0559437553e-02   1.0323580343e-07   2.8186503295e-11   9.2599504334e-14   3.1850134999e-05   3.9541685957e-01   3.4986677843e-02   7.8636688012e-02   3.4390985586e-10   5.1912361520e-06   1.0279454127e-11   4.2871048436e-01  -2.3049452798e+06
   1.6126295617e-02   1.5909812912e-02   2.8136431023e-01   3.3607185912e-05   2.8293417337e+00  -2.7472458479e-25   1.6172629596e-26   9.4456849013e+02   3.9917875798e-01   2.0498884117e+00   1.2949137631e+04   1.0335482987e-03   3.5085128799e-09   6.3527328682e-12   6.6307164377e-04   6.0372487083e-10   6.3781652376e-02   9.2737190540e-08   5.5782164173e-11   2.3959303351e-13   3.8838256014e-05   3.5690172390e-01   3.6797077426e-02   8.3745748306e-02   3.4292813300e-10   5.3101396205e-06   1.2548646953e-11   4.5703293238e-01  -2.1396565152e+06
   1.6554946322e-02   1.6342778323e-02   2.7154435305e-01   3.5450958961e-05   2.6887967672e+00  -3.6363905356e-25   1.8486738874e-26   9.9920979540e+02   3.6576265722e-01   1.9920584294e+00   1.7012944721e+04   1.0616859466e-03   4.7189661912e-09   1.0254981804e-11   6.6073192878e-04   1.2737203797e-09   6.6743856839e-02   8.0070789113e-08   1.0774753784e-10   5.8937489514e-13   4.7256005589e-05   3.2123824429e-01   3.8416377977e-02   8.8520169042e-02   3.5131075412e-10   5.3156850609e-06   1.5483026691e-11   4.8330627574e-01  -1.9851337870e+06
   1.6975866764e-02   1.6767114322e-02   2.6253586365e-01   3.7282611742e-05   2.5593086923e+00  -4.7605719734e-25   2.3244195573e-27   1.0538797181e+03   3.3489748352e-01   1.9035416566e+00   2.2369843261e+04   1.0871639742e-03   6.3604984129e-09   1.6124315748e-11   6.4592979571e-04   2.5777012299e-09   6.9482291290e-02   6.6968298429e-08   2.0435087743e-10   1.3908892589e-12   5.7431692381e-05   2.8830094648e-01   3.9855724965e-02   9.2972742858e-02   3.6928076719e-10   5.2452725918e-06   2.0209840842e-11   5.0759244715e-01  -1.8414204984e+06
   1.7391107097e-02   1.7184619206e-02   2.5424431619e-01   3.9094097184e-05   2.4408807996e+00  -6.2322541899e-25  -4.4411029365e-26   1.1083732754e+03   3.0647570453e-01   1.7884988792e+00   2.9539258765e+04   1.1105524314e-03   8.6087343187e-09   2.4847241477e-11   6.2122324397e-04   5.0346058329e-09   7.2031441775e-02   5.4980397536e-08   3.8239016291e-10   3.1717533171e-12   6.9787324619e-05   2.5797338458e-01   4.1127240228e-02   9.7109415599e-02   3.9865671947e-10   5.1452422619e-06   2.8549749488e-11   5.2995174011e-01  -1.7087193833e+06
   1.7802947950e-02   1.7597594989e-02   2.4657550899e-01   4.0881952033e-05   2.3328779665e+00  -8.1436064074e-25  -1.1409983562e-25   1.1626114633e+03   2.8031514450e-01   1.6597636172e+00   3.9340254406e+04   1.1323291737e-03   1.1730588692e-08   3.7770361480e-11   5.8900445239e-04   9.5591509529e-09   7.4424432405e-02   4.5067371835e-08   7.1051514759e-10   7.0514469303e-12   8.4935718303e-05   2.3005981683e-01   4.2244832171e-02   1.0094818408e-01   4.4385126524e-10   5.0689915157e-06   4.3244615807e-11   5.5051132858e-01  -1.5865649023e+06
   1.8213241929e-02   1.8008300912e-02   2.3943952847e-01   4.2646146720e-05   2.2341724164e+00  -1.0635135617e-24  -1.8100348885e-25   1.2166175418e+03   2.5620792358e-01   1.5283826663e+00   5.3021096109e+04   1.1528307846e-03   1.6142348511e-08   5.7015753704e-11   5.5139583970e-04   1.7779704139e-08   7.6687912493e-02   3.7540469673e-08   1.3205714734e-09   1.5434038793e-11   1.0376869067e-04   2.0433743085e-01   4.3221123238e-02   1.0451398900e-01   5.1368132325e-10   5.0786891940e-06   6.8975881007e-11   5.6942639698e-01  -1.4741708926e+06
   1.8623399544e-02   1.8418182945e-02   2.3275857004e-01   4.4388177733e-05   2.1435322715e+00  -1.3822415188e-24  -2.3994208103e-25   1.2704588718e+03   2.3395137186e-01   1.4003602071e+00   7.2320258821e+04   1.1722911052e-03   2.2511031868e-08   8.6064685499e-11   5.1028309596e-04   3.2640914952e-08   7.8843479786e-02   3.2243404385e-08   2.4742741748e-09   3.3591107191e-11   1.2758577835e-04   1.8058890825e-01   4.4067200908e-02   1.0783169532e-01   6.2504351992e-10   5.2508057092e-06   1.1464820765e-10   5.8685321422e-01  -1.3706547641e+06
   1.9034801175e-02   1.8828616143e-02   2.2646645899e-01   4.6110519383e-05   2.0597841985e+00  -1.7881106562e-24  -3.2824677111e-25   1.3242302542e+03   2.1335450731e-01   1.2777299494e+00   9.9219262003e+04   1.1908954155e-03   3.1941790860e-08   1.3091157107e-10   4.6730983612e-04   5.9592670369e-08   8.0910703518e-02   2.8786517955e-08   4.7119447774e-09   7.3434835483e-11   1.5830545187e-04   1.5860893492e-01   4.4792871360e-02   1.1092358959e-01   8.1065949682e-10   5.6867448001e-06   1.9822936522e-10   6.0294157692e-01  -1.2751274177e+06
   1.9448860925e-02   1.9240986207e-02   2.2050953579e-01   4.7815582290e-05   1.9818582783e+00  -2.3045124887e-24  -4.8771372974e-25   1.3780224297e+03   1.9424918871e-01   1.1608456069e+00   1.3481723419e+05   1.2087918964e-03   4.6305930843e-08   2.0235873147e-10   4.2390763285e-04   1.0894642693e-07   8.2907302639e-02   2.6720610661e-08   9.1898088025e-09   1.6273632401e-10   1.9869692376e-04   1.3821586449e-01   4.5405984116e-02   1.1380777431e-01   1.1354389078e-09   6.5317009621e-06   3.5737977831e-10   6.1782495327e-01  -1.1867697755e+06
   1.9867046604e-02   1.9656735643e-02   2.1484467382e-01   4.9505410369e-05   1.9087460105e+00  -2.9323966605e-24  -7.3974983220e-25   1.4319137027e+03   1.7649082329e-01   1.0496392275e+00   1.7654015096e+05   1.2260746281e-03   6.8795317266e-08   3.2080135335e-10   3.8140254744e-04   2.0051001748e-07   8.4848944313e-02   2.5634195403e-08   1.8442587360e-08   3.6778519751e-10   2.5250096121e-04   1.1925248048e-01   4.5911909020e-02   1.1649867882e-01   1.7313725671e-09   8.0052655023e-06   6.7303110180e-10   6.3161968749e-01  -1.1048368985e+06
   2.0290824784e-02   2.0077357566e-02   2.0943775316e-01   5.1181403765e-05   1.8394619659e+00  -3.6836913902e-24  -1.0866627565e-24   1.4859622103e+03   1.5995843524e-01   9.4387251353e-01   2.1304214010e+05   1.2427280094e-03   1.0478133543e-07   5.2685468653e-10   3.4129828975e-04   3.7234020125e-07   8.6748911827e-02   2.5218601655e-08   3.8030188931e-08   8.4738877821e-10   3.2407504452e-04   1.0158664838e-01   4.6312977653e-02   1.1900767420e-01   2.8692555046e-09   1.0443190758e-05   1.3195749908e-09   6.4442469747e-01  -1.0286592369e+06
   2.0721469628e-02   2.0504292003e-02   2.0426401465e-01   5.2843494519e-05   1.7730474954e+00  -4.5963585060e-24  -1.5160881803e-24   1.5401808057e+03   1.4456023908e-01   8.4297497219e-01   2.1747369832e+05   1.2585009937e-03   1.6298891729e-07   9.0724114420e-10   3.0585404190e-04   6.9614282556e-07   8.8617628407e-02   2.5350633202e-08   7.9741198708e-08   1.9714163590e-09   4.1701305012e-04   8.5119033433e-02   4.6607437370e-02   1.2134270569e-01   5.0939834739e-09   1.4339080879e-05   2.6617518746e-09   6.5631651307e-01  -9.5767724486e+05
   2.1159660781e-02   2.0938647252e-02   1.9930934033e-01   5.4488723083e-05   1.7086422350e+00  -5.7026440282e-24  -1.9951068813e-24   1.5944945988e+03   1.3024575250e-01   7.4600846724e-01   1.4272303344e+05   1.2726519611e-03   2.5675497776e-07   1.6629453993e-09   2.7900413429e-04   1.3015560453e-06   9.0462082899e-02   2.6231863016e-08   1.6659856381e-07   4.5408291850e-09   5.3116738913e-04   6.9799830010e-02   4.6786692383e-02   1.2350712623e-01   9.4340148841e-09   2.0344649310e-05   5.4066640426e-09   6.6733932816e-01  -8.9150047497e+05
   2.1604717299e-02   2.1380674309e-02   1.9457064994e-01   5.6109542987e-05   1.6456383142e+00  -7.0487407706e-24  -2.4575772050e-24   1.6486954295e+03   1.1702308084e-01   6.5213291098e-01  -7.3492208232e+04   1.2834958582e-03   4.0465147671e-07   3.2932439456e-09   2.6747848490e-04   2.4087411185e-06   9.2284779615e-02   2.8613755139e-08   3.3725163016e-07   1.0073363543e-08   6.5828133615e-04   5.5653427301e-02   4.6827757129e-02   1.2550000695e-01   1.7597100407e-08   2.9145747933e-05   1.0743806118e-08   6.7749240662e-01  -8.2995121642e+05
   2.2053648574e-02   2.1828760290e-02   1.9005146008e-01   5.7693665535e-05   1.5838480192e+00  -8.5020759838e-24  -2.8033262190e-24   1.7024539069e+03   1.0496525506e-01   5.6156113251e-01  -4.8255037836e+05   1.2877871746e-03   6.2937239321e-07   7.0840163029e-09   2.8179418840e-04   4.3652462624e-06   9.4082279138e-02   3.4096771107e-08   6.4170999072e-07   2.0883219577e-08   7.7863326777e-04   4.2792183052e-02   4.6676784495e-02   1.2732537290e-01   3.1863074281e-08   4.1135125004e-05   2.0242478705e-08   6.8672828016e-01  -7.7300034182e+05
   2.2501609396e-02   2.2278536858e-02   1.8574384157e-01   5.9230452641e-05   1.5234031862e+00  -9.8418799347e-24  -2.9327280951e-24   1.7555493261e+03   9.4161914002e-02   4.7628226899e-01  -1.0643720684e+06   1.2802428656e-03   9.5598833912e-07   1.6440271045e-08   3.3757080101e-04   7.7056156788e-06   9.5846850774e-02   4.5502359718e-08   1.1207216849e-06   3.9524386981e-08   8.6360539356e-04   3.1368022533e-02   4.6223083208e-02   1.2902169872e-01   5.4462594309e-08   5.6009958452e-05   3.5279319169e-08   6.9499294221e-01  -7.2045547920e+05
   2.2949181409e-02   2.2724681933e-02   1.8156854960e-01   6.0736922912e-05   1.4636738304e+00  -1.0747071118e-23  -2.8090541240e-24   1.8087686550e+03   8.4532760933e-02   3.9795997612e-01  -1.5700386623e+06   1.2532884063e-03   1.4271927844e-06   4.1676678457e-08   4.6191697366e-04   1.3470410585e-05   9.7587901140e-02   6.8123713987e-08   1.7975935547e-06   6.8462317727e-08   8.8662996353e-04   2.1372092170e-02   4.5262511203e-02   1.3072107651e-01   8.7978416932e-08   7.2977782180e-05   5.6875187496e-08   7.0236458754e-01  -6.7112706340e+05
   2.3410259568e-02   2.3173680884e-02   1.7735282783e-01   6.2274100340e-05   1.4020628320e+00  -1.0961239911e-23  -2.4830223351e-24   1.8645368456e+03   7.5756637050e-02   3.3080822387e-01  -6.5588722751e+05   1.1945586355e-03   2.2312660285e-06   1.2999370075e-07   7.2256160123e-04   2.5288638366e-05   9.9343543153e-02   1.1774304543e-07   2.8298314085e-06   1.1645784864e-07   8.3631426400e-04   1.2574367882e-02   4.3391133042e-02   1.3272040194e-01   1.4493400835e-07   9.2374892305e-05   9.0727441822e-08   7.0909379499e-01  -6.2247153242e+05
   2.4050440191e-02   2.3646838252e-02   1.7193141871e-01   6.4340582728e-05   1.3154351781e+00  -1.0099987052e-23  -1.9981782944e-24   1.9414037456e+03   6.5143667593e-02   2.3078423566e-01   1.7717445466e+07   1.0388656619e-03   7.0910860347e-06   1.8723724723e-06   1.5303975094e-03   1.1160296033e-04   1.0154713431e-01   3.4354632977e-07   7.3485204376e-06   3.3707966095e-07   5.9118195371e-04   2.7649242601e-03   3.8551657778e-02   1.3652854323e-01   4.7616905001e-07   1.2122594731e-04   2.4565043232e-07   7.1719675197e-01  -5.6088301015e+05
   2.4740281578e-02   2.4454042131e-02   1.7315064085e-01   6.4861660342e-05   1.2124751120e+00  -7.1276248171e-24  -2.4197570251e-24   1.9524177213e+03   5.6646136697e-02   1.5819837654e-01   3.2898902310e+07   4.8412435969e-04   5.5724565864e-05   3.3004868697e-04   7.7594034886e-03   1.9913667293e-03   9.9503058248e-02   1.3544598980e-06   1.0435135946e-06   5.7932308115e-08   7.6943859294e-06   1.5661631469e-05   1.9059769862e-02   1.4774348825e-01   3.6823119180e-07   7.6611715738e-06   4.6624613525e-08   7.2303912786e-01  -5.4569608265e+05
   2.5196787301e-02   2.5026521024e-02   1.7852753693e-01   6.3924069084e-05   1.1396400571e+00  -6.0143039923e-24  -2.1044397804e-24   1.9044747237e+03   5.1220140148e-02   1.4949129270e-01   2.3859177753e+07   2.5377552219e-04   4.2075080929e-05   5.9504233783e-04   2.2844148109e-02   2.4786595405e-03   9.4166259207e-02   3.0575904208e-06   1.0237252353e-08   6.1678030523e-10   7.6343721692e-08   1.7944821780e-07   9.7993967593e-03   1.4245014486e-01   1.2021906244e-08   1.2627249188e-07   5.2724765265e-10   7.2736703553e-01  -4.7584680029e+05
   2.5500547921e-02   2.5367053578e-02   1.8365298916e-01   6.2929977201e-05   1.0890187867e+00  -5.0592125697e-24  -2.0471621036e-24   1.8568541178e+03   4.7534425516e-02   1.4515089177e-01   2.3488407982e+07   1.6063615721e-04   2.9022001600e-05   6.1740766980e-04   3.5416806219e-02   2.3334630746e-03   8.9864978898e-02   4.0265475764e-06   1.5434457859e-10   9.7974293514e-12   1.4084290419e-09   4.1236883647e-09   5.9661132245e-03   1.3532062879e-01   2.2990210433e-09   2.8525018983e-09   8.5039752628e-12   7.3028690657e-01  -4.2327498741e+05
   2.5749878867e-02   2.5634042264e-02   1.8905545051e-01   6.1870846418e-05   1.0461309940e+00  -4.3081978764e-24  -1.9913180017e-24   1.8075831107e+03   4.4502438904e-02   1.3762932220e-01   2.1408633621e+07   1.0748609381e-04   1.9828568981e-05   5.6525712603e-04   4.6692406086e-02   2.0521270683e-03   8.5968925312e-02   4.6088661113e-06   3.5915894190e-12   2.3854325817e-13   4.1809489546e-11   1.4923147942e-10   3.8397843909e-03   1.2811094653e-01   1.0509996285e-09   9.4227300749e-11   2.0549997222e-13   7.3263862861e-01  -3.8217325469e+05
   2.5971483698e-02   2.5865715470e-02   1.9487465280e-01   6.0751616916e-05   1.0070145837e+00  -3.6990668973e-24  -1.9116791247e-24   1.7565289545e+03   4.1823566294e-02   1.2852375629e-01   1.8600840464e+07   7.3439069866e-05   1.3439737120e-05   4.8739918949e-04   5.7157600328e-02   1.7402952068e-03   8.2268436758e-02   4.9480842952e-06   1.2173571513e-13   8.3804000649e-15   1.8280318654e-12   7.7270223199e-12   2.5298373725e-03   1.2105219179e-01   5.2458689327e-10   5.2059212620e-12   7.0617005966e-15   7.3467241193e-01  -3.4857906492e+05
   2.6176510936e-02   2.6077251925e-02   2.0117272274e-01   5.9580138112e-05   9.7001733064e-01  -3.1925320142e-24  -1.8080157438e-24   1.7039364961e+03   3.9373801034e-02   1.1854000624e-01   1.5627769816e+07   5.0559325141e-05   9.0086502353e-06   4.0374681189e-04   6.7028900979e-02   1.4363950480e-03   7.8680016464e-02   5.1153605932e-06   5.6953579919e-15   4.0352802899e-16   1.1133771434e-13   5.4667349560e-13   1.6873952402e-03   1.1420083450e-01   2.6471898425e-10   7.2726481534e-13   3.3080806677e-16   7.3649802736e-01  -3.2028140698e+05
   2.6370770853e-02   2.6275769947e-02   2.0799122014e-01   5.8364240776e-05   9.3428513480e-01  -2.7676688726e-24  -1.6851083674e-24   1.6501274107e+03   3.7090103538e-02   1.0815791696e-01   1.2770657687e+07   3.4861372572e-05   5.9533056367e-06   3.2391151038e-04   7.6417319385e-02   1.1579137661e-03   7.5165735177e-02   5.1525996736e-06   3.5346645204e-16   2.5667138510e-17   9.1025005878e-15   5.1356903829e-14   1.1355951811e-03   1.0757949352e-01   1.3344127412e-10   2.3474985619e-13   2.0942482554e-17   7.3817406405e-01  -2.9592211340e+05
   2.6558019313e-02   2.6465771760e-02   2.1537926919e-01   5.7108959507e-05   8.9926391665e-01  -2.4221268374e-24  -1.5487658330e-24   1.5953311819e+03   3.4932780719e-02   9.7723284793e-02   1.0172843116e+07   2.4007265871e-05   3.8665805110e-06   2.5255160899e-04   8.5401480519e-02   9.1259944230e-04   7.1701852583e-02   5.0887395134e-06  -5.0572234624e-17   2.6386644015e-18   1.0614369102e-15   6.2979635218e-15   7.7140993241e-04   1.0118902837e-01   6.6866270257e-11   1.0014872574e-13   2.0777761813e-18   7.3973811490e-01  -2.7455912454e+05
   2.6740820094e-02   2.6650266865e-02   2.2339205755e-01   5.5818100998e-05   8.6458097558e-01  -2.1982580283e-24  -1.4036055370e-24   1.5397402868e+03   3.2875849330e-02   8.7494314396e-02   7.9049847485e+06   1.6509449873e-05   2.4610708030e-06   1.9164484435e-04   9.4037066089e-02   7.0316374703e-04   6.8274033729e-02   4.9456391775e-06   2.9177271730e-18   2.2057919630e-19   1.3610587751e-16   9.8907604173e-16   5.3065278072e-04   9.5024313425e-02   3.3249492710e-11   4.5242912900e-14   2.6197423474e-19   7.4121520919e-01  -2.5551974380e+05
   2.6921007069e-02   2.6831373323e-02   2.3209124541e-01   5.4494839367e-05   8.2998029008e-01  -1.9087458384e-24  -1.2544865181e-24   1.4835290615e+03   3.0901792770e-02   7.7661056725e-02   5.9916936941e+06   1.1368639011e-05   1.5314005226e-06   1.4161108800e-04   1.0236439309e-01   5.2933894919e-04   6.4874174823e-02   4.7416845494e-06   3.6367428384e-19   2.8159912492e-20   2.3570678296e-17   1.9737873832e-16   3.7170965797e-04   8.9078614323e-02   1.6418995500e-11   2.1028125782e-14   5.3172424828e-20   7.4262251633e-01  -2.3830830897e+05
   2.7099960348e-02   2.7010640814e-02   2.4154665242e-01   5.3141886357e-05   7.9528375578e-01  -1.6677839444e-24  -1.1076776984e-24   1.4268572540e+03   2.8998430763e-02   6.8357882443e-02   4.4282515599e+06   7.8851641630e-06   9.2952768115e-07   1.0189612894e-04   1.1041393308e-01   3.8895783798e-04   6.1498126563e-02   4.4927902471e-06   5.6393890473e-20   4.4572448773e-21   5.1663843741e-18   4.9594948229e-17   2.6694104455e-04   8.3344684576e-02   8.0681633415e-12   1.0069581255e-14   1.3794503541e-20   7.4397215328e-01  -2.2254996279e+05
   2.7278968635e-02   2.7189279882e-02   2.5185080453e-01   5.1759922664e-05   7.6032855158e-01  -1.3644153601e-24  -9.6681030889e-25   1.3698039970e+03   2.7155073224e-02   5.9664035988e-02   3.1877478296e+06   5.5571644915e-06   5.4885157288e-07   7.1348217308e-05   1.1821815845e-01   2.7853800009e-04   5.8140491632e-02   4.2124044854e-06   1.0680621841e-20   8.6156556437e-22   1.4140598778e-18   1.5582490877e-17   1.9776865007e-04   7.7809080668e-02   3.9493296693e-12   5.0275221337e-15   4.0468805505e-21   7.4527429596e-01  -2.0794311080e+05
   2.7459844975e-02   2.7368657388e-02   2.6316059257e-01   5.0343416652e-05   7.2485078583e-01  -1.0208253472e-24  -8.3281517369e-25   1.3122034762e+03   2.5356771532e-02   5.1581809134e-02   2.2279883393e+06   4.0206473333e-06   3.1354051919e-07   4.8485782136e-05   1.2583305327e-01   1.9373654459e-04   5.4784454226e-02   3.9098550122e-06   2.4482923225e-21   2.0154317351e-22   4.8067478282e-19   6.1182483535e-18   1.5166567739e-04   7.2438836643e-02   1.9180147725e-12   2.6433741338e-15   1.2669601369e-21   7.4654152382e-01  -1.9420790805e+05
   2.7643570387e-02   2.7551032562e-02   2.7561324889e-01   4.8892633330e-05   6.8876924031e-01  -8.2060619177e-25  -7.0236552074e-25   1.2541400452e+03   2.3598821767e-02   4.4139147020e-02   1.5097045642e+06   3.0266015768e-06   1.7282739876e-07   3.1955145909e-05   1.3327470553e-01   1.3065630339e-04   5.1428682398e-02   3.5944822115e-06   7.0054948773e-22   5.8836704337e-23   2.0964031694e-19   3.1127174845e-18   1.2062671249e-04   6.7227686919e-02   9.2158824527e-13   1.4772976145e-15   4.1605056776e-22   7.4777889308e-01  -1.8116200471e+05
   2.7830353944e-02   2.7736108213e-02   2.8932196357e-01   4.7412779816e-05   6.5216344355e-01  -6.1481397060e-25  -5.8272160933e-25   1.1958974434e+03   2.1884358410e-02   3.7374645363e-02   9.9042189522e+05   2.3953705779e-06   9.1754172986e-08   2.0436057952e-05   1.4052826492e-01   8.5419302503e-05   4.8085602187e-02   3.2713674647e-06   2.6636910821e-22   2.2811025650e-23   1.2487432436e-19   2.1921967404e-18   9.9304705320e-05   6.2189233509e-02   4.3577730067e-13   8.7663164170e-16   1.4186312533e-22   7.4898598083e-01  -1.6872711762e+05
   2.8020973950e-02   2.7924599675e-02   3.0446057922e-01   4.5904498609e-05   6.1502633902e-01  -4.2859898157e-25  -4.7628525508e-25   1.1375763284e+03   2.0211942854e-02   3.1275885151e-02   6.2715031728e+05   1.9974651956e-06   4.6729057117e-08   1.2681668269e-05   1.4759961256e-01   5.4117641778e-05   4.4757555243e-02   2.9405399426e-06  -3.1615560505e-22   1.2073904714e-23   1.0301861121e-19   2.1542788510e-18   8.4088446961e-05   5.7321123658e-02   2.0066578666e-13   5.4396703941e-16   4.9350284729e-23   7.5016583605e-01  -1.5680518243e+05
   2.8216200913e-02   2.8117348224e-02   3.2123056655e-01   4.4368735859e-05   5.7738472675e-01  -2.9543683742e-25  -3.8375324875e-25   1.0792928006e+03   1.8581562783e-02   2.5828075250e-02   3.8193126897e+05   1.7445638123e-06   2.2726590948e-08   7.6459833845e-06   1.5448932861e-01   3.3273619808e-05   4.1448263912e-02   2.5984875433e-06   7.0441195034e-23  -1.0438155006e-22   1.0325295846e-19   2.6277898318e-18   7.2638911746e-05   5.2623574069e-02   8.8919230136e-14   3.4474735632e-16   1.7115271648e-23   7.5132090912e-01  -1.4532222441e+05
   2.8417381878e-02   2.8315053603e-02   3.3992243459e-01   4.2802240795e-05   5.3919338881e-01  -1.8290845845e-25  -2.9837274160e-25   1.0210120290e+03   1.6990110066e-02   2.1004016083e-02   2.2241016177e+05   1.5777311341e-06   1.0474891000e-08   4.4857176332e-06   1.6121138017e-01   1.9895461991e-05   3.8153844741e-02   2.2400989278e-06   5.2362257994e-23   4.7149984233e-24   1.1031322900e-19   3.4713362999e-18   6.3436163657e-05   4.8086848537e-02   3.7358867606e-14   2.1750279960e-16   5.7776231709e-24   7.5245628091e-01  -1.3420497629e+05
   2.8628523198e-02   2.8519710153e-02   3.6116385795e-01   4.1182032961e-05   4.9996791507e-01  -9.9972204515e-26  -2.3114108515e-25   9.6200604794e+02   1.5417595887e-02   1.6722377611e-02   1.2213197122e+05   1.4583562321e-06   4.4844202116e-09   2.5515632479e-06   1.6785102067e-01   1.1533173442e-05   3.4832956152e-02   1.8616962122e-06  -9.5461684774e-23   2.9297636055e-24   1.1740290697e-19   4.6182218607e-18   5.5442854784e-05   4.3653513481e-02   1.4479524946e-14   1.3336418222e-16   1.8652386923e-24   7.5358965757e-01  -1.2328461084e+05
   2.8851525299e-02   2.8737336243e-02   3.8543624456e-01   3.9508167642e-05   4.5979434850e-01  -3.4899802958e-26  -1.7348649645e-25   9.0244006963e+02   1.3867643563e-02   1.2995465586e-02   6.3286418815e+04   1.3643548098e-06   1.7777681606e-09   1.4216623593e-06   1.7439362887e-01   6.5388496827e-06   3.1490339322e-02   1.4798417506e-06  -5.9648895077e-23   1.6998704230e-24   1.1926908242e-19   6.0017074220e-18   4.8116522792e-05   3.9334283678e-02   5.1321577307e-15   7.9478436874e-17   5.8827356973e-25   7.5472282512e-01  -1.1241181809e+05
   2.9086435206e-02   2.8965714355e-02   4.1311760944e-01   3.7793711208e-05   4.1910117206e-01   9.6551044925e-27  -1.2636553371e-25   8.4294310032e+02   1.2357502238e-02   9.8492486154e-03   3.1191993829e+04   1.2821065950e-06   6.5576594735e-10   7.8667317744e-07   1.8076697546e-01   3.6676808648e-06   2.8162913414e-02   1.1233042880e-06   8.4424243919e-24  -7.3188359878e-24   1.1450693857e-19   7.5118192933e-18   4.1182536266e-05   3.5173982366e-02   1.6637099365e-15   4.6951895586e-17   1.6644636805e-25   7.5584808580e-01  -1.0164183760e+05
   2.9336160866e-02   2.9207156058e-02   4.4495869616e-01   3.6034719442e-05   3.7784530555e-01   3.5924637147e-26  -8.7727166191e-26   7.8354426853e+02   1.0887480313e-02   7.2454464677e-03   1.4744944674e+04   1.2025062747e-06   2.2588893517e-10   4.3514971341e-07   1.8697017392e-01   2.0454339499e-06   2.4854749290e-02   8.1615765480e-07   4.3376120187e-24  -3.5569535296e-24   1.0357400998e-19   9.0061357603e-18   3.4447861107e-05   3.1164150999e-02   4.9156936901e-16   2.8190283783e-17   5.5180185987e-26   7.5697197845e-01  -9.0908129338e+04
   2.9605710184e-02   2.9465165674e-02   4.8209286488e-01   3.4219532933e-05   3.3572448296e-01   4.5143202000e-26  -5.7837111538e-26   7.2405498114e+02   9.4520609757e-03   5.1243474577e-03   6.7206998803e+03   1.1192762338e-06   7.2688037234e-11   2.4024836277e-07   1.9302677747e-01   1.1337710322e-06   2.1561218427e-02   5.6891762401e-07  -9.7808284711e-24   2.2762166772e-25   8.8074112413e-20   1.0286952806e-17   2.7811419533e-05   2.7272585531e-02   1.3096127240e-16   1.7513465318e-17   2.0365651410e-26   7.5810854487e-01  -8.0098342691e+04
   2.9911554335e-02   2.9746254693e-02   5.2752228308e-01   3.2277461806e-05   2.9122473553e-01   4.0484914054e-26  -3.3864944979e-26   6.6252171789e+02   8.0075958068e-03   3.3368020883e-03   2.8556062768e+03   1.0245575166e-06   2.0751098208e-11   1.2829527221e-07   1.9912113028e-01   6.0809668506e-07   1.8187633477e-02   3.7400039318e-07  -1.7859638634e-23   9.9339924029e-26   6.9665074665e-20   1.1114886051e-17   2.1089622162e-05   2.3364140177e-02   2.9111914287e-17   1.1080313691e-17  -6.2481920131e-26   7.5930387147e-01  -6.8942447323e+04
   3.0270131895e-02   3.0076853976e-02   5.8328520523e-01   3.0224655180e-05   2.4540607067e-01   2.8650393876e-26  -1.6883970574e-26   5.9994830078e+02   6.5785439761e-03   1.9087720640e-03   1.1142024715e+03   9.1149199215e-07   5.1602813663e-12   6.5247555271e-08   2.0515016009e-01   3.1356004840e-07   1.4777829021e-02   2.2916314788e-07   3.6395537881e-25  -2.5195517228e-25   5.0087479592e-20   1.1060494404e-17   1.4526282883e-05   1.9512296912e-02   5.1179338696e-18   7.0043092156e-18   1.4356894636e-27   7.6054366822e-01  -5.7536981015e+04
   3.0702666585e-02   3.0463409815e-02   6.5045835122e-01   2.8123872057e-05   1.9985338799e-01   1.6247859166e-26  -6.1139681736e-27   5.3866057487e+02   5.2174135251e-03   9.5385210261e-04   3.9012972309e+02   7.7360492745e-07   1.0980978516e-12   3.0867451341e-08   2.1089251507e-01   1.5482597048e-07   1.1474103260e-02   1.2888319634e-07   1.2491473161e-25  -5.6503287864e-26   3.2635010933e-20   9.6915090477e-18   8.6753267570e-06   1.5829496261e-02   6.6462870185e-19   4.1765589818e-18   3.1506082800e-28   7.6179412190e-01  -4.6347123597e+04
   3.1263807833e-02   3.0941923356e-02   7.3303794220e-01   2.5957872083e-05   1.5348277487e-01   6.8880704728e-27  -1.2062030596e-27   4.7852535074e+02   3.9062438502e-03   4.1325304454e-04   1.1444169785e+02   5.9927282985e-07   1.8644507647e-13   1.2761846285e-08   2.1642423649e-01   7.2451972700e-08   8.3238182171e-03   6.1980537456e-08  -1.5798967551e-25   3.4240220849e-27   1.8254383153e-20   6.7811404509e-18   3.9858717943e-06   1.2181696443e-02   5.2469333879e-20   2.0060124917e-18   5.8327162271e-29   7.6306551651e-01  -3.5135256239e+04
   3.2074349370e-02   3.1585692311e-02   8.3871114489e-01   2.3673892339e-05   1.0474316379e-01   1.4268050968e-27   4.6262582401e-29   4.1864365614e+02   2.6074137063e-03   1.4864280829e-04   2.2837527984e+01   3.7624606734e-07   2.0902576750e-14   3.9408342699e-09   2.2190441446e-01   3.0628705132e-08   5.3516837041e-03   2.0772318828e-08  -1.0406597173e-25   5.9638723805e-28   7.1725728568e-21   2.8938983189e-18   1.0239987576e-06   8.3799386096e-03   1.5001919442e-21   5.3025598372e-19  -7.0291438986e-29   7.6436250764e-01  -2.3655137086e+04
   3.3554327429e-02   3.2563006429e-02   9.9168859801e-01   2.1041854497e-05   4.9104519058e-02   5.2006601197e-29   6.1608765424e-30   3.5434851389e+02   1.2054912746e-03   3.1811253316e-05   6.5394987561e-01   9.7840225209e-08   3.8678885262e-16   4.9083562031e-10   2.2782050907e-01   5.1239646781e-09   2.4167293317e-03   1.6227579494e-09  -1.5350800087e-27   1.7195574530e-29   6.5883556377e-22   2.2429756559e-19   5.0765644420e-08   4.0102091432e-03   1.3087358705e-24   2.4392504148e-20  -5.0687141020e-31   7.6575239661e-01  -1.1224168898e+04
   3.6818699990e-02   3.4545648430e-02   1.1087577924e+00   1.9408988507e-05   1.5676201674e-02   1.9255968908e-30   2.4558889403e-31   3.1705686226e+02   3.6706392225e-04   1.5344063567e-06   5.0472307209e-03   8.0572479400e-09   2.1458881645e-18   3.4897736685e-11   2.3135956135e-01   3.9385864012e-10   7.5598007329e-04   8.2578510365e-11   8.1373616994e-31   4.4925415995e-32   3.7536688731e-23   1.1065699356e-20   1.9433903147e-09   1.2916866408e-03   2.6361774497e-28   9.9569214764e-22   1.0492012960e-34   7.6659276142e-01  -2.5350835091e+03
   4.1364333348e-02   3.9091751550e-02   1.1563122146e+00   1.8817662478e-05   3.7305092812e-03   3.5727708855e-32   2.8718516712e-33   3.0405454440e+02   7.0869607789e-05   8.8521714440e-08   1.0924588980e-05   4.5137705475e-10   4.3319826445e-21   1.4763131971e-12   2.3261001441e-01   1.8059556503e-11   1.7975455025e-04   2.2213267090e-12   1.2061924010e-33   6.3404160141e-35   1.1357751092e-24   2.8863502894e-22   3.8296327055e-11   3.0771481392e-04   1.5018245177e-32   1.9933693124e-23   1.1634954747e-37   7.6690251571e-01   8.4018950901e+02
   4.8181789643e-02   4.3636915145e-02   1.1704107284e+00   1.8649300155e-05   3.6952889032e-04   1.9917301119e-34   2.6457944280e-36   3.0040213277e+02  -1.2351183549e-05   2.7125123666e-09   1.9846129881e-09   8.7981744375e-12   8.0369125154e-25   1.9099624203e-14   2.3296136397e-01   2.5165370398e-13   1.7841473679e-05   1.7303332571e-14   1.4759475360e-37   7.6435874330e-39   9.7768753136e-27   2.2252390836e-24   2.4061690088e-13   3.0463103240e-05   4.8957388564e-37   1.2805097820e-25   1.3061925128e-41   7.6699033145e-01   1.8019106039e+03
   5.8953083573e-02   5.2726664140e-02   1.1718510680e+00   1.8632270821e-05   3.1364841809e-05   3.7933465768e-37  -2.0004193912e-38   3.0003393651e+02  -2.0727381173e-05   8.7523217644e-12   4.6818454355e-14   7.6087763482e-14   1.9866211913e-29   8.9465868500e-17   2.3299672769e-01   1.2662736089e-15   1.5047566459e-06   4.5943053645e-17   2.1660410229e-42   1.1189986925e-43   2.8430171904e-29   5.9254332767e-27   5.3839131032e-16   2.5931642209e-06   3.1431688735e-41   1.9503190149e-27   1.8986482673e-46   7.6699917439e-01   1.8984708996e+03
   7.1405920484e-02   6.5179503006e-02   1.1719673300e+00   1.8630897581e-05   3.9454351138e-06   3.3994443454e-40  -3.9783101067e-41   3.0000425367e+02  -2.1405127826e-05   5.3401281431e-14   2.7005046549e-19   3.5863183944e-16   1.1891281468e-34   1.9994347086e-19   2.3299958910e-01   3.0330078930e-18   1.8852732461e-07   5.6908809902e-20   7.0127920926e-48   3.6088462320e-49   3.8275921843e-32   7.3779510137e-30   5.7108434485e-19   3.2643185369e-07   8.2325996406e-45   2.2187894601e-28   6.1234024784e-52   7.6699989594e-01   1.9064241005e+03
   9.0085172644e-02   7.7632337962e-02   1.1719824390e+00   1.8630719132e-05   3.6801775218e-07   3.1062107674e-43  -7.4999364121e-44   3.0000039648e+02  -2.1493380641e-05   4.6691499593e-16   2.3701275192e-24   1.8375560768e-18   1.0664724685e-39   5.1893811478e-22   2.3299996169e-01   9.0757974587e-21   1.7571706736e-08   7.3714647882e-23   2.8740384187e-53   1.4844867239e-54   5.2619734876e-35   8.8470818984e-33   5.5603869331e-22   3.0437878346e-08   2.2941062038e-48   2.0675623180e-29   2.5171281556e-57   7.6699999030e-01   1.9074693436e+03
   1.2744746117e-01   1.0253800733e-01   1.1719839807e+00   1.8630700924e-05   2.6937793322e-09   1.2846683449e-45  -3.4518481540e-46   3.0000000292e+02  -2.1502387262e-05   8.5617847528e-19   4.9387019315e-29   8.4299987126e-21   2.2116768558e-44   2.3304288880e-24   2.3299999972e-01   4.1804903216e-23   1.2923917470e-10   3.1178228276e-25   5.5684540012e-58   2.8797729745e-59   2.2161528879e-37   3.6185234761e-35   2.2040083991e-24   2.2196935203e-10   7.7044419769e-53   1.5074890768e-31   4.8820057684e-62   7.6699999993e-01   1.9075761098e+03
   1.7726636887e-01   1.5235691502e-01   1.1719839921e+00   1.8630700790e-05   4.9536622883e-12   1.1326505719e-49  -3.2404543428e-50   3.0000000001e+02  -2.1502453609e-05   1.9914225589e-23   4.6339423500e-35   3.6067475917e-24   1.2413187307e-51   4.3458783992e-28   2.3300000000e-01   7.8735477715e-27   2.4202688104e-13   3.5975453477e-29   1.3336675077e-65   6.7516338937e-67   2.7565200715e-41   4.4078623924e-39   2.4489919533e-28   4.0169615721e-13   2.6303200950e-59   2.7260386375e-34   1.1526257660e-69   7.6700000000e-01   1.9075768835e+03
   2.2708527656e-01   2.0217582272e-01   1.1719839921e+00   1.8630700790e-05   1.3301237065e-15   4.2168254305e-54  -1.2782325765e-54   3.0000000000e+02  -2.1502453731e-05   6.6181915191e-29   2.3089488750e-39   6.7364362240e-28   2.0523810505e-59   3.4486372608e-32   2.3300000000e-01   6.3114544809e-31   7.5391964382e-17   1.7571416364e-33   2.5331956149e-71  -1.5188947809e-69   1.4523088915e-45   2.2754388766e-43   1.1529709467e-32   9.0414177311e-17   1.1457998428e-65   6.0866582200e-38   5.0417305292e-78   7.6700000000e-01   1.9075768848e+03
   2.7690418426e-01   2.5199473041e-01   1.1719839921e+00   1.8630700790e-05   8.7718491673e-20   1.0382673035e-58  -3.3212716773e-59   3.0000000000e+02  -2.1502453731e-05   1.9473723125e-37   8.0455363086e-44   8.3631918179e-32   2.1243953128e-67   1.8108099816e-36   2.3300000000e-01   3.3553162266e-35   1.0321770754e-20   5.6782424197e-38  -1.6712130943e-78   8.2187315832e-83   5.0606532012e-50   7.7724911841e-48   3.5939056027e-37   8.7339102551e-21   1.0520450997e-69   5.8301335560e-42   9.8730728478e-87   7.6700000000e-01   1.9075768848e+03
   3.2672309195e-01   3.0181363811e-01   1.1719839921e+00   1.8630700790e-05  -3.9527905749e-20   1.9344433200e-63  -6.4989978152e-64   3.0000000000e+02  -2.1502453731e-05   1.9473723125e-37   2.1204291363e-48   7.8620424882e-36   2.4936857819e-74   7.1905344655e-41   2.3300000000e-01   1.3558653324e-39   8.9559345750e-25   1.3888690895e-42   3.9856958789e-88   5.7008574722e-93   1.3337527957e-54   2.0103637599e-52   8.4939722970e-42   5.3174516782e-25   6.3506585135e-74   3.5193618548e-46   1.1340636607e-95   7.6700000000e-01   1.9075768848e+03
   3.7654199965e-01   3.5163254580e-01   1.1719839921e+00   1.8630700790e-05   2.9972597029e-19   2.9107057406e-68  -1.0240810987e-68   3.0000000000e+02  -2.1502453731e-05   7.7935049682e-37   4.5094559652e-53   5.9713856313e-40   7.0172805545e-79   2.3097881096e-45   2.3300000000e-01   4.4808216294e-44   5.6619191984e-29   2.7466841989e-47   6.3399923067e-92  -1.5786797428e-90   2.8364539036e-59   4.2006385142e-57   1.6246253984e-46   2.3529034118e-29   2.7861044182e-78   1.5439834622e-50  8.7763722051e-105   7.6700000000e-01   1.9075768848e+03
   4.2636090734e-01   4.0145145349e-01   1.1719839921e+00   1.8630700790e-05   2.0210116537e-17   3.6853199586e-73  -1.3587363035e-73   3.0000000000e+02  -2.1502453731e-05   7.0117449371e-36   8.0583478111e-58   3.8233371147e-44   2.7303393188e-83   6.2828498111e-50   2.3300000000e-01   1.2779635569e-48   2.8027469288e-33   4.6069670132e-52   7.2375314970e-92 -5.0940350167e-100   5.0687116774e-64   7.3806042895e-62   2.6189723500e-51   8.1401118982e-34   9.5564434408e-83   5.2959205212e-55  5.0206768351e-114   7.6700000000e-01   1.9075768848e+03
   4.7617981504e-01   4.5127036119e-01   1.1719839921e+00   1.8630700790e-05   7.3240193285e-19   4.0461368329e-78  -1.5718014537e-78   3.0000000000e+02  -2.1502453731e-05   3.1165987919e-36   1.2457287733e-62   2.1321552312e-48   6.6299570626e-86   1.5015087791e-54   2.3300000000e-01   3.2910225446e-53   1.1358874130e-37   4.7971235246e-54   1.1498552667e-93  -2.8631781462e-92   7.8356547210e-69   1.1218423278e-66   3.6640367560e-56   2.3033970890e-38   2.6810425558e-87   1.4857605593e-59  2.2795443410e-123   7.6700000000e-01   1.9075768848e+03
   5.2599872273e-01   5.0108926888e-01   1.1719839921e+00   1.8630700790e-05  -3.4877541691e-20   3.9473696382e-83  -1.6343769886e-83   3.0000000000e+02  -2.1502453731e-05   4.8694346333e-36   1.6428667174e-67   1.0651838233e-52   2.1877315789e-85   3.2614321051e-59   2.3300000000e-01   7.9418149818e-58   3.8864634691e-42   1.6114678961e-53  6.1161346533e-100  1.4353744975e-103   1.0721348525e-73   1.5077306919e-71   4.5540599060e-61   5.4990225289e-43   6.3457973441e-92   3.5166678620e-64  1.9001630828e-130   7.6700000000e-01   1.9075768848e+03
   5.7581763043e-01   5.5090817658e-01   1.1719839921e+00   1.8630700790e-05  -2.2132340944e-21   3.4976291443e-88  -1.5714069702e-88   3.0000000000e+02  -2.1502453731e-05   1.7532374131e-36  -6.1615481658e-69   4.8942682883e-57   2.2351780740e-87   9.4974903722e-64   2.3300000000e-01   1.8785746492e-62   1.1482228729e-46   1.6464161050e-55 -1.5152852905e-102 -3.3295048484e-108   1.3241162367e-78   1.8244512250e-76   5.1331064860e-66   1.1330390385e-47   1.2963084555e-96   7.1837890154e-69  3.9512455300e-137   7.6700000000e-01   1.9075768848e+03
   6.2563653812e-01   6.0072708427e-01   1.1719839921e+00   1.8630700790e-05  -3.7792395581e-20   2.8749740763e-93  -1.4334485095e-93   3.0000000000e+02  -2.1502453731e-05   7.7894892502e-37  -6.1636532527e-69   2.1208033957e-61   4.4377441163e-87   1.8369956176e-67   2.3300000000e-01   7.1095959016e-64   2.9802030399e-51   3.2688123132e-55 -3.4508358098e-107  3.8405146315e-115   1.5032356807e-83   2.0203214514e-81   5.3517105253e-71   2.0501932873e-52  2.3255100442e-101   1.2887339959e-73  1.4060823113e-141   7.6700000000e-01   1.9075768848e+03
   6.7545544581e-01   6.5054599197e-01   1.1719839921e+00   1.8630700790e-05   2.6565193517e-17   2.2396215525e-98  -1.2667251973e-98   3.0000000000e+02  -2.1502453731e-05   1.2500998856e-35  -6.1636532769e-69   8.8605408209e-66   1.6391041738e-86   1.9497781695e-63   2.3300000000e-01   2.2875370509e-63   7.0272248013e-56   1.2073530751e-54 -1.4266778163e-112 -1.7951415852e-115   1.5976730566e-88   2.0801591706e-86   5.2665569836e-76   3.4020335981e-57  3.8264238790e-106   2.1204998086e-78  8.5453265729e-146   7.6700000000e-01   1.9075768848e+03
   7.2518244983e-01   7.0036489966e-01   1.1719839921e+00   1.8630700790e-05   2.3407430610e-19  1.6987379000e-103 -1.1080148861e-103   3.0000000000e+02  -2.1502453731e-05   1.9549801189e-35  -6.1860999623e-69   3.6385910225e-70  -2.9409117350e-58   2.6777782591e-63   2.3300000000e-01   1.9829271216e-63   1.8052552986e-60   1.0127599292e-54  1.2400934801e-118  3.3739284272e-126   1.6267994698e-93   2.0326044676e-91   5.0193032542e-81   6.6429549774e-62  7.4181729394e-111   4.1109490962e-83 -1.0981658534e-141   7.6700000000e-01   1.9075768848e+03