# L (m)  = 0.05
# P (Pa) = 101325
#             001_x           002_mixf              003_T              004_h             005_pv        006_density             007_H2              008_H              009_O             010_O2             011_OH            012_H2O            013_HO2            014_CH2         015_CH2(S)            016_CH3            017_CH4             018_CO            019_CO2            020_HCO           021_CH2O          022_CH2OH             023_N2
                  0   0.0000000000e+00   3.0000000000e+02   1.9075768848e+03   0.0000000000e+00   1.1719839921e+00   0.0000000000e+00   0.0000000000e+00   0.0000000000e+00   2.3300000000e-01   0.0000000000e+00   0.0000000000e+00   0.0000000000e+00   0.0000000000e+00   0.0000000000e+00   0.0000000000e+00   0.0000000000e+00   0.0000000000e+00   0.0000000000e+00   0.0000000000e+00   0.0000000000e+00   0.0000000000e+00   7.6700000000e-01
   1.2500000000e-04   3.5354713019e-03   4.2324597055e+02  -6.4993467487e+04   1.7630051021e-02   8.2836684075e-01   6.1919706483e-08   1.6112774312e-12   2.3941456001e-08   2.1808108944e-01   4.3025686957e-07   7.9392886911e-03   1.1182753674e-07   9.3614091797e-23   6.5733757899e-24   5.6676891389e-18   6.9148433098e-16   1.3602740008e-05   9.6770976707e-03   1.6235790357e-18   3.6973867997e-17   6.7393184236e-26   7.6428829351e-01
   3.7500000000e-04   8.2592480548e-03   5.8167519316e+02  -1.5439319429e+05   4.1185614317e-02   6.0048256638e-01   1.4469175497e-07   2.1887524737e-11   9.7446747814e-08   1.9814766295e-01   1.1777276452e-06   1.8546947640e-02   2.9079176916e-07   6.0502768509e-22   4.8867565100e-23   1.7201586849e-17   1.6211282818e-15   3.1804092061e-05   2.2606717893e-02   5.3392100439e-17   9.2442713480e-17   1.8534696325e-24   7.6066515674e-01
   6.2500000000e-04   1.2325962289e-02   7.1159215193e+02  -2.3136130833e+05   6.1464314712e-02   4.8926858947e-01   2.1674772456e-07   1.2281033749e-10   2.4600512070e-07   1.8098661819e-01   2.3179535549e-06   2.7678824131e-02   5.1609716482e-07   2.3641441586e-21   1.9428374312e-22   3.6954530105e-17   2.4381649079e-15   4.7593421938e-05   3.3737680411e-02   4.4466016138e-16   1.5918483145e-16   1.5279813543e-23   7.5754598692e-01
   8.7500000000e-04   1.5988512525e-02   8.2333678730e+02  -3.0065389226e+05   7.9726893736e-02   4.2163963999e-01   2.8499900762e-07   4.9209976660e-10   5.3249360502e-07   1.6553059430e-01   4.3849288509e-06   3.5902542598e-02   7.8315168869e-07   8.3253100660e-21   6.6795890346e-22   6.9810417183e-17   3.2206398384e-15   6.2088669008e-05   4.3761977469e-02   2.3128567662e-15   2.5157236943e-16   8.6921679759e-23   7.5473681089e-01
   1.1250000000e-03   1.9375062832e-02   9.2247253614e+02  -3.6465532207e+05   9.6611748604e-02   3.7532154553e-01   3.5802070672e-07   1.5905439840e-09   1.0692082513e-06   1.5123844458e-01   8.3593220042e-06   4.3505350282e-02   1.0498854554e-06   2.8551909523e-20   2.1979985051e-21   1.2347361522e-16   4.0680314939e-15   7.6054923346e-05   5.3029985378e-02   9.1025593710e-15   3.8693710960e-16   4.2145427857e-22   7.5213932681e-01
   1.3750000000e-03   2.2553024682e-02   1.0122425126e+03  -4.2459315327e+05   1.1245374831e-01   3.4117998076e-01   4.5187919334e-07   4.3835103686e-09   2.0331508497e-06   1.3782523199e-01   1.5879675383e-05   5.0637634471e-02   1.2724224496e-06   9.7450338215e-20   7.1413967623e-21   2.1409632320e-16   5.1808271146e-15   9.0292024283e-05   6.1725369933e-02   2.9258140396e-14   5.9744002764e-16   1.8812481768e-21   7.4970183007e-01
   1.6250000000e-03   2.5562402543e-02   1.0947375483e+03  -4.8117229430e+05   1.2745026423e-01   3.1472222603e-01   5.9933321500e-07   1.0821452929e-08   3.6895673591e-06   1.2512165823e-01   2.9289237567e-05   5.7387687565e-02   1.4506645071e-06   3.3730096528e-19   2.3450369485e-20   3.8299486496e-16   7.0386827655e-15   1.0601434576e-04   6.9955962983e-02   8.1556597543e-14   9.6870675801e-16   8.0953220757e-21   7.4739363725e-01
   1.8750000000e-03   2.8432519922e-02   1.1713191690e+03  -5.3489322260e+05   1.4174425225e-01   2.9347959069e-01   8.6393217772e-07   2.4973601505e-08   6.4499104120e-06   1.1300380673e-01   5.1585965434e-05   6.3819162926e-02   1.6229502274e-06   1.2357477922e-18   8.1418613111e-20   7.5258409011e-16   1.0888695574e-14   1.2532448662e-04   7.7798900904e-02   2.0841694786e-13   1.7604345609e-15   3.5561348146e-20   7.4519225722e-01
   2.1250000000e-03   3.1186072448e-02   1.2429486543e+03  -5.8612965828e+05   1.5544386565e-01   2.7596371133e-01   1.3628280723e-06   5.5554732229e-08   1.0958171401e-05   1.0137651900e-01   8.6488409204e-05   6.9979925740e-02   1.8307743634e-06   5.0765601929e-18   3.1706398466e-19   1.7293583300e-15   2.0369089191e-14   1.5187707654e-04   8.5310700007e-02   5.1269356378e-13   3.8063721651e-15   1.7029375921e-19   7.4308028243e-01
   2.3750000000e-03   3.3840093418e-02   1.3102957104e+03  -6.3514786085e+05   1.6862616933e-01   2.6122501903e-01   2.3090209160e-06   1.2133578569e-07   1.8197349465e-05   9.0170131124e-02   1.3863043229e-04   7.5903697073e-02   2.1020756269e-06   2.4563799707e-17   1.4561163729e-18   4.8659649046e-15   4.7962761601e-14   1.9196556187e-04   9.2528197678e-02   1.2632897165e-12   1.0147520131e-14   9.3792670047e-19   7.4104464835e-01
   2.6250000000e-03   3.6407828241e-02   1.3737965642e+03  -6.8214273873e+05   1.8134460101e-01   2.4863222596e-01   4.0922383742e-06   2.6242122895e-07   2.9602402542e-05   7.9334235384e-02   2.1365272211e-04   8.1613391818e-02   2.4503141457e-06   1.4477715999e-16   8.1620583586e-18   1.7253897169e-14   1.4533958613e-13   2.5644724969e-04   9.9470669708e-02   3.2068693225e-12   3.4173204811e-14   6.1593431788e-18   7.3907519574e-01
   2.8750000000e-03   3.8899923560e-02   1.4336677652e+03  -7.2726082431e+05   1.9363183778e-01   2.3775595805e-01   7.4233257884e-06   5.6251957577e-07   4.7096541012e-05   6.8836063977e-02   3.1780871989e-04   8.7122509441e-02   2.8718248805e-06   1.0635038880e-15   5.7174959931e-17   7.8641954232e-14   5.7467264838e-13   3.6412325367e-04   1.0613778176e-01   8.4989170267e-12   1.4952655860e-13   4.9415118661e-17   7.3716375863e-01
   3.1250000000e-03   4.1325232709e-02   1.4898858727e+03  -7.7061588636e+05   2.0549910868e-01   2.2830436834e-01   1.3568231584e-05   1.1889368611e-06   7.2858561724e-05   5.8663342546e-02   4.5661852916e-04   9.2435210178e-02   3.3362077723e-06   9.8804945109e-15   5.0817875465e-16   4.6755032409e-13   2.9920173365e-12   5.4735326758e-04   1.1250297700e-01   2.3454452879e-11   8.7289272219e-13   4.9195242362e-16   7.3530354651e-01
   3.3750000000e-03   4.3691398040e-02   1.5421421596e+03  -8.1230027989e+05   2.1693256465e-01   2.2008622421e-01   2.4685868873e-05   2.4534451564e-06   1.0850883396e-04   4.8831925088e-02   6.3207585709e-04   9.7545542340e-02   3.7743269060e-06   1.1669033617e-13   5.7616741924e-15   3.6559998777e-12   2.0565385568e-11   8.6044619070e-04   1.1850189025e-01   6.6363690147e-11   6.8555851612e-12   6.1129678766e-15   7.3348869770e-01
   3.6250000000e-03   4.6005295192e-02   1.5897930185e+03  -8.5239372120e+05   2.2788800175e-01   2.1298792892e-01   4.4242206869e-05   4.8778283191e-06   1.5340147176e-04   3.9397522689e-02   8.3818123869e-04   1.0243652011e-01   4.0759499978e-06   1.7409446495e-12   8.2773397791e-14   3.7584934071e-11   1.8534450679e-10   1.3901415821e-03   1.2401709785e-01   1.8868491221e-10   7.1278063902e-11   9.4242897289e-14   7.3171393859e-01
   3.8750000000e-03   4.8273377147e-02   1.6318524352e+03  -8.9097031041e+05   2.3828724243e-01   2.0695484172e-01   7.7385482692e-05   9.1966149496e-06   2.0207273841e-04   3.0467710101e-02   1.0553425011e-03   1.0708047443e-01   4.1117093009e-06   3.2183321007e-11   1.4756564868e-12   5.0221524194e-10   2.1491743892e-09   2.2648581836e-03   1.2886452434e-01   5.4111727146e-10   9.4718413521e-10   1.7667862716e-12   7.2997431973e-01
   4.1250000000e-03   5.0501924709e-02   1.6671066046e+03  -9.2810404503e+05   2.4802220064e-01   2.0196826700e-01   1.3104043884e-04   1.6128649111e-05   2.4171696384e-04   2.2206047675e-02   1.2450424751e-03   1.1144355712e-01   3.7824550278e-06   7.1052311507e-10   3.1385061813e-11   8.4982861264e-09   3.0992951013e-08   3.6566595529e-03   1.3279094353e-01   1.8645958881e-09   1.5253067738e-08   3.8730484369e-11   7.2826502375e-01
   4.3750000000e-03   5.2697203243e-02   1.6944473756e+03  -9.6387285991e+05   2.5697155790e-01   1.9801065648e-01   2.1350495242e-04   2.5552341168e-05   2.5099013300e-04   1.4822580038e-02   1.3439910316e-03   1.1549888106e-01   3.0785627089e-06   1.7422977386e-08   7.3896558339e-10   1.7310699525e-07   5.2673170936e-07   5.7719063907e-03   1.3548726550e-01   1.3470184207e-08   2.7248875528e-07   9.2054109861e-10   7.2658124511e-01
   4.6250000000e-03   5.4865634227e-02   1.7133844319e+03  -9.9836277690e+05   2.6499158204e-01   1.9502900137e-01   3.3525809626e-04   3.3987214975e-05   1.9813180148e-04   8.6023455693e-03   1.2351360891e-03   1.1923315996e-01   2.1502062667e-06   3.9705872467e-07   1.6090154105e-08   3.8127299243e-06   9.6787378249e-06   8.8198423285e-03   1.3660332166e-01   1.6644203429e-07   4.5176814420e-06   1.9794359195e-08   7.2491805855e-01
   4.8750000000e-03   5.7015688159e-02   1.7225546806e+03  -1.0316981502e+06   2.7137816204e-01   1.9318018358e-01   5.1199920422e-04   2.6210449862e-05   5.8184187972e-05   4.3366196050e-03   6.5081397692e-04   1.2237412698e-01   1.4500241565e-06   4.5298478415e-06   1.6959015114e-07   6.8164208376e-05   1.6224405567e-04   1.2584749498e-02   1.3590728635e-01   8.8851866498e-07   4.3393423183e-05   2.0289501650e-07   7.2326896718e-01
   5.1250000000e-03   5.9166243363e-02   1.7097454460e+03  -1.0641663948e+06   2.7337044691e-01   1.9411061049e-01   6.2284669482e-04   5.4285240883e-06   3.2447334970e-06   3.1167737333e-03   1.0694194329e-04   1.2348247716e-01   1.1438298191e-06   3.6489765690e-06   1.2672360869e-07   2.8513272398e-04   1.4061739759e-03   1.4383836061e-02   1.3488128699e-01   3.3985025868e-07   8.0951810300e-05   1.5492737725e-07   7.2161949134e-01
   5.3750000000e-03   6.1335581057e-02   1.6874531028e+03  -1.0960438198e+06   2.7359703525e-01   1.9624488522e-01   6.6825521236e-04   1.5169501147e-06   5.0629203222e-07   2.6757934182e-03   2.6502372410e-05   1.2356706853e-01   6.7812453881e-07   9.0349170262e-07   2.9855363453e-08   2.6267254234e-04   3.4164556389e-03   1.5158482030e-02   1.3420322947e-01   7.7896992792e-08   6.2180676923e-05   3.8165151025e-08   7.1995560933e-01
   5.6250000000e-03   6.3529454700e-02   1.6636008258e+03  -1.1274126081e+06   2.7346087625e-01   1.9863945118e-01   7.0256837004e-04   7.6535406528e-07   1.9239954761e-07   2.4152499255e-03   1.1974379570e-05   1.2345386976e-01   4.5446472204e-07   3.6369282289e-07   1.1557506158e-08   2.2275093332e-04   5.5668331744e-03   1.5712958207e-02   1.3359147991e-01   3.1883097636e-08   4.7572211248e-05   1.5530551846e-08   7.1827290825e-01
   5.8750000000e-03   6.5749357003e-02   1.6395147570e+03  -1.1582908966e+06   2.7318932755e-01   2.0113735900e-01   7.3442285686e-04   4.9494969453e-07   1.0067653284e-07   2.2318273680e-03   6.9328658276e-06   1.2327323326e-01   3.4847111476e-07   1.9430785109e-07   5.9312931957e-09   1.9554196008e-04   7.7672004001e-03   1.6187348689e-02   1.3299432275e-01   1.7283849708e-08   3.7756653554e-05   8.4046500936e-09   7.1657024318e-01
   6.1250000000e-03   6.7996023269e-02   1.6155647834e+03  -1.1886860660e+06   2.7284245563e-01   2.0369375762e-01   7.6541849714e-04   3.5643707515e-07   6.0422168219e-08   2.0923137173e-03   4.4710053208e-06   1.2305552679e-01   2.9026484281e-07   1.1810563898e-07   3.4603954537e-09   1.7523274671e-04   1.0006751089e-02   1.6624098303e-02   1.3239741204e-01   1.0720204125e-08   3.0881069734e-05   5.1831300685e-09   7.1484705015e-01
   6.3750000000e-03   7.0269922229e-02   1.5919003620e+03  -1.2186021275e+06   2.7244591510e-01   2.0628941565e-01   7.9611011086e-04   2.7159621117e-07   3.9150912701e-08   1.9812956604e-03   3.0520618249e-06   1.2281322338e-01   2.5398982471e-07   7.6535801598e-08   2.1514194095e-09   1.5815707371e-04   1.2282141668e-02   1.7041451107e-02   1.3179513050e-01   7.1661979598e-09   2.5814777622e-05   3.4138408485e-09   7.1310296965e-01
   6.6250000000e-03   7.2571394726e-02   1.5685931322e+03  -1.2480417958e+06   2.7201347022e-01   2.0891408797e-01   8.2677803560e-04   2.1380619183e-07   2.6621377505e-08   1.8901306293e-03   2.1530739062e-06   1.2255298737e-01   2.2912169131e-07   5.1260567517e-08   1.3819633139e-09   1.4276199916e-04   1.4591281891e-02   1.7448816595e-02   1.3118488822e-01   5.0133752207e-09   2.1932410496e-05   2.3279474697e-09   7.1133774025e-01
   6.8750000000e-03   7.4900708037e-02   1.5456809082e+03  -1.2770072967e+06   2.7155347404e-01   2.1156142703e-01   8.5758880577e-04   1.7175146118e-07   1.8703952057e-08   1.8133972647e-03   1.5500940608e-06   1.2227887812e-01   2.1082512350e-07   3.4934928216e-08   9.0299887168e-10   1.2848552684e-04   1.6932617066e-02   1.7851560300e-02   1.3056544682e-01   3.6149634435e-09   1.8876719831e-05   1.6180761097e-09   7.0955115694e-01
   7.1250000000e-03   7.7258081219e-02   1.5231849338e+03  -1.3055007405e+06   2.7107138772e-01   2.1422698793e-01   8.8864600197e-04   1.3984227192e-07   1.3455332133e-08   1.7474472748e-03   1.1311229543e-06   1.2199356452e-01   1.9664011394e-07   2.4038084424e-08   5.9553934942e-10   1.1518238475e-04   1.9304991249e-02   1.8252902461e-02   1.2993627473e-01   2.6654384522e-09   1.6430169209e-05   1.1374109509e-09   7.0774305171e-01
   7.3750000000e-03   7.9643698375e-02   1.5011175901e+03  -1.3335243148e+06   2.7057095269e-01   2.1690732868e-01   9.2001254609e-04   1.1497166424e-07   9.8551421311e-09   1.6897114585e-03   8.3337058209e-07   1.2169888618e-01   1.8520612078e-07   1.6636567896e-08   3.9494081871e-10   1.0285672912e-04   2.1707582369e-02   1.8654812089e-02   1.2929724187e-01   2.0016085051e-09   1.4450166974e-05   8.0554543335e-10   7.0591328335e-01
   7.6250000000e-03   8.2057716191e-02   1.4794861243e+03  -1.3610803896e+06   2.7005481097e-01   2.1959956732e-01   9.5172347575e-04   9.5239034373e-08   7.3224493707e-09   1.6383246623e-03   6.1856809735e-07   1.2139615032e-01   1.7571769710e-07   1.1562154750e-08   2.6293254715e-10   9.1543746989e-05   2.4139841649e-02   1.9058485489e-02   1.2864845169e-01   1.5278757958e-09   1.2836513960e-05   5.7387574850e-10   7.0406173168e-01
   7.8750000000e-03   8.4500268473e-02   1.4582945563e+03  -1.3881715764e+06   2.6952486638e-01   2.2230115122e-01   9.8379453430e-04   7.9389523790e-08   5.5057550234e-09   1.5919037956e-03   4.6196725846e-07   1.2108630511e-01   1.6767122372e-07   8.0649367874e-09   1.7564225823e-10   8.1262803798e-05   2.6601433802e-02   1.9464626321e-02   1.2799014041e-01   1.1844110025e-09   1.1514768321e-05   4.1106064236e-10   7.0218829408e-01
   8.1250000000e-03   8.6971469041e-02   1.4375447032e+03  -1.4148007608e+06   2.6898251007e-01   2.2500973245e-01   1.0162283185e-03   6.6544817350e-08   4.1822953243e-09   1.5494072071e-03   3.4689533442e-07   1.2077004840e-01   1.6073796637e-07   5.6464711141e-09   1.1773863309e-10   7.2004185493e-05   2.9092182493e-02   1.9873619065e-02   1.2732261428e-01   9.3203887937e-10   1.0427449509e-05   2.9609332534e-10   7.0029288325e-01
   8.3750000000e-03   8.9471413658e-02   1.4172367599e+03  -1.4409711196e+06   2.6842876865e-01   2.2772309852e-01   1.0490187140e-03   5.6063271939e-08   3.2057655577e-09   1.5100410396e-03   2.6180370954e-07   1.2044789946e-01   1.5469611724e-07   3.9693039952e-09   7.9226085982e-11   6.3730558445e-05   3.1612024133e-02   2.0285640007e-02   1.2664621047e-01   7.4432360549e-10   9.5291180858e-06   2.1458722728e-10   6.9837542572e-01
   8.6250000000e-03   9.2000181388e-02   1.3973696516e+03  -1.4666861279e+06   2.6786440498e-01   2.3043913304e-01   1.0821540459e-03   4.7461712771e-08   2.4773673493e-09   1.4731945528e-03   1.9854092337e-07   1.2012024809e-01   1.4939216489e-07   2.8029142574e-09   5.3540328119e-11   5.6383819174e-05   3.4160970887e-02   2.0700729404e-02   1.2596127344e-01   6.0306192607e-10   8.7833977022e-06   1.5657682005e-10   6.9643586088e-01
   8.8750000000e-03   9.4557835617e-02   1.3779412667e+03  -1.4919495606e+06   2.6728998846e-01   2.3315579297e-01   1.1156192570e-03   4.0368579605e-08   1.9288990190e-09   1.4383942390e-03   1.5127811360e-07   1.1978738925e-01   1.4471748904e-07   1.9891849402e-09   3.6356066612e-11   4.9892905052e-05   3.6739082383e-02   2.1118838684e-02   1.2526814127e-01   4.9554066640e-10   8.1610016448e-06   1.1511806783e-10   6.9447414008e-01
   9.1250000000e-03   9.7144424855e-02   1.3589486248e+03  -1.5167654881e+06   2.6670594506e-01   2.3587109502e-01   1.1493973676e-03   3.4494012453e-08   1.5124390358e-09   1.4052706113e-03   1.1580837007e-07   1.1944954773e-01   1.4059246803e-07   1.4194590165e-09   2.4818543936e-11   4.4180663802e-05   3.9346444871e-02   2.1539861310e-02   1.2456713865e-01   4.1278529845e-10   7.6383112389e-06   8.5356383639e-11   6.9249022614e-01
   9.3750000000e-03   9.9759983416e-02   1.3403880071e+03  -1.5411382712e+06   2.6611259335e-01   2.3858310753e-01   1.1834704153e-03   2.9609660516e-08   1.1938222048e-09   1.3735337962e-03   8.9074089874e-08   1.1910689616e-01   1.3695202560e-07   1.0189810556e-09   1.7041224309e-11   3.9169156473e-05   4.1983156411e-02   2.1963652872e-02   1.2385857391e-01   3.4840408323e-10   7.1962865013e-06   6.3890123715e-11   6.9048409272e-01
   9.6250000000e-03   1.0240453202e-01   1.3222550646e+03  -1.5650725529e+06   2.6551017085e-01   2.4128994530e-01   1.2178200306e-03   2.5534422296e-08   9.4839157410e-10   1.3429553763e-03   6.8840436573e-08   1.1875956819e-01   1.3372403829e-07   7.3625592912e-10   1.1775589538e-11   3.4783378724e-05   4.4649316706e-02   2.2390044065e-02   1.2314273856e-01   2.9780879771e-10   6.8195995249e-06   4.8330593241e-11   6.8845572394e-01
   9.8750000000e-03   1.0507807833e-01   1.3045449089e+03  -1.5885732487e+06   2.6489885339e-01   2.4398976661e-01   1.2524277643e-03   2.2124692624e-08   7.5823764649e-10   1.3133547563e-03   5.3468991701e-08   1.1840766830e-01   1.3078305983e-07   5.3586427338e-10   8.1948727122e-12   3.0953630790e-05   4.7345020393e-02   2.2818848982e-02   1.2241990835e-01   2.5769060449e-10   6.4959321510e-06   3.7004593940e-11   6.8640511392e-01
   1.0500000000e-02   1.1183284711e-01   1.2616614170e+03  -1.6462404871e+06   2.6334900139e-01   2.5079203242e-01   1.3395255384e-03   1.5274489352e-08   4.3061168022e-10   1.2414568555e-03   2.8066537370e-08   1.1751689923e-01   1.2341751184e-07   2.3385465923e-10   3.1931163301e-12   2.2605780809e-05   5.4156767323e-02   2.3896150523e-02   1.2059642610e-01   1.8101499859e-10   5.7947636863e-06   1.8930284638e-11   6.8122420626e-01
   1.1500000000e-02   1.2309345605e-01   1.1989848385e+03  -1.7318205325e+06   2.6073449321e-01   2.6133739770e-01   1.4818251505e-03   9.1569347527e-09   1.9121572962e-10   1.1356700285e-03   1.0940803509e-08   1.1602359578e-01   1.1729578127e-07   7.1982165271e-11   8.2083208355e-13   1.4533594744e-05   6.5522782147e-02   2.5645231791e-02   1.1758384049e-01   1.2082393086e-10   5.0640188991e-06   8.3905149648e-12   6.7258731921e-01
   1.2500000000e-02   1.3481330400e-01   1.1423089608e+03  -1.8112001889e+06   2.5798372264e-01   2.7157047468e-01   1.6260353193e-03   5.7248276658e-09   8.9488880437e-11   1.0360343606e-03   4.4835411019e-09   1.1446301232e-01   1.1391156088e-07   2.3802521215e-11   2.2679580077e-13   9.5652026182e-06   7.7367846679e-02   2.7406922671e-02   1.1448775233e-01   8.9466780265e-11   4.5109593304e-06   4.7680477481e-12   6.6359819583e-01
   1.3500000000e-02   1.4698650811e-01   1.0911800356e+03  -1.8848260694e+06   2.5509542102e-01   2.8140038108e-01   1.7709555319e-03   3.7087837943e-09   4.3707376966e-11   9.4139701961e-04   1.9234676476e-09   1.1283664303e-01   1.1229887899e-07   8.4076511465e-12   6.7050738501e-14   6.4420118206e-06   8.9691227414e-02   2.9165907760e-02   1.1132191470e-01   7.1899205521e-11   4.0461972630e-06   3.3381284168e-12   6.5426134828e-01
   1.4500000000e-02   1.5960556997e-01   1.0451371366e+03  -1.9531776453e+06   2.5206745670e-01   2.9074957643e-01   1.9153267659e-03   2.4777718181e-09   2.2124756098e-11   8.5142162909e-04   8.6148636301e-10   1.1114588283e-01   1.1177099996e-07   3.1573719977e-12   2.1134774078e-14   4.4361752254e-06   1.0249040998e-01   3.0906046200e-02   1.0810020091e-01   6.1647033356e-11   3.6324796337e-06   2.6260220586e-12   6.4458252784e-01
   1.5500000000e-02   1.7266203207e-01   1.0037240336e+03  -2.0167569404e+06   2.4889729624e-01   2.9955597529e-01   2.0578362457e-03   1.7007051967e-09   1.1549850138e-11   7.6613043583e-04   4.0208723606e-10   1.0939218011e-01   1.1177293314e-07   1.2558168179e-12   7.0826658567e-15   3.1208485257e-06   1.1576186270e-01   3.2610581024e-02   1.0483669886e-01   5.5572368015e-11   3.2544238432e-06   2.1535903860e-12   6.3456822140e-01
   1.6500000000e-02   1.8614181456e-01   9.6649687600e+02  -2.0760558675e+06   2.4558349408e-01   3.0777576183e-01   2.1970809756e-03   1.1958738730e-09   6.1962344418e-12   6.8571686267e-04   1.9533439172e-10   1.0757776743e-01   1.1185555021e-07   5.2746740227e-13   2.5181071936e-15   2.2411602242e-06   1.2949630051e-01   3.4261789854e-02   1.0154685582e-01   5.2008641467e-11   2.9058495553e-06   1.7738511734e-12   6.2422922823e-01
   1.7500000000e-02   2.0003105937e-01   9.3302486850e+02  -2.1315775087e+06   2.4212452762e-01   3.1538436386e-01   2.3316574901e-03   8.5940352363e-10   3.4070487555e-12   6.1039522289e-04   9.8658180387e-11   1.0570492214e-01   1.1165953680e-07   2.3333605315e-13   9.4784273466e-16   1.6416109995e-06   1.4368456119e-01   3.5842119411e-02   9.8245828580e-02   5.0001129292e-11   2.5842120608e-06   1.4497010879e-12   6.1357617747e-01
   1.8500000000e-02   2.1432394417e-01   9.0290308745e+02  -2.1838536950e+06   2.3851699290e-01   3.2237155057e-01   2.4602568249e-03   6.2987135757e-10   1.9158309375e-12   5.4030860025e-04   5.1736410163e-11   1.0377492520e-01   1.1090490702e-07   1.0841962681e-13   3.7685722214e-16   1.2254229529e-06   1.5832553842e-01   3.7335330381e-02   9.4946480494e-02   4.8966352226e-11   2.2881963284e-06   1.1747822118e-12   6.0261353482e-01
   1.9500000000e-02   2.2901703554e-01   8.7574877511e+02  -2.2334087106e+06   2.3475707918e-01   3.2874366802e-01   2.5816215462e-03   4.7001209579e-10   1.0998670870e-12   4.7554165579e-04   2.8125702170e-11   1.0178881928e-01   1.0940255251e-07   5.2783166486e-14   1.5790329060e-16   9.3149624009e-07   1.7342038703e-01   3.8725998172e-02   9.1660640175e-02   4.8543018752e-11   2.0169490579e-06   9.4751832924e-13   5.9134393374e-01
   2.0500000000e-02   2.4410878425e-01   8.5120365933e+02  -2.2807515430e+06   2.3084078248e-01   3.3452193413e-01   2.6945604033e-03   3.5660402309e-10   6.4389234000e-13   4.1611282829e-04   1.5823260409e-11   9.9747468925e-02   1.0706372434e-07   2.6864563264e-14   6.9565978463e-17   7.2057077987e-07   1.8897194446e-01   3.9999696396e-02   8.8399056751e-02   4.8508286727e-11   1.7697036171e-06   7.6271779896e-13   5.7976856248e-01
   2.1500000000e-02   2.5959976092e-01   8.2893436337e+02  -2.3263727870e+06   2.2676391541e-01   3.3974044538e-01   2.7979684107e-03   2.7481850120e-10   3.8411500923e-13   3.6197122432e-04   9.1941890203e-12   9.7651515575e-02   1.0388684072e-07   1.4266263684e-14   3.2154462904e-17   5.6697134907e-07   2.0498491318e-01   4.1143234600e-02   8.5171196822e-02   4.8734963248e-11   1.5456209901e-06   6.1501361114e-13   5.6788698337e-01
   2.2500000000e-02   2.7549289711e-01   8.0863242677e+02  -2.3707427271e+06   2.2252209418e-01   3.4444384844e-01   2.8908435594e-03   2.1497111992e-10   2.3342936966e-13   3.1299930822e-04   5.5055360665e-12   9.5501328888e-02   9.9934599836e-08   7.8912800925e-15   1.5559889897e-17   4.5361722765e-07   2.2146606105e-01   4.2144846487e-02   8.1985075242e-02   4.9164155757e-11   1.3437335142e-06   4.9990510434e-13   5.5569694792e-01
   2.3500000000e-02   2.9179367365e-01   7.9001397202e+02  -2.4143102125e+06   2.1811071799e-01   3.4868490826e-01   2.9722989915e-03   1.7060126865e-10   1.4451395673e-13   2.6901951855e-04   3.3893983188e-12   9.3296963679e-02   9.5312992259e-08   4.5399785516e-15   7.8670407026e-18   3.6895640827e-07   2.3842438275e-01   4.2994316413e-02   7.8847138903e-02   4.9786410089e-11   1.1629367676e-06   4.0974942820e-13   5.4319425231e-01
   2.4500000000e-02   3.0851025473e-01   7.7281899950e+02  -2.4575022559e+06   2.1352494290e-01   3.5252218877e-01   3.0415704697e-03   1.3731616599e-10   9.1174752852e-14   2.2980330131e-04   2.1399289177e-12   9.1038124059e-02   9.0152582017e-08   2.7131166133e-15   4.1475992831e-18   3.0504999009e-07   2.5587122177e-01   4.3683043901e-02   7.5762204474e-02   5.0630467587e-11   1.0020044784e-06   3.3817307959e-13   5.3037263462e-01
   2.5500000000e-02   3.2565356110e-01   7.5681042188e+02  -2.5007241339e+06   2.0875965428e-01   3.5601796943e-01   3.0980192538e-03   1.1207511939e-10   5.8656255870e-14   1.9508141871e-04   1.3820374886e-12   8.8724136717e-02   8.4591965017e-08   1.6821691896e-15   2.2756143523e-18   2.5635743523e-07   2.7382034494e-01   4.4204049487e-02   7.2733448819e-02   5.1754407543e-11   8.5961486192e-07   2.8204358187e-13   5.1722371864e-01
   2.6500000000e-02   3.4323729228e-01   7.4177299302e+02  -2.5443597038e+06   2.0380943816e-01   3.5923644205e-01   3.1411308977e-03   9.2738323596e-11   3.8510750011e-14   1.6455460707e-04   9.1068620000e-13   8.6353932734e-02   7.8766502100e-08   1.0807514490e-15   1.2966129268e-18   2.1895406602e-07   2.9228797816e-01   4.4551929899e-02   6.9762444633e-02   5.3239410168e-11   7.3438171214e-07   2.3844716503e-13   5.0373699682e-01
   2.7500000000e-02   3.6127796210e-01   7.2750472366e+02  -2.5887872313e+06   1.9866853692e-01   3.6224593015e-01   3.1705107195e-03   7.7777368630e-11   2.5827925507e-14   1.3790382335e-04   6.1064547343e-13   8.3926029755e-02   7.2802247217e-08   7.1847438950e-16   7.6535353642e-19   1.9001837349e-07   3.1129286835e-01   4.4722772561e-02   6.6849223885e-02   5.5191691215e-11   6.2488574407e-07   2.0436503847e-13   4.8989980307e-01
   2.8500000000e-02   3.7979490310e-01   7.1383058109e+02  -2.6343501352e+06   1.9333080379e-01   3.6511064066e-01   3.1858762609e-03   6.6083363133e-11   1.7712407946e-14   1.1479973914e-04   4.1561889607e-13   8.1438520879e-02   6.6812208803e-08   4.9339619484e-16   4.6677951570e-19   1.6749233408e-07   3.3085632302e-01   4.4714035010e-02   6.3992371635e-02   5.7729789792e-11   5.2970428897e-07   1.7750508605e-13   4.7569730933e-01
   2.9500000000e-02   3.9881026769e-01   7.0058659814e+02  -2.6813877142e+06   1.8778965263e-01   3.6789706945e-01   3.1870477290e-03   5.6842402860e-11   1.2433150659e-14   9.4911079091e-05   2.8639886541e-13   7.8889066509e-02   6.0895991205e-08   3.4925313201e-16   2.9319178626e-19   1.4985192589e-07   3.5100225330e-01   4.4524402028e-02   6.1189136364e-02   6.0998229574e-11   4.4743745297e-07   1.5784693306e-13   4.6111252468e-01
   3.0500000000e-02   4.1834911217e-01   6.8762352264e+02  -2.7302267569e+06   1.8203797924e-01   3.7067138985e-01   3.1739367619e-03   4.9449567278e-11   8.9413637380e-15   7.7911645760e-05   1.9929949836e-13   7.6274877637e-02   5.5139829518e-08   2.5414334784e-16   1.8894223498e-19   1.3595126274e-07   3.7175731022e-01   4.4153624295e-02   5.8435540545e-02   6.5169244734e-11   3.7672993456e-07   1.5723288610e-13   4.4612623096e-01
   3.1500000000e-02   4.3843951590e-01   6.7480428272e+02  -2.7811858496e+06   1.7606806968e-01   3.7350017665e-01   3.1465339355e-03   4.3450747058e-11   6.5932484892e-15   6.3486042917e-05   1.3969738589e-13   7.3592696902e-02   4.9617051232e-08   1.8951078602e-16   1.2439188234e-19   1.2491524896e-07   3.9315106203e-01   4.3602344630e-02   5.5726494216e-02   7.0453792258e-11   3.1628839650e-07   2.7714714593e-13   4.3071689131e-01
   3.2500000000e-02   4.5911279201e-01   6.6200183974e+02  -2.8345792447e+06   1.6987148042e-01   3.7645132665e-01   3.1048953170e-03   3.8501936310e-11   4.9881266699e-15   5.1334108699e-05   9.8379623074e-14   7.0838769700e-02   4.4387885278e-08   1.4438964748e-16   8.3393915681e-20   1.1606502552e-07   4.1521627148e-01   4.2871915136e-02   5.3055900264e-02   7.7118491058e-11   2.6489399063e-07   1.2373060910e-12   4.1486048853e-01
   3.3500000000e-02   4.8040381274e-01   6.4909708743e+02  -2.8907209947e+06   1.6343888374e-01   3.7959535085e-01   3.0491281899e-03   3.4341541827e-11   3.8736307401e-15   4.1174165026e-05   6.9431191771e-14   6.8008802164e-02   3.9497647401e-08   1.1248436973e-16   5.7222708772e-20   1.0886573091e-07   4.3798929657e-01   4.1964206626e-02   5.0416746756e-02   8.5509971439e-11   2.2140966061e-07   6.1194951931e-12   3.9853027563e-01
   3.4500000000e-02   5.0235148267e-01   6.3597675450e+02  -2.9499294722e+06   1.5675986865e-01   3.8300709597e-01   2.9793759566e-03   3.0769460937e-11   3.0883529795e-15   3.2745210682e-05   4.8986651802e-14   6.5097901426e-02   3.4977318621e-08   9.0296870950e-17   4.1036720556e-20   1.0288947737e-07   4.6151065055e-01   4.0881410006e-02   4.7801181259e-02   9.6092044918e-11   1.8478606409e-07   1.9847470662e-11   3.8169641279e-01
   3.5500000000e-02   5.2499940379e-01   6.2253125982e+02  -3.0125324274e+06   1.4982268363e-01   3.8676799538e-01   2.8958020878e-03   2.7631943366e-11   2.5285872495e-15   2.5808188619e-05   3.4485151540e-14   6.2100492223e-02   3.0860131125e-08   7.3742217148e-17   3.0032907812e-20   9.7788989674e-08   4.8582576799e-01   3.9625827547e-02   4.5200561777e-02   1.0949870016e-10   1.5407939597e-07   3.3211509897e-11   3.6432545729e-01
   3.6500000000e-02   5.4839679161e-01   6.0865248770e+02  -3.0788727236e+06   1.4261390274e-01   3.9096899206e-01   2.7985728411e-03   2.4811727863e-11   2.1282962757e-15   2.0146500148e-05   2.4201829937e-14   5.9010201940e-02   2.7187007901e-08   5.6733553677e-17   1.9116120472e-20   9.3279027844e-08   5.1098604084e-01   3.8199649898e-02   4.2605478056e-02   1.2661258000e-10   1.2845727852e-07   1.6605301368e-11   3.4637966084e-01
   3.7500000000e-02   5.7259972405e-01   5.9423141086e+02  -3.1493150077e+06   1.3511798904e-01   3.9571437557e-01   2.6878382757e-03   2.2219753451e-11   1.8414112517e-15   1.5565964616e-05   1.6925715678e-14   5.5819703220e-02   2.3940909635e-08   3.9926536893e-17   9.6774397523e-21   8.9122588576e-08   5.3705021299e-01   3.6604712191e-02   4.0005735349e-02   1.4868221213e-10   1.0713679104e-07  -1.8203451429e-11   3.2781601165e-01
   3.8500000000e-02   5.9767283975e-01   5.7915546154e+02  -3.2242536980e+06   1.2731671856e-01   4.0112691086e-01   2.5637108392e-03   1.9787737839e-11   1.6338360735e-15   1.1894214452e-05   1.1794654768e-14   5.2520498790e-02   2.1053642748e-08   2.9610362950e-17   5.4390728059e-21   8.5120139713e-08   5.6408625958e-01   3.4842219120e-02   3.7390289816e-02   1.7748404976e-10   8.9386194979e-08  -2.3743215924e-11   3.0858493191e-01
   3.9500000000e-02   6.2369165360e-01   5.6330551843e+02  -3.3041228329e+06   1.1918841121e-01   4.0735484449e-01   2.4262404421e-03   1.7462436512e-11   1.4847866821e-15   8.9796261329e-06   8.2105395062e-15   4.9102626430e-02   1.8501312790e-08   2.4137048070e-17   3.9916420921e-21   8.1102907319e-08   5.9217393304e-01   3.2912424075e-02   3.4747120262e-02   2.1553018665e-10   7.4608709272e-08  -8.5495405436e-12   2.8862850169e-01
   4.0500000000e-02   6.5074573648e-01   5.4655231764e+02  -3.3894086027e+06   1.1070689018e-01   4.1458171985e-01   2.2753844040e-03   1.5200985414e-11   1.3803405097e-15   6.6901070031e-06   5.7367017228e-15   4.5554251758e-02   1.6262479485e-08   1.9048576590e-17   2.6854322013e-21   7.6929226791e-08   6.2140824382e-01   3.0814240172e-02   3.2063013846e-02   2.6624863652e-10   6.2301156658e-08  -4.8511545130e-13   2.6787802012e-01
   4.1500000000e-02   6.7894312739e-01   5.2875201973e+02  -3.4806657957e+06   1.0184005311e-01   4.2304050576e-01   2.1109698491e-03   1.2965016305e-11   1.3057257418e-15   4.9117005058e-06   4.0348661794e-15   4.1861100678e-02   1.4265359664e-08   1.4036286872e-17   1.5381616491e-21   7.2482530468e-08   6.5190427480e-01   2.8544750169e-02   2.9323232417e-02   3.3376356256e-10   5.2002009041e-08   2.6165644377e-13   2.4625062129e-01
   4.2500000000e-02   7.0841653455e-01   5.0974055718e+02  -3.5785400061e+06   9.2547878067e-02   4.3303453341e-01   1.9326448901e-03   1.0713058284e-11   1.2415397809e-15   3.5469987994e-06   2.8431364234e-15   3.8005658774e-02   1.2407725094e-08   9.9076769696e-18   8.0730324526e-22   6.7670488601e-08   6.8380393312e-01   2.6098565439e-02   2.6511008964e-02   4.2082169712e-10   4.3304914153e-08   3.3738769963e-14   2.2364451800e-01
   4.3500000000e-02   7.3933217616e-01   4.8932623822e+02  -3.6837984165e+06   8.2779594537e-02   4.4496951172e-01   1.7398130312e-03   8.3953970455e-12   1.1572806428e-15   2.5134901431e-06   1.9614009946e-15   3.3966026547e-02   1.0573723446e-08   6.7224319966e-18   3.9451710572e-22   6.2421135247e-08   7.1728556170e-01   2.3466958291e-02   2.3606796669e-02   5.2041170275e-10   3.5862680692e-08   3.0998618104e-14   1.9993222089e-01
   4.4500000000e-02   7.7190256317e-01   4.6727992046e+02  -3.7973733606e+06   7.2469606705e-02   4.5940417162e-01   1.5315423450e-03   5.9863933396e-12   1.0074129554e-15   1.7418644842e-06   1.2530366088e-15   2.9714260437e-02   8.6598666800e-09   4.3003341854e-18   1.7335895273e-22   5.6659000901e-08   7.5257782209e-01   2.0636652743e-02   2.0587151180e-02   5.9601051611e-10   2.9375973036e-08   3.8577660833e-14   1.7495073405e-01
   4.5500000000e-02   8.0640517741e-01   4.4332199912e+02  -3.9204246949e+06   6.1531550592e-02   4.7713336532e-01   1.3064369786e-03   3.6273509491e-12   7.5994548844e-16   1.1742493934e-06   6.7609594723e-16   2.5213944374e-02   6.6497047667e-09   2.4969243816e-18   6.4300826418e-23   5.0218410406e-08   7.8997996520e-01   1.7588104017e-02   1.7423065222e-02   5.7633119674e-10   2.3583520224e-08   2.9509133226e-14   1.4848722893e-01
   4.6500000000e-02   8.4320974836e-01   4.1710592902e+02  -4.0544284087e+06   4.9849631818e-02   4.9932979064e-01   1.0624544457e-03   1.7220485905e-12   4.6062920802e-16   7.6239685936e-07   2.7846581434e-16   2.0416638029e-02   4.6833589797e-09   1.2362486611e-18   1.8157387462e-23   4.2696956009e-08   8.2989141671e-01   1.4293039263e-02   1.4077500081e-02   4.3202075786e-10   1.8252975588e-08   1.9748573852e-14   1.2025812301e-01
   4.7500000000e-02   8.8281684072e-01   3.8820064977e+02  -4.2012955287e+06   3.7266396945e-02   5.2779502561e-01   7.9665457237e-04   5.9128561490e-13   2.1246689801e-16   4.6584509846e-07   8.0196670838e-17   1.5256844548e-02   2.9727470151e-09   4.8813628335e-19   3.3613134018e-24   3.3472027213e-08   8.7285360418e-01   1.0711058180e-02   1.0501839644e-02   2.4751879941e-10   1.3169536808e-08   1.4640304282e-14   8.9879483168e-02
   4.8500000000e-02   9.2590567538e-01   3.5608488341e+02  -4.3634986854e+06   2.3567637135e-02   5.6541691633e-01   5.0490480411e-04   1.3209595876e-13   6.9147682252e-17   2.4967760934e-07   1.4118827118e-17   9.6457583201e-03   1.6131419478e-09   1.5979249079e-19   3.1286092360e-25   2.2005586305e-08   9.1960173435e-01   6.7855990831e-03   6.6313749278e-03   1.1679123565e-10   8.1209550765e-09   1.2431300877e-14   5.6830346981e-02
   4.9500000000e-02   9.7336264722e-01   3.2020444534e+02  -4.5440615046e+06   8.4735973810e-03   6.1699569418e-01   1.8176307566e-04   1.7976179309e-14   1.3552719050e-17   8.0807216866e-08   1.0429316535e-18   3.4674831826e-03   5.2296941483e-10   4.5621315086e-20   6.4204267262e-27   8.1034072927e-09   9.7109546069e-01   2.4421777214e-03   2.3821734013e-03   3.9131064770e-11   2.8780910064e-09   6.4179294934e-15   2.0430849579e-02
   5.0000000000e-02   1.0000000000e+00   3.0000000000e+02  -4.6458568819e+06   0.0000000000e+00   6.5169855213e-01   0.0000000000e+00   0.0000000000e+00   0.0000000000e+00   0.0000000000e+00   0.0000000000e+00   0.0000000000e+00   0.0000000000e+00   0.0000000000e+00   0.0000000000e+00   0.0000000000e+00   1.0000000000e+00   0.0000000000e+00   0.0000000000e+00   0.0000000000e+00   0.0000000000e+00   0.0000000000e+00   0.0000000000e+00