# L (m)  = 1
# P (Pa) = 101325
#             001_x           002_mixf              003_T              004_h             005_pv        006_density        007_hr             008_H2              009_H              010_O             011_O2             012_OH            013_H2O            014_HO2            015_CH2         016_CH2(S)            017_CH3            018_CH4             019_CO            020_CO2            021_HCO           022_CH2O          023_CH2OH             024_N2
                  0   0.0000000000e+00   3.0000000000e+02   1.9075768848e+03   0.0000000000e+00   1.1719839921e+00   0.0000000000e+00   0.0000000000e+00   0.0000000000e+00   0.0000000000e+00   2.3300000000e-01   0.0000000000e+00   0.0000000000e+00   0.0000000000e+00   0.0000000000e+00   0.0000000000e+00   0.0000000000e+00   0.0000000000e+00   0.0000000000e+00   0.0000000000e+00   0.0000000000e+00   0.0000000000e+00   0.0000000000e+00   7.6700000000e-01
   2.0000000000e-03   2.0000000000e-03   3.1351151329e+02  -7.3879520324e+03   1.5389506559e-03   1.1194431352e+00   6.1131267996e+02   6.7611721234e-06   7.8601994729e-15   2.2325816341e-16   2.3134848916e-01   1.8968952329e-10   7.4302958449e-04   2.2437809110e-07   4.3074746960e-14   2.3421522655e-15   4.0737818029e-06   1.6377607013e-03   3.2565361040e-04   4.6350628890e-04   3.7040332428e-14   4.5011304459e-06   5.2151120492e-18   7.6546600000e-01
   6.0000000000e-03   6.0000000000e-03   3.3240237899e+02  -2.5979009837e+04   3.7218023513e-03   1.0521358358e+00   2.5525035632e+03   1.7024179825e-05   5.3108857634e-14   8.6721934251e-16   2.2873693885e-01   4.5102689836e-10   1.7954240647e-03   4.0708427840e-07   2.3327253453e-13   1.3513384534e-14   1.0272958667e-05   5.1216189318e-03   7.9497188990e-04   1.1143822168e-03   2.2069387892e-13   1.0959369654e-05   4.2835213395e-17   7.6239800000e-01
   1.0000000000e-02   1.0000000000e-02   3.4850144402e+02  -4.4570067680e+04   5.6117173632e-03   1.0000786952e+00   4.7730634558e+03   2.6136306899e-05   1.4118522062e-13   1.7290404684e-15   2.2635143742e-01   7.0918023484e-10   2.7060401380e-03   5.2993425207e-07   5.2080498651e-13   3.1640330988e-14   1.5792775965e-05   8.6739673320e-03   1.2036788751e-03   1.6758620432e-03   5.3312136650e-13   1.6554460579e-05   1.3213953897e-16   7.5933000000e-01
   1.4000000000e-02   1.4000000000e-02   3.6286437758e+02  -6.3161125518e+04   7.3245238680e-03   9.5722237572e-01   7.0596961286e+03   3.4528635699e-05   2.7898721215e-13   2.8881809374e-15   2.2410253100e-01   9.7709409755e-10   3.5309839559e-03   6.2401664816e-07   8.8913583721e-13   5.6103080930e-14   2.0890522469e-05   1.2267809581e-02   1.5754497261e-03   2.1835615502e-03   9.7363728209e-13   2.1620033490e-05   2.9460170825e-16   7.5626200000e-01
   1.8000000000e-02   1.8000000000e-02   3.7594885199e+02  -8.1752183354e+04   8.9098695353e-03   9.2078755218e-01   9.3652942184e+03   4.2391090614e-05   4.7341089359e-13   4.5539181576e-15   2.2195189295e-01   1.2555382697e-09   4.2942953681e-03   7.0075906622e-07   1.3287467899e-12   8.6494293456e-14   2.5678985413e-05   1.5891555428e-02   1.9204977225e-03   2.6526853541e-03   1.5441371403e-12   2.6301081509e-05   5.5275315176e-16   7.5319400000e-01
   2.2000000000e-02   2.2000000000e-02   3.8801314323e+02  -1.0034324119e+05   1.0395426091e-02   8.8916772226e-01   1.1684096926e+04   4.9831511981e-05   7.3069064705e-13   6.9113004396e-15   2.1987816773e-01   1.5420154648e-09   5.0093697143e-03   7.6578040176e-07   1.8308980778e-12   1.2233306423e-13   3.0221954391e-05   1.9538737757e-02   2.2445403391e-03   3.0916845252e-03   2.2447502027e-12   3.0679141883e-05   9.2846022643e-16   7.5012600000e-01
   2.6000000000e-02   2.6000000000e-02   3.9922443715e+02  -1.1893429903e+05   1.1798864649e-02   8.6132036383e-01   1.4021823539e+04   5.6919749948e-05   1.0563802329e-12   1.0126278641e-14   2.1786772082e-01   1.8330440223e-09   5.6847594369e-03   8.2229722440e-07   2.3866801939e-12   1.6303854915e-13   3.4560610750e-05   2.3205223164e-02   2.5512410457e-03   3.5059444168e-03   3.0733383349e-12   3.4806620407e-05   1.4416583712e-15   7.4705800000e-01
   3.0000000000e-02   3.0000000000e-02   4.0970058084e+02  -1.3752535686e+05   1.3132459368e-02   8.3651927240e-01   1.6386385603e+04   6.3704883863e-05   1.4555879686e-12   1.4377398438e-14   2.1591108362e-01   2.1250107813e-09   6.3264039196e-03   8.7233449366e-07   2.9870744632e-12   2.0795574272e-13   3.8723806941e-05   2.6888138643e-02   2.8431514377e-03   3.8991991266e-03   4.0258457738e-12   3.8720096584e-05   2.1094879710e-15   7.4399000000e-01
   3.4000000000e-02   3.4000000000e-02   4.1952963469e+02  -1.5611641470e+05   1.4405238203e-02   8.1423352576e-01   1.8784767487e+04   7.0223365511e-05   1.9332969566e-12   1.9875839331e-14   2.1400129284e-01   2.4145462627e-09   6.9386710661e-03   9.1725339458e-07   3.6232111598e-12   2.5639054950e-13   4.2732917038e-05   3.0585369782e-02   3.1221526416e-03   4.2741911298e-03   5.0968446249e-12   4.2446579734e-05   2.9458057671e-15   7.4092200000e-01
   3.8000000000e-02   3.8000000000e-02   4.2878026076e+02  -1.7470747253e+05   1.5624123488e-02   7.9406098978e-01   2.1222052352e+04   7.6503381115e-05   2.4946410977e-12   2.6873387323e-14   2.1213301001e-01   2.6986915993e-09   7.5249095853e-03   9.5801410796e-07   4.2866181600e-12   3.0764186601e-13   4.6604429907e-05   3.4295294497e-02   3.3896899515e-03   4.6330205701e-03   6.2800685401e-12   4.6006844344e-05   3.9610115039e-15   7.3785400000e-01
   4.2000000000e-02   4.2000000000e-02   4.3750775595e+02  -1.9329853037e+05   1.6794593350e-02   7.7568868487e-01   2.3701253545e+04   8.2567402547e-05   3.1450911404e-12   3.5663783311e-14   2.1030201096e-01   2.9749594457e-09   8.0877692236e-03   9.9531949582e-07   4.9694064584e-12   3.6102707722e-13   5.0351463235e-05   3.8016628542e-02   3.6469091682e-03   4.9773475553e-03   7.5688627849e-12   4.9417373043e-05   5.1621086515e-15   7.3478600000e-01
   4.6000000000e-02   4.6000000000e-02   4.4575780002e+02  -2.1188958821e+05   1.7921092191e-02   7.5886768740e-01   2.6223454633e+04   8.8433782683e-05   3.8905440904e-12   4.6581079751e-14   2.0850486899e-01   3.2413371921e-09   8.6293994822e-03   1.0296994184e-06   5.6643883557e-12   4.1590070347e-13   5.3984708794e-05   4.1748329587e-02   3.8947413648e-03   5.3085175614e-03   8.9565325743e-12   5.2691567269e-05   6.5529524252e-15   7.3171800000e-01
   5.0000000000e-02   5.0000000000e-02   4.5356890491e+02  -2.3048064604e+05   1.9007298707e-02   7.4339648297e-01   2.8788051625e+04   9.4117803926e-05   4.7373190132e-12   5.9996596463e-14   2.0673874805e-01   3.4962585468e-09   9.1515793526e-03   1.0615629734e-06   6.3651348155e-12   4.7166646975e-13   5.7513052817e-05   4.5489534568e-02   4.1339583190e-03   5.6276432319e-03   1.0436590302e-11   5.5840540542e-05   8.1345741524e-15   7.2865000000e-01
   5.4000000000e-02   5.4000000000e-02   4.6097408543e+02  -2.4907170388e+05   2.0056308597e-02   7.2910950336e-01   3.1393021003e+04   9.9632397400e-05   5.6920777087e-12   7.6314907607e-14   2.0500126179e-01   3.7385589395e-09   9.6558057528e-03   1.0912323375e-06   7.0659894082e-12   5.2778452507e-13   6.0944000950e-05   4.9239516954e-02   4.3652103568e-03   5.9356600898e-03   1.2002917281e-11   5.8873660980e-05   9.9055874388e-15   7.2558200000e-01
   5.8000000000e-02   5.8000000000e-02   4.6800203656e+02  -2.6766276171e+05   2.1070763205e-02   7.1586899258e-01   3.4035175222e+04   1.0498865203e-04   6.7616891286e-12   9.5968789003e-14   2.0329037426e-01   3.9674243350e-09   1.0143355788e-02   1.1189654844e-06   7.7620481991e-12   5.8377444726e-13   6.4283978685e-05   5.2997656657e-02   4.5890530322e-03   6.2333657325e-03   1.3649855294e-11   6.1798934345e-05   1.1862592110e-14   7.2251400000e-01
   6.2000000000e-02   6.2000000000e-02   4.7467798953e+02  -2.8625381955e+05   2.2052943023e-02   7.0355908298e-01   3.6710392380e+04   1.1019618650e-04   7.9530487412e-12   1.1941290162e-13   2.0160432780e-01   4.1823392596e-09   1.0615332000e-02   1.1449719286e-06   8.4491174079e-12   6.3921523944e-13   6.7538550610e-05   5.6763418153e-02   4.8059665416e-03   6.5214482949e-03   1.5372241771e-11   6.4623283178e-05   1.4000599939e-14   7.1944600000e-01
   6.6000000000e-02   6.6000000000e-02   4.8102434746e+02  -3.0484487738e+05   2.3004836992e-02   6.9208139093e-01   3.9413821145e+04   1.1526342618e-04   9.2728843952e-12   1.4711614314e-13   1.9994158957e-01   4.3830371399e-09   1.1072695900e-02   1.1694239067e-06   9.1236586399e-12   6.9374336524e-13   7.0712583458e-05   6.0536334255e-02   5.0163701306e-03   6.8005075350e-03   1.7165406096e-11   6.7352754139e-05   1.6313331908e-14   7.1637800000e-01
   7.0000000000e-02   7.0000000000e-02   4.8706116934e+02  -3.2343593522e+05   2.3928195216e-02   6.8135167776e-01   4.2140058876e+04   1.2019781476e-04   1.0727554603e-11   1.7955261694e-13   1.9830081089e-01   4.5694553373e-09   1.1516293481e-02   1.1924645173e-06   9.7827280269e-12   7.4704943767e-13   7.3810370555e-05   6.4315993776e-02   5.2206330627e-03   7.0710708577e-03   1.9025141261e-11   6.9992676038e-05   1.8793603234e-14   7.1331000000e-01
   7.4000000000e-02   7.4000000000e-02   4.9280654382e+02  -3.4202699306e+05   2.4824569551e-02   6.7129727970e-01   4.4883304360e+04   1.2500597774e-04   1.2322856098e-11   2.1719137582e-13   1.9668079592e-01   4.7416951167e-09   1.1946874851e-02   1.2142137535e-06   1.0423912388e-11   7.9887402440e-13   7.6835727895e-05   6.8102032020e-02   5.4190830737e-03   7.3336056481e-03   2.0947655102e-11   7.2547781700e-05   2.1433585371e-14   7.1024200000e-01
   7.8000000000e-02   7.8000000000e-02   4.9827688456e+02  -3.6061805089e+05   2.5695345601e-02   6.6185509883e-01   4.7637488904e+04   1.2969385193e-04   1.4063846624e-11   2.6048515303e-13   1.9508047701e-01   4.8999870993e-09   1.2365109718e-02   1.2347730682e-06   1.1045267707e-11   8.4900309236e-13   7.9792070134e-05   7.1894123292e-02   5.6120130430e-03   7.5885289881e-03   2.2929513207e-11   7.5022304201e-05   2.4224979900e-14   7.0717400000e-01
   8.2000000000e-02   8.2000000000e-02   5.0348716529e+02  -3.7920910873e+05   2.6541768072e-02   6.5297001498e-01   5.0396389124e+04   1.3426678839e-04   1.5954696658e-11   3.0985855708e-13   1.9349889513e-01   5.0446619873e-09   1.2771599652e-02   1.2542288703e-06   1.1645259483e-11   8.9726341370e-13   8.2682470901e-05   7.5691974951e-02   5.7996862827e-03   7.8362153484e-03   2.4967579600e-11   7.7420053157e-05   2.7159271122e-14   7.0410600000e-01
   8.6000000000e-02   8.6000000000e-02   5.0845111042e+02  -3.9780016656e+05   2.7364961224e-02   6.4459361492e-01   5.3153721491e+04   1.3872963572e-04   1.7998564171e-11   3.6569605754e-13   1.9193518408e-01   5.1761258308e-09   1.3166887982e-02   1.2726552495e-06   1.2222709754e-11   9.4351802541e-13   8.5509711603e-05   7.9495322622e-02   5.9823408103e-03   8.0770027956e-03   2.7058957379e-11   7.9744476369e-05   3.0227808196e-14   7.0103800000e-01
   9.0000000000e-02   9.0000000000e-02   5.1318135177e+02  -4.1639122440e+05   2.8165945620e-02   6.3668316460e-01   5.5903222315e+04   1.4308680855e-04   2.0197502958e-11   4.2833029777e-13   1.9038855760e-01   5.2948397296e-09   1.3551467895e-02   1.2901161271e-06   1.2776746368e-11   9.8766185035e-13   8.8276321473e-05   8.3303926270e-02   6.1601928482e-03   8.3111980675e-03   2.9200930380e-11   8.1998710299e-05   3.3421942238e-14   6.9797000000e-01
   9.4000000000e-02   9.4000000000e-02   5.1768955774e+02  -4.3498228224e+05   2.8945651808e-02   6.2920077184e-01   5.8638714561e+04   1.4734234362e-04   2.2552397653e-11   4.9803120358e-13   1.8885829883e-01   5.4013030414e-09   1.3925789058e-02   1.3066669683e-06   1.3306759899e-11   1.0296177342e-12   9.0984610329e-05   8.7117566989e-02   6.3334396859e-03   8.5390807203e-03   3.1390913957e-11   8.4185621327e-05   3.6733091633e-14   6.9490200000e-01
   9.8000000000e-02   9.8000000000e-02   5.2198654204e+02  -4.5357334007e+05   2.9704931764e-02   6.2211269698e-01   6.1354163528e+04   1.5149994684e-04   2.5062930003e-11   5.7499630215e-13   1.8734375145e-01   5.4960399426e-09   1.4290263149e-02   1.3223561647e-06   1.3812364077e-11   1.0693327642e-12   9.3636696048e-05   9.0936044323e-02   6.5022620744e-03   8.7609065939e-03   3.3626410161e-11   8.6307840255e-05   4.0152790291e-14   6.9183400000e-01
   1.0200000000e-01   1.0200000000e-01   5.2608235500e+02  -4.7216439791e+05   3.0444568410e-02   6.1538878210e-01   6.4043721453e+04   1.5556303257e-04   2.7727568577e-11   6.5934260844e-13   1.8584431235e-01   5.5795884998e-09   1.4645268461e-02   1.3372261581e-06   1.4293361887e-11   1.1067749637e-12   9.6234527438e-05   9.4759174033e-02   6.6668262207e-03   8.9769106950e-03   3.5904964857e-11   8.8367791010e-05   4.3672716217e-14   6.8876600000e-01
   1.0600000000e-01   1.0600000000e-01   5.2998636174e+02  -4.9075545574e+05   3.1165283687e-02   6.0900197435e-01   6.6701764432e+04   1.5953475693e-04   3.0543587521e-11   7.5110038975e-13   1.8435942544e-01   5.6524920586e-09   1.4991153811e-02   1.3513143620e-06   1.4749714345e-11   1.1419302089e-12   9.8779903672e-05   9.8586786200e-02   6.8272854792e-03   9.1873096392e-03   3.8224139598e-11   9.0367714961e-05   4.7284740163e-14   6.8569800000e-01
   1.1000000000e-01   1.1000000000e-01   5.3370730919e+02  -5.0934651358e+05   3.1867745408e-02   6.0292792554e-01   6.9322919751e+04   1.6341804625e-04   3.3507094077e-11   8.5020893860e-13   1.8288857633e-01   5.7152924158e-09   1.5328241848e-02   1.3646539257e-06   1.5181515695e-11   1.1747996801e-12   1.0127449081e-04   1.0241872362e-01   6.9837817885e-03   9.3923037247e-03   4.0581482489e-11   9.2309691562e-05   5.0980876197e-14   6.8263000000e-01
   1.1400000000e-01   1.1400000000e-01   5.3725338421e+02  -5.2793757141e+05   3.2552573129e-02   5.9714465380e-01   7.1902088825e+04   1.6721562148e-04   3.6613085540e-11   9.5651453371e-13   1.8143128780e-01   5.7685246059e-09   1.5656831896e-02   1.3772743693e-06   1.5588970352e-11   1.2053974810e-12   1.0371983600e-04   1.0625484044e-01   7.1364469043e-03   9.5920787077e-03   4.2974511078e-11   9.4195656021e-05   5.4753307372e-14   6.7956200000e-01
   1.1800000000e-01   1.1800000000e-01   5.4063226394e+02  -5.4652862925e+05   3.3220343178e-02   5.9163225618e-01   7.4434464258e+04   1.7093001913e-04   3.9855522701e-11   1.0697706180e-12   1.7998711598e-01   5.8127128654e-09   1.5977202383e-02   1.3892021149e-06   1.5972373653e-11   1.2337485557e-12   1.0611737959e-04   1.1009500093e-01   7.2854034543e-03   9.7868073218e-03   4.5400692113e-11   9.6027414405e-05   5.8594425200e-14   6.7649400000e-01
   1.2200000000e-01   1.2200000000e-01   5.4385116012e+02  -5.6511968708e+05   3.3871593015e-02   5.8637266311e-01   7.6915539373e+04   1.7456360946e-04   4.3227396758e-11   1.1896398648e-12   1.7855564690e-01   5.8483675980e-09   1.6289612953e-02   1.4004609345e-06   1.6332095661e-11   1.2598870189e-12   1.0846846574e-04   1.1393907854e-01   7.4307658553e-03   9.9766505976e-03   4.7857434161e-11   9.7806656749e-05   6.2496711669e-14   6.7342600000e-01
   1.2600000000e-01   1.2600000000e-01   5.4691685802e+02  -5.8371074492e+05   3.4506825032e-02   5.8134942768e-01   7.9341114275e+04   1.7811861239e-04   4.6720822879e-11   1.3156984353e-12   1.7713649365e-01   5.8759833290e-09   1.6594306301e-02   1.4110723297e-06   1.6668564154e-11   1.2838541114e-12   1.1077435156e-04   1.1778695494e-01   7.5726411107e-03   1.0161759008e-02   5.0342066626e-11   9.9534968430e-05   6.6452832480e-14   6.7035800000e-01
   1.3000000000e-01   1.3000000000e-01   5.4983575108e+02  -6.0230180275e+05   3.5126509865e-02   5.7654754393e-01   8.1707305576e+04   1.8159711140e-04   5.0327143077e-11   1.4474418436e-12   1.7572929375e-01   5.8960369163e-09   1.6891509774e-02   1.4210558529e-06   1.6982258024e-11   1.3056976556e-12   1.1303621525e-04   1.2163851925e-01   7.7111295078e-03   1.0342273471e-02   5.2851870917e-11   1.0121384010e-04   7.0455574657e-14   6.6729000000e-01
   1.3400000000e-01   1.3400000000e-01   5.5261387159e+02  -6.2089286059e+05   3.5731089306e-02   5.7195328960e-01   8.4010540295e+04   1.8500106576e-04   5.4037010757e-11   1.5842922599e-12   1.7433370699e-01   5.9089868208e-09   1.7181436782e-02   1.4304293828e-06   1.7273691968e-11   1.3254701252e-12   1.1525516307e-04   1.2549366740e-01   7.8463252309e-03   1.0518326227e-02   5.5384048891e-11   1.0284467637e-04   7.4497813588e-14   6.6422200000e-01
   1.3800000000e-01   1.3800000000e-01   5.5525691827e+02  -6.3948391843e+05   3.6320978872e-02   5.6755408938e-01   8.6247555395e+04   1.8833232138e-04   5.7840491824e-11   1.7256070438e-12   1.7294941335e-01   5.9152724160e-09   1.7464288034e-02   1.4392093586e-06   1.7543409374e-11   1.3432279287e-12   1.1743223568e-04   1.2935230148e-01   7.9783169013e-03   1.0690041615e-02   5.7935728988e-11   1.0442880352e-04   7.8572560505e-14   6.6115400000e-01
   1.4200000000e-01   1.4200000000e-01   5.5777028072e+02  -6.5807497626e+05   3.6896570044e-02   5.6333839588e-01   8.8415394578e+04   1.9159262019e-04   6.1727168408e-11   1.8706882257e-12   1.7157611136e-01   5.9153137327e-09   1.7740252628e-02   1.4474109811e-06   1.7791975419e-11   1.3590304618e-12   1.1956841353e-04   1.3321432924e-01   8.1071880491e-03   1.0857536747e-02   6.0503979430e-11   1.0596747613e-04   8.2672943839e-14   6.5808600000e-01
   1.4600000000e-01   1.4600000000e-01   5.6015906190e+02  -6.7666603410e+05   3.7458232320e-02   5.5929558497e-01   9.0511403304e+04   1.9478360889e-04   6.5686237384e-11   2.0187928617e-12   1.7021351646e-01   5.9095115903e-09   1.8009509038e-02   1.4550483865e-06   1.8019970784e-11   1.3729395906e-12   1.2166462191e-04   1.3707966360e-01   8.2330175460e-03   1.1020922127e-02   6.3085814103e-11   1.0746188317e-04   8.6792121863e-14   6.5501800000e-01
   1.5000000000e-01   1.5000000000e-01   5.6242809806e+02  -6.9525709193e+05   3.8006314974e-02   5.5541586428e-01   9.2533218237e+04   1.9790684634e-04   6.9706603445e-11   2.1691433623e-12   1.6886135971e-01   5.8982476060e-09   1.8272225965e-02   1.4621347953e-06   1.8227984287e-11   1.3850183203e-12   1.2372173520e-04   1.4094822224e-01   8.3558799760e-03   1.1180302186e-02   6.5678192554e-11   1.0891315330e-04   9.0923359625e-14   6.5195000000e-01
   1.5400000000e-01   1.5400000000e-01   5.6458197709e+02  -7.1384814977e+05   3.8541148678e-02   5.5169019232e-01   9.4478763106e+04   2.0096381053e-04   7.3776973030e-11   2.3209383343e-12   1.6751938644e-01   5.8818848121e-09   1.8528563124e-02   1.4686826404e-06   1.8416613300e-11   1.3953313581e-12   1.2574058092e-04   1.4481992721e-01   8.4758459779e-03   1.1335775765e-02   6.8278028885e-11   1.1032235961e-04   9.5060029977e-14   6.4888200000e-01
   1.5800000000e-01   1.5800000000e-01   5.6662505513e+02  -7.3243920760e+05   3.9063046946e-02   5.4811020706e-01   9.6346241064e+04   2.0395590461e-04   7.7885967266e-11   2.4733633107e-12   1.6618735525e-01   5.8607680627e-09   1.8778671940e-02   1.4747036785e-06   1.8586454900e-11   1.4039434333e-12   1.2772194317e-04   1.4869470460e-01   8.5929825495e-03   1.1487436552e-02   7.0882231048e-11   1.1169052391e-04   9.9195601316e-14   6.4581400000e-01
   1.6200000000e-01   1.6200000000e-01   5.6856147150e+02  -7.5103026544e+05   3.9572307391e-02   5.4466816284e-01   9.8134118917e+04   2.0688446232e-04   8.2022167992e-11   2.6256004303e-12   1.6486503695e-01   5.8352246905e-09   1.9022696154e-02   1.4802090844e-06   1.8738107624e-11   1.4109199802e-12   1.2966656577e-04   1.5257248425e-01   8.7073533125e-03   1.1635373463e-02   7.3487645054e-11   1.1301862045e-04   1.0332366270e-13   6.4274600000e-01
   1.6600000000e-01   1.6600000000e-01   5.7039516288e+02  -7.6962132327e+05   4.0069212938e-02   5.4135687391e-01   9.9841126773e+04   2.0975075313e-04   8.6174253438e-11   2.7768387744e-12   1.6355221370e-01   5.8055651647e-09   1.9260772411e-02   1.4852095353e-06   1.8872165277e-11   1.4163258995e-12   1.3157515522e-04   1.5645319943e-01   8.8190187697e-03   1.1779671004e-02   7.6091130363e-11   1.1430757948e-04   1.0743781291e-13   6.3967800000e-01
   1.7000000000e-01   1.7000000000e-01   5.7212987583e+02  -7.8821238111e+05   4.0554032843e-02   5.3816966446e-01   1.0146624483e+05   2.1255598662e-04   9.0331048735e-11   2.9262829022e-12   1.6224867814e-01   5.7720839370e-09   1.9493030756e-02   1.4897152810e-06   1.8989219680e-11   1.4202261434e-12   1.3344838324e-04   1.6033678667e-01   8.9280365200e-03   1.1920409580e-02   7.8689534975e-11   1.1555829031e-04   1.1153192625e-13   6.3661000000e-01
   1.7400000000e-01   1.7400000000e-01   5.7376917849e+02  -8.0680343894e+05   4.1027023666e-02   5.3510032389e-01   1.0300869693e+05   2.1530131661e-04   9.4481620763e-11   3.0731612603e-12   1.6095423272e-01   5.7350604483e-09   1.9719595097e-02   1.4937362046e-06   1.9089856471e-11   1.4226849082e-12   1.3528688911e-04   1.6422318545e-01   9.0344614632e-03   1.2057665789e-02   8.1279730407e-11   1.1677160407e-04   1.1559985867e-13   6.3354200000e-01
   1.7800000000e-01   1.7800000000e-01   5.7531647142e+02  -8.2539449678e+05   4.1488430133e-02   5.3214306672e-01   1.0446794607e+05   2.1798784489e-04   9.8615369038e-11   3.2167333459e-12   1.5966868901e-01   5.6947600933e-09   1.9940583627e-02   1.4972818759e-06   1.9174657449e-11   1.4237658996e-12   1.3709128184e-04   1.6811233806e-01   9.1383459833e-03   1.2191512678e-02   8.3858616808e-11   1.1794833633e-04   1.1963570377e-13   6.3047400000e-01
   1.8200000000e-01   1.8200000000e-01   5.7677499748e+02  -8.4398555461e+05   4.1938485929e-02   5.2929249673e-01   1.0584369597e+05   2.2061662460e-04   1.0272214634e-10   3.3562956898e-12   1.5839186705e-01   5.6514356031e-09   2.0156109204e-02   1.5003615957e-06   1.9244202781e-11   1.4235325249e-12   1.3886214213e-04   1.7200418938e-01   9.2397401156e-03   1.2322019984e-02   8.6423130273e-11   1.1908926939e-04   1.2363381376e-13   6.2740600000e-01
   1.8600000000e-01   1.8600000000e-01   5.7814785101e+02  -8.6257661245e+05   4.2377414410e-02   5.2654357463e-01   1.0713588869e+05   2.2318866331e-04   1.0679234897e-10   3.4911866248e-12   1.5712359487e-01   5.6053286743e-09   2.0366279700e-02   1.5029844335e-06   1.9299065853e-11   1.4220469283e-12   1.4060002410e-04   1.7589868673e-01   9.3386916978e-03   1.2449254349e-02   8.8970333691e-11   1.2019515437e-04   1.2758890061e-13   6.2433800000e-01
   1.9000000000e-01   1.9000000000e-01   5.7943798638e+02  -8.8116767028e+05   4.2805429273e-02   5.2389158900e-01   1.0834473360e+05   2.2570492587e-04   1.1081710427e-10   3.6207898165e-12   1.5586370793e-01   5.5566722644e-09   2.0571198317e-02   1.5051592588e-06   1.9339822184e-11   1.4193719083e-12   1.4230545699e-04   1.7979577969e-01   9.4352465107e-03   1.2573279519e-02   9.1497673814e-11   1.2126671314e-04   1.3149604925e-13   6.2127000000e-01
   1.9400000000e-01   1.9400000000e-01   5.8064822585e+02  -8.9975872812e+05   4.3222735152e-02   5.2133213000e-01   1.0947074498e+05   2.2816633701e-04   1.1478841941e-10   3.7445349394e-12   1.5461204864e-01   5.5056935311e-09   2.0770963884e-02   1.5068947666e-06   1.9367031854e-11   1.4155703797e-12   1.4397894661e-04   1.8369541999e-01   9.5294484059e-03   1.2694156525e-02   9.4003869091e-11   1.2230464011e-04   1.3535175156e-13   6.1820200000e-01
   1.9800000000e-01   1.9800000000e-01   5.8178126696e+02  -9.1834978595e+05   4.3629528180e-02   5.1886106563e-01   1.1051489522e+05   2.3057378379e-04   1.1869943213e-10   3.8618969518e-12   1.5336846599e-01   5.4526187459e-09   2.0965671121e-02   1.5081994932e-06   1.9381184276e-11   1.4107049431e-12   1.4562097678e-04   1.8759756136e-01   9.6213394242e-03   1.2811943852e-02   9.6492725348e-11   1.2330960387e-04   1.3915787759e-13   6.1513400000e-01
   2.0800000000e-01   2.0800000000e-01   5.8440315627e+02  -9.6482743054e+05   4.4620698964e-02   5.1294712105e-01   1.1287925027e+05   2.3645961859e-04   1.2831267630e-10   4.1381345132e-12   1.5027933881e-01   5.3152718047e-09   2.1440020534e-02   1.5104052972e-06   1.9384569499e-11   1.3957137512e-12   1.4964856111e-04   1.9735905647e-01   9.8453906179e-03   1.3098828194e-02   1.0273136269e-10   1.2574121570e-04   1.4861485630e-13   6.0746400000e-01
   2.2400000000e-01   2.2400000000e-01   5.8753777968e+02  -1.0391916619e+06   4.6048317258e-02   5.0461540663e-01   1.1541317481e+05   2.4505856206e-04   1.4207368915e-10   4.4559238664e-12   1.4545829954e-01   5.0689946946e-09   2.2122851953e-02   1.5074983995e-06   1.9204908491e-11   1.3575994657e-12   1.5561378522e-04   2.1301511799e-01   1.0169032066e-02   1.3511374677e-02   1.1194821118e-10   1.2913858786e-04   1.6225729903e-13   5.9519200000e-01
   2.4000000000e-01   2.4000000000e-01   5.8970613763e+02  -1.1135558932e+06   4.7327591174e-02   4.9731576455e-01   1.1671329883e+05   2.5288410889e-04   1.5389072042e-10   4.6384043173e-12   1.4075119338e-01   4.8061101774e-09   2.2734341945e-02   1.4986727685e-06   1.8868766750e-11   1.3080998949e-12   1.6112416309e-04   2.2870651005e-01   1.0459960250e-02   1.3880404870e-02   1.2042026545e-10   1.3207744669e-04   1.7434502538e-13   5.8292000000e-01
   2.5600000000e-01   2.5600000000e-01   5.9102119238e+02  -1.1879201246e+06   4.8467086836e-02   4.9090219501e-01   1.1687330703e+05   2.5997521572e-04   1.6351096728e-10   4.6874539284e-12   1.3615142440e-01   4.5338064375e-09   2.3278627504e-02   1.4844356351e-06   1.8402071719e-11   1.2499286557e-12   1.6620021297e-04   2.4443121097e-01   1.0720015172e-02   1.4208468945e-02   1.2802142055e-10   1.3458829550e-04   1.8466785849e-13   5.7064800000e-01
   2.7200000000e-01   2.7200000000e-01   5.9157918126e+02  -1.2622843559e+06   4.9474274523e-02   4.8525740524e-01   1.1599834391e+05   2.6636588810e-04   1.7078881912e-10   4.6147333663e-12   1.3165324031e-01   4.2575965841e-09   2.3759316512e-02   1.4652849720e-06   1.7827595310e-11   1.1854020924e-12   1.7085953933e-04   2.6018745758e-01   1.0950802450e-02   1.4497789673e-02   1.3464709639e-10   1.3669817491e-04   1.9306333971e-13   5.5837600000e-01
   2.8800000000e-01   2.8800000000e-01   5.9146250649e+02  -1.3366485872e+06   5.0355719085e-02   4.8028622199e-01   1.1420107375e+05   2.7208601739e-04   1.7568082452e-10   4.4384246057e-12   1.2725158589e-01   3.9817543637e-09   2.4179579727e-02   1.4417086447e-06   1.7165569786e-11   1.1165011730e-12   1.7511732161e-04   2.7597370045e-01   1.1153733812e-02   1.4750319529e-02   1.4021987147e-10   1.3843122312e-04   1.9942596762e-13   5.4610400000e-01
   3.0400000000e-01   3.0400000000e-01   5.9074203695e+02  -1.4110128186e+06   5.1117227861e-02   4.7591075928e-01   1.1159747442e+05   2.7716203304e-04   1.7823125810e-10   4.1801883133e-12   1.2294198904e-01   3.7095837060e-09   2.4542222234e-02   1.4141823888e-06   1.6434042074e-11   1.0449110456e-12   1.7898669658e-04   2.9178856905e-01   1.1330058578e-02   1.4967785016e-02   1.4468926275e-10   1.3980911464e-04   2.0370671545e-13   5.3383200000e-01
   3.2000000000e-01   3.2000000000e-01   5.8947896035e+02  -1.4853770499e+06   5.1763967421e-02   4.7206681766e-01   1.0830331567e+05   2.8161741901e-04   1.7855506894e-10   3.8626106114e-12   1.1872047091e-01   3.4436172868e-09   2.4849739836e-02   1.3831673182e-06   1.5649124275e-11   9.7205416289e-13   1.8247906216e-04   3.0763084424e-01   1.1480888522e-02   1.5151721644e-02   1.4802981233e-10   1.4085141037e-04   2.0591033782e-13   5.2156000000e-01
   3.3600000000e-01   3.3600000000e-01   5.8772628773e+02  -1.5597412813e+06   5.2300557187e-02   4.6870116308e-01   1.0443144291e+05   2.8547312921e-04   1.7682089212e-10   3.5072832711e-12   1.1458347382e-01   3.1857718554e-09   2.5104364277e-02   1.3491074234e-06   1.4825174518e-11   8.9911936458e-13   1.8560432242e-04   3.2349943619e-01   1.1607217835e-02   1.5303501946e-02   1.5023924508e-10   1.4157584192e-04   2.0608955304e-13   5.0928800000e-01
   3.5200000000e-01   3.5200000000e-01   5.8553008299e+02  -1.6341055126e+06   5.2731144996e-02   4.6576944682e-01   1.0008977888e+05   2.8874792351e-04   1.7323557098e-10   3.1335102696e-12   1.1052780305e-01   2.9374696107e-09   2.5308099743e-02   1.3124273037e-06   1.3974978679e-11   8.2709021158e-13   1.8837108609e-04   3.3939336661e-01   1.1709939231e-02   1.5424358099e-02   1.5133565674e-10   1.4199854456e-04   2.0433944010e-13   4.9701600000e-01
   3.6800000000e-01   3.6800000000e-01   5.8293047333e+02  -1.7084697439e+06   5.3059468495e-02   4.6323459900e-01   9.5379979049e+04   2.9145864059e-04   1.6803097042e-10   2.7575775572e-12   1.0655057960e-01   2.6997363306e-09   2.5462752514e-02   1.2735302610e-06   1.3109886078e-11   7.5676886974e-13   1.9078682769e-04   3.5531175426e-01   1.1789857054e-02   1.5515400285e-02   1.5135489154e-10   1.4213424980e-04   2.0079099702e-13   4.8474400000e-01
   3.8400000000e-01   3.8400000000e-01   5.7996248843e+02  -1.7828339753e+06   5.3288906166e-02   4.6106557357e-01   9.0396417021e+04   2.9362042542e-04   1.6145188462e-10   2.3924538386e-12   1.0264920087e-01   2.4732792575e-09   2.5569955622e-02   1.2327968235e-06   1.2239926510e-11   6.8879818687e-13   1.9285802175e-04   3.7125380290e-01   1.1847698165e-02   1.5577631954e-02   1.5034785869e-10   1.4199644827e-04   1.9560374405e-13   4.7247200000e-01
   4.0000000000e-01   4.0000000000e-01   5.7665675763e+02  -1.8571982066e+06   5.3422519421e-02   4.5923636225e-01   8.5225622538e+04   2.9524691640e-04   1.5374656860e-10   2.0478215994e-12   9.8821308238e-02   2.2585495106e-09   2.5631189179e-02   1.1905836878e-06   1.1373916831e-11   6.2368173216e-13   1.9459025272e-04   3.8721879140e-01   1.1884120927e-02   1.5611962399e-02   1.4837778984e-10   1.4159752695e-04   1.8895930093e-13   4.6020000000e-01
   4.1600000000e-01   4.1600000000e-01   5.7304009343e+02  -1.9315624379e+06   5.3463087750e-02   4.5772521390e-01   7.9945971135e+04   2.9635040138e-04   1.4515892421e-10   1.7303305864e-12   9.5064760042e-02   2.0557922132e-09   2.5647797366e-02   1.1472230615e-06   1.0519550469e-11   5.6180129151e-13   1.9598830601e-04   4.0320606543e-01   1.1899722713e-02   1.5619217270e-02   1.4551773439e-10   1.4094888627e-04   1.8105461513e-13   4.4792800000e-01
   4.3200000000e-01   4.3200000000e-01   5.6913598210e+02  -2.0059266693e+06   5.3413138369e-02   4.5651401289e-01   7.4627593062e+04   2.9694194896e-04   1.3592238351e-10   1.4439824929e-12   9.1377608687e-02   1.8650872860e-09   2.5621002759e-02   1.1030223706e-06   9.6834813058e-12   5.0343300607e-13   1.9705624383e-04   4.1921503048e-01   1.1895046229e-02   1.5600147433e-02   1.4184824201e-10   1.4006104125e-04   1.7209583348e-13   4.3565600000e-01
   4.4800000000e-01   4.4800000000e-01   5.6496499733e+02  -2.0802909006e+06   5.3274971156e-02   4.5558778293e-01   6.9332438409e+04   2.9703151809e-04   1.2625525770e-10   1.1905782131e-12   8.7758081470e-02   1.6863822591e-09   2.5551918382e-02   1.0582642837e-06   8.8713948997e-12   4.4876140065e-13   1.9779746756e-04   4.3524514597e-01   1.1870584838e-02   1.5555436418e-02   1.3745515194e-10   1.3894370871e-04   1.6229251688e-13   4.2338400000e-01
   4.6400000000e-01   4.6400000000e-01   5.6054514973e+02  -2.1546551319e+06   5.3050679641e-02   4.5493429089e-01   6.4114481932e+04   2.9662804954e-04   1.1635747049e-10   9.7017779517e-13   8.4204564392e-02   1.5195190284e-09   2.5441557861e-02   1.0132070093e-06   8.0880789218e-12   3.9789234700e-13   1.9821476868e-04   4.5129592033e-01   1.1826787029e-02   1.5485706702e-02   1.3242772040e-10   1.3760588305e-04   1.5185264400e-13   4.1111200000e-01
   4.8000000000e-01   4.8000000000e-01   5.5589218413e+02  -2.2290193632e+06   5.2742168976e-02   4.5454373000e-01   5.9020002646e+04   2.9573954340e-04   1.0640829728e-10   7.8153677185e-13   8.0715588319e-02   1.3642555259e-09   2.5290844111e-02   9.6808482213e-07   7.3374866775e-12   3.5086452307e-13   1.9831037067e-04   4.6736690674e-01   1.1764060247e-02   1.5391525074e-02   1.2685685865e-10   1.3605590294e-04   1.4097800724e-13   3.9884000000e-01
   4.9600000000e-01   4.9600000000e-01   5.5101983214e+02  -2.3033835945e+06   5.2351171094e-02   4.5440846858e-01   5.4087941758e+04   2.9437312333e-04   9.6565104818e-11   6.2249820372e-13   7.7289817290e-02   1.2202834536e-09   2.5100616680e-02   9.2310877679e-07   6.6227971777e-12   3.0765966292e-13   1.9808596228e-04   4.8345769959e-01   1.1682774112e-02   1.5273407179e-02   1.2083361436e-10   1.3430150971e-04   1.2986036990e-13   3.8656800000e-01
   5.1200000000e-01   5.1200000000e-01   5.4594002619e+02  -2.3777478258e+06   5.1879257309e-02   4.5452285387e-01   4.9350306814e+04   2.9253508820e-04   8.6962845482e-11   4.9032853348e-13   7.3926038800e-02   1.0872428216e-09   2.4871637850e-02   8.7846757088e-07   5.9464735699e-12   2.6821186850e-13   1.9754272240e-04   4.9956793151e-01   1.1583263083e-02   1.5131821288e-02   1.1444785101e-10   1.3234989841e-04   1.1867826479e-13   3.7429600000e-01
   5.2800000000e-01   5.2800000000e-01   5.4066308374e+02  -2.4521120571e+06   5.1327849347e-02   4.5488305965e-01   4.4832625084e+04   2.9023095660e-04   7.7714279961e-11   3.8199293257e-13   7.0623155289e-02   9.6473383825e-10   2.4604597987e-02   8.3432852390e-07   5.3103205185e-12   2.3241594349e-13   1.9668133987e-04   5.1569727078e-01   1.1465828796e-02   1.4967191608e-02   1.0778710884e-10   1.3020776397e-04   1.0759459863e-13   3.6202400000e-01
   5.4400000000e-01   5.4400000000e-01   5.3519786248e+02  -2.5264762884e+06   5.0698228187e-02   4.5548697467e-01   4.0554392240e+04   2.8746549982e-04   6.8910525518e-11   2.9437085379e-13   6.7380177311e-02   8.5232664102e-10   2.4300119836e-02   7.9083864257e-07   4.7155358728e-12   2.0013472979e-13   1.9550202537e-04   5.3184541927e-01   1.1330741910e-02   1.4779900941e-02   1.0093564491e-10   1.2788134126e-04   9.6754551019e-14   3.4975200000e-01
   5.6000000000e-01   5.6000000000e-01   5.2955189215e+02  -2.6008405197e+06   4.9991541282e-02   4.5633412554e-01   3.6529560972e+04   2.8424276667e-04   6.0622172656e-11   2.2441716979e-13   6.4196217950e-02   7.4956927110e-10   2.3958762040e-02   7.4812574794e-07   4.1627657415e-12   1.7120579620e-13   1.9400451720e-04   5.4801211078e-01   1.1178243611e-02   1.4570292865e-02   9.3973567085e-11   1.2537644074e-04   8.6284181214e-14   3.3748000000e-01
   5.7600000000e-01   5.7600000000e-01   5.2373148695e+02  -2.6752047510e+06   4.9208808577e-02   4.5742563010e-01   3.2767053258e+04   2.8056610179e-04   5.2900784482e-11   1.6927509688e-13   6.1070488159e-02   6.5599448355e-10   2.3581022075e-02   7.0629963859e-07   3.6521575051e-12   1.4544748056e-13   1.9218808203e-04   5.6419710960e-01   1.1008546843e-02   1.4338673557e-02   8.6976288857e-11   1.2269848062e-04   7.6290176894e-14   3.2520800000e-01
   5.9200000000e-01   5.9200000000e-01   5.1774183934e+02  -2.7495689823e+06   4.8350926959e-02   4.5876418050e-01   2.9271224399e+04   2.7643815523e-04   4.5780322602e-11   1.2634749982e-13   5.8002293303e-02   5.7112488670e-10   2.3167338443e-02   6.6545327166e-07   3.1834057022e-12   1.2266387213e-13   1.9005150905e-04   5.8040020956e-01   1.0821837203e-02   1.4085313158e-02   8.0013818214e-11   1.1985251520e-04   6.6859059475e-14   3.1293600000e-01
   6.0800000000e-01   6.0800000000e-01   5.1158709767e+02  -2.8239332135e+06   4.7418673337e-02   4.6035405479e-01   2.6042377203e+04   2.7186088406e-04   3.9279021950e-11   9.3335960848e-14   5.4991030749e-02   4.9447770243e-10   2.2718092200e-02   6.2566394835e-07   2.7558045661e-12   1.0264967163e-13   1.8759309744e-04   5.9662123328e-01   1.0618273523e-02   1.3810446730e-02   7.3150450162e-11   1.1684325987e-04   5.8057747246e-14   3.0066400000e-01
   6.2400000000e-01   6.2400000000e-01   5.0527043049e+02  -2.8982974448e+06   4.6412706652e-02   4.6220115558e-01   2.3077245328e+04   2.6683554743e-04   3.3401210044e-11   6.8253710381e-14   5.2036188277e-02   4.2556842329e-10   2.2233607979e-02   5.8699448268e-07   2.3682944260e-12   8.5194185567e-14   1.8481063831e-04   6.1286003180e-01   1.0397988217e-02   1.3514274909e-02   6.6444400556e-11   1.1367511384e-04   4.9934134721e-14   2.8839200000e-01
   6.4000000000e-01   6.4000000000e-01   4.9879407688e+02  -2.9726616760e+06   4.5333568387e-02   4.6431307861e-01   2.0369473221e+04   2.6136269210e-04   2.8139189836e-11   4.9419651981e-14   4.9137343638e-02   3.6391396311e-10   2.1714154297e-02   5.4949434792e-07   2.0195079009e-12   7.0084904180e-14   1.8170138840e-04   6.2911648446e-01   1.0161087284e-02   1.3196964114e-02   5.9947584320e-11   1.1035217984e-04   4.2518109609e-14   2.7612000000e-01
   6.5600000000e-01   6.5600000000e-01   4.9215938429e+02  -3.0470259073e+06   4.4181681626e-02   4.6669921237e-01   1.7910085067e+04   2.5544212844e-04   2.3475118757e-11   3.5439216808e-14   4.6294165227e-02   3.0903526947e-10   2.1159943171e-02   5.1320078917e-07   1.7078148488e-12   5.7110592327e-14   1.7826203535e-04   6.4539049924e-01   9.9076499929e-03   1.2858646334e-02   5.3705482282e-11   1.0687828128e-04   3.5822877419e-14   2.6384800000e-01
   6.7200000000e-01   6.7200000000e-01   4.8536683515e+02  -3.1213901385e+06   4.2957348761e-02   4.6937087155e-01   1.5687935073e+04   2.4907289690e-04   1.9382817256e-11   2.5176916299e-14   4.3506413776e-02   2.6045953455e-10   2.0571129093e-02   4.7813988953e-07   1.4313653320e-12   4.6063941349e-14   1.7448865402e-04   6.6168201336e-01   9.6377282405e-03   1.2499418531e-02   4.7757037073e-11   1.0325697746e-04   2.9846500431e-14   2.5157600000e-01
   6.8800000000e-01   6.8800000000e-01   4.7841606108e+02  -3.1957543697e+06   4.1660747354e-02   4.7234146974e-01   1.3690146737e+04   2.4225322148e-04   1.5829535070e-11   1.7724571720e-14   4.0773945466e-02   2.1772208910e-10   1.9947807130e-02   4.4432758813e-07   1.1881309174e-12   3.6743804485e-14   1.7037665080e-04   6.7799099435e-01   9.3513454994e-03   1.2119341503e-02   4.2134683786e-11   9.9491576293e-05   2.4573657344e-14   2.3930400000e-01
   7.0400000000e-01   7.0400000000e-01   4.7130584628e+02  -3.2701186009e+06   4.0291924373e-02   4.7562673587e-01   1.1902525782e+04   2.3498045086e-04   1.2777573614e-11   1.2368169199e-14   3.8096716275e-02   1.8036805234e-10   1.9290010259e-02   4.1177063458e-07   9.7594469797e-13   2.8957098126e-14   1.6592069578e-04   6.9431744151e-01   9.0484953798e-03   1.1718438283e-02   3.6864411044e-11   9.5585145370e-05   1.9977510372e-14   2.2703200000e-01
   7.2000000000e-01   7.2000000000e-01   4.6403411779e+02  -3.3444828320e+06   3.8850788012e-02   4.7924498435e-01   1.0309953509e+04   2.2725098156e-04   1.0185803079e-11   8.5555879470e-15   3.5474788161e-02   1.4795373792e-10   1.8597705555e-02   3.8046748145e-07   7.9253877921e-13   2.2520315534e-14   1.6111463774e-04   7.1066138801e-01   8.7291396320e-03   1.1296691843e-02   3.1965867964e-11   9.1540520676e-05   1.6021645821e-14   2.1476000000e-01
   7.3600000000e-01   7.3600000000e-01   4.5659792147e+02  -3.4188470632e+06   3.7337096706e-02   4.8321744947e-01   8.8967565886e+03   2.1906015952e-04   8.0110429174e-12   5.8666850791e-15   3.2908337391e-02   1.2004797371e-10   1.7870789061e-02   3.5040910766e-07   6.3558021971e-13   1.7260761535e-14   1.5595139819e-04   7.2702290363e-01   8.3932054934e-03   1.0854041993e-02   2.7452555478e-11   8.7360312860e-05   1.2662057248e-14   2.0248800000e-01
   7.5200000000e-01   7.5200000000e-01   4.4899338257e+02  -3.4932112943e+06   3.5750444846e-02   4.8756869808e-01   7.6470500514e+03   2.1040215584e-04   6.2092929590e-12   3.9866271188e-15   3.0397665375e-02   9.6233241472e-11   1.7109079098e-02   3.2157976293e-07   5.0270476776e-13   1.3017481274e-14   1.5042283968e-04   7.4340209832e-01   8.0405822602e-03   1.0390381332e-02   2.3332037067e-11   8.3046911318e-05   9.8491018603e-15   1.9021600000e-01
   7.6800000000e-01   7.6800000000e-01   4.4121564800e+02  -3.5675755254e+06   3.4090244355e-02   4.9232713965e-01   6.5450509013e+03   2.0126980948e-04   4.7367990464e-12   2.6829062716e-15   2.7943212648e-02   7.6106780059e-11   1.6312307635e-02   2.9395762469e-07   3.9154852936e-13   9.6419303611e-15   1.4451960119e-04   7.5979912685e-01   7.6711168877e-03   9.9055500230e-03   1.9606205100e-11   7.8602485902e-05   7.5293768740e-15   1.7794400000e-01
   7.8400000000e-01   7.8400000000e-01   4.3325880497e+02  -3.6419397565e+06   3.2355700585e-02   4.9752566109e-01   5.5753667451e+03   1.9165442478e-04   3.5509855915e-12   1.7861278060e-15   2.5545577179e-02   5.9281679463e-11   1.5480108974e-02   2.6751536317e-07   2.9977752901e-13   6.9984155975e-15   1.3823088868e-04   7.7621419477e-01   7.2846082533e-03   9.3993289334e-03   1.6271639578e-11   7.4028985341e-05   5.6475299917e-15   1.6567200000e-01
   8.0000000000e-01   8.0000000000e-01   4.2511577000e+02  -3.7163039876e+06   3.0545780825e-02   5.0320242180e-01   4.7232516763e+03   1.8154550960e-04   2.6112178029e-12   1.1743784558e-15   2.3205538289e-02   4.5387867741e-11   1.4612004968e-02   2.4222059843e-07   2.2511476933e-13   4.9642932573e-15   1.3154420589e-04   7.9264756627e-01   6.8807996795e-03   8.8714306682e-03   1.3319942726e-11   6.9328132022e-05   4.1478968836e-15   1.5340000000e-01
   8.1600000000e-01   8.1600000000e-01   4.1677813993e+02  -3.7906682186e+06   2.8659173121e-02   5.0940185779e-01   3.9748331128e+03   1.7093043429e-04   1.8794151832e-12   7.6084307962e-16   2.0924087945e-02   3.4073138467e-11   1.3707385685e-02   2.1803622697e-07   1.6536503445e-13   3.4299798483e-15   1.2444500545e-04   8.0909957443e-01   6.4593691693e-03   8.3214878320e-03   1.0738157369e-11   6.4501412802e-05   2.9759809881e-15   1.4112800000e-01
   8.3200000000e-01   8.3200000000e-01   4.0823598922e+02  -3.8650324496e+06   2.6694231119e-02   5.1617596747e-01   3.3173101537e+03   1.5979397707e-04   1.3205237131e-12   4.8423736648e-16   1.8702472674e-02   2.5004184325e-11   1.2765483501e-02   1.9492059618e-07   1.1843733331e-13   2.2987787818e-15   1.1691622514e-04   8.2557063496e-01   6.0199163437e-03   7.7490372970e-03   8.5092300912e-12   5.9550063973e-05   2.0797388193e-15   1.2885600000e-01
   8.4800000000e-01   8.4800000000e-01   3.9947759102e+02  -3.9393966806e+06   2.4648898915e-02   5.2358598376e-01   2.7391238025e+03   1.4811770564e-04   9.0284467065e-13   3.0158931144e-16   1.6542250679e-02   1.7867616074e-11   1.1785337796e-02   1.7282748492e-07   8.2364707448e-14   1.4865331283e-15   1.0893765878e-04   8.4206126485e-01   5.5619446581e-03   7.1534987546e-03   6.6124975873e-12   5.4475048542e-05   1.4106401264e-15   1.1658400000e-01
   8.6400000000e-01   8.6400000000e-01   3.9048902757e+02  -4.0137609116e+06   2.2520606711e-02   5.3170458800e-01   2.2301044458e+03   1.3587911821e-04   5.9823768617e-13   1.8291501950e-16   1.4445371137e-02   1.2371013210e-11   1.0765745951e-02   1.5170582089e-07   5.5321502174e-14   9.2113333145e-16   1.0048508256e-04   8.5857210832e-01   5.0848367188e-03   6.5341449231e-03   5.0242454663e-12   4.9277023562e-05   9.2450192343e-16   1.0431200000e-01
   8.8000000000e-01   8.8000000000e-01   3.8125362768e+02  -4.0881251468e+06   2.0306121358e-02   5.4061891575e-01   1.7816016326e+03   1.2305041133e-04   3.8219887476e-13   1.0737044836e-16   1.2414287791e-02   8.2439365045e-12   9.7051931552e-03   1.3149903070e-07   3.5637760011e-14   5.4188016167e-16   9.1529001649e-05   8.7510397404e-01   4.5878189358e-03   5.8900588561e-03   3.7182764681e-12   4.3956292941e-05   5.8207068818e-16   9.2040000000e-02
   8.9600000000e-01   8.9600000000e-01   3.7175113621e+02  -4.1624893782e+06   1.8001323924e-02   5.5043474630e-01   1.3866090043e+03   1.0959664178e-04   2.3383141188e-13   6.0517187829e-17   1.0452127994e-02   5.2389234534e-12   8.6017479753e-03   1.1214384840e-07   2.1810710993e-14   2.9872606453e-16   8.2032779100e-05   8.9165789041e-01   4.0699089214e-03   5.2200703851e-03   2.6665285645e-12   3.8512738204e-05   3.4936300503e-16   7.9768000000e-02
   9.1200000000e-01   9.1200000000e-01   3.6195639413e+02  -4.2368536095e+06   1.5600863609e-02   5.6128262135e-01   1.0399045474e+03   9.5472855486e-05   1.3571889013e-13   3.2405775600e-17   8.5629556944e-03   3.1324153013e-12   7.4528999195e-03   9.3568261902e-08   1.2513076516e-14   1.5140536427e-16   7.1949708178e-05   9.0823519170e-01   3.5298336386e-03   4.5226571957e-03   1.8397267536e-12   3.2945715931e-05   1.9776902482e-16   6.7496000000e-02
   9.2800000000e-01   9.2800000000e-01   3.5183716987e+02  -4.3112178409e+06   1.3097585339e-02   5.7332718231e-01   7.3824223485e+02   8.0619314994e-05   7.3713361297e-14   1.6238654089e-17   6.7522063832e-03   1.7255553503e-12   6.2552908843e-03   7.5688003408e-08   6.5978961479e-15   6.8467490173e-17   6.1218134506e-05   9.2483766055e-01   2.9658939924e-03   3.7957811471e-03   1.2080474078e-12   2.7253900658e-05   1.0393293095e-16   5.5224000000e-02
   9.4400000000e-01   9.4400000000e-01   3.4135023840e+02  -4.3855820722e+06   1.0481503521e-02   5.8678255416e-01   4.8066523424e+02   6.4952886630e-05   3.6654216380e-14   7.4368798298e-18   5.0274667421e-03   8.4480275269e-13   5.0042339526e-03   5.8400366475e-08   3.0995659193e-15   2.6231343733e-17   4.9752625238e-05   9.4146778367e-01   2.3757219813e-03   3.0365947009e-03   7.4179511375e-13   2.1435035369e-05   4.9438176077e-17   4.2952000000e-02
   9.6000000000e-01   9.6000000000e-01   3.3043347074e+02  -4.4599463035e+06   7.7377399506e-03   6.0194046993e-01   2.6908628367e+02   4.8349580647e-05   1.6032831349e-14   2.9823925466e-18   3.4000409560e-03   3.4227174796e-13   3.6927471845e-03   4.1572607140e-08   1.2306611474e-15   7.6801165683e-18   3.7425991162e-05   9.5812926601e-01   1.7557924738e-03   2.2408507117e-03   4.1205813790e-13   1.5485520226e-05   2.0331351333e-17   3.0680000000e-02
   9.7600000000e-01   9.7600000000e-01   3.1898685877e+02  -4.5343105349e+06   4.8415937249e-03   6.1923098744e-01   1.0948998377e+02   3.0602273964e-05   5.6194819823e-15   9.4742732297e-19   1.8886943509e-03   9.5698132064e-14   2.3092460686e-03   2.5017941583e-08   3.7387697204e-16   1.3211297277e-18   2.4025489498e-05   9.7482826167e-01   1.1002550525e-03   1.4014903299e-03   1.9125416261e-13   9.3997496376e-06   6.5253448576e-18   1.8408000000e-02
   9.9200000000e-01   9.9200000000e-01   3.0681102248e+02  -4.6086747662e+06   1.7425809212e-03   6.3939907336e-01   1.4877658785e+01   1.1280780120e-05   1.0574153309e-15   1.4995328844e-19   5.3176644262e-04   7.8353442982e-15   8.3008729872e-04   8.4403032804e-09   6.6398752744e-17   3.9399110748e-20   9.1063345472e-06   9.9157736803e-01   3.9714681379e-04   5.0406602855e-04   5.2778516687e-14   3.1698342059e-06   1.1014567329e-18   6.1360000000e-03
   1.0000000000e+00   1.0000000000e+00   3.0000000000e+02  -4.6458568819e+06   0.0000000000e+00   6.5169855213e-01   0.0000000000e+00   0.0000000000e+00   0.0000000000e+00   0.0000000000e+00   0.0000000000e+00   0.0000000000e+00   0.0000000000e+00   0.0000000000e+00   0.0000000000e+00   0.0000000000e+00   0.0000000000e+00   1.0000000000e+00   0.0000000000e+00   0.0000000000e+00   0.0000000000e+00   0.0000000000e+00   0.0000000000e+00   0.0000000000e+00