# L (m)  = 1
# P (Pa) = 101325
#             001_x           002_mixf              003_T              004_h             005_pv        006_density        007_hr             008_H2              009_H              010_O             011_O2             012_OH            013_H2O            014_HO2            015_CH2         016_CH2(S)            017_CH3            018_CH4             019_CO            020_CO2            021_HCO           022_CH2O          023_CH2OH             024_N2
                  0   0.0000000000e+00   3.0000000000e+02   1.9075768848e+03   0.0000000000e+00   1.1719839921e+00   0.0000000000e+00   0.0000000000e+00   0.0000000000e+00   0.0000000000e+00   2.3300000000e-01   0.0000000000e+00   0.0000000000e+00   0.0000000000e+00   0.0000000000e+00   0.0000000000e+00   0.0000000000e+00   0.0000000000e+00   0.0000000000e+00   0.0000000000e+00   0.0000000000e+00   0.0000000000e+00   0.0000000000e+00   7.6700000000e-01
   2.0000000000e-03   2.0000000000e-03   3.3450592784e+02  -7.3879519390e+03   3.8960329424e-03   1.0488865751e+00   7.5085789705e+03   1.3538219443e-05   6.9452274699e-14   4.8773052522e-15   2.2952171669e-01   7.0446488969e-10   1.8876175653e-03   1.6760956829e-06   2.8827493795e-13   1.6800411484e-14   8.0840222867e-06   1.0962203754e-03   7.8021124604e-04   1.2146659116e-03   2.8724007519e-13   1.0269170545e-05   5.3710373798e-17   7.6546600000e-01
   6.0000000000e-03   6.0000000000e-03   3.8025062782e+02  -2.5979009868e+04   9.1820931320e-03   9.1910572656e-01   2.9142190355e+04   3.5208511565e-05   4.9098041136e-13   1.4077277553e-14   2.2451295072e-01   2.6370527868e-09   4.4441755417e-03   2.9897047578e-06   2.3995859931e-12   1.5782319507e-13   2.1593802173e-05   3.8565047790e-03   1.8841195354e-03   2.8185895434e-03   2.8834529872e-12   2.5865219076e-05   9.5658973855e-16   7.6239800000e-01
   1.0000000000e-02   1.0000000000e-02   4.1792873110e+02  -4.4570067703e+04   1.3638655305e-02   8.3307788007e-01   5.2923102630e+04   5.4557511542e-05   3.7887712300e-12   1.4481795076e-13   2.2014712505e-01   5.1996417526e-09   6.5976538314e-03   3.8881539409e-06   6.5596285529e-12   4.6552394439e-13   3.3701950451e-05   6.8072272860e-03   2.8283912295e-03   4.1580527322e-03   9.0717567583e-12   3.9397031607e-05   4.7837044855e-15   7.5933000000e-01
   1.4000000000e-02   1.4000000000e-02   4.5061747830e+02  -6.3161125538e+04   1.7595268167e-02   7.6977724545e-01   7.7378324963e+04   7.2364064475e-05   1.0306456963e-11   5.1054924547e-13   2.1616833658e-01   8.2092831490e-09   8.5083121258e-03   4.5998928718e-06   1.2656686718e-11   9.4585061408e-13   4.4841260418e-05   9.8733650423e-03   3.6742586744e-03   5.3403333027e-03   1.9576168796e-11   5.1580800510e-05   1.4251134724e-14   7.5626200000e-01
   1.8000000000e-02   1.8000000000e-02   4.7966254952e+02  -8.1752183373e+04   2.1194258987e-02   7.2052319197e-01   1.0295513715e+05   8.8998462843e-05   2.1453995649e-11   1.4784584697e-12   2.1246618295e-01   1.1449212645e-08   1.0245348454e-02   5.2038900029e-06   2.0392273256e-11   1.5808735545e-12   5.5233448332e-05   1.3022356135e-02   4.4487222671e-03   6.4111898028e-03   3.4691676885e-11   6.2753064072e-05   3.2403004269e-14   7.5319400000e-01
   2.2000000000e-02   2.2000000000e-02   5.0582886132e+02  -1.0034324121e+05   2.4515233585e-02   6.8078808023e-01   1.2966892073e+05   1.0468071718e-04   3.7447866663e-11   3.3963649286e-12   2.0897895950e-01   1.4722261767e-08   1.1847458807e-02   5.7370146365e-06   2.9357292653e-11   2.3369561850e-12   6.5015348878e-05   1.6235928375e-02   5.1670908777e-03   7.3960031827e-03   5.4375460221e-11   7.3111328022e-05   6.1292804250e-14   7.5012600000e-01
   2.6000000000e-02   2.6000000000e-02   5.2961512507e+02  -1.1893429904e+05   2.7609107443e-02   6.4789587032e-01   1.5739798482e+05   1.1955789578e-04   5.8069255061e-11   6.2715193663e-12   2.0566722239e-01   1.7877268383e-08   1.3339388536e-02   6.2194347153e-06   3.9122510624e-11   3.1745532634e-12   7.4280616342e-05   1.9502366088e-02   5.8392562271e-03   8.3109047837e-03   7.8380657233e-11   8.2785967777e-05   1.0122139808e-13   7.4705800000e-01
   3.0000000000e-02   3.0000000000e-02   5.5137535473e+02  -1.3752535634e+05   3.0511262172e-02   6.2013256563e-01   1.8621247762e+05   1.3373581571e-04   8.4254072847e-11   9.9705881976e-12   2.0250357433e-01   2.0815820083e-08   1.4738330534e-02   6.6632614440e-06   4.9313103405e-11   4.0569646983e-12   8.3097733331e-05   2.2813511778e-02   6.4721483783e-03   9.1670474437e-03   1.0643877149e-10   9.1869653808e-05   1.5190096170e-13   7.4399000000e-01
   3.4000000000e-02   3.4000000000e-02   5.7137577210e+02  -1.5611641426e+05   3.3247716103e-02   5.9633610499e-01   2.1628249673e+05   1.4729455844e-04   1.1809211977e-10   1.4734639039e-11   1.9946787622e-01   2.3484348654e-08   1.6056925835e-02   7.0762364575e-06   5.9641155426e-11   4.9547521858e-12   9.1519156281e-05   2.6163356719e-02   7.0708981573e-03   9.9725975526e-03   1.3839394950e-10   1.0043174032e-04   2.1357865364e-13   7.4092200000e-01
   3.8000000000e-02   3.8000000000e-02   5.8982503380e+02  -1.7470747216e+05   3.5838405872e-02   5.7568420553e-01   2.4772886070e+05   1.6029700709e-04   1.6205232133e-10   2.1421531118e-11   1.9654470160e-01   2.5861559777e-08   1.7304859244e-02   7.4635512690e-06   6.9904543506e-11   5.8463544766e-12   9.9586483505e-05   2.9547290035e-02   7.6394600180e-03   1.0733789603e-02   1.7423854022e-10   1.0852616690e-04   2.8648509511e-13   7.3785400000e-01
   4.2000000000e-02   4.2000000000e-02   6.0689178634e+02  -1.9329853006e+05   3.8299093408e-02   5.5757519123e-01   2.8055764034e+05   1.7279394894e-04   2.1832238944e-10   3.1303020379e-11   1.9372185784e-01   2.7947066246e-08   1.8489786522e-02   7.8288251296e-06   7.9970246424e-11   6.7168087140e-12   1.0733360102e-04   3.2961661668e-02   8.1809763026e-03   1.1455536635e-02   2.1405981596e-10   1.1619616506e-04   3.6887259208e-13   7.3478600000e-01
   4.6000000000e-02   4.6000000000e-02   6.2271559177e+02  -2.1188958795e+05   4.0642551207e-02   5.4155672531e-01   3.1466778561e+05   1.8482732468e-04   2.8852678995e-10   4.5675776207e-11   1.9098946736e-01   2.9752994389e-08   1.9617910622e-02   8.1746595242e-06   8.9755191996e-11   7.5560652215e-12   1.1478870969e-04   3.6403510384e-02   8.6980049045e-03   1.2141808356e-02   2.5795522373e-10   1.2347723922e-04   4.6011027306e-13   7.3171800000e-01
   5.0000000000e-02   5.0000000000e-02   6.3741409433e+02  -2.3048064583e+05   4.2879337151e-02   5.2728104784e-01   3.4988899219e+05   1.9643239666e-04   3.7372673254e-10   6.5579927095e-11   1.8833936713e-01   3.1298364115e-08   2.0694358356e-02   8.5029669673e-06   9.9210204277e-11   8.3575292454e-12   1.2197568835e-04   3.9870385774e-02   9.1926688101e-03   1.2795877588e-02   3.0597247177e-10   1.3039914168e-04   5.6866350706e-13   7.2865000000e-01
   5.4000000000e-02   5.4000000000e-02   6.5108793780e+02  -2.4907170370e+05   4.5018323118e-02   5.1447570811e-01   3.8601896309e+05   2.0763925625e-04   4.7453035199e-10   9.1721809898e-11   1.8576469909e-01   3.2605500029e-08   2.1723437344e-02   8.8151760199e-06   1.0830866350e-10   9.1170386381e-12   1.2891504640e-04   4.3360226692e-02   9.6667585741e-03   1.3420487943e-02   3.5808955604e-10   1.3698723297e-04   7.0864183303e-13   7.2558200000e-01
   5.8000000000e-02   5.8000000000e-02   6.6382425978e+02  -2.6766276157e+05   4.7067067427e-02   5.0292378616e-01   4.2284824673e+05   2.1847390316e-04   5.9119724408e-10   1.2453147190e-10   1.8325962167e-01   3.3697774043e-08   2.2708817045e-02   9.1123662308e-06   1.1703955297e-10   9.8322534037e-12   1.3562460879e-04   4.6871275533e-02   1.0121804799e-02   1.4017971679e-02   4.1422485761e-10   1.4326344568e-04   8.8659896713e-13   7.2251400000e-01
   6.2000000000e-02   6.2000000000e-02   6.7569925797e+02  -2.8625381944e+05   4.9032085575e-02   4.9245014190e-01   4.6017276790e+05   2.2895904254e-04   7.2369624985e-10   1.6424595426e-10   1.8081910009e-01   3.4598192841e-08   2.3653660341e-02   9.3953618111e-06   1.2540324198e-10   1.0502271220e-11   1.4212002322e-04   5.0402015867e-02   1.0559131021e-02   1.4590335170e-02   4.7426281122e-10   1.4924698748e-04   1.0960632772e-12   7.1944600000e-01
   6.6000000000e-02   6.6000000000e-02   6.8678011875e+02  -3.0484487729e+05   5.0919051015e-02   4.8291162687e-01   4.9779831868e+05   2.3911468378e-04   8.7172504794e-10   2.1095433012e-10   1.7843875093e-01   3.5328529271e-08   2.4560721104e-02   9.6647992126e-06   1.3340850451e-10   1.1127317782e-11   1.4841514192e-04   5.3951126157e-02   1.0979893054e-02   1.5139322173e-02   5.3808183311e-10   1.5495486232e-04   1.3232478830e-12   7.1637800000e-01
   7.0000000000e-02   7.0000000000e-02   6.9712650435e+02  -3.2343593515e+05   5.2732947823e-02   4.7418996598e-01   5.3554098814e+05   2.4895860209e-04   1.0347140954e-09   2.6459683765e-10   1.7611472391e-01   3.5908825742e-08   2.5432418388e-02   9.9211772491e-06   1.4107008886e-10   1.1708466002e-11   1.5452231600e-04   5.7517444544e-02   1.1385109003e-02   1.5666461830e-02   6.0557367497e-10   1.6040226630e-04   1.5553306139e-12   7.1331000000e-01
   7.4000000000e-02   7.4000000000e-02   7.0679171761e+02  -3.4202699300e+05   5.4478188302e-02   4.6618648854e-01   5.7322649058e+05   2.5850669786e-04   1.2118356205e-09   3.2494163741e-10   1.7384361085e-01   3.6357159855e-08   2.6270893570e-02   1.0164894636e-05   1.4840664123e-10   1.2247379810e-11   1.6045262457e-04   6.1099941701e-02   1.1775682447e-02   1.6173105587e-02   6.7665082164e-10   1.6560289142e-04   1.7849226871e-12   7.1024200000e-01
   7.8000000000e-02   7.8000000000e-02   7.1582363418e+02  -3.6061805085e+05   5.6158705630e-02   4.5881816135e-01   6.1068974051e+05   2.6777328332e-04   1.4020259665e-09   3.9156502261e-10   1.7162237403e-01   3.6689597188e-08   2.7078055364e-02   1.0396278320e-05   1.5543884485e-10   1.2746081495e-11   1.6621605743e-04   6.4697699438e-02   1.2152420755e-02   1.6660456228e-02   7.5124384796e-10   1.7056916424e-04   2.0102871475e-12   7.0717400000e-01
   8.2000000000e-02   8.2000000000e-02   7.2426545511e+02  -3.7920910869e+05   5.7778027276e-02   4.5201456170e-01   6.4777506600e+05   2.7677131177e-04   1.6040214454e-09   4.6384958850e-10   1.6944828929e-01   3.6920265736e-08   2.7855615484e-02   1.0615604738e-05   1.6218779618e-10   1.3206749653e-11   1.7182166139e-04   6.8309893740e-02   1.2516049636e-02   1.7129590845e-02   8.2929237110e-10   1.7531243377e-04   2.2334595833e-12   7.0410600000e-01
   8.6000000000e-02   8.6000000000e-02   7.3215632473e+02  -3.9780016654e+05   5.9339334231e-02   4.4571553592e-01   6.8433698794e+05   2.8551256437e-04   1.8164030689e-09   5.4100293469e-10   1.6731890029e-01   3.7061505105e-08   2.8605117421e-02   1.0823115764e-05   1.6867386074e-10   1.3631580443e-11   1.7727765982e-04   7.1935781072e-02   1.2867224901e-02   1.7581479344e-02   9.1073362427e-10   1.7984312247e-04   2.4581499712e-12   7.0103800000e-01
   9.0000000000e-02   9.0000000000e-02   7.3953184405e+02  -4.1639122438e+05   6.0845509429e-02   4.3986936647e-01   7.2024103190e+05   2.9400780463e-04   2.0376436698e-09   6.2209125084e-10   1.6523198099e-01   3.7124049255e-08   2.9327959961e-02   1.1019030661e-05   1.7491572799e-10   1.4022678928e-11   1.8259155203e-04   7.5574687178e-02   1.3206542111e-02   1.8016999552e-02   9.9549008659e-10   1.8417084934e-04   2.6881968713e-12   6.9797000000e-01
   9.4000000000e-02   9.4000000000e-02   7.4642449913e+02  -4.3498228222e+05   6.2299177354e-02   4.3443132365e-01   7.5536454361e+05   3.0226690553e-04   2.2661536991e-09   7.0608122237e-10   1.6318550508e-01   3.7117216985e-08   3.0025416422e-02   1.1203554879e-05   1.8092992981e-10   1.4382005164e-11   1.8777019588e-04   7.9225997916e-02   1.3534544472e-02   1.8436949555e-02   1.0834601904e-09   1.8830452987e-04   2.9267291631e-12   6.9490200000e-01
   9.8000000000e-02   9.8000000000e-02   7.5286402404e+02  -4.5357334006e+05   6.3702737101e-02   4.2936250834e-01   7.8959729838e+05   3.1029895683e-04   2.5003228428e-09   7.9188384440e-10   1.6117762035e-01   3.7049096422e-08   3.0698650710e-02   1.1376886557e-05   1.8673062929e-10   1.4711349916e-11   1.9281987814e-04   8.2889151601e-02   1.3851729451e-02   1.8842057984e-02   1.1745124188e-09   1.9225245949e-04   3.1758812553e-12   6.9183400000e-01
   1.0200000000e-01   1.0200000000e-01   7.5887770882e+02  -4.7216439790e+05   6.5058389906e-02   4.2462892043e-01   8.2284169723e+05   3.1811235508e-04   2.7385548030e-09   8.7839600097e-10   1.5920662746e-01   3.6926711698e-08   3.1348730687e-02   1.1539221181e-05   1.9232944487e-10   1.5012319663e-11   1.9774637439e-04   8.6563632629e-02   1.4158554287e-02   1.9232992576e-02   1.2684825034e-09   1.9602238263e-04   3.4368397298e-12   6.8876600000e-01
   1.0600000000e-01   1.0600000000e-01   7.6449066408e+02  -4.9075545573e+05   6.6368162447e-02   4.2020070181e-01   8.5501287584e+05   3.2571488044e-04   2.9792973114e-09   9.6453784771e-10   1.5727096189e-01   3.6756173514e-08   3.1976639493e-02   1.1690754879e-05   1.9773574763e-10   1.5286360687e-11   2.0255500084e-04   9.0248966074e-02   1.4455440669e-02   1.9610367404e-02   1.3651732003e-09   1.9962155128e-04   3.7100149146e-12   6.8569800000e-01
   1.1000000000e-01   1.1000000000e-01   7.6972604901e+02  -5.0934651357e+05   6.7633926633e-02   4.1605151704e-01   8.8603848092e+05   3.3311376248e-04   3.2210656477e-09   1.0492846519e-09   1.5536917865e-01   3.6542811397e-08   3.2583285145e-02   1.1831686643e-05   2.0295673948e-10   1.5534763353e-11   2.0725065945e-04   9.3944713095e-02   1.4742778710e-02   1.9974749015e-02   1.4643570365e-09   2.0305677458e-04   3.9952855656e-12   6.8263000000e-01
   1.1400000000e-01   1.1400000000e-01   7.7460526944e+02  -5.2793757141e+05   6.8857416539e-02   4.1215804291e-01   9.1585828985e+05   3.4031573697e-04   3.4624607470e-09   1.1316920806e-09   1.5349993921e-01   3.6291289115e-08   3.3169508766e-02   1.1962219740e-05   2.0799774838e-10   1.5758687512e-11   2.1183787761e-04   9.7650467012e-02   1.5020930364e-02   2.0326661672e-02   1.5657802290e-09   2.0633446147e-04   4.2921927943e-12   6.7956200000e-01
   1.1800000000e-01   1.1800000000e-01   7.7914814998e+02  -5.4652862925e+05   7.0040242900e-02   4.0849954532e-01   9.4442364897e+05   3.4732709476e-04   3.7021824037e-09   1.2109149974e-09   1.5166200028e-01   3.6005705147e-08   3.3736091619e-02   1.2082562475e-05   2.1286244317e-10   1.5959177687e-11   2.1632084279e-04   1.0136584994e-01   1.5290232342e-02   2.0666591844e-02   1.6691672505e-09   2.0946065704e-04   4.6000933268e-12   6.7649400000e-01
   1.2200000000e-01   1.2200000000e-01   7.8337308516e+02  -5.6511968708e+05   7.1183905695e-02   4.0505752603e-01   9.7169680836e+05   3.5415372463e-04   3.9390381656e-09   1.2862197032e-09   1.4985420410e-01   3.5689678870e-08   3.4283761220e-02   1.2192928502e-05   2.1755307383e-10   1.6137178243e-11   2.2070343361e-04   1.0509050984e-01   1.5550998659e-02   2.0994992091e-02   1.7742261221e-09   2.1244107438e-04   4.9182670588e-12   6.7342600000e-01
   1.2600000000e-01   1.2600000000e-01   7.8729717239e+02  -5.8371074492e+05   7.2289805064e-02   4.0181542635e-01   9.9765020036e+05   3.6080115064e-04   4.1719485332e-09   1.3569904178e-09   1.4807546999e-01   3.5346426557e-08   3.4813196635e-02   1.2293536763e-05   2.2207079024e-10   1.6293558814e-11   2.2498924733e-04   1.0882411804e-01   1.5803522841e-02   2.1312284438e-02   1.8806536187e-09   2.1528112224e-04   5.2459790688e-12   6.7035800000e-01
   1.3000000000e-01   1.3000000000e-01   7.9093632933e+02  -6.0230180275e+05   7.3359250858e-02   3.9875837708e-01   1.0222655983e+06   3.6727456513e-04   4.3999487550e-09   1.4227303344e-09   1.4632478699e-01   3.4978823574e-08   3.5325033112e-02   1.2384611192e-05   2.2641580339e-10   1.6429119189e-11   2.2918162452e-04   1.1256636695e-01   1.6048079857e-02   2.1618863323e-02   1.9881400337e-09   2.1798592946e-04   5.5824984200e-12   6.6729000000e-01
   1.3400000000e-01   1.3400000000e-01   7.9430539808e+02  -6.2089286059e+05   7.4393471003e-02   3.9587298655e-01   1.0455332867e+06   3.7357885774e-04   4.6221880859e-09   1.4830583634e-09   1.4460120740e-01   3.4589458052e-08   3.5819866152e-02   1.2466380233e-05   2.3058765087e-10   1.6544611412e-11   2.3328367128e-04   1.1631696814e-01   1.6284927822e-02   2.1915098172e-02   2.0963734381e-09   2.2056036644e-04   5.9271024366e-12   6.6422200000e-01
   1.3800000000e-01   1.3800000000e-01   7.9741823781e+02  -6.3948391842e+05   7.5393618882e-02   3.9314716001e-01   1.0674511592e+06   3.7971864129e-04   4.8379264581e-09   1.5377024727e-09   1.4290384105e-01   3.4180674607e-08   3.6298255079e-02   1.2539076243e-05   2.3458531690e-10   1.6640741530e-11   2.3729827912e-04   1.2007565063e-01   1.6514309487e-02   2.2201335674e-02   2.2050436904e-09   2.2300906430e-04   6.2790581571e-12   6.6115400000e-01
   1.4200000000e-01   1.4200000000e-01   8.0028780708e+02  -6.5807497626e+05   7.6360779777e-02   3.9056994541e-01   1.0880238850e+06   3.8569827430e-04   5.0465300112e-09   1.5864907904e-09   1.4123185037e-01   3.3754610127e-08   3.6760726178e-02   1.2602934806e-05   2.3840744859e-10   1.6718184273e-11   2.4122814280e-04   1.2384215938e-01   1.6736453560e-02   2.2477901764e-02   2.3138457315e-09   2.2533643173e-04   6.6376150759e-12   6.5808600000e-01
   1.4600000000e-01   1.4600000000e-01   8.0292623832e+02  -6.7666603410e+05   7.7295976739e-02   3.8813140037e-01   1.1072620587e+06   3.9152188192e-04   5.2474649327e-09   1.6293411807e-09   1.3958444581e-01   3.3313222328e-08   3.7207775536e-02   1.2658194064e-05   2.4205253425e-10   1.6777593265e-11   2.4507577683e-04   1.2761625393e-01   1.6951575893e-02   2.2745103428e-02   2.4224823081e-09   2.2754667052e-04   7.0019875815e-12   6.5501800000e-01
   1.5000000000e-01   1.5000000000e-01   8.0534490391e+02  -6.9525709193e+05   7.8200175656e-02   3.8582247800e-01   1.1251813883e+06   3.9719337386e-04   5.4402906992e-09   1.6662502447e-09   1.3796088197e-01   3.2858312894e-08   3.7639871507e-02   1.2705093984e-05   2.4551899433e-10   1.6819601614e-11   2.4884352993e-04   1.3139770720e-01   1.7159880517e-02   2.3003230258e-02   2.5306660348e-09   2.2964378913e-04   7.3713390200e-12   6.5195000000e-01
   1.5400000000e-01   1.5400000000e-01   8.0755447619e+02  -7.1384814977e+05   7.9074289892e-02   3.8363492757e-01   1.1418019547e+06   4.0271646108e-04   5.6246527568e-09   1.6972822939e-09   1.3636045398e-01   3.2391545892e-08   3.8057456959e-02   1.2743875691e-05   2.4880532310e-10   1.6844837273e-11   2.5253359853e-04   1.3518630441e-01   1.7361560593e-02   2.3252555880e-02   2.6381213076e-09   2.3163161530e-04   7.7447645198e-12   6.4888200000e-01
   1.5800000000e-01   1.5800000000e-01   8.0956498154e+02  -7.3243920760e+05   7.9919184411e-02   3.8156120849e-01   1.1571474174e+06   4.0809467057e-04   5.8002744812e-09   1.7225586509e-09   1.3478249436e-01   3.1914461688e-08   3.8460951278e-02   1.2774780801e-05   2.5190999543e-10   1.6853898678e-11   2.5614803883e-04   1.3898184215e-01   1.7556799248e-02   2.3493339214e-02   2.7445849442e-09   2.3351380736e-04   8.1212665796e-12   6.4581400000e-01
   1.6200000000e-01   1.6200000000e-01   8.1138584874e+02  -7.5103026544e+05   8.0735679397e-02   3.7959441534e-01   1.1712445251e+06   4.1333135844e-04   5.9669506397e-09   1.7422480469e-09   1.3322637016e-01   3.1428490020e-08   3.8850752126e-02   1.2798050783e-05   2.5483182482e-10   1.6847398210e-11   2.5968877761e-04   1.4278412748e-01   1.7745770322e-02   2.3725825590e-02   2.8498079838e-09   2.3529386425e-04   8.4997505637e-12   6.4274600000e-01
   1.6600000000e-01   1.6600000000e-01   8.1302595394e+02  -7.6962132327e+05   8.1524553695e-02   3.7772821198e-01   1.1841224399e+06   4.1842972248e-04   6.1245394705e-09   1.7565574685e-09   1.3169148038e-01   3.0934960355e-08   3.9227237108e-02   1.2813926412e-05   2.5756982243e-10   1.6825932744e-11   2.6315762249e-04   1.4659297719e-01   1.7928639068e-02   2.3950247797e-02   2.9535558308e-09   2.3697513539e-04   8.8790073589e-12   6.3967800000e-01
   1.7000000000e-01   1.7000000000e-01   8.1449366043e+02  -7.8821238111e+05   8.2286547755e-02   3.7595677413e-01   1.1958122585e+06   4.2339281286e-04   6.2729558824e-09   1.7657240531e-09   1.3017725364e-01   3.0435111457e-08   3.9590765201e-02   1.2822647214e-05   2.6012329169e-10   1.6790095687e-11   2.6655627079e-04   1.5040821704e-01   1.8105562756e-02   2.4166826985e-02   3.0556087994e-09   2.3856082904e-04   9.2577116798e-12   6.3661000000e-01
   1.7400000000e-01   1.7400000000e-01   8.1579685548e+02  -8.0680343894e+05   8.3022366378e-02   3.7427473855e-01   1.2063466060e+06   4.2822354220e-04   6.4121651653e-09   1.7700079256e-09   1.2868314609e-01   2.9930101794e-08   3.9941678088e-02   1.2824450999e-05   2.6249193197e-10   1.6740486613e-11   2.6988631791e-04   1.5422968119e-01   1.8276691240e-02   2.4375773507e-02   3.1557625293e-09   2.4005402032e-04   9.6344316054e-12   6.3354200000e-01
   1.7800000000e-01   1.7800000000e-01   8.1694298378e+02  -8.2539449678e+05   8.3732681196e-02   3.7267715835e-01   1.2157592229e+06   4.3292469475e-04   6.5421765475e-09   1.7696858584e-09   1.2720863948e-01   2.9421023270e-08   4.0280301360e-02   1.2819573420e-05   2.6467579737e-10   1.6677691722e-11   2.7314926485e-04   1.5805721155e-01   1.8442167464e-02   2.4577287678e-02   3.2538281951e-09   2.4145765862e-04   1.0007644290e-11   6.3047400000e-01
   1.8200000000e-01   1.8200000000e-01   8.1793907799e+02  -8.4398555461e+05   8.4418132923e-02   3.7115946342e-01   1.2240847776e+06   4.3749893466e-04   6.6630380805e-09   1.7650458360e-09   1.2575323943e-01   2.8908918816e-08   4.0606945609e-02   1.2808247589e-05   2.6667560752e-10   1.6602316446e-11   2.7634652505e-04   1.6189065732e-01   1.8602127923e-02   2.4771560457e-02   3.3496339186e-09   2.4277457431e-04   1.0375779557e-11   6.2740600000e-01
   1.8600000000e-01   1.8600000000e-01   8.1879178667e+02  -8.6257661245e+05   8.5079333398e-02   3.6971742531e-01   1.2313587764e+06   4.4194881356e-04   6.7748318142e-09   1.7563824530e-09   1.2431647386e-01   2.8394817490e-08   4.0921907419e-02   1.2790703721e-05   2.6849299511e-10   1.6514996738e-11   2.7947943064e-04   1.6572987446e-01   1.8756703089e-02   2.4958774077e-02   3.4430276370e-09   2.4400748507e-04   1.0737267175e-11   6.2433800000e-01
   1.9000000000e-01   1.9000000000e-01   8.1950740001e+02  -8.8116767028e+05   8.5716867471e-02   3.6834712602e-01   1.2376176300e+06   4.4627677759e-04   6.8776686971e-09   1.7439928512e-09   1.2289789151e-01   2.7879793524e-08   4.1225470281e-02   1.2767168829e-05   2.7013072477e-10   1.6416388170e-11   2.8254923815e-04   1.6957472528e-01   1.8906017795e-02   2.5139102618e-02   3.5338858943e-09   2.4515900173e-04   1.1090619688e-11   6.2127000000e-01
   1.9400000000e-01   1.9400000000e-01   8.2009187338e+02  -8.9975872812e+05   8.6331294719e-02   3.6704493015e-01   1.2428996015e+06   4.5048517385e-04   6.9716858850e-09   1.7281736625e-09   1.2149706064e-01   2.7365085559e-08   4.1517905426e-02   1.2737866415e-05   2.7159346650e-10   1.6307305208e-11   2.8555713369e-04   1.7342507802e-01   1.9050191590e-02   2.5312712530e-02   3.6221427696e-09   2.4623163371e-04   1.1434559179e-11   6.1820200000e-01
   1.9800000000e-01   1.9800000000e-01   8.2055084913e+02  -9.1834978595e+05   8.6923151034e-02   3.6580746002e-01   1.2472464893e+06   4.5457625628e-04   7.0570407925e-09   1.7092179474e-09   1.2011356780e-01   2.6852323799e-08   4.1799472595e-02   1.2703016154e-05   2.7288716625e-10   1.6188689673e-11   2.8850423756e-04   1.7728080649e-01   1.9189339065e-02   2.5479763118e-02   3.7078716552e-09   2.4722779417e-04   1.1768339329e-11   6.1513400000e-01
   2.0800000000e-01   2.0800000000e-01   8.2138913243e+02  -9.6482743054e+05   8.8347648573e-02   3.6288416446e-01   1.2555363645e+06   4.6451609335e-04   7.2492108494e-09   1.6547067162e-09   1.1669719007e-01   2.5581500312e-08   4.2476842934e-02   1.2602559255e-05   2.7571154915e-10   1.5866795692e-11   2.9572266441e-04   1.8693326461e-01   1.9524916785e-02   2.5881372760e-02   3.9170318858e-09   2.4953282039e-04   1.2579405538e-11   6.0746400000e-01
   2.2400000000e-01   2.2400000000e-01   8.2101475633e+02  -1.0391916619e+06   9.0292884197e-02   3.5905656046e-01   1.2558191206e+06   4.7865755148e-04   7.4276126288e-09   1.5319298127e-09   1.1148742898e-01   2.3556441477e-08   4.3399918565e-02   1.2364711735e-05   2.7725356311e-10   1.5209772319e-11   3.0635505978e-04   2.0245680937e-01   1.9987238895e-02   2.6427069185e-02   4.1964057266e-09   2.5212066687e-04   1.3555647921e-11   5.9519200000e-01
   2.4000000000e-01   2.4000000000e-01   8.1917613057e+02  -1.1135558932e+06   9.1931125608e-02   3.5596155364e-01   1.2446898735e+06   4.9115191707e-04   7.4909151622e-09   1.3885813330e-09   1.0651330986e-01   2.1593667657e-08   4.4175344569e-02   1.2062259620e-05   2.7611951651e-10   1.4445892172e-11   3.1612224570e-04   2.1805361307e-01   2.0380754656e-02   2.6883874467e-02   4.4217821144e-09   2.5373176401e-04   1.4175473428e-11   5.8292000000e-01
   2.5600000000e-01   2.5600000000e-01   8.1609148027e+02  -1.1879201246e+06   9.3285633951e-02   3.5348819513e-01   1.2239127040e+06   5.0209948653e-04   7.4534502045e-09   1.2363362754e-09   1.0175689207e-01   1.9715611180e-08   4.4814391077e-02   1.1706584322e-05   2.7254341443e-10   1.3604897858e-11   3.2506645968e-04   2.3371819458e-01   2.0710479302e-02   2.7258664085e-02   4.5922820304e-09   2.5447305394e-04   1.4441240836e-11   5.7064800000e-01
   2.7200000000e-01   2.7200000000e-01   8.1194138254e+02  -1.2622843559e+06   9.4376667273e-02   3.5154964861e-01   1.1950164394e+06   5.1158836820e-04   7.3291871099e-09   1.0838107938e-09   9.7202553678e-02   1.7935566149e-08   4.5326871655e-02   1.1307943363e-05   2.6676908542e-10   1.2712285415e-11   3.3322231261e-04   2.4944577979e-01   2.0980793434e-02   2.7557413816e-02   4.7085734960e-09   2.5443765519e-04   1.4408326873e-11   5.5837600000e-01
   2.8800000000e-01   2.8800000000e-01   8.0687623278e+02  -1.3366485872e+06   9.5222016836e-02   3.5007719870e-01   1.1593295885e+06   5.1969656553e-04   7.1313550168e-09   9.3702664543e-10   9.2836577320e-02   1.6261335122e-08   4.5721403515e-02   1.0875517257e-05   2.5905620510e-10   1.1790250650e-11   3.4061829905e-04   2.6523217562e-01   2.1195554889e-02   2.7785361867e-02   4.7726762226e-09   2.5370702263e-04   1.4162896368e-11   5.4610400000e-01
   3.0400000000e-01   3.0400000000e-01   8.0102199927e+02  -1.4110128185e+06   9.5837423037e-02   3.4901598726e-01   1.1180098512e+06   5.2649360391e-04   6.8722967545e-09   7.9992544436e-10   8.8646829090e-02   1.4696717350e-08   4.6005609335e-02   1.0417474724e-05   2.4967519259e-10   1.0857905306e-11   3.4727794143e-04   2.8107367232e-01   2.1358185706e-02   2.7947134392e-02   4.7876271205e-09   2.5235270528e-04   1.3791074605e-11   5.3383200000e-01
   3.2000000000e-01   3.2000000000e-01   7.9448471137e+02  -1.4853770498e+06   9.6236903176e-02   3.4832192326e-01   1.0720724101e+06   5.3204182162e-04   6.5634343224e-09   6.7484533573e-10   8.4622505403e-02   1.3242532987e-08   4.6186276300e-02   9.9410458627e-06   2.3889922627e-10   9.9314126240e-12   3.5322067410e-04   2.9696696641e-01   2.1471740836e-02   2.8046844219e-02   4.7571981268e-09   2.5043779184e-04   1.3355139029e-11   5.2156000000e-01
   3.3600000000e-01   3.3600000000e-01   7.8735399832e+02  -1.5597412811e+06   9.6433013691e-02   3.4795940676e-01   1.0224167019e+06   5.3639741042e-04   6.2152983355e-09   5.6292888026e-10   8.0753930478e-02   1.1897410751e-08   4.6269483351e-02   9.4525970992e-06   2.2699779275e-10   9.0241748480e-12   3.5846254055e-04   3.1290909897e-01   2.1538963239e-02   2.8088169690e-02   4.6856616535e-09   2.4801811004e-04   1.2885752993e-11   5.0928800000e-01
   3.5200000000e-01   3.5200000000e-01   7.7970590196e+02  -1.6341055124e+06   9.6437061788e-02   3.4789963061e-01   9.6984963512e+05   5.3961126068e-04   5.8375737042e-09   4.6445370877e-10   7.7032392885e-02   1.0658398699e-08   4.6260703878e-02   8.9577042661e-06   2.1423125593e-10   8.1470465227e-12   3.6301675156e-04   3.2889740587e-01   2.1562328454e-02   2.8074418195e-02   4.5776012620e-09   2.4514322683e-04   1.2388217873e-11   4.9701600000e-01
   3.6800000000e-01   3.6800000000e-01   7.7160512958e+02  -1.7084697437e+06   9.6259277673e-02   3.4811929904e-01   9.1510475289e+05   5.4172965235e-04   5.4391434903e-09   3.7909224478e-10   7.3450012520e-02   9.5214369311e-09   4.6164889303e-02   8.4612219369e-06   2.0084681183e-10   7.3085676334e-12   3.6689413859e-04   3.4492947716e-01   2.1544080927e-02   2.8008577791e-02   4.4377572873e-09   2.4185728701e-04   1.1854799009e-11   4.8474400000e-01
   3.8400000000e-01   3.8400000000e-01   7.6310687731e+02  -1.7828339749e+06   9.5908957374e-02   3.4859964914e-01   8.5885699460e+05   5.4279483336e-04   5.0281198803e-09   3.0611139698e-10   6.9999630282e-02   8.4817209481e-09   4.5986538385e-02   7.9673481779e-06   1.8707515409e-10   6.5151983283e-12   3.7010353292e-04   3.6100312345e-01   2.1486264222e-02   2.7893359935e-02   4.2709016300e-09   2.3819972339e-04   1.1276156587e-11   4.7247200000e-01
   4.0000000000e-01   4.0000000000e-01   7.5425831128e+02  -1.8571982062e+06   9.5394581013e-02   3.4932569978e-01   8.0173329330e+05   5.4284550064e-04   4.6118608514e-09   2.4452400635e-10   6.6674716720e-02   7.5339799402e-09   4.5729754617e-02   7.4796843934e-06   1.7312805129e-10   5.7715550450e-12   3.7265208316e-04   3.7711634798e-01   2.1390746071e-02   2.7731234823e-02   4.0817350270e-09   2.3420585848e-04   1.0648195178e-11   4.6020000000e-01
   4.1600000000e-01   4.1600000000e-01   7.4509978001e+02  -1.9315624374e+06   9.4723911922e-02   3.5028567151e-01   7.4431932579e+05   5.4191720574e-04   4.1969737608e-09   1.9320224336e-10   6.3469295469e-02   6.6726881437e-09   4.5398294332e-02   7.0012903967e-06   1.5919659701e-10   5.0806388516e-12   3.7454552628e-04   3.9326732326e-01   2.1259239416e-02   2.7524460969e-02   3.8748032073e-09   2.2990741756e-04   9.9739645892e-12   4.4792800000e-01
   4.3200000000e-01   4.3200000000e-01   7.3566581343e+02  -2.0059266686e+06   9.3904080514e-02   3.5147053699e-01   6.8716292058e+05   5.4004270036e-04   3.7893098159e-09   1.5096143212e-10   6.0377878464e-02   5.8922242297e-09   4.4995607395e-02   6.5347349865e-06   1.4545022493e-10   4.4440549670e-12   3.7578842203e-04   4.0945437125e-01   2.1093320237e-02   2.7275110183e-02   3.6544290566e-09   2.2533296867e-04   9.2623483988e-12   4.3565600000e-01
   4.4800000000e-01   4.4800000000e-01   7.2598594934e+02  -2.0802908998e+06   9.2941655403e-02   3.5287367349e-01   6.3077466982e+05   5.3725223073e-04   3.3939540040e-09   1.1662096209e-10   5.7395411000e-02   5.1869901369e-09   4.4524871727e-02   6.0821424400e-06   1.3203632592e-10   3.8622206882e-12   3.7638435612e-04   4.2567594653e-01   2.0894442706e-02   2.6985088740e-02   3.4246599410e-09   2.2050830076e-04   8.5256077758e-12   4.2338400000e-01
   4.6400000000e-01   4.6400000000e-01   7.1608542012e+02  -2.1546551309e+06   9.1842704029e-02   3.5449059619e-01   5.7562640720e+05   5.3357378918e-04   3.0152161277e-09   8.9047443400e-11   5.4517224897e-02   4.5514981420e-09   4.3989022731e-02   5.6452353733e-06   1.1908032314e-10   3.3345574255e-12   3.7633611659e-04   4.4193062200e-01   2.0663952117e-02   2.6656155392e-02   3.1892288173e-09   2.1545674993e-04   7.7771582361e-12   4.1111200000e-01
   4.8000000000e-01   4.8000000000e-01   7.0598572761e+02  -2.2290193621e+06   9.0612845026e-02   3.5631875557e-01   5.2214815023e+05   5.2903333276e-04   2.6566271969e-09   6.7183998222e-11   5.1738998051e-02   3.9804333887e-09   4.3390778703e-02   5.2253743405e-06   1.0668617884e-10   2.8596685753e-12   3.7564584879e-04   4.5821707644e-01   2.0403096080e-02   2.6289936911e-02   2.9515277847e-09   2.1019948271e-04   7.0300652263e-12   3.9884000000e-01
   4.9600000000e-01   4.9600000000e-01   6.9570512489e+02  -2.3033835932e+06   8.9257293350e-02   3.5835738813e-01   4.7072419123e+05   5.2365497172e-04   2.3209454872e-09   5.0068729933e-11   4.9056719567e-02   3.4686970276e-09   4.2732662746e-02   4.8235945866e-06   9.4937279171e-11   2.4355022291e-12   3.7431518948e-04   4.7453408390e-01   2.0113034174e-02   2.5887941458e-02   2.7145941164e-09   2.0475574228e-04   6.2962202760e-12   3.8656800000e-01
   5.1200000000e-01   5.1200000000e-01   6.8525902058e+02  -2.3777478242e+06   8.7780899065e-02   3.6060741244e-01   4.2168895744e+05   5.1746113054e-04   2.0101752103e-09   3.6844724940e-11   4.6466659790e-02   3.0114349077e-09   4.2017021601e-02   4.4406403313e-06   8.3897535005e-11   2.0594972845e-12   3.7234538037e-04   4.9088050443e-01   1.9794846261e-02   2.5451570073e-02   2.4811060959e-09   1.9914306297e-04   5.5859910250e-12   3.7429600000e-01
   5.2800000000e-01   5.2800000000e-01   6.7466032268e+02  -2.4521120553e+06   8.6188181802e-02   3.6307136209e-01   3.7532318729e+05   5.1047269217e-04   1.7255992981e-09   2.6763440711e-11   4.3965343685e-02   2.6040541882e-09   4.1246042376e-02   4.0769966878e-06   7.3612722719e-11   1.7287143867e-12   3.6973736766e-04   5.0725527600e-01   1.9449539879e-02   2.4982126855e-02   2.2533871089e-09   1.9337745904e-04   4.9081090322e-12   3.6202400000e-01
   5.4400000000e-01   5.4400000000e-01   6.6391972751e+02  -2.5264762863e+06   8.4483360296e-02   3.6575335408e-01   3.3185094740e+05   5.0270911944e-04   1.4678268665e-09   1.9183072605e-11   4.1549528010e-02   2.2422318814e-09   4.0421766904e-02   3.7329196236e-06   6.4111968570e-11   1.4399525496e-12   3.6649188172e-04   5.2365740747e-01   1.9078056585e-02   2.4480827687e-02   2.0334163917e-09   1.8747358998e-04   4.2696535204e-12   3.4975200000e-01
   5.6000000000e-01   5.6000000000e-01   6.5304596375e+02  -2.6008405200e+06   8.2670378262e-02   3.6865908912e-01   2.9143780205e+05   4.9418856007e-04   1.2368540261e-09   1.3563181257e-11   3.9216181316e-02   1.9219160622e-09   3.9546104317e-02   3.4084640251e-06   5.5409272516e-11   1.1898504128e-12   3.6260950063e-04   5.4008597250e-01   1.8681277519e-02   2.3948807865e-02   1.8228427566e-09   1.8144490618e-04   3.6760768192e-12   3.3748000000e-01
   5.7600000000e-01   5.7600000000e-01   6.4204600621e+02  -2.6752047514e+06   8.0752927465e-02   3.7179587801e-01   2.5419046850e+05   4.8492793962e-04   1.0321365606e-09   9.4567128920e-12   3.6962466109e-02   1.6393226282e-09   3.8620842266e-02   3.1035099006e-06   4.7505086052e-11   9.7497475355e-13   3.5809070043e-04   5.5654010408e-01   1.8260028366e-02   2.3387128894e-02   1.6230014306e-09   1.7530377853e-04   3.1312538505e-12   3.2520800000e-01
   5.9200000000e-01   5.9200000000e-01   6.3092524670e+02  -2.7495689827e+06   7.8734467773e-02   3.7517270380e-01   2.2015802310e+05   4.7494303961e-04   8.5267100780e-10   6.5003697161e-12   3.4785723353e-02   1.3909281890e-09   3.7647656681e-02   2.8177868904e-06   4.0387886724e-11   7.9189552206e-13   3.5293588913e-04   5.7301898986e-01   1.7815083672e-02   2.2796784380e-02   1.4349319585e-09   1.6906161316e-04   2.6375534846e-12   3.1293600000e-01
   6.0800000000e-01   6.0800000000e-01   6.1968764855e+02  -2.8239332141e+06   7.6618244724e-02   3.7880030850e-01   1.8933468221e+05   4.6424856318e-04   6.9708103328e-10   4.4041419875e-12   3.2683458865e-02   1.1734605066e-09   3.6628120341e-02   2.5508970904e-06   3.4035742760e-11   6.3724895998e-13   3.4714542607e-04   5.8952186796e-01   1.7347170626e-02   2.2178705193e-02   1.2593970814e-09   1.6272895387e-04   2.1959358874e-12   3.0066400000e-01
   6.2400000000e-01   6.2400000000e-01   6.0833587454e+02  -2.8982974454e+06   7.4407305289e-02   3.8269131351e-01   1.6166402737e+05   4.5285819208e-04   5.6370522350e-10   2.9406631264e-12   3.0653331131e-02   9.8388718870e-10   3.5563710563e-02   2.3023361246e-06   2.8417852218e-11   5.0778937468e-13   3.4071962977e-04   6.0604802336e-01   1.6856972453e-02   2.1533764081e-02   1.0969023813e-09   1.5631557417e-04   1.8060769679e-12   2.8839200000e-01
   6.4000000000e-01   6.4000000000e-01   5.9687139567e+02  -2.9726616767e+06   7.2104511476e-02   3.8686037441e-01   1.3704447428e+05   4.4078463154e-04   4.5068284506e-10   1.9349141694e-12   2.8693140756e-02   8.1940337554e-10   3.4455815855e-02   2.0715125881e-06   2.3496056650e-11   4.0043037634e-13   3.3365877143e-04   6.2259678468e-01   1.6345131341e-02   2.0862779649e-02   9.4771674142e-10   1.4983056004e-04   1.4665189963e-12   2.7612000000e-01
   6.5600000000e-01   6.5600000000e-01   5.8529458301e+02  -3.0470259081e+06   6.9712552152e-02   3.9132437412e-01   1.1533570514e+05   4.2803964469e-04   3.5603436295e-10   1.2546587626e-12   2.6800821306e-02   6.7741891849e-10   3.3305741728e-02   1.8577658274e-06   1.9226324235e-11   3.1227641004e-13   3.2596305544e-04   6.3916752147e-01   1.5812250974e-02   2.0166519806e-02   8.1189373029e-10   1.4328238475e-04   1.1748439638e-12   2.6384800000e-01
   6.7200000000e-01   6.7200000000e-01   5.7360478620e+02  -3.1213901394e+06   6.7233953470e-02   3.9610265897e-01   9.6365739911e+04   4.1463407854e-04   2.7773408030e-10   8.0186254112e-13   2.4974431211e-02   5.5554542828e-10   3.2114715830e-02   1.6603820291e-06   1.5560198641e-11   2.4064548009e-13   3.1763258944e-04   6.5575964183e-01   1.5258898765e-02   1.9445704796e-02   6.8929385526e-10   1.3667897733e-04   9.2786298449e-13   2.5157600000e-01
   6.8800000000e-01   6.8800000000e-01   5.6180039899e+02  -3.1957543708e+06   6.4671087607e-02   4.0121732523e-01   7.9938332008e+04   4.0057787835e-04   2.1377310144e-10   5.0523744811e-13   2.3212146964e-02   4.5158355399e-10   3.0883892284e-02   1.4786087137e-06   1.2446201569e-11   1.8308384559e-13   3.0866734100e-04   6.7237259044e-01   1.4685607718e-02   1.8701009727e-02   5.7960747179e-10   1.3002778527e-04   7.2181415098e-13   2.3930400000e-01
   7.0400000000e-01   7.0400000000e-01   5.4987891574e+02  -3.2701186021e+06   6.2026180442e-02   4.0669356327e-01   6.5840360620e+04   3.8588009438e-04   1.6221141446e-10   3.1395194792e-13   2.1512257139e-02   3.6351066820e-10   2.9614355528e-02   1.3116675714e-06   9.8311707121e-12   1.3737359488e-13   2.9906708528e-04   6.8900584681e-01   1.4092878049e-02   1.7933066771e-02   4.8237795804e-10   1.2333583296e-04   5.5255950891e-13   2.2703200000e-01
   7.2000000000e-01   7.2000000000e-01   5.3783697872e+02  -3.3444828334e+06   5.9301317655e-02   4.1256007127e-01   5.3848954250e+04   3.7054887567e-04   1.2121878024e-10   1.9247431555e-13   1.9873157610e-02   2.8946918411e-10   2.8307123414e-02   1.1587657966e-06   7.6615143055e-12   1.0153399156e-13   2.8883133908e-04   7.0565892404e-01   1.3481178465e-02   1.7142466900e-02   3.9702478494e-10   1.1660977631e-04   4.1577238084e-13   2.1476000000e-01
   7.3600000000e-01   7.3600000000e-01   5.2567041800e+02  -3.4188470648e+06   5.6498449325e-02   4.1884955178e-01   4.3738107598e+04   3.5459145065e-04   8.9104644711e-11   1.1645975931e-13   1.8293347913e-02   2.2775561415e-10   2.6963149614e-02   1.0191059667e-06   5.8843569692e-12   7.3817466265e-14   2.7795928096e-04   7.2233136777e-01   1.2850947095e-02   1.6329761166e-02   3.2286606994e-10   1.0985595484e-04   3.0710678622e-13   2.0248800000e-01
   7.5200000000e-01   7.5200000000e-01   5.1337428616e+02  -3.4932112961e+06   5.3619393151e-02   4.2559930774e-01   3.5284609029e+04   3.3801409345e-04   6.4337821659e-11   6.9558152003e-14   1.6771428658e-02   1.7681045084e-10   2.5583325391e-02   8.9189451780e-07   4.4485528125e-12   5.2701144110e-14   2.6644965692e-04   7.3902275569e-01   1.2202592109e-02   1.5495461558e-02   2.5914028959e-10   1.0308044216e-04   2.2234257743e-13   1.9021600000e-01
   7.6800000000e-01   7.6800000000e-01   5.0094288933e+02  -3.5675755275e+06   5.0665836177e-02   4.3285195924e-01   2.8273151379e+04   3.2082207376e-04   4.5557069474e-11   4.1002562709e-14   1.5306100071e-02   1.3520892413e-10   2.4168480697e-02   7.7634890168e-07   3.3055453396e-12   3.6874775622e-14   2.5430066942e-04   7.5573269725e-01   1.1536492002e-02   1.4640041405e-02   2.0502692668e-10   9.6289095978e-05   1.5750229185e-13   1.7794400000e-01
   7.8400000000e-01   7.8400000000e-01   4.8836981511e+02  -3.6419397588e+06   4.7639334505e-02   4.4065630925e-01   2.2500553105e+04   3.0301958307e-04   3.1573922889e-11   2.3836382290e-14   1.3896162057e-02   1.0165267735e-10   2.2719384362e-02   6.7170357809e-07   2.4100606398e-12   2.5225916349e-14   2.4150984260e-04   7.7246083399e-01   1.0852995404e-02   1.3763935157e-02   1.5966594979e-10   8.9487609074e-05   1.0893824648e-13   1.6567200000e-01
   8.0000000000e-01   8.0000000000e-01   4.7564795889e+02  -3.7163039901e+06   4.4541310720e-02   4.4906839313e-01   1.7779054860e+04   2.8460963220e-04   2.1369204833e-11   1.3644835944e-14   1.2540515984e-02   7.4962353524e-11   2.1236743264e-02   5.7721492528e-07   1.7206261765e-12   1.6823154395e-14   2.2807385800e-04   7.8920684044e-01   1.0152420361e-02   1.2867537463e-02   1.2217607666e-10   8.2681562791e-05   7.3390488197e-14   1.5340000000e-01
   8.1600000000e-01   8.1600000000e-01   4.6276955104e+02  -3.7906682215e+06   4.1373048774e-02   4.5815275647e-01   1.3938694391e+04   2.6559391314e-04   1.4084636144e-11   7.6717412224e-15   1.1238168381e-02   5.4071057722e-11   1.9721200383e-02   4.9216514117e-07   1.1999152691e-12   1.0898130071e-14   2.1398835369e-04   8.0597042568e-01   9.4350530272e-03   1.1951201451e-02   9.1671804751e-11   7.5876485495e-05   4.8017930562e-14   1.4112800000e-01
   8.3200000000e-01   8.3200000000e-01   4.4972618427e+02  -3.8650324528e+06   3.8135685062e-02   4.6798402157e-01   1.0828798439e+04   2.4597260835e-04   9.0108878980e-12   4.2209379286e-15   9.9882374835e-03   3.8018657274e-11   1.8173331173e-02   4.1586530632e-07   8.1492618206e-13   6.8270264457e-15   1.9924766832e-04   8.2275133589e-01   8.7011454590e-03   1.1015235822e-02   6.7279226908e-11   6.9077919071e-05   3.0406210074e-14   1.2885600000e-01
   8.4800000000e-01   8.4800000000e-01   4.3650884116e+02  -3.9393966842e+06   3.4830194358e-02   4.7864882168e-01   8.3186501060e+03   2.2574412634e-04   5.5732592557e-12   2.2611956685e-15   8.7899636408e-03   2.5946831183e-11   1.6593637694e-02   3.4765772631e-07   5.3701002157e-13   4.1121227454e-15   1.8384450730e-04   8.3954935826e-01   7.9509122047e-03   1.0059900334e-02   4.8150600803e-11   6.2291498234e-05   1.8556282603e-14   1.1658400000e-01
   8.6400000000e-01   8.6400000000e-01   4.2310792082e+02  -4.0137609155e+06   3.1457368734e-02   4.9024820877e-01   6.2974094450e+03   2.0490473255e-04   3.3159952619e-12   1.1718620635e-15   7.6427249683e-03   1.7094740201e-11   1.4982539682e-02   2.8691764706e-07   3.4176640305e-13   2.3639076569e-15   1.6776949750e-04   8.5636432678e-01   7.1845252478e-03   9.0853990719e-03   3.3477586427e-11   5.5523049882e-05   1.0857921378e-14   1.0431200000e-01
   8.8000000000e-01   8.8000000000e-01   4.0951325816e+02  -4.0881251468e+06   2.8017785776e-02   5.0290068323e-01   4.6733844970e+03   1.8344801953e-04   1.8860921531e-12   5.8275772235e-16   6.5460610037e-03   1.0795159684e-11   1.3340360982e-02   2.3305451863e-07   2.0882991317e-13   1.2841489955e-15   1.5101057001e-04   8.7319613084e-01   6.4021064372e-03   8.0918703372e-03   2.2503025493e-11   4.8778724270e-05   6.0521915621e-15   9.2040000000e-02
   8.9600000000e-01   8.9600000000e-01   3.9571412066e+02  -4.1624893782e+06   2.4511759695e-02   5.1674605956e-01   3.3727646987e+03   1.6136411902e-04   1.0172684319e-12   2.7523687073e-16   5.4997091597e-03   6.4708675352e-12   1.1667308551e-02   1.8551303924e-07   1.2157179684e-13   6.5021013326e-16   1.3355206640e-04   8.9004472837e-01   5.6037159058e-03   7.0793711187e-03   1.4531076792e-11   4.2065178324e-05   3.1867039855e-15   7.9768000000e-02
   9.1200000000e-01   9.1200000000e-01   3.8169915174e+02  -4.2368536095e+06   2.0939264355e-02   5.3195048694e-01   2.3379415967e+03   1.3863848450e-04   5.1463011904e-13   1.2182349441e-16   4.5036621611e-03   3.6310229743e-12   9.9634393170e-03   1.4377426575e-07   6.6740729369e-14   3.0080168158e-16   1.1537338565e-04   9.0691016646e-01   4.7893339188e-03   6.0478526350e-03   8.9354564045e-12   3.5389848071e-05   1.5671300288e-15   6.7496000000e-02
   9.2800000000e-01   9.2800000000e-01   3.6745618872e+02  -4.3112178409e+06   1.7299805807e-02   5.4871313981e-01   1.5255567037e+03   1.1524989782e-04   2.4043796569e-13   4.9611900926e-17   3.5582632256e-03   1.8672383777e-12   8.2286052159e-03   1.0735740513e-07   3.4065304814e-14   1.2326920754e-16   9.6446805192e-05   9.2379261541e-01   3.9588309356e-03   4.9971197577e-03   5.1655139340e-12   2.8761383726e-05   7.0815107813e-16   5.5224000000e-02
   9.4400000000e-01   9.4400000000e-01   3.5297178852e+02  -4.3855820722e+06   1.3592196213e-02   5.6727548657e-01   9.0442402991e+02   9.1166948898e-05   1.0127797700e-13   1.8081805716e-17   2.6643749211e-03   8.4901405989e-13   6.4623557149e-03   7.5823571640e-08   1.5837669008e-14   4.2447538876e-17   7.6733689075e-05   9.4069242894e-01   3.1119147406e-03   3.9267588082e-03   2.7498578052e-12   2.2190408721e-05   2.8662381801e-16   4.2952000000e-02
   9.6000000000e-01   9.6000000000e-01   3.3823003136e+02  -4.4599463035e+06   9.8141103516e-03   5.8793497760e-01   4.5346957203e+02   6.6341113728e-05   3.6848464112e-14   5.6190976165e-18   1.8237104519e-03   3.1821461848e-13   4.6637468358e-03   4.8784861555e-08   6.4939395514e-15   1.1067186895e-17   5.6177144594e-05   9.5761026226e-01   2.2480272623e-03   2.8359951398e-03   1.2972621937e-12   1.5691010008e-05   9.9263193756e-17   3.0680000000e-02
   9.7600000000e-01   9.7600000000e-01   3.2320930319e+02  -4.5343105349e+06   5.9610724214e-03   6.1106773926e-01   1.5977593090e+02   4.0690754344e-05   1.0494953441e-14   1.3336823266e-18   1.0395903520e-03   8.2330683788e-14   2.8309063768e-03   2.5929506264e-08   2.2019012603e-15   1.6771792986e-18   3.4685372525e-05   9.7454734170e-01   1.3661105998e-03   1.7233646904e-03   4.9455370846e-13   9.2842215342e-06   2.6519096192e-17   1.8408000000e-02
   9.9200000000e-01   9.9200000000e-01   3.0787196630e+02  -4.6086747662e+06   2.0234985549e-03   6.3717588121e-01   1.6532955260e+01   1.4052654821e-05   1.5266257040e-15   1.4628086398e-19   3.1914913369e-04   6.3771265628e-15   9.5977710826e-04   7.1108752136e-09   4.5342388228e-16   4.3210648524e-20   1.2082937569e-05   9.9150625327e-01   4.6393431013e-04   5.8573448174e-04   1.0002159829e-13   3.0089934319e-06   3.4938593030e-18   6.1360000000e-03
   1.0000000000e+00   1.0000000000e+00   3.0000000000e+02  -4.6458568819e+06   0.0000000000e+00   6.5169855213e-01   0.0000000000e+00   0.0000000000e+00   0.0000000000e+00   0.0000000000e+00   0.0000000000e+00   0.0000000000e+00   0.0000000000e+00   0.0000000000e+00   0.0000000000e+00   0.0000000000e+00   0.0000000000e+00   1.0000000000e+00   0.0000000000e+00   0.0000000000e+00   0.0000000000e+00   0.0000000000e+00   0.0000000000e+00   0.0000000000e+00