# L (m)  = 1
# P (Pa) = 101325
#             001_x           002_mixf              003_T              004_h             005_pv        006_density        007_hr             008_H2              009_H              010_O             011_O2             012_OH            013_H2O            014_HO2            015_CH2         016_CH2(S)            017_CH3            018_CH4             019_CO            020_CO2            021_HCO           022_CH2O          023_CH2OH             024_N2
                  0   0.0000000000e+00   3.0000000000e+02   1.9075768848e+03   0.0000000000e+00   1.1719839921e+00   0.0000000000e+00   0.0000000000e+00   0.0000000000e+00   0.0000000000e+00   2.3300000000e-01   0.0000000000e+00   0.0000000000e+00   0.0000000000e+00   0.0000000000e+00   0.0000000000e+00   0.0000000000e+00   0.0000000000e+00   0.0000000000e+00   0.0000000000e+00   0.0000000000e+00   0.0000000000e+00   0.0000000000e+00   7.6700000000e-01
   2.0000000000e-03   2.0000000000e-03   3.5285354617e+02  -3.7402677494e+04   8.6878406101e-03   9.9443451172e-01   4.6799681198e+03   8.4501119669e-06   1.0621055503e-12   5.7635413847e-09   2.2567486973e-01   6.0944091827e-09   4.0431538888e-03   2.5682429991e-06   4.4455619353e-13   2.6798780535e-14   1.5249732022e-06   1.6359967458e-04   6.8565863251e-04   3.9505779768e-03   6.1305460012e-13   3.5849124069e-06   1.1683391275e-16   7.6546600000e-01
   6.0000000000e-03   6.0000000000e-03   4.2359613590e+02  -1.1602318727e+05   2.2715718076e-02   8.2498537344e-01   2.0248364928e+04   3.4484075757e-05   2.4033483034e-12   7.8837107245e-10   2.1371649802e-01   4.9616117535e-09   1.0581416256e-02   5.6381778705e-06   1.7393491422e-12   1.1723019714e-13   8.9149243379e-06   1.1390969779e-03   2.0743225059e-03   1.0025495238e-02   2.7864842392e-12   1.6128066718e-05   1.3042050009e-15   7.6239800000e-01
   1.0000000000e-02   1.0000000000e-02   4.7395271036e+02  -1.9464368919e+05   3.4759095628e-02   7.3436122605e-01   4.2985310081e+04   6.2406970928e-05   6.5171418419e-12   1.2555972406e-10   2.0333950758e-01   8.6510018668e-09   1.6196082081e-02   7.4769747044e-06   5.4926369032e-12   3.8159645409e-13   1.7556825509e-05   2.5173961108e-03   3.3820065619e-03   1.5118600014e-02   9.9402838491e-12   2.8958079247e-05   7.2430854034e-15   7.5933000000e-01
   1.4000000000e-02   1.4000000000e-02   5.1030987782e+02  -2.7326413172e+05   4.5401123955e-02   6.7933003463e-01   7.0134202087e+04   9.0669150809e-05   1.7455803713e-11   2.4660576674e-11   1.9407520416e-01   1.3451881983e-08   2.1157599802e-02   8.6498568769e-06   1.2555909198e-11   8.6797951502e-13   2.6684775537e-05   4.1849819967e-03   4.6095128122e-03   1.9543342190e-02   2.4696509787e-11   4.1341723052e-05   2.3677024918e-14   7.5626200000e-01
   1.8000000000e-02   1.8000000000e-02   5.3614975161e+02  -3.5188388883e+05   5.4958242421e-02   6.4405444016e-01   9.9048452524e+04   1.1865868520e-04   3.4908608802e-11   8.4867664740e-12   1.8567021560e-01   1.7507579275e-08   2.5613099559e-02   9.4235545241e-06   2.1904585894e-11   1.4784300378e-12   3.5967656861e-05   6.0790670228e-03   5.7631411680e-03   2.3463343009e-02   4.5687580686e-11   5.3066122633e-05   5.2327156772e-14   7.5319400000e-01
   2.2000000000e-02   2.2000000000e-02   5.5369358376e+02  -4.3049751201e+05   6.3632088943e-02   6.2123544709e-01   1.2785507640e+05   1.4608419600e-04   5.6019745213e-11   7.0328203820e-12   1.7796349634e-01   2.0155682753e-08   2.9656461885e-02   9.9452566606e-06   3.2084798999e-11   2.0900606520e-12   4.5229069763e-05   8.1591477924e-03   6.8493038439e-03   2.6980239018e-02   6.9809581797e-11   6.4072277875e-05   8.9720751764e-14   7.5012600000e-01
   2.6000000000e-02   2.6000000000e-02   5.6449823086e+02  -5.0908269877e+05   7.1563537557e-02   6.0701899905e-01   1.5533409102e+05   1.7279645452e-04   7.6867068694e-11   7.9723420264e-12   1.7084274905e-01   2.1367873579e-08   3.3353335048e-02   1.0306421855e-05   4.1853605651e-11   2.6110082098e-12   5.4364157268e-05   1.0396659402e-02   7.8737581473e-03   3.0163647907e-02   9.3832085091e-11   7.4361819688e-05   1.2947694972e-13   7.4705800000e-01
   3.0000000000e-02   3.0000000000e-02   5.6974284091e+02  -5.8757781254e+05   7.8857038802e-02   5.9916465941e-01   1.8085397437e+05   1.9871863990e-04   9.3695491568e-11   8.6273209519e-12   1.6422484214e-01   2.1382719477e-08   3.6752425192e-02   1.0569358065e-05   5.0354548225e-11   2.9912200687e-12   6.3306542224e-05   1.2770258086e-02   8.8415480780e-03   3.3064346892e-02   1.1512116723e-10   8.3963413787e-05   1.6489618887e-13   7.4399000000e-01
   3.4000000000e-02   3.4000000000e-02   5.7040041032e+02  -6.6584664674e+05   8.5593327187e-02   5.9624594102e-01   2.0430553073e+05   2.2381407618e-04   1.0379736943e-10   8.4230256174e-12   1.5804560485e-01   2.0517654476e-08   3.9891397968e-02   1.0779738769e-05   5.7112691636e-11   3.2161046443e-12   7.2012740940e-05   1.5263336743e-02   9.7570825164e-03   3.5721032627e-02   1.3189317067e-10   9.2917919737e-05   1.9063759092e-13   7.4092200000e-01
   3.8000000000e-02   3.8000000000e-02   5.6737478108e+02  -7.4361479290e+05   9.1836757187e-02   5.9722014875e-01   2.2604189276e+05   2.4806959707e-04   1.0599618292e-10   7.4498487521e-12   1.5225394496e-01   1.9095524961e-08   4.2800288600e-02   1.0973040075e-05   6.2012371233e-11   3.2983852298e-12   8.0453958922e-05   1.7862580529e-02   1.0624230984e-02   3.8164168005e-02   1.4335666227e-10   1.0127090662e-04   2.0348463852e-13   7.3785400000e-01
   4.2000000000e-02   4.2000000000e-02   5.6166674689e+02  -8.2033605812e+05   9.7639857098e-02   6.0109495035e-01   2.4684532288e+05   2.7148629446e-04   1.0095384117e-10   6.0774820929e-12   1.4680820225e-01   1.7433090449e-08   4.5503620172e-02   1.1178038227e-05   6.5343269302e-11   3.2745478727e-12   8.8611451890e-05   2.0557064849e-02   1.1446409687e-02   4.0418340945e-02   1.5003029326e-10   1.0906855484e-04   2.0283403135e-13   7.3478600000e-01
   4.6000000000e-02   4.6000000000e-02   5.5465229839e+02  -8.9490660733e+05   1.0304632000e-01   6.0650660543e-01   2.6797001409e+05   2.9407408926e-04   9.1939062356e-11   4.9888415172e-12   1.4167375633e-01   1.5864487700e-08   4.8021795700e-02   1.1418692916e-05   6.7970156195e-11   3.2079711793e-12   9.6473773626e-05   2.3337659702e-02   1.2226653581e-02   4.2503796628e-02   1.5439116490e-10   1.1635531484e-04   1.9042387384e-13   7.3171800000e-01
   5.0000000000e-02   5.0000000000e-02   5.4865720469e+02  -9.6501572018e+05   1.0809305205e-01   6.1095086838e-01   2.9117540181e+05   3.1584840820e-04   8.6804909782e-11   5.6269054621e-12   1.3682139047e-01   1.4790404071e-08   5.0372051919e-02   1.1714933273e-05   7.1583308996e-11   3.1919682233e-12   1.0403505278e-04   2.6196619846e-02   1.2967674991e-02   4.4437476727e-02   1.6117424100e-10   1.2317253204e-04   1.5569642818e-13   7.2865000000e-01
   5.4000000000e-02   5.4000000000e-02   5.4869780615e+02  -1.0251007371e+06   1.1281162771e-01   6.0875270386e-01   3.1827401993e+05   3.3682809391e-04   1.0284092041e-10   1.1289560520e-11   1.3222613098e-01   1.4744317058e-08   5.2569137176e-02   1.2082356588e-05   7.8996151676e-11   3.3723830143e-12   1.1129379854e-04   2.9127292462e-02   1.3671911364e-02   4.6233751075e-02   1.7997587561e-10   1.2955757263e-04   5.3759300572e-14   7.2558200000e-01
   5.8000000000e-02   5.8000000000e-02   5.6772880995e+02  -1.0599952053e+06   1.1722935149e-01   5.8629340121e-01   3.4802153085e+05   3.5703407437e-04   1.8269537530e-10   3.0342903918e-11   1.2786640339e-01   1.6382301839e-08   5.4625806094e-02   1.2529983711e-05   9.2774262486e-11   3.9222667551e-12   1.1825196838e-04   3.2123903407e-02   1.4341563996e-02   4.7904947324e-02   2.2826722379e-10   1.3554284620e-04   2.0966665284e-13   7.2251400000e-01
   6.2000000000e-02   6.2000000000e-02   6.0891040011e+02  -1.0652282009e+06   1.2137005361e-01   5.4475194789e-01   3.8675252074e+05   3.7648861329e-04   4.0360107962e-10   8.3583187911e-11   1.2372340698e-01   1.9821620062e-08   5.6553190016e-02   1.3053932866e-05   1.1389251224e-10   4.9377571959e-12   1.2491472342e-04   3.5181397115e-02   1.4978629874e-02   4.9461745108e-02   3.3183690683e-10   1.4115287975e-04   1.3408843469e-12   7.1944600000e-01
   6.6000000000e-02   6.6000000000e-02   6.5310715908e+02  -1.0629531923e+06   1.2525469716e-01   5.0614835396e-01   4.4714281100e+05   3.9521493454e-04   8.4277637401e-10   2.1259577527e-10   1.1978063358e-01   2.4160564435e-08   5.8361079586e-02   1.3637077158e-05   1.4118348147e-10   6.2700402615e-12   1.3129294135e-04   3.8295311097e-02   1.5584927964e-02   5.0913474670e-02   4.9589417334e-10   1.4640229400e-04   6.4364008338e-13   7.1637800000e-01
   7.0000000000e-02   7.0000000000e-02   6.9482441939e+02  -1.0599442831e+06   1.2890185477e-01   4.7414435796e-01   5.2787405850e+05   4.1323676201e-04   1.5814478842e-09   4.8524562772e-10   1.1602347494e-01   2.8711485844e-08   6.0058147700e-02   1.4258887462e-05   1.7238725139e-10   7.7680037269e-12   1.3740421957e-04   4.1461674913e-02   1.6162121857e-02   5.2268348453e-02   7.2434724544e-10   1.5130058307e-04  -9.5112518686e-13   7.1331000000e-01
   7.4000000000e-02   7.4000000000e-02   7.3357238427e+02  -1.0571208397e+06   1.3232808430e-01   4.4758843681e-01   6.2413088899e+05   4.3057795257e-04   2.6879443629e-09   9.9047367206e-10   1.1243891922e-01   3.3217515078e-08   6.1652125384e-02   1.4898607040e-05   2.0673888636e-10   9.3766959938e-12   1.4327132606e-04   4.4676933413e-02   1.6711738564e-02   5.3533642404e-02   1.0272352240e-09   1.5585498829e-04  -1.8348610058e-12   7.1024200000e-01
   7.8000000000e-02   7.8000000000e-02   7.6951295987e+02  -1.0545973386e+06   1.3554823030e-01   4.2525983784e-01   7.3036181070e+05   4.4726221328e-04   4.1965807921e-09   1.8178314170e-09   1.0901530970e-01   3.7660939846e-08   6.3149942970e-02   1.5536292032e-05   2.4468387262e-10   1.1102235373e-11   1.4892033593e-04   4.7937886132e-02   1.7235184399e-02   5.4715840721e-02   1.4169785578e-09   1.6007189620e-04  -1.8857463866e-12   7.0717400000e-01
   8.2000000000e-02   8.2000000000e-02   8.0289711580e+02  -1.0523467847e+06   1.3857566711e-01   4.0622882771e-01   8.4066308387e+05   4.6331284916e-04   6.0950210823e-09   3.0278467214e-09   1.0574215052e-01   4.2104907349e-08   6.4557843876e-02   1.6153658558e-05   2.8713444212e-10   1.2974227344e-11   1.5437855247e-04   5.1241639049e-02   1.7733758329e-02   5.5820752057e-02   1.9046836191e-09   1.6395767348e-04   1.3034388215e-12   7.0410600000e-01
   8.6000000000e-02   8.6000000000e-02   8.3396710037e+02  -1.0503209808e+06   1.4142249823e-01   3.8981045332e-01   9.4922724654e+05   4.7875253961e-04   8.3223011266e-09   4.6252043350e-09   1.0260994751e-01   4.6604574114e-08   6.5881477876e-02   1.6734861300e-05   3.3497523721e-10   1.5021746106e-11   1.5967233247e-04   5.4585565493e-02   1.8208663473e-02   5.6853604344e-02   2.4971202003e-09   1.6751916696e-04   7.9605665895e-12   7.0103800000e-01
   9.0000000000e-02   9.0000000000e-02   8.6293695680e+02  -1.0484783561e+06   1.4409972184e-01   3.7549670512e-01   1.0506820587e+06   4.9360315244e-04   1.0776484178e-08   6.5452768335e-09   9.9610076052e-02   5.1164657591e-08   6.7125978499e-02   1.7267080800e-05   3.8876072827e-10   1.7259113212e-11   1.6482509282e-04   5.7967273852e-02   1.8661017127e-02   5.7819123066e-02   3.1944874749e-09   1.7076397707e-04   1.5182232860e-11   6.9797000000e-01
   9.4000000000e-02   9.4000000000e-02   8.8995110512e+02  -1.0468462862e+06   1.4661736837e-01   3.6292135299e-01   1.1406251224e+06   5.0788560398e-04   1.3326685247e-08   8.6562733949e-09   9.6734671664e-02   5.5713779566e-08   6.8296027372e-02   1.7740843306e-05   4.4844262680e-10   1.9674112203e-11   1.6985580344e-04   6.1384580567e-02   1.9091859404e-02   5.8721595987e-02   3.9879863182e-09   1.7370058250e-04   2.0746744062e-11   6.9490200000e-01
   9.8000000000e-02   9.8000000000e-02   9.1471172543e+02  -1.0460654153e+06   1.4898461707e-01   3.5196397467e-01   1.2163401786e+06   5.2161977896e-04   1.5823205146e-08   1.0771107131e-08   9.3976537456e-02   6.0059775337e-08   6.9395908809e-02   1.8150093666e-05   5.1282418644e-10   2.2198843522e-11   1.7477819222e-04   6.4835486731e-02   1.9502160869e-02   5.9564927609e-02   4.8519557876e-09   1.7633839612e-04   2.4586680318e-11   6.9183400000e-01
   1.0200000000e-01   1.0200000000e-01   9.3620325268e+02  -1.0478431533e+06   1.5120989499e-01   3.4278839056e-01   1.2780068160e+06   5.3482448023e-04   1.8120948650e-08   1.2680548907e-08   9.1329065743e-02   6.3884071565e-08   7.0429556259e-02   1.8492062286e-05   5.7912480244e-10   2.4681916016e-11   1.7960059404e-04   6.8318157605e-02   1.9892829266e-02   6.0352684984e-02   5.7379432184e-09   1.7868795253e-04   2.7571513989e-11   6.8876600000e-01
   1.0600000000e-01   1.0600000000e-01   9.5403304969e+02  -1.0530432118e+06   1.5330096228e-01   3.3531757510e-01   1.3271825798e+06   5.4751738709e-04   2.0133165652e-08   1.4232622689e-08   8.8786170369e-02   6.6941804002e-08   7.1400592492e-02   1.8766854720e-05   6.4443899928e-10   2.6979035221e-11   1.8432630252e-04   7.1830904283e-02   2.0264715570e-02   6.1088136832e-02   6.6028051167e-09   1.8076129727e-04   3.0360091813e-11   6.8569800000e-01
   1.1000000000e-01   1.1000000000e-01   9.6867475204e+02  -1.0612460840e+06   1.5526498517e-01   3.2921123726e-01   1.3655153310e+06   5.5971512005e-04   2.1843771094e-08   1.5374705929e-08   8.6342229517e-02   6.9178691386e-08   7.2312363870e-02   1.8976779101e-05   7.0711403175e-10   2.9025199574e-11   1.8895487059e-04   7.5372167166e-02   2.0618619215e-02   6.1774286962e-02   7.4264189703e-09   1.8257190823e-04   3.3188148676e-11   6.8263000000e-01
   1.1400000000e-01   1.1400000000e-01   9.8077491249e+02  -1.0717163290e+06   1.5710859831e-01   3.2413454222e-01   1.3947448289e+06   5.7143338701e-04   2.3277621254e-08   1.6128321855e-08   8.3992037566e-02   7.0663870796e-08   7.3167969421e-02   1.9125610711e-05   7.6658252642e-10   3.0812868363e-11   1.9348378691e-04   7.8940501444e-02   2.0955292532e-02   6.2413902966e-02   8.2034507407e-09   1.8413417957e-04   3.6053116954e-11   6.7956200000e-01
   1.1800000000e-01   1.1800000000e-01   9.9087188414e+02  -1.0838243013e+06   1.5883795819e-01   3.1983653516e-01   1.4165231725e+06   5.8268711920e-04   2.4473403330e-08   1.6549836615e-08   8.1730763993e-02   7.1509694481e-08   7.3970285625e-02   1.9217957729e-05   8.2281890512e-10   3.2359120430e-11   1.9790974896e-04   8.2534564860e-02   2.1275444564e-02   6.3009540881e-02   8.9345300101e-09   1.8546289022e-04   3.8884147843e-11   6.7649400000e-01
   1.2200000000e-01   1.2200000000e-01   9.9936684120e+02  -1.0971061760e+06   1.6045878961e-01   3.1614054277e-01   1.4322555842e+06   5.9349057258e-04   2.5469632736e-08   1.6703664376e-08   7.9553917461e-02   7.1829224008e-08   7.4721987927e-02   1.9258792297e-05   8.7598222584e-10   3.3687226293e-11   2.0222942145e-04   8.6153107341e-02   2.1579744469e-02   6.3563566640e-02   9.6219588930e-09   1.8657280131e-04   4.1617950569e-11   6.7342600000e-01
   1.2600000000e-01   1.2600000000e-01   1.0065539275e+03  -1.1112328408e+06   1.6197642625e-01   3.1292196054e-01   1.4430715766e+06   6.0385739990e-04   2.6299608632e-08   1.6649428001e-08   7.7457314282e-02   7.1722090850e-08   7.5425569520e-02   1.9253136382e-05   9.2627203956e-10   3.4820463238e-11   2.0643982693e-04   8.9794962176e-02   2.1868824567e-02   6.4078174767e-02   1.0268323254e-08   1.8747838148e-04   4.4216596448e-11   6.7035800000e-01
   1.3000000000e-01   1.3000000000e-01   1.0126505848e+03  -1.1259714665e+06   1.6339584644e-01   3.1009132767e-01   1.4498514461e+06   6.1380070387e-04   2.6990381388e-08   1.6437281729e-08   7.5437050538e-02   7.1270455957e-08   7.6083357890e-02   1.9205866918e-05   9.7385547138e-10   3.5778905172e-11   2.1053851946e-04   9.3459038374e-02   2.2143283085e-02   6.4555404766e-02   1.0875837611e-08   1.8819362736e-04   4.6662502839e-11   6.6729000000e-01
   1.3400000000e-01   1.3400000000e-01   1.0178204538e+03  -1.1411560746e+06   1.6472170471e-01   3.0758290237e-01   1.4532803958e+06   6.2333307819e-04   2.7563458159e-08   1.6107563336e-08   7.3489477348e-02   7.0540782534e-08   7.6697529438e-02   1.9121603031e-05   1.0188557825e-09   3.6579382760e-11   2.1452363752e-04   9.7144313988e-02   2.2403686650e-02   6.4997155542e-02   1.1446316365e-08   1.8873195348e-04   4.8950341822e-11   6.6422200000e-01
   1.3800000000e-01   1.3800000000e-01   1.0221896849e+03  -1.1566671807e+06   1.6595835981e-01   3.0534708306e-01   1.4538971502e+06   6.3246664111e-04   2.8035894532e-08   1.5692017794e-08   7.1611178859e-02   6.9586660032e-08   7.7270122482e-02   1.9004647414e-05   1.0613565909e-09   3.7235948393e-11   2.1839389544e-04   1.0084983022e-01   2.2650572547e-02   6.5405198138e-02   1.1981247090e-08   1.8910612930e-04   5.1080964203e-11   6.6115400000e-01
   1.4200000000e-01   1.4200000000e-01   1.0258576292e+03  -1.1724180121e+06   1.6710989952e-01   3.0334557890e-01   1.4521324369e+06   6.4121306304e-04   2.8421314150e-08   1.5215380062e-08   6.9798952756e-02   6.8451466915e-08   7.7803048755e-02   1.8858962001e-05   1.1014103366e-09   3.7760439808e-11   2.2214854474e-04   1.0457468621e-01   2.2884450744e-02   6.5781186954e-02   1.2481878256e-08   1.8932824817e-04   5.3057905489e-11   6.5808600000e-01
   1.4600000000e-01   1.4600000000e-01   1.0289040664e+03  -1.1883451190e+06   1.6818016311e-01   3.0154822503e-01   1.4483373545e+06   6.4958359256e-04   2.8730734047e-08   1.4696846979e-08   6.8049792535e-02   6.7170578044e-08   7.8298103861e-02   1.8688165038e-05   1.1390470010e-09   3.8162995071e-11   2.2578732311e-04   1.0831803436e-01   2.3105805795e-02   6.6126669867e-02   1.2949297114e-08   1.8940971888e-04   5.4885693512e-11   6.5501800000e-01
   1.5000000000e-01   1.5000000000e-01   1.0313942176e+03  -1.2044018823e+06   1.6917276117e-01   2.9993082094e-01   1.4428035098e+06   6.5758907783e-04   2.8973192971e-08   1.4151297915e-08   6.6360871912e-02   6.5773096772e-08   7.8756976465e-02   1.8495540742e-05   1.1742816621e-09   3.8452470238e-11   2.2931039885e-04   1.1207907616e-01   2.3315098516e-02   6.6443097111e-02   1.3384490052e-08   1.8936127131e-04   5.6569155187e-11   6.5195000000e-01
   1.5400000000e-01   1.5400000000e-01   1.0333822944e+03  -1.2205539422e+06   1.7009109357e-01   2.9847362759e-01   1.4357771625e+06   6.6523998730e-04   2.9156217690e-08   1.3590258855e-08   6.4729530584e-02   6.4283184919e-08   7.9181256698e-02   1.8284056354e-05   1.2071206250e-09   3.8636764453e-11   2.3271831655e-04   1.1585705838e-01   2.3512767557e-02   6.6731829326e-02   1.3788386460e-08   1.8919297254e-04   5.8113192880e-11   6.4888200000e-01
   1.5800000000e-01   1.5800000000e-01   1.0349140598e+03  -1.2367759222e+06   1.7093836569e-01   2.9716029978e-01   1.4274691716e+06   6.7254642829e-04   2.9286165956e-08   1.3022647860e-08   6.3153261463e-02   6.2721076749e-08   7.9572443683e-02   1.8056382983e-05   1.2375661990e-09   3.8723064166e-11   2.3601194564e-04   1.1965126974e-01   2.3699230833e-02   6.6994144747e-02   1.4161888961e-08   1.8891424919e-04   5.9522740967e-11   6.4581400000e-01
   1.6200000000e-01   1.6200000000e-01   1.0360287089e+03  -1.2530490426e+06   1.7171760282e-01   2.9597711233e-01   1.4180620616e+06   6.7951816318e-04   2.9368479078e-08   1.2455347610e-08   6.1629699294e-02   6.1103853502e-08   7.9931952252e-02   1.7814918052e-05   1.2656203792e-09   3.8718024802e-11   2.3919243276e-04   1.2346103782e-01   2.3874886801e-02   6.7231245603e-02   1.4505893205e-08   1.8853391367e-04   6.0802795159e-11   6.4274600000e-01
   1.6600000000e-01   1.6600000000e-01   1.0367602771e+03  -1.2693593536e+06   1.7243166360e-01   2.9491238767e-01   1.4077151264e+06   6.8616462641e-04   2.9407869828e-08   1.1893645628e-08   6.0156610019e-02   5.9446039272e-08   8.0261119230e-02   1.7561808115e-05   1.2912876891e-09   3.8627906730e-11   2.4226115926e-04   1.2728572626e-01   2.4040115706e-02   6.7444264038e-02   1.4821300379e-08   1.8806019336e-04   6.1958448262e-11   6.3967800000e-01
   1.7000000000e-01   1.7000000000e-01   1.0371387067e+03  -1.2856964086e+06   1.7308325187e-01   2.9395606630e-01   1.3965681913e+06   6.9249493841e-04   2.9408463725e-08   1.1341574480e-08   5.8731881433e-02   5.7760062534e-08   8.0561208948e-02   1.7298971022e-05   1.3145772674e-09   3.8458672194e-11   2.4521970250e-04   1.3112473223e-01   2.4195280659e-02   6.7634267325e-02   1.5109024343e-08   1.8750076044e-04   6.2994901374e-11   6.3661000000e-01
   1.7400000000e-01   1.7400000000e-01   1.0371906667e+03  -1.3020522605e+06   1.7367492761e-01   2.9309937927e-01   1.3847444763e+06   6.9851791951e-04   2.9373907673e-08   1.0802177164e-08   5.7353514532e-02   5.6056616965e-08   8.0833418363e-02   1.7028117093e-05   1.3355044221e-09   3.8216054650e-11   2.4806980169e-04   1.3497748414e-01   2.4340728664e-02   6.7802262659e-02   1.5369995064e-08   1.8686276237e-04   6.3917467528e-11   6.3354200000e-01
   1.7800000000e-01   1.7800000000e-01   1.0369401792e+03  -1.3184207102e+06   1.7420911687e-01   2.9233459796e-01   1.3723529343e+06   7.0424210286e-04   2.9307456632e-08   1.0277718211e-08   5.6019615652e-02   5.4344950607e-08   8.1078881703e-02   1.6750768940e-05   1.3540918973e-09   3.7905611559e-11   2.5081332760e-04   1.3884343954e-01   2.4476791567e-02   6.7949201498e-02   1.5605160476e-08   1.8615285204e-04   6.4731570066e-11   6.3047400000e-01
   1.8200000000e-01   1.8200000000e-01   1.0364091016e+03  -1.3347967468e+06   1.7468812088e-01   2.9165484122e-01   1.3594903223e+06   7.0967574636e-04   2.9212047524e-08   9.7698589660e-09   5.4728389312e-02   5.2633102498e-08   8.1298674702e-02   1.6468279846e-05   1.3703710749e-09   3.7532758823e-11   2.5345225577e-04   1.4272208315e-01   2.4603786919e-02   6.8075983509e-02   1.5815487631e-08   1.8537721730e-04   6.5442748915e-11   6.2740600000e-01
   1.8600000000e-01   1.8600000000e-01   1.0356174755e+03  -1.3511761728e+06   1.7511412426e-01   2.9105393173e-01   1.3462435895e+06   7.1482684384e-04   2.9090371858e-08   9.2798224744e-09   5.3478131668e-02   5.0928136789e-08   8.1493818474e-02   1.6181850634e-05   1.3843843627e-09   3.7102816299e-11   2.5598864267e-04   1.4661292518e-01   2.4722018788e-02   6.8183460158e-02   1.6001969381e-08   1.8454160950e-04   6.6056718443e-11   6.2433800000e-01
   1.9000000000e-01   1.9000000000e-01   1.0345837824e+03  -1.3675553605e+06   1.7548920272e-01   2.9052628781e-01   1.3326936335e+06   7.1970313574e-04   2.8944963708e-08   8.8085960245e-09   5.2267224493e-02   4.9236501316e-08   8.1665283081e-02   1.5892545015e-05   1.3961918589e-09   3.6621119866e-11   2.5842460449e-04   1.5051549961e-01   2.4831778501e-02   6.8272438005e-02   1.6165649909e-08   1.8365137097e-04   6.6579605887e-11   6.2127000000e-01
   1.9400000000e-01   1.9400000000e-01   1.0333251173e+03  -1.3839311265e+06   1.7581532998e-01   2.9006684481e-01   1.3189239726e+06   7.2431211898e-04   2.8778331698e-08   8.3572905189e-09   5.1094129657e-02   4.7565026279e-08   8.1813990801e-02   1.5601303383e-05   1.4058901687e-09   3.6093439600e-11   2.6076229714e-04   1.5442936278e-01   2.4933345347e-02   6.8343681715e-02   1.6307710066e-08   1.8271146119e-04   6.7018764128e-11   6.1820200000e-01
   1.9800000000e-01   1.9800000000e-01   1.0318573074e+03  -1.4003006861e+06   1.7609438424e-01   2.8967099749e-01   1.3050472275e+06   7.2866105621e-04   2.8593183631e-08   7.9279792016e-09   4.9957384046e-02   4.5924793799e-08   8.1940819138e-02   1.5308954885e-05   1.4136547332e-09   3.5527644575e-11   2.6300389431e-04   1.5835409199e-01   2.5026987223e-02   6.8397916822e-02   1.6429735588e-08   1.8172648161e-04   6.7385191342e-11   6.1513400000e-01
   2.0800000000e-01   2.0800000000e-01   1.0277466993e+03  -1.4412029303e+06   1.7667880870e-01   2.8882349672e-01   1.2698762466e+06   7.3890087570e-04   2.8092254358e-08   6.9228214284e-09   4.7202911224e-02   4.1982609530e-08   8.2205280187e-02   1.4577135814e-05   1.4289445929e-09   3.4048905436e-11   2.6837304112e-04   1.6819207265e-01   2.5241922240e-02   6.8492705397e-02   1.6691821361e-08   1.7916202409e-04   6.8169440970e-11   6.0746400000e-01
   2.2400000000e-01   2.2400000000e-01   1.0184758349e+03  -1.5064673462e+06   1.7695501870e-01   2.8829179587e-01   1.2125380116e+06   7.5149931809e-04   2.7035122711e-08   5.5485598660e-09   4.3303931907e-02   3.5989867379e-08   8.2322393230e-02   1.3424594371e-05   1.4205640202e-09   3.1166023403e-11   2.7554735211e-04   1.8408543175e-01   2.5472642087e-02   6.8408484063e-02   1.6809739972e-08   1.7455879219e-04   6.8254213098e-11   5.9519200000e-01
   2.4000000000e-01   2.4000000000e-01   1.0072129341e+03  -1.5715311776e+06   1.7666306846e-01   2.8840618089e-01   1.1559641867e+06   7.6069955001e-04   2.5815762227e-08   4.4263917507e-09   3.9842626890e-02   3.0605877126e-08   8.2175818347e-02   1.2314655680e-05   1.3865689893e-09   2.8061409654e-11   2.8144213172e-04   2.0011082697e-01   2.5603709176e-02   6.8122841387e-02   1.6692810034e-08   1.6964187274e-04   6.7557670876e-11   5.8292000000e-01
   2.5600000000e-01   2.5600000000e-01   9.9441313369e+02  -1.6364413059e+06   1.7587890892e-01   2.8905156151e-01   1.1010200937e+06   7.6684495879e-04   2.4487308495e-08   3.5192110764e-09   3.6760047222e-02   2.5856095380e-08   8.1800977916e-02   1.1260712458e-05   1.3319598017e-09   2.4907387488e-11   2.8618511748e-04   2.1625097914e-01   2.5646751175e-02   6.7664334871e-02   1.6384631846e-08   1.6454721377e-04   6.6284165459e-11   5.7064800000e-01
   2.7200000000e-01   2.7200000000e-01   9.8041859377e+02  -1.7012559862e+06   1.7466664523e-01   2.9014562071e-01   1.0479535103e+06   7.7024097783e-04   2.3086713286e-08   2.7893640181e-09   3.4006504471e-02   2.1720031160e-08   8.1227746729e-02   1.0269322353e-05   1.2614336687e-09   2.1828163816e-11   2.8989241243e-04   2.3249125057e-01   2.5611826187e-02   6.7056831332e-02   1.5920912146e-08   1.5937312967e-04   6.4575985366e-11   5.5837600000e-01
   2.8800000000e-01   2.8800000000e-01   9.6550408567e+02  -1.7660186610e+06   1.7308076430e-01   2.9162449670e-01   9.9664431358e+05   7.7115992683e-04   2.1641227086e-08   2.2039843124e-09   3.1539818800e-02   1.8156281084e-08   8.0481497707e-02   9.3427989706e-06   1.1794262198e-09   1.8911839306e-11   2.9266785605e-04   2.4881915770e-01   2.5507680883e-02   6.6320425782e-02   1.5331886599e-08   1.5418995021e-04   6.2530282499e-11   5.4610400000e-01
   3.0400000000e-01   3.0400000000e-01   9.4989385462e+02  -1.8307553187e+06   1.7116786284e-01   2.9343727993e-01   9.4675332972e+05   7.6984511466e-04   2.0171458424e-08   1.7355168756e-09   2.9323961704e-02   1.5112593109e-08   7.9583913037e-02   8.4808693238e-06   1.0899466301e-09   1.6215823610e-11   2.9460318624e-04   2.6522399134e-01   2.5341957070e-02   6.5472147619e-02   1.4643194460e-08   1.4904723018e-04   6.0208671667e-11   5.3383200000e-01
   3.2000000000e-01   3.2000000000e-01   9.3377058160e+02  -1.8954796980e+06   1.6896800619e-01   2.9554321517e-01   8.9783725713e+05   7.6651434292e-04   1.8693467138e-08   1.3613220095e-09   2.7327990048e-02   1.2532386804e-08   7.8553621873e-02   7.6817324289e-06   9.9647862646e-10   1.3772563534e-11   2.9577858813e-04   2.8169651678e-01   2.5121358951e-02   6.4526511023e-02   1.3876764411e-08   1.4397912851e-04   5.7647224826e-11   5.2156000000e-01
   3.3600000000e-01   3.3600000000e-01   9.1728259929e+02  -1.9601985221e+06   1.6651581013e-01   2.9790966711e-01   8.4943006422e+05   7.6136291924e-04   1.7220270126e-08   1.0630045709e-09   2.5525198541e-02   1.0358944724e-08   7.7406707810e-02   6.9427344478e-06   9.0194014645e-10   1.1595075302e-11   2.9626343063e-04   2.9822873408e-01   2.4851790010e-02   6.3495949389e-02   1.3051612042e-08   1.3900842061e-04   5.4865864052e-11   5.0928800000e-01
   3.5200000000e-01   3.5200000000e-01   9.0054984201e+02  -2.0249149060e+06   1.6384131022e-01   3.0051059004e-01   8.0110292760e+05   7.5456625501e-04   1.5762967075e-08   8.2571294775e-10   2.3892439486e-02   8.5380996688e-09   7.6157116484e-02   6.2607974362e-06   8.0869140723e-10   9.6820425268e-12   2.9611708529e-04   3.1481368474e-01   2.4538465853e-02   6.2391161628e-02   1.2184546679e-08   1.3414949270e-04   5.1877073361e-11   4.9701600000e-01
   3.6800000000e-01   3.6800000000e-01   8.8366887163e+02  -2.0896302459e+06   1.6097066670e-01   3.0332532456e-01   7.5250843079e+05   7.4628211257e-04   1.4331566001e-08   6.3749430063e-10   2.2409571874e-02   7.0198166735e-09   7.4816985895e-02   5.6326883891e-06   7.1857357668e-10   8.0221975026e-12   2.9538977792e-04   3.3144529432e-01   2.4186007877e-02   6.1221390818e-02   1.1290738682e-08   1.2941057821e-04   4.8693130560e-11   4.8474400000e-01
   3.8400000000e-01   3.8400000000e-01   8.6671709506e+02  -2.1543451466e+06   1.5792674244e-01   3.0633764159e-01   7.0341279662e+05   7.3665256950e-04   1.2935551914e-08   4.8873669717e-10   2.1059010211e-02   5.7589870423e-09   7.3396917066e-02   5.0551831801e-06   6.3296379842e-10   6.5978794316e-12   2.9412345871e-04   3.4811824303e-01   2.3798521909e-02   5.9994650896e-02   1.0384121309e-08   1.2479542842e-04   4.5331641600e-11   4.7247200000e-01
   4.0000000000e-01   4.0000000000e-01   8.4975623362e+02  -2.2190598646e+06   1.5472957913e-01   3.0953499474e-01   6.5371803017e+05   7.2580573187e-04   1.1584221597e-08   3.7170330481e-10   1.9825353205e-02   4.7156843610e-09   7.1906196916e-02   4.5251612069e-06   5.5283666052e-10   5.3877926693e-12   2.9235268133e-04   3.6482785851e-01   2.3379664357e-02   5.8717912128e-02   9.4776221928e-09   1.2030456127e-04   4.1819217984e-11   4.6020000000e-01
   4.1600000000e-01   4.1600000000e-01   8.3283515737e+02  -2.2837745064e+06   1.5139679296e-01   3.1290793812e-01   6.0347418037e+05   7.1385723869e-04   1.0286799887e-08   2.8015235518e-10   1.8695075595e-02   3.8550714798e-09   7.0352983311e-02   4.0396537359e-06   4.7882588715e-10   4.3690561903e-12   2.9010549474e-04   3.8157002658e-01   2.2932698296e-02   5.7397254112e-02   8.5832376899e-09   1.1593619448e-04   3.8193233324e-11   4.4792800000e-01
   4.3200000000e-01   4.3200000000e-01   8.1599219264e+02  -2.3484891163e+06   1.4794390560e-01   3.1644967524e-01   5.5288101795e+05   7.0091158959e-04   9.0523548622e-09   2.0903236771e-10   1.7656270589e-02   3.1470962977e-09   6.8744459783e-02   3.5958614891e-06   4.1128261278e-10   3.5186616722e-12   2.8740434962e-04   3.9834111609e-01   2.2460541319e-02   5.6037992908e-02   7.7119774447e-09   1.1168694168e-04   3.4501692633e-11   4.3565600000e-01
   4.4800000000e-01   4.4800000000e-01   7.9925700040e+02  -2.4132037122e+06   1.4438462261e-01   3.2015571121e-01   5.0227823428e+05   6.8706331823e-04   7.8895400264e-09   1.5424112892e-10   1.6698433511e-02   2.5660732500e-09   6.7086965550e-02   3.1911524484e-06   3.5032834676e-10   2.8144593478e-12   2.8426701600e-04   4.1513791552e-01   2.1965806501e-02   5.4644787237e-02   6.8737174668e-09   1.0755233100e-04   3.0801371367e-11   4.2338400000e-01
   4.6400000000e-01   4.6400000000e-01   7.8265210885e+02  -2.4779183019e+06   1.4073106874e-01   3.2402358611e-01   4.5212383625e+05   6.7239803261e-04   6.8062083190e-09   1.1243731443e-10   1.5812279057e-02   2.0902162241e-09   6.5386105374e-02   2.8230477380e-06   2.9590188328e-10   2.2357801834e-12   2.8070750354e-04   4.3195757905e-01   2.1450837641e-02   5.3221727689e-02   6.0770070332e-09   1.0352718974e-04   2.7154533416e-11   4.1111200000e-01
   4.8000000000e-01   4.8000000000e-01   7.6619416880e+02  -2.5426328886e+06   1.3699398827e-01   3.2805267209e-01   4.0296162028e+05   6.5699334191e-04   5.8089598045e-09   8.0894554501e-11   1.4989585904e-02   1.7011656274e-09   6.3646843003e-02   2.4892013161e-06   2.4780010470e-10   1.7637870456e-12   2.7673697040e-04   4.4879758053e-01   2.0917739770e-02   5.1772412156e-02   5.3288761009e-09   9.9605928099e-05   2.3624693145e-11   3.9884000000e-01
   4.9600000000e-01   4.9600000000e-01   7.4989498477e+02  -2.6073474738e+06   1.3318291606e-01   3.3224402222e-01   3.5538019349e+05   6.4091968109e-04   4.9026968252e-09   5.7388849469e-11   1.4223064144e-02   1.3835358720e-09   6.1873580913e-02   2.1873779846e-06   2.0571302325e-10   1.3816304223e-12   2.7236459783e-04   4.6565567387e-01   2.0368405613e-02   5.0300009850e-02   4.6346849471e-09   9.5782746761e-05   2.0272007991e-11   3.8656800000e-01
   5.1200000000e-01   5.1200000000e-01   7.3376236389e+02  -2.6720620583e+06   1.2930632407e-01   3.3660026184e-01   3.0996753434e+05   6.2424104337e-04   4.0902616235e-09   4.0111364182e-11   1.3506241789e-02   1.1244979287e-09   6.0070228595e-02   1.9154330079e-06   1.6925361088e-10   1.0744683422e-12   2.6759840435e-04   4.8252985907e-01   1.9804538604e-02   4.8807315829e-02   3.9980473484e-09   9.2051787497e-05   1.7148935615e-11   3.7429600000e-01
   5.2800000000e-01   5.2800000000e-01   7.1780081881e+02  -2.7367766424e+06   1.2537174809e-01   3.4112551479e-01   2.6726604902e+05   6.0701563560e-04   3.3722185911e-09   2.7599813786e-11   1.2833366755e-02   9.1340357441e-10   5.8240261540e-02   1.6712952742e-06   1.3798300166e-10   8.2939617834e-13   2.6244597659e-04   4.9941835275e-01   1.9227673102e-02   4.7296797815e-02   3.4208439638e-09   8.8407239968e-05   1.4296732353e-11   3.6202400000e-01
   5.4400000000e-01   5.4400000000e-01   7.0201214891e+02  -2.8014912263e+06   1.2138589693e-01   3.4582536086e-01   2.2773326556e+05   5.8929645727e-04   2.7468195711e-09   1.8683022700e-11   1.2199322408e-02   7.4145299409e-10   5.6386772074e-02   1.4529555997e-06   1.1143166194e-10   6.3532035286e-13   2.5691508944e-04   5.1631956266e-01   1.8639192051e-02   4.5770636352e-02   2.9033272186e-09   8.4843416673e-05   1.1743215508e-11   3.4975200000e-01
   5.6000000000e-01   5.6000000000e-01   6.8639592309e+02  -2.8662058101e+06   1.1735474727e-01   3.5070682030e-01   1.9171243470e+05   5.7113181383e-04   2.2101586454e-09   1.2434548032e-11   1.1599554283e-02   6.0140415931e-10   5.4512513476e-02   1.2584604328e-06   8.9117031050e-11   4.8280070318e-13   2.5101420012e-04   5.3323206561e-01   1.8040342525e-02   4.4230759457e-02   2.4443051270e-09   8.1354803760e-05   9.5019838260e-12   3.3748000000e-01
   5.7600000000e-01   5.7600000000e-01   6.7094988190e+02  -2.9309203939e+06   1.1328362639e-01   3.5577836310e-01   1.5941568528e+05   5.5256577201e-04   1.7564917937e-09   8.1325918633e-12   1.1030006193e-02   4.8732083664e-10   5.2619938446e-02   1.0859105881e-06   7.0558053778e-11   3.6387896552e-13   2.4475280882e-04   5.5015458823e-01   1.7432249496e-02   4.2678872680e-02   2.0413818368e-09   7.7936093765e-05   7.5730453503e-12   3.2520800000e-01
   5.9200000000e-01   5.9200000000e-01   6.5567027251e+02  -2.9956349777e+06   1.0917728436e-01   3.6104994221e-01   1.3092039761e+05   5.3363856064e-04   1.3786734559e-09   5.2245750443e-12   1.0487064523e-02   3.9435547815e-10   5.0711232651e-02   9.3346432227e-07   5.5286957335e-11   2.7190528687e-13   2.3814168457e-04   5.6708599023e-01   1.6815927982e-02   4.1116485171e-02   1.6912284699e-09   7.4582205512e-05   5.9445956282e-12   3.1293600000e-01
   6.0800000000e-01   6.0800000000e-01   6.4055212859e+02  -3.0603495615e+06   1.0503995724e-01   3.6653304984e-01   1.0617751316e+05   5.1438692379e-04   1.0686497759e-09   3.2955960922e-12   9.9675094679e-03   3.1856315581e-10   4.8788344090e-02   7.9934353209e-07   4.2858543199e-11   2.0137054649e-13   2.3119296614e-04   5.8402524986e-01   1.6192293834e-02   3.9544932394e-02   1.3898583130e-09   7.1288294682e-05   4.5955570044e-12   3.0066400000e-01
   6.2400000000e-01   6.2400000000e-01   6.2558950501e+02  -3.1250641454e+06   1.0087542272e-01   3.7224079705e-01   8.5029057883e+04   4.9484443330e-04   8.1794892523e-10   2.0405466604e-12   9.4684721319e-03   2.5674294979e-10   4.6853008934e-02   6.8184170369e-07   3.2857213191e-11   1.4774924517e-13   2.2392015602e-04   6.0097145114e-01   1.5562173355e-02   3.7965396000e-02   1.1328847370e-09   6.8049757525e-05   3.4984505764e-12   2.8839200000e-01
   6.4000000000e-01   6.4000000000e-01   6.1077567490e+02  -3.1897787293e+06   9.6687049064e-02   3.7818801766e-01   6.7231449613e+04   4.7504176407e-04   6.1812004346e-10   1.2399070746e-12   8.9873968229e-03   2.0630356328e-10   4.4906774244e-02   5.7933247622e-07   2.4901935716e-11   1.0735557697e-13   2.1633802621e-04   6.1792377276e-01   1.4926311854e-02   3.6378921202e-02   9.1574683534e-10   6.4862230105e-05   2.6222172629e-12   2.7612000000e-01
   6.5600000000e-01   6.5600000000e-01   5.9610329597e+02  -3.2544933133e+06   9.2477838286e-02   3.8439139788e-01   5.2481107413e+04   4.5500693796e-04   4.6108859556e-10   7.3926181338e-13   8.5220077814e-03   1.6515023326e-10   4.2951018014e-02   4.9027771082e-07   1.8649339632e-11   7.7213825524e-14   2.0846245945e-04   6.3488147823e-01   1.4285381289e-02   3.4786432045e-02   7.3389443161e-10   6.1721584435e-05   1.9347000115e-12   2.6384800000e-01
   6.7200000000e-01   6.7200000000e-01   5.8156455191e+02  -3.3192078973e+06   8.8250464443e-02   3.9086963362e-01   4.0439396946e+04   4.3476554132e-04   3.3941367241e-10   4.3246690271e-13   8.0702797149e-03   1.3159028640e-10   4.0986966928e-02   4.1323422492e-07   1.3795133750e-11   5.4943255559e-14   2.0031024876e-04   6.5184390737e-01   1.3639987130e-02   3.3188744844e-02   5.8293010088e-10   5.8623922445e-05   1.4046174893e-12   2.5157600000e-01
   6.8800000000e-01   6.8800000000e-01   5.6715127345e+02  -3.3839224814e+06   8.4007307536e-02   3.9764361839e-01   3.0754779767e+04   4.1434091923e-04   2.4644811370e-10   2.4824657809e-13   7.6304117100e-03   1.0425492567e-10   3.9015712083e-02   3.4685873747e-07   1.0074074440e-11   3.8657063563e-14   1.9189887407e-04   6.6881046863e-01   1.2990674497e-02   3.1586580037e-02   4.5871045248e-10   5.5565568747e-05   1.0029713871e-12   2.3930400000e-01
   7.0400000000e-01   7.0400000000e-01   5.5285504370e+02  -3.4486370655e+06   7.9750483716e-02   4.0473666507e-01   2.3080905186e+04   3.9375435103e-04   1.7641284208e-10   1.3985586462e-13   7.2008040079e-03   8.2035012154e-11   3.7038222996e-02   2.8991070360e-07   7.2587127147e-12   2.6874594924e-14   1.8324627421e-04   6.8578063241e-01   1.2337933699e-02   2.9980572670e-02   3.5741156547e-10   5.2543062454e-05   7.0391390769e-13   2.2703200000e-01
   7.2000000000e-01   7.2000000000e-01   5.3866729093e+02  -3.5133516497e+06   7.5481872149e-02   4.1217476594e-01   1.7090196525e+04   3.7302520873e-04   1.2440289273e-10   7.7357944240e-14   6.7800373645e-03   6.4028811406e-11   3.5055360043e-02   2.4125309587e-07   5.1571766945e-12   1.8445847296e-14   1.7437062528e-04   7.0275392499e-01   1.1682205213e-02   2.8371281684e-02   2.7556499808e-10   4.9553148701e-05   4.8515737732e-13   2.1476000000e-01
   7.3600000000e-01   7.3600000000e-01   5.2457937242e+02  -3.5780662340e+06   7.1203138972e-02   4.1998689616e-01   1.2483066518e+04   3.5217110104e-04   8.6344154309e-11   4.2032543443e-14   6.3668546545e-03   4.9499851628e-11   3.3067885562e-02   1.9985125852e-07   3.6102428097e-12   1.2487192883e-14   1.6529013482e-04   7.1972992327e-01   1.1023884174e-02   2.6759198135e-02   2.1007090141e-10   4.6592770030e-05   3.2803140784e-13   2.0248800000e-01
   7.5200000000e-01   7.5200000000e-01   5.1058265218e+02  -3.6427808183e+06   6.6915758722e-02   4.2820536663e-01   8.9932799329e+03   3.3120800523e-04   5.8918603719e-11   2.2449712738e-14   5.9601444298e-03   3.7843237719e-11   3.1076473767e-02   1.6477007317e-07   2.4879429360e-12   8.3272268183e-15   1.5602285780e-04   7.3670824990e-01   1.0363324430e-02   2.5144752520e-02   1.5819429647e-10   4.3659057743e-05   2.1729497592e-13   1.9021600000e-01
   7.6800000000e-01   7.6800000000e-01   4.9666857558e+02  -3.7074954026e+06   6.2621033539e-02   4.3686623371e-01   6.3901711488e+03   3.1015038834e-04   3.9472887506e-11   1.1794877418e-14   5.5589261994e-03   2.8558961732e-11   2.9081719637e-02   1.3516974849e-07   1.6859360840e-12   5.4616571826e-15   1.4658653762e-04   7.5368856904e-01   9.7008422215e-03   2.3528321292e-02   1.1754970883e-10   4.0749323311e-05   1.4079837872e-13   1.7794400000e-01
   7.8400000000e-01   7.8400000000e-01   4.8282874310e+02  -3.7722099870e+06   5.8320110356e-02   4.4600977443e-01   4.4784689482e+03   2.8901131865e-04   2.5921549812e-11   6.0997321250e-15   5.1623372548e-03   2.1230942636e-11   2.7084146867e-02   1.1030058668e-07   1.1218446867e-12   3.5161800815e-15   1.3699847186e-04   7.7067058243e-01   9.0367195075e-03   2.1910232663e-02   8.6078368412e-11   3.7861050022e-05   8.9070799977e-14   1.6567200000e-01
   8.0000000000e-01   8.0000000000e-01   4.6905498602e+02  -3.8369245715e+06   5.4013996345e-02   4.5568103759e-01   3.0964269159e+03   2.6780256854e-04   1.6652721446e-11   3.1060637747e-15   4.7696208497e-03   1.5510705683e-11   2.5084215003e-02   8.9497022568e-08   7.3171754037e-13   2.2163228146e-15   1.2727540257e-04   7.8765402593e-01   8.3712069830e-03   2.0290771791e-02   6.2021166720e-11   3.4991884854e-05   5.4888462476e-14   1.5340000000e-01
   8.1600000000e-01   8.1600000000e-01   4.5533944620e+02  -3.9016391560e+06   4.9703572817e-02   4.6593048276e-01   2.1128592068e+03   2.4653470992e-04   1.0441147259e-11   1.5569973872e-15   4.3801155667e-03   1.1104776676e-11   2.3082325869e-02   7.2171195947e-08   4.6674225203e-13   1.3632876707e-15   1.1743342972e-04   8.0463866632e-01   7.7045268255e-03   1.8670185412e-02   4.3889707631e-11   3.2139630523e-05   3.2859887501e-14   1.4112800000e-01
   8.3200000000e-01   8.3200000000e-01   4.4167466239e+02  -3.9663537405e+06   4.5389607721e-02   4.7681472185e-01   1.4235664244e+03   2.2521720242e-04   6.3711540024e-12   7.6744991099e-16   3.9932457608e-03   7.7650153179e-12   2.1078829335e-02   5.7806311312e-08   2.9029136574e-13   8.1488753367e-16   1.0748794460e-04   8.2162429848e-01   7.0368751884e-03   1.7048685995e-02   3.0437106400e-11   2.9302237825e-05   1.9049934684e-14   1.2885600000e-01
   8.4800000000e-01   8.4800000000e-01   4.2805366515e+02  -4.0310683252e+06   4.1072766911e-02   4.8839738033e-01   9.4752024858e+02   2.0385847508e-04   3.7705070588e-12   3.7109378749e-16   3.6085129584e-03   5.2812375901e-12   1.9074028519e-02   4.5949961152e-08   1.7534847665e-13   4.7073140508e-16   9.7453580438e-05   8.3861074277e-01   6.3684244690e-03   1.5426455448e-02   2.0629609984e-11   2.6477798278e-05   1.0653154653e-14   1.1658400000e-01
   8.6400000000e-01   8.6400000000e-01   4.1447008244e+02  -4.0957829098e+06   3.6753624307e-02   5.0075009850e-01   6.2307525946e+02   1.8246600202e-04   2.1550300358e-12   1.7536649274e-16   3.2254880984e-03   3.4755869367e-12   1.7068184470e-02   3.6207529789e-08   1.0232886695e-13   2.6089337778e-16   8.7344177872e-05   8.5559784265e-01   5.6993253757e-03   1.3803648459e-02   1.3619696357e-11   2.3664536985e-05   5.7194670086e-15   1.0431200000e-01
   8.8000000000e-01   8.8000000000e-01   4.0091825769e+02  -4.1604974946e+06   3.2432671071e-02   5.1395369727e-01   4.0439426029e+02   1.6104637258e-04   1.1832241736e-12   8.0552082397e-17   2.8438045352e-03   2.1982088037e-12   1.5061520405e-02   2.8235765088e-08   5.7284018279e-14   1.3738112059e-16   7.7172761711e-05   8.7258546258e-01   5.0297088103e-03   1.2180395483e-02   8.7210261491e-12   2.0860805782e-05   2.9304590135e-15   9.2040000000e-02
   8.9600000000e-01   8.9600000000e-01   3.8739338169e+02  -4.2252120793e+06   2.8110323884e-02   5.2809953775e-01   2.5820755796e+02   1.3960535582e-04   6.1979331319e-13   3.5700993198e-17   2.4631517303e-03   1.3238625991e-12   1.3054225514e-02   2.1736549565e-08   3.0460395157e-14   6.7807320093e-17   6.6951525864e-05   8.8957348604e-01   4.3596875804e-03   1.0556805434e-02   5.3854132656e-12   1.8065076694e-05   1.4218705858e-15   7.9768000000e-02
   9.1200000000e-01   9.1200000000e-01   3.7389163897e+02  -4.2899266642e+06   2.3786932419e-02   5.4329111002e-01   1.6097634191e+02   1.1814795999e-04   3.0686097019e-13   1.5118192257e-17   2.0832695587e-03   7.4917307966e-13   1.1046458410e-02   1.6450822149e-08   1.5170678461e-14   3.0757227882e-17   5.6691823318e-05   9.0656181381e-01   3.6893579569e-03   8.9329680922e-03   3.1818462882e-12   1.5275935662e-05   6.4649539409e-16   6.7496000000e-02
   9.2800000000e-01   9.2800000000e-01   3.6041036880e+02  -4.3546412491e+06   1.9462786079e-02   5.5964589448e-01   9.6493453041e+01   9.6678486631e-05   1.4167949773e-13   6.0346038659e-18   1.7039431804e-03   3.9028414679e-13   9.0383502248e-03   1.2152523021e-08   6.9298346483e-15   1.2434383296e-17   4.6404156992e-05   9.2355036235e-01   3.0188010869e-03   7.3089562804e-03   1.7775272512e-12   1.2492076571e-05   2.7128918051e-16   5.5224000000e-02
   9.4400000000e-01   9.4400000000e-01   3.4694823929e+02  -4.4193558340e+06   1.5138120052e-02   5.7729754896e-01   5.3928046929e+01   7.5200579315e-05   5.9712186285e-14   2.2241397523e-18   1.3249984314e-03   1.8073181080e-13   7.0300074000e-03   8.6422538862e-09   2.8074033110e-15   4.2511224994e-18   3.6098165806e-05   9.4053906241e-01   2.3480842670e-03   5.6848278060e-03   9.2085464370e-13   9.7122955770e-06   1.0254642343e-16   4.2952000000e-02
   9.6000000000e-01   9.6000000000e-01   3.3350543163e+02  -4.4840704190e+06   1.0813120718e-02   5.9639848851e-01   2.6304197336e+01   5.3717266027e-05   2.2084096213e-14   7.2919117076e-19   9.4629771137e-04   6.9404287030e-14   5.0215141710e-03   5.7399630217e-09   9.5041479892e-16   1.1074726228e-18   2.5782595366e-05   9.5752785775e-01   1.6772620791e-03   4.0606272023e-03   4.2626807335e-13   6.9354857117e-06   3.3396899410e-17   3.0680000000e-02
   9.7600000000e-01   9.7600000000e-01   3.2008382958e+02  -4.5487850041e+06   6.4879303894e-03   6.1712294252e-01   9.4001211039e+00   3.2230992791e-05   6.5205476739e-15   1.9436223175e-19   5.6773637324e-04   1.8507337921e-14   3.0129347528e-03   3.2749273810e-09   2.3692245510e-16   1.6853279469e-19   1.5465225873e-05   9.7451670410e-01   1.0063773741e-03   2.4363872697e-03   1.6086180293e-13   4.1606317274e-06   8.4458813857e-18   1.8408000000e-02
   9.9200000000e-01   9.9200000000e-01   3.0668720688e+02  -4.6134995893e+06   2.1626512779e-03   6.3967059776e-01   1.0803064633e+00   1.0743638747e-05   1.0050605923e-15   2.7442133793e-20   1.8923969959e-04   1.4997926123e-15   1.0043151718e-03   1.0681289843e-09   2.6633550410e-17   4.3976482120e-21   5.1526347977e-06   9.9150556851e-01   3.3546206858e-04   8.1213039874e-04   3.2423480671e-14   1.3868054333e-06   1.0495884454e-18   6.1360000000e-03
   1.0000000000e+00   1.0000000000e+00   3.0000000000e+02  -4.6458568819e+06   0.0000000000e+00   6.5169855213e-01   0.0000000000e+00   0.0000000000e+00   0.0000000000e+00   0.0000000000e+00   0.0000000000e+00   0.0000000000e+00   0.0000000000e+00   0.0000000000e+00   0.0000000000e+00   0.0000000000e+00   0.0000000000e+00   1.0000000000e+00   0.0000000000e+00   0.0000000000e+00   0.0000000000e+00   0.0000000000e+00   0.0000000000e+00   0.0000000000e+00