# L (m)  = 1
# P (Pa) = 101325
#             001_x           002_mixf              003_T              004_h             005_pv        006_density        007_hr             008_H2              009_H              010_O             011_O2             012_OH            013_H2O            014_HO2            015_CH2         016_CH2(S)            017_CH3            018_CH4             019_CO            020_CO2            021_HCO           022_CH2O          023_CH2OH             024_N2
                  0   0.0000000000e+00   3.0000000000e+02   1.9075768848e+03   0.0000000000e+00   1.1719839921e+00   0.0000000000e+00   0.0000000000e+00   0.0000000000e+00   0.0000000000e+00   2.3300000000e-01   0.0000000000e+00   0.0000000000e+00   0.0000000000e+00   0.0000000000e+00   0.0000000000e+00   0.0000000000e+00   0.0000000000e+00   0.0000000000e+00   0.0000000000e+00   0.0000000000e+00   0.0000000000e+00   0.0000000000e+00   7.6700000000e-01
   2.0000000000e-03   2.0000000000e-03   3.5901748717e+02  -4.7407585981e+04   9.9780588907e-03   9.7776490282e-01   3.6551854565e-05   1.4657685478e-13   1.6187281550e-20   9.7367223330e-13   2.2455594098e-01   1.2799411581e-10   4.4916785434e-03   4.6747845500e-12  -9.2760924149e-32   3.9146367897e-36   1.0849807386e-26   1.0460569580e-22   9.8774247848e-12   5.4863803373e-03  -5.7473501343e-32   1.6787250646e-24   1.8571086294e-38   7.6546600000e-01
   6.0000000000e-03   6.0000000000e-03   4.7433171541e+02  -1.4603791304e+05   2.9934176422e-02   7.3770956651e-01   8.0129392467e-04   4.4142318011e-13   1.2713297921e-18   1.3300112711e-11   2.0766782269e-01   8.4701508330e-10   1.3475035380e-02   3.1223328798e-11   2.9960839385e-33   2.1688977654e-34   9.9835893881e-26   5.7779057984e-22   3.0163295257e-11   1.6459141011e-02   3.2191659507e-30   1.2755864318e-23   3.7707378184e-36   7.6239800000e-01
   1.0000000000e-02   1.0000000000e-02   5.8557231374e+02  -2.4466822967e+05   4.9890292925e-02   5.9567443752e-01   5.5269961911e-03   7.5382001151e-13   2.2065488846e-17   5.6272885312e-11   1.9077970344e-01   3.4898853129e-09   2.2458391190e-02   8.6290997203e-11   3.9922905441e-32   3.0481920659e-33   3.6704012006e-25   1.0766099496e-21   5.2091811233e-11   2.7431901682e-02   9.8314121992e-29   4.2856131466e-23   1.2462896298e-34   7.5933000000e-01
   1.4000000000e-02   1.4000000000e-02   6.9240670961e+02  -3.4329846711e+05   6.9846405770e-02   5.0217432806e-01   2.1082338303e-02   1.1777867852e-12   1.7052410595e-16   1.1211518482e-10   1.7389158095e-01   1.3037435109e-08   3.1441743344e-02   1.3279099508e-10   5.6063169056e-31   4.2504765173e-32   1.4467043357e-24   1.7465549755e-21   7.9091468783e-11   3.8404662345e-02   1.1838304252e-27   1.1176738436e-22   3.2650205642e-33   7.5626200000e-01
   1.8000000000e-02   1.8000000000e-02   7.9476699224e+02  -4.4192779137e+05   8.9802509363e-02   4.3612055670e-01   6.2692524845e-02   2.1976809490e-12   9.0306171348e-16   1.8897514136e-10   1.5700345024e-01   4.0026368412e-08   4.0425086256e-02   1.7907251761e-10   7.7775366919e-30   5.6519055577e-31   6.5216914184e-24   3.3746240755e-21   1.2289972297e-10   4.9377422982e-02   1.0159838746e-26   3.0255463570e-22   7.1899447878e-32   7.5319400000e-01
   2.2000000000e-02   2.2000000000e-02   8.9283394871e+02  -5.4054893581e+05   1.0975859238e-01   3.8699966285e-01   1.7368747033e-01   5.8465249191e-12   4.1051281273e-15   3.3835463746e-10   1.4011530128e-01   1.0575357352e-07   4.9408408620e-02   2.5159419770e-10   1.3759137620e-28   9.3696424990e-30   4.2072333781e-23   1.0207566531e-20   2.2043123260e-10   6.0350183534e-02   8.8629980867e-26   1.1060474116e-21   1.8272305763e-30   7.5012600000e-01
   2.6000000000e-02   2.6000000000e-02   9.8699877753e+02  -6.3913216538e+05   1.2971462971e-01   3.4898264607e-01   4.8145872913e-01   2.0084659254e-11   1.7859324754e-14   6.7990327838e-10   1.2322711184e-01   2.5733430784e-07   5.8391685385e-02   4.4350952305e-10   3.6641000517e-27   2.3021002034e-28   4.3157034470e-22   5.3694808858e-20   4.9791937211e-10   7.1322943804e-02   9.6258594499e-25   6.0341516151e-21   6.5480899119e-29   7.4705800000e-01
   3.0000000000e-02   3.0000000000e-02   1.0778105725e+03  -7.3759529777e+05   1.4967056100e-01   3.1858211074e-01   1.4058962354e+00   7.8346153221e-11   8.4085422810e-14   1.5741765664e-09   1.0633882875e-01   6.0736301342e-07   6.7374856468e-02   1.3064278656e-09   1.5457312537e-25   8.8586962962e-27   7.0554939444e-21   4.8779473552e-19   1.4619689416e-09   8.2295702995e-02   1.5891276753e-23   4.8929117500e-20   3.5545342505e-27   7.4399000000e-01
   3.4000000000e-02   3.4000000000e-02   1.1657340394e+03  -8.3575672408e+05   1.6962622532e-01   2.9363773066e-01   4.1616135848e+00   3.5041026276e-10   4.9747377862e-13   4.3521821251e-09   8.9450312126e-02   1.4537231513e-06   7.6357762135e-02   4.4733749153e-09   1.0936824263e-23   5.6669975553e-25   1.8616552928e-19   7.5399236282e-18   5.5286407762e-09   9.3268457311e-02   4.2661329054e-22   5.9496533423e-19   3.1308652329e-25   7.4092200000e-01
   3.8000000000e-02   3.8000000000e-02   1.2512289332e+03  -9.3325056635e+05   1.8958119360e-01   2.7272567938e-01   1.0972267599e+01   1.7524783872e-09   3.6402296824e-12   1.4226869006e-08   7.2561202759e-02   3.5775108328e-06   8.5339979946e-02   1.1903079352e-08   1.4011055810e-21   6.5170446804e-23   8.4192595101e-18   2.0655473072e-16   2.5918592198e-08   1.0424118598e-01   1.4879108544e-20   1.2070428300e-17   4.8572342630e-23   7.3785400000e-01
   4.2000000000e-02   4.2000000000e-02   1.3349703647e+03  -1.0293485674e+06   2.0953451801e-01   2.5482748503e-01   2.8683877826e+01   8.8108766487e-09   2.7611786046e-11   4.8463267456e-08   5.5670791841e-02   8.6175254823e-06   9.4320601179e-02   2.4137140303e-08   3.4343030548e-19   1.4260204358e-20   7.2026636216e-16   1.1234106949e-14   1.3899599900e-07   1.1521376902e-01   7.7897991124e-19   5.2863918958e-16   1.4025910014e-20   7.3478600000e-01
   4.6000000000e-02   4.6000000000e-02   1.4180957371e+03  -1.1225789470e+06   2.2948392867e-01   2.3914990200e-01   1.5775447355e+02   4.6231552776e-08   2.1853776327e-10   1.6177042481e-07   3.8777959626e-02   1.9909981467e-05   1.0329763717e-01   3.9735356365e-08   1.7778526655e-16   6.5675710604e-18   1.2990166604e-13   1.3199121788e-12   8.8034836612e-07   1.2618536492e-01   1.3780003981e-16   6.7087757878e-14   8.2577175458e-18   7.3171800000e-01
   5.0000000000e-02   5.0000000000e-02   1.5026159424e+03  -1.2098607449e+06   2.4941332498e-01   2.2500000702e-01   3.0535958074e+03   4.4587559456e-07   3.8425108045e-09   7.7643364116e-07   2.1881959995e-02   5.3868250766e-05   1.1225939724e-01   6.6074006474e-08   2.8166566124e-13   9.2612755184e-15   5.7438339436e-11   3.3905064260e-10   1.0549600968e-05   1.3714293226e-01   1.0744224054e-13   3.0141715222e-11   1.4052782369e-14   7.2865000000e-01
   5.4000000000e-02   5.4000000000e-02   1.5893339494e+03  -1.2837770819e+06   2.6896819460e-01   2.1199848694e-01   8.8039509712e+04   1.6365023354e-05   3.5140930389e-07   6.3883915447e-06   5.2554518721e-03   1.8701321364e-04   1.2102612367e-01   2.3933587560e-07   1.6664905808e-09   4.9885855320e-11   6.9186634504e-08   2.4665901318e-07   3.5997751931e-04   1.4756572838e-01   2.5998547852e-10   4.3274822534e-08   8.1681994143e-11   7.2558200000e-01
   5.8000000000e-02   5.8000000000e-02   1.5758023796e+03  -1.3241060205e+06   2.7633846542e-01   2.1162787505e-01   3.1398130358e+04   4.6347672263e-04   2.1340707500e-07   1.7728192040e-08   3.0742077539e-04   3.9407202476e-06   1.2424749819e-01   3.6236635563e-08   9.3235160733e-09   2.4936425128e-10   1.4060872510e-05   8.1852403273e-04   9.0795392870e-03   1.4254795121e-01   6.1040772623e-10   3.3101854447e-06   4.4015929184e-10   7.2251400000e-01
   6.2000000000e-02   6.2000000000e-02   1.5511955035e+03  -1.3248863279e+06   2.7737183278e-01   2.1299457994e-01  -1.0704828621e+03   9.0836108510e-04   1.2169848803e-07   7.9483803196e-10   3.3098455796e-05   1.0575404629e-06   1.2406436074e-01   2.7455369233e-09   3.0601873209e-09   7.7917168099e-11   1.5908920941e-05   3.1297836426e-03   1.5832418414e-02   1.3656669255e-01   2.2517215807e-10   2.1899081138e-06   1.4595759710e-10   7.1944600000e-01
   6.6000000000e-02   6.6000000000e-02   1.5350182568e+03  -1.3156559640e+06   2.7780376982e-01   2.1347206851e-01  -2.7298651363e+03   1.2991511786e-03   1.2169448103e-07   1.5103508425e-10   3.9474193558e-06   6.9937272631e-07   1.2357117530e-01   3.2885515769e-10   2.7511012844e-09   6.7926666174e-11   2.0582643556e-05   5.7908498300e-03   2.1303777093e-02   1.3162966624e-01   2.3377320152e-10   2.0255596972e-06   1.3160786525e-10   7.1637800000e-01
   7.0000000000e-02   7.0000000000e-02   1.5224859713e+03  -1.3054470657e+06   2.7794610784e-01   2.1365933668e-01  -2.5801577163e+03   1.6374279060e-03   1.2065495453e-07   6.5561357127e-11   5.1895551551e-07   5.2562575269e-07   1.2295458765e-01   4.3164857504e-11   2.5470682988e-09   6.1396884175e-11   2.4360562969e-05   8.7164810580e-03   2.5708101956e-02   1.2764599033e-01   2.4656620269e-10   1.8822143203e-06   1.2188213219e-10   7.1331000000e-01
   7.4000000000e-02   7.4000000000e-02   1.5123192555e+03  -1.2954854552e+06   2.7787490901e-01   2.1368623704e-01  -2.2922279523e+03   1.9299332002e-03   1.1797955720e-07   4.0915675819e-11   7.5343306771e-08   4.1939047110e-07   1.2227400224e-01   6.2314097873e-12   2.3713341576e-09   5.6040978892e-11   2.7469701169e-05   1.1853250663e-02   2.9283469310e-02   1.2438750426e-01   2.5582339790e-10   1.7550728581e-06   1.1332210347e-10   7.1024200000e-01
   7.8000000000e-02   7.8000000000e-02   1.5039354072e+03  -1.2859237679e+06   2.7763149031e-01   2.1359909792e-01  -2.0547165461e+03   2.1826239443e-03   1.1476494591e-07   2.9076452129e-11   1.2085644657e-08   3.4874974924e-07   1.2156321490e-01   1.0095098423e-12   2.2339068430e-09   5.1926150320e-11   3.0209043555e-05   1.5162170287e-02   3.2212833283e-02   1.2167281818e-01   2.6268451344e-10   1.6520753423e-06   1.0648383123e-10   7.0717400000e-01
   8.2000000000e-02   8.2000000000e-02   1.4969926269e+03  -1.2767260101e+06   2.7724440323e-01   2.1342074779e-01  -1.8796072486e+03   2.4002907962e-03   1.1160121740e-07   2.2125908206e-11   2.1722639834e-09   2.9946663115e-07   1.2084286631e-01   1.9609014592e-13   2.1362749096e-09   4.8971325829e-11   3.2780690079e-05   1.8614826898e-02   3.4626151618e-02   1.1937509450e-01   2.6817840600e-10   1.5733672813e-06   1.0146840058e-10   7.0410600000e-01
   8.6000000000e-02   8.6000000000e-02   1.4912645192e+03  -1.2678279189e+06   2.7673425945e-01   2.1316500094e-01  -1.7590375951e+03   2.5867499185e-03   1.0876144680e-07   1.7694815782e-11   4.6673068569e-10   2.6401273620e-07   1.2012508843e-01   5.4282037270e-14   2.0762096005e-09   4.7044944645e-11   3.5324157733e-05   2.2190523969e-02   3.6613947644e-02   1.1740847346e-01   2.7296612646e-10   1.5166680211e-06   9.8175961493e-11   7.0103800000e-01
   9.0000000000e-02   9.0000000000e-02   1.4865901898e+03  -1.2591740666e+06   2.7611605253e-01   2.1284152880e-01  -1.6866276271e+03   2.7450914104e-03   1.0636414148e-07   1.4742192083e-11   1.4079748373e-10   2.3803113848e-07   1.1941596044e-01   2.5131281142e-14   2.0512055612e-09   4.6034664934e-11   3.7943957362e-05   2.5874176959e-02   3.8237940292e-02   1.1571706039e-01   2.7748397881e-10   1.4795346207e-06   9.6480032170e-11   6.9797000000e-01
   9.4000000000e-02   9.4000000000e-02   1.4828038210e+03  -1.2508009542e+06   2.7540064367e-01   2.1246447182e-01  -1.6614541447e+03   2.8779351266e-03   1.0439303753e-07   1.2706837360e-11   6.8135445722e-11   2.1867454891e-07   1.1871647882e-01   1.7179802306e-14   2.0570404040e-09   4.5803803017e-11   4.0700779667e-05   2.9654870943e-02   3.9537562380e-02   1.1426866734e-01   2.8184396872e-10   1.4589814147e-06   9.6172211936e-11   6.9490200000e-01
   9.8000000000e-02   9.8000000000e-02   1.4792736936e+03  -1.2435627738e+06   2.7459587414e-01   2.1211750674e-01  -1.6603661874e+03   2.9876898339e-03   1.0218500151e-07   1.1118272081e-11   4.6497509118e-11   2.0250923544e-07   1.1802260779e-01   1.3791447286e-14   2.0638961579e-09   4.5618167430e-11   4.3373030083e-05   3.3525002670e-02   4.0533919587e-02   1.1305165693e-01   2.8417590523e-10   1.4429225543e-06   9.5930805009e-11   6.9183400000e-01
   1.0200000000e-01   1.0200000000e-01   1.4745349459e+03  -1.2397360733e+06   2.7370844672e-01   2.1200546486e-01  -1.5950620993e+03   3.0767839560e-03   9.8094798093e-08   9.4750525602e-12   3.5851405926e-11   1.8460327709e-07   1.1732730818e-01   1.1291049882e-14   1.9971059267e-09   4.3708663581e-11   4.5181829634e-05   3.7478682358e-02   4.1239553412e-02   1.1206480118e-01   2.7938534321e-10   1.4039328917e-06   9.2524489841e-11   6.8876600000e-01
   1.0600000000e-01   1.0600000000e-01   1.4678436890e+03  -1.2404724645e+06   2.7274707040e-01   2.1223069878e-01  -1.4318135773e+03   3.1478202598e-03   9.1556774839e-08   7.6892551525e-12   2.7898381247e-11   1.6352355488e-07   1.1662663583e-01   8.9346442377e-15   1.8276514207e-09   3.9447685655e-11   4.5622976094e-05   4.1507719356e-02   4.1678819735e-02   1.1129379457e-01   2.6554511829e-10   1.3299381156e-06   8.4726927046e-11   6.8569800000e-01
   1.1000000000e-01   1.1000000000e-01   1.4594840583e+03  -1.2452126077e+06   2.7172305835e-01   2.1274853905e-01  -1.2134247513e+03   3.2035464020e-03   8.3377854880e-08   5.9726382576e-12   2.1283463350e-11   1.4118989499e-07   1.1592151116e-01   6.8051601580e-15   1.5916284908e-09   3.3758593778e-11   4.4814824946e-05   4.5600670318e-02   4.1892661824e-02   1.1070533897e-01   2.4525342003e-10   1.2299642316e-06   7.4092317701e-11   6.8263000000e-01
   1.1400000000e-01   1.1400000000e-01   1.4499687783e+03  -1.2529759150e+06   2.7064850841e-01   2.1348119323e-01  -9.8560932642e+02   3.2466498264e-03   7.4556327267e-08   4.4932875250e-12   1.5913591318e-11   1.1965211379e-07   1.1521525798e-01   5.0338123572e-15   1.3352361982e-09   2.7757616369e-11   4.3093330875e-05   4.9745085293e-02   4.1928460410e-02   1.1025814019e-01   2.2192193306e-10   1.1170924331e-06   6.2588581756e-11   6.7956200000e-01
   1.1800000000e-01   1.1800000000e-01   1.4397150261e+03  -1.2629228588e+06   2.6953462409e-01   2.1436423337e-01  -7.7505538665e+02   3.2795467293e-03   6.5808332754e-08   3.3063681847e-12   1.1728906910e-11   1.0009959947e-07   1.1451160300e-01   3.6482869893e-15   1.0900705287e-09   2.2170178252e-11   4.0777142805e-05   5.3929430247e-02   4.1831090412e-02   1.0991238395e-01   1.9808158053e-10   1.0012372690e-06   5.1561328137e-11   6.7649400000e-01
   1.2200000000e-01   1.2200000000e-01   1.4290111670e+03  -1.2744350057e+06   2.6839090107e-01   2.1535180914e-01  -5.9314116276e+02   3.3042661599e-03   5.7552240855e-08   2.3960171119e-12   8.5701485899e-12   8.2999544834e-08   1.1381385910e-01   2.6073295616e-15   8.7225765298e-10   1.7333961898e-11   3.8112624892e-05   5.8143956031e-02   4.1638822439e-02   1.0963395337e-01   1.7524926184e-10   8.8860897511e-07   4.1704130808e-11   6.7342600000e-01
   1.2600000000e-01   1.2600000000e-01   1.4180488174e+03  -1.2870735394e+06   2.6722495690e-01   2.1641239564e-01  -4.4244681698e+02   3.3224310590e-03   4.9996239207e-08   1.7177225919e-12   6.2367306014e-12   6.8392414280e-08   1.1312471605e-01   1.8454509032e-15   6.8748073260e-10   1.3337073919e-11   3.5278348779e-05   6.2380862738e-02   4.1382406224e-02   1.0939540357e-01   1.5420309473e-10   7.8272562295e-07   3.3270494645e-11   6.7035800000e-01
   1.3000000000e-01   1.3000000000e-01   1.4069553677e+03  -1.3005280211e+06   2.6604268842e-01   2.1752426866e-01  -3.2122256628e+02   3.3352998490e-03   4.3218152249e-08   1.2219739922e-12   4.5366970137e-12   5.6105426721e-08   1.1244623059e-01   1.2974494390e-15   5.3552635515e-10   1.0135490858e-11   3.2400459827e-05   6.6634125715e-02   4.1085604921e-02   1.0917555306e-01   1.3525625304e-10   6.8536968335e-07   2.6263511212e-11   6.6729000000e-01
   1.3400000000e-01   1.3400000000e-01   1.3958166891e+03  -1.3145771459e+06   2.6484855083e-01   2.1867224580e-01  -2.2590898214e+02   3.3438333967e-03   3.7220199033e-08   8.6441452296e-13   3.3084615065e-12   4.5877306602e-08   1.1177986202e-01   9.0795526851e-16   4.1329521037e-10   7.6274572178e-12   2.9566407669e-05   7.0899201851e-02   4.0766224493e-02   1.0895863093e-01   1.1845142725e-10   5.9724552747e-07   2.0561303902e-11   6.6422200000e-01
   1.3800000000e-01   1.3800000000e-01   1.3846916151e+03  -1.3290616014e+06   2.6364585244e-01   2.1984553946e-01  -1.5244166896e+02   3.3487645528e-03   3.1963349758e-08   6.0893380220e-13   2.4250674907e-12   3.7424863128e-08   1.1112651781e-01   6.3343307216e-16   3.1657275326e-10   5.6949844385e-12   2.6835279195e-05   7.5172724049e-02   4.0437212716e-02   1.0873335736e-01   1.0368510562e-10   5.1839865991e-07   1.5991213330e-11   6.6115400000e-01
   1.4200000000e-01   1.4200000000e-01   1.3736210044e+03  -1.3438656907e+06   2.6243701861e-01   2.2103636648e-01  -9.6882529621e+01   3.3506587805e-03   2.7388094868e-08   4.2762655881e-13   1.7907178572e-12   3.0476123018e-08   1.1048660850e-01   4.4110476343e-16   2.4099273251e-10   4.2247842042e-12   2.4245335224e-05   7.9452229359e-02   4.0107665511e-02   1.0849208582e-01   9.0783236230e-11   4.4848067764e-07   1.2370709065e-11   6.5808600000e-01
   1.4600000000e-01   1.4600000000e-01   1.3626334651e+03  -1.3589048139e+06   2.6122381020e-01   2.2223903988e-01  -5.5695996058e+01   3.3499619148e-03   2.3426723992e-08   2.9960030646e-13   1.3349140051e-12   2.4785178041e-08   1.0986011408e-01   3.0694311661e-16   1.8251587077e-10   3.1173999164e-12   2.1819549285e-05   8.3735934846e-02   3.9783692082e-02   1.0823004212e-01   7.9545675538e-11   3.8691859669e-07   9.5282483636e-12   6.5501800000e-01
   1.5000000000e-01   1.5000000000e-01   1.3517490497e+03  -1.3741168124e+06   2.6000749591e-01   2.2344936431e-01  -2.5843286304e+01   3.3470351808e-03   2.0010415202e-08   2.0953314137e-13   1.0065993919e-12   2.0137317164e-08   1.0924666021e-01   2.1364376383e-16   1.3763045785e-10   2.2899610119e-12   1.9569738793e-05   8.8022560957e-02   3.9469134701e-02   1.0794466582e-01   6.9771208641e-11   3.3302431298e-07   7.3125225624e-12   6.5195000000e-01
   1.5400000000e-01   1.5400000000e-01   1.3409817082e+03  -1.3894558730e+06   2.5878898438e-01   2.2466422410e-01  -4.7865115053e+00   3.3421795221e-03   1.7073176672e-08   1.4634674242e-13   7.6917711433e-13   1.6349166576e-08   1.0864559889e-01   1.4889582201e-16   1.0340066089e-10   1.6757310763e-12   1.7499680170e-05   9.2311196280e-02   3.9166154703e-02   1.0763505127e-01   6.1270707632e-11   2.8606551876e-07   5.5952318538e-12   6.4888200000e-01
   1.5800000000e-01   1.5800000000e-01   1.3303409692e+03  -1.4048881603e+06   2.5756892317e-01   2.2588129559e-01   9.5495017828e+00   3.3356517703e-03   1.4553886703e-08   1.0211127693e-13   5.9658369041e-13   1.3266421305e-08   1.0805608750e-01   1.0401784776e-16   7.7437028381e-11   1.2222348785e-12   1.5607467656e-05   9.6601196093e-02   3.8875700784e-02   1.0730148312e-01   5.3873195088e-11   2.4531110952e-07   4.2704524288e-12   6.4581400000e-01
   1.6200000000e-01   1.6200000000e-01   1.3198331275e+03  -1.4203886349e+06   2.5634777197e-01   2.2709884096e-01   1.8832751521e+01   3.3276750424e-03   1.2397192767e-08   7.1191886289e-14   4.7032548163e-13   1.0760573689e-08   1.0747716103e-01   7.2927622572e-17   5.7832174570e-11   8.8892856769e-13   1.3887296455e-05   1.0089210740e-01   3.8597876424e-02   1.0694505948e-01   4.7427789763e-11   2.1005938349e-07   3.2523876266e-12   6.4274600000e-01
   1.6600000000e-01   1.6600000000e-01   1.3094621121e+03  -1.4359386970e+06   2.5512585603e-01   2.2831555626e-01   2.4383858862e+01   3.3184453186e-03   1.0553735274e-08   4.9605943831e-14   3.7730010870e-13   8.7253896500e-09   1.0690779397e-01   5.1384749842e-17   4.3085567477e-11   6.4490181768e-13   1.2330801828e-05   1.0518361414e-01   3.8332222373e-02   1.0656739437e-01   4.1803372338e-11   1.7965451870e-07   2.4725210054e-12   6.3967800000e-01
   1.7000000000e-01   1.7000000000e-01   1.2992301371e+03  -1.4515244178e+06   2.5390340481e-01   2.2953045668e-01   2.7233850964e+01   3.3081356174e-03   8.9799827476e-09   3.4549776680e-14   3.0822303349e-13   7.0735185308e-09   1.0634695025e-01   3.6443806313e-17   3.2029974870e-11   4.6683250391e-13   1.0928054508e-05   1.0947549751e-01   3.8077929223e-02   1.0617038972e-01   3.6887090835e-11   1.5349511714e-07   1.8767233089e-12   6.3661000000e-01
   1.7400000000e-01   1.7400000000e-01   1.2891381990e+03  -1.4671352020e+06   2.5268057982e-01   2.3074278803e-01   2.8176638620e+01   3.2968987756e-03   7.6378548297e-09   2.4055497984e-14   2.5650410310e-13   5.7334169563e-09   1.0579362126e-01   2.6064502063e-17   2.3765471650e-11   3.3726861143e-13   9.6682898522e-06   1.1376760742e-01   3.7833993340e-02   1.0575606644e-01   3.2582367856e-11   1.3103744277e-07   1.4225882287e-12   6.3354200000e-01
   1.7800000000e-01   1.7800000000e-01   1.2791864546e+03  -1.4827627813e+06   2.5145749449e-01   2.3195195874e-01   2.7815109288e+01   3.2848694626e-03   6.4942421941e-09   1.6744892448e-14   2.1745178737e-13   4.6466543624e-09   1.0524685269e-01   1.8836365032e-17   1.7603163699e-11   2.4323761735e-13   8.5404322691e-06   1.1805984209e-01   3.7599327955e-02   1.0532644438e-01   2.8806791027e-11   1.1179531638e-07   1.0771122533e-12   6.3047400000e-01
   1.8200000000e-01   1.8200000000e-01   1.2693744985e+03  -1.4984004775e+06   2.5023422832e-01   2.3315748908e-01   2.6601234298e+01   3.2721658119e-03   5.5204920533e-09   1.1654311832e-14   1.8771242671e-13   3.7656079156e-09   1.0470576189e-01   1.3785677109e-17   1.3018777354e-11   1.7514952591e-13   7.5334662290e-06   1.2235213355e-01   3.7372839481e-02   1.0488346113e-01   2.5490102658e-11   9.5338369052e-08   8.1474565696e-13   6.2740600000e-01
   1.8600000000e-01   1.8600000000e-01   1.2597015520e+03  -1.5140426929e+06   2.4901083693e-01   2.3435897582e-01   2.4874096622e+01   3.2588908818e-03   4.6919113731e-09   8.1108518958e-15   1.6487632979e-13   3.0515295436e-09   1.0416954755e-01   1.0240839267e-17   9.6153110776e-12   1.2594804447e-13   6.6367101195e-06   1.2664443730e-01   3.7153477452e-02   1.0442892105e-01   2.2572452989e-11   8.1290774940e-08   6.1579800305e-13   6.2433800000e-01
   1.9000000000e-01   1.9000000000e-01   1.2501665754e+03  -1.5296845906e+06   2.4778735914e-01   2.3555607086e-01   2.2914394790e+01   3.2451340469e-03   3.9873760411e-09   5.6453192866e-15   1.4720150660e-13   2.4729839101e-09   1.0363749326e-01   7.7389720402e-18   7.0936910383e-12   9.0465365131e-14   5.8401236833e-06   1.3093672491e-01   3.6940264930e-02   1.0396446690e-01   2.0003309140e-11   6.9333959061e-08   4.6517054130e-13   6.2127000000e-01
   1.9400000000e-01   1.9400000000e-01   1.2407683136e+03  -1.5453219259e+06   2.4656382206e-01   2.3674847220e-01   2.1093967321e+01   3.2309723809e-03   3.3893728831e-09   3.9318363145e-15   1.3342002368e-13   2.0047850217e-09   1.0310896700e-01   5.9617765177e-18   5.2308479638e-12   6.4946936441e-14   5.1351779612e-06   1.3522897812e-01   3.6732314956e-02   1.0349156773e-01   1.7742798636e-11   5.9218409133e-08   3.5142008030e-13   6.1820200000e-01
   1.9800000000e-01   1.9800000000e-01   1.2315052766e+03  -1.5609509861e+06   2.4534024476e-01   2.3793592744e-01   2.0416845980e+01   3.2164721313e-03   2.8858250916e-09   2.7480266523e-15   1.2260250375e-13   1.6280759058e-09   1.0258341789e-01   4.6938998250e-18   3.8665834224e-12   4.6739754353e-14   4.5185546169e-06   1.3952118137e-01   3.6528837893e-02   1.0301151684e-01   1.5773461116e-11   5.0786247854e-08   2.6629523178e-13   6.1513400000e-01
   2.0800000000e-01   2.0800000000e-01   1.2089179842e+03  -1.5999947625e+06   2.4228123697e-01   2.4088361057e-01   1.3033235178e+01   3.1795183160e-03   1.9135874820e-09   1.1031177634e-15   1.0125797773e-13   9.5926071249e-10   1.0127580728e-01   2.7416149491e-18   1.7778718288e-12   2.0098786278e-14   3.2403215779e-06   1.5025148606e-01   3.6029607554e-02   1.0179630382e-01   1.1669056768e-11   3.3767901781e-08   1.3051778140e-13   6.0746400000e-01
   2.2400000000e-01   2.2400000000e-01   1.1744339950e+03  -1.6622259077e+06   2.3738665869e-01   2.4552875954e-01   7.8977833606e+00   3.1175539835e-03   1.0021796159e-09   2.6201062838e-16   8.5985011039e-14   4.1622598722e-10   9.9208954928e-02   1.5052905454e-18   5.1893294364e-13   5.2702948961e-15   1.9047438099e-06   1.6741941663e-01   3.5269504603e-02   9.9790645171e-02   7.3108082952e-12   1.8511093215e-08   4.2554231396e-14   5.9519200000e-01
   2.4000000000e-01   2.4000000000e-01   1.1418184095e+03  -1.7241896060e+06   2.3249206099e-01   2.5009346692e-01   4.3969978729e+00   3.0542884458e-03   5.2728980932e-10   6.2858289483e-17   7.8250168797e-14   1.8146876243e-10   9.7153940273e-02   9.8050719013e-19   1.5126847142e-13   1.3800139564e-15   1.1130816036e-06   1.8458681459e-01   3.4527633938e-02   9.7756198332e-02   4.6115386695e-12   1.0630378569e-08   1.4019356807e-14   5.8292000000e-01
   2.5600000000e-01   2.5600000000e-01   1.1108725859e+03  -1.7859483669e+06   2.2759746974e-01   2.5459172293e-01   2.4092375681e+00   2.9904401518e-03   2.8039789485e-10   1.5406148261e-17   7.3756141996e-14   7.9930720100e-11   9.5104300803e-02   6.9248496714e-19   4.4635440097e-14   3.6567701256e-16   6.5167146241e-07   2.0175387162e-01   3.3794077256e-02   9.5708651526e-02   2.9434299907e-12   6.6127924989e-09   4.7571396646e-15   5.7064800000e-01
   2.7200000000e-01   2.7200000000e-01   1.0814113913e+03  -1.8475798640e+06   2.2270288665e-01   2.5903993628e-01   1.3193152001e+00   2.9263341755e-03   1.5186961674e-10   3.9155542829e-18   7.0732674810e-14   3.5824934435e-11   9.3057072525e-02   5.0994986388e-19   1.3555502645e-14   9.9674303142e-17   3.8573312875e-07   2.1892072288e-01   3.3064257997e-02   9.3655221953e-02   1.9152653882e-12   4.5479251030e-09   1.7083445723e-15   5.5837600000e-01
   2.8800000000e-01   2.8800000000e-01   1.0532778844e+03  -1.9091420205e+06   2.1780830942e-01   2.6345296778e-01   7.2682325801e-01   2.8621142167e-03   8.4671847689e-11   1.0536600993e-18   6.8406679203e-14   1.6505587730e-11   9.1010928205e-02   3.8825934930e-19   4.3318782370e-15   2.8566914882e-17   2.3354989180e-07   2.3608745347e-01   3.2336120743e-02   9.1599146260e-02   1.2841155480e-12   3.4529481567e-09   6.7488029628e-16   5.4610400000e-01
   3.0400000000e-01   3.0400000000e-01   1.0263418996e+03  -1.9706694876e+06   2.1291373584e-01   2.6784339294e-01   4.0423667721e-01   2.7978430431e-03   4.9145834155e-11   3.0697937965e-19   6.6426413575e-14   7.9032567772e-12   8.8965279507e-02   3.0704934916e-19   1.4911496125e-15   8.8107534503e-18   1.4641995412e-07   2.5325411484e-01   3.1608752992e-02   8.9541860300e-02   8.9736451648e-13   2.8395789704e-09   3.0638139067e-16   5.3383200000e-01
   3.2000000000e-01   3.2000000000e-01   1.0004940508e+03  -2.0321805833e+06   2.0801916440e-01   2.7222202204e-01   2.2788705034e-01   2.7335481216e-03   2.9948467481e-11   9.8456191358e-20   6.4626181144e-14   3.9649898141e-12   8.6919864550e-02   2.5432065223e-19   5.6267369469e-16   2.9755233876e-18   9.5923593189e-08   2.7042073717e-01   3.0881748249e-02   8.7484003478e-02   6.5929910034e-13   2.4706432791e-09   1.6524104739e-16   5.2156000000e-01
   3.3600000000e-01   3.3600000000e-01   9.7562754131e+02  -2.0936842690e+06   2.0312459417e-01   2.7660219716e-01   1.3098320190e-01   2.6692416970e-03   1.9218147307e-11   3.4961910517e-20   6.2925006356e-14   2.0897078833e-12   8.4874564458e-02   2.2212961649e-19   2.3426855477e-16   1.1072624304e-18   6.5905718288e-08   2.8758733767e-01   3.0154921922e-02   8.5425866091e-02   5.1098416713e-13   2.2309561905e-09   1.0673693354e-16   5.0928800000e-01
   3.5200000000e-01   3.5200000000e-01   9.5165154985e+02  -2.1551847038e+06   1.9823002463e-01   2.8099597306e-01   7.7221584794e-02   2.6049294236e-03   1.2956073646e-11   1.3677468162e-20   6.1281601008e-14   1.1538876830e-12   8.2829323431e-02   2.0516818399e-19   1.0715850372e-16   4.5197982600e-19   4.7401272067e-08   3.0475392589e-01   2.9428187342e-02   8.3367584430e-02   4.1693296133e-13   2.0632171200e-09   8.1089592068e-17   4.9701600000e-01
   3.6800000000e-01   3.6800000000e-01   9.2850000216e+02  -2.2166837466e+06   1.9333545548e-01   2.8541075450e-01   4.6910956277e-02   2.5406140364e-03   9.1231354878e-12   5.8260827107e-21   5.9673884159e-14   6.6353635850e-13   8.0784114131e-02   2.0007163804e-19   5.3252044215e-17   2.0010231918e-19   3.5497772079e-08   3.2192050708e-01   2.8701502045e-02   8.1309225266e-02   3.5614826002e-13   1.9377058940e-09   7.0169958212e-17   4.8474400000e-01
   3.8400000000e-01   3.8400000000e-01   9.0611324496e+02  -2.2781822038e+06   1.8844088656e-01   2.8985388120e-01   2.9430008934e-02   2.4762969255e-03   6.6634930664e-12   2.6643772852e-21   5.8089435352e-14   3.9452040824e-13   7.8738922542e-02   2.0500960847e-19   2.8362438048e-17   9.4774250705e-20   2.7497777295e-08   3.3908708409e-01   2.7974844258e-02   7.9250822838e-02   3.1635223355e-13   1.8382123668e-09   6.6974578172e-17   4.7247200000e-01
   4.0000000000e-01   4.0000000000e-01   8.8443684802e+02  -2.3396804172e+06   1.8354631779e-01   2.9433280618e-01   1.9064546324e-02   2.4119788311e-03   5.0151872171e-12   1.2908357346e-21   5.6520907260e-14   2.4088790017e-13   7.6693741160e-02   2.1939352018e-19   1.5982629382e-17   4.7399155261e-20   2.1895767741e-08   3.5625365855e-01   2.7248202323e-02   7.7192395479e-02   2.9035066937e-13   1.7554310588e-09   6.8726497358e-17   4.6020000000e-01
   4.1600000000e-01   4.1600000000e-01   8.6342081237e+02  -2.4011785293e+06   1.7865174911e-01   2.9885520456e-01   1.2729688008e-02   2.3476601630e-03   3.8679739730e-12   6.5507867721e-22   5.4963741304e-14   1.5016735500e-13   7.4648565812e-02   2.4373804968e-19   9.4257636670e-18   2.4756685051e-20   1.7827692746e-08   3.7342023137e-01   2.6521569758e-02   7.5133953380e-02   2.7388750002e-13   1.6837621220e-09   7.4450803250e-17   4.4792800000e-01
   4.3200000000e-01   4.3200000000e-01   8.4301898927e+02  -2.4626765986e+06   1.7375718049e-01   3.0342905252e-01   8.7392917311e-03   2.2833411552e-03   3.0433621286e-12   3.4506985304e-22   5.3414983809e-14   9.5125407282e-14   7.2603394103e-02   2.7969094977e-19   5.7670661000e-18   1.3384171131e-20   1.4779952047e-08   3.9058680310e-01   2.5794942843e-02   7.3075502391e-02   2.6441727247e-13   1.6196941568e-09   8.4093491545e-17   4.3565600000e-01
   4.4800000000e-01   4.4800000000e-01   8.2318863087e+02  -2.5241746494e+06   1.6886261191e-01   3.0806269090e-01   6.1527280918e-03   2.2190219445e-03   2.4342795722e-12   1.8731456645e-22   5.1872646321e-14   6.0999388756e-14   7.0558224622e-02   3.3026837651e-19   3.6356023443e-18   7.4371180559e-21   1.2435501992e-08   4.0775337409e-01   2.5068319390e-02   7.1017045957e-02   2.6041391105e-13   1.5609471686e-09   9.8220449269e-17   4.2338400000e-01
   4.6400000000e-01   4.6400000000e-01   8.0389002739e+02  -2.5856726918e+06   1.6396804336e-01   3.1276488196e-01   4.4315042650e-03   2.1547026123e-03   1.9739121269e-12   1.0417970691e-22   5.0335345213e-14   3.9474925673e-14   6.8513056524e-02   4.0040861466e-19   2.3486759256e-18   4.2236985353e-21   1.0591244011e-08   4.2491994454e-01   2.4341698081e-02   6.8958586147e-02   2.6098316242e-13   1.5059967540e-09   1.1797190557e-16   4.1111200000e-01
   4.8000000000e-01   4.8000000000e-01   7.8508620432e+02  -2.6471707303e+06   1.5907347484e-01   3.1754486441e-01   3.2584793857e-03   2.0903832074e-03   1.6190527340e-12   5.9090163294e-23   4.8802090266e-14   2.5714269082e-14   6.6467889291e-02   4.9822383777e-19   1.5481380970e-18   2.4405256151e-21   9.1125297868e-09   4.4208651459e-01   2.3615078114e-02   6.6900124224e-02   2.6564525345e-13   1.4537983520e-09   1.4516897191e-16   3.9884000000e-01
   4.9600000000e-01   4.9600000000e-01   7.6674266329e+02  -2.7086687668e+06   1.5417890633e-01   3.2241240998e-01   2.4415122838e-03   2.0260637597e-03   1.3408655769e-12   3.4048305864e-23   4.7272155781e-14   1.6824529627e-14   6.4422722603e-02   6.3821858959e-19   1.0375322399e-18   1.4293789421e-21   7.9073025469e-09   4.5925308436e-01   2.2888458992e-02   6.4841660970e-02   2.7421396876e-13   1.4036212312e-09   1.8255807123e-16   3.8656800000e-01
   5.1200000000e-01   5.1200000000e-01   7.4882715606e+02  -2.7701668023e+06   1.4928433783e-01   3.2737788413e-01   1.8610501206e-03   1.9617442872e-03   1.1195673231e-12   1.9866238568e-23   4.5744999004e-14   1.1035918615e-14   6.2377556260e-02   8.4981286062e-19   7.0489612484e-19   8.4588212648e-22   6.9108920858e-09   4.7641965391e-01   2.2161840405e-02   6.2783196874e-02   2.8673212489e-13   1.3549451507e-09   2.3423027797e-16   3.7429600000e-01
   5.2800000000e-01   5.2800000000e-01   7.3130948486e+02  -2.8316648374e+06   1.4438976934e-01   3.3245231252e-01   1.4408827064e-03   1.8974248010e-03   9.4125302544e-13   1.1704853315e-23   4.4220206170e-14   7.2450110266e-15   6.0332390135e-02   1.1965348121e-18   4.8428535035e-19   5.0440847248e-22   6.0767679860e-09   4.9358622328e-01   2.1435222157e-02   6.0724732244e-02   3.0344199136e-13   1.3073941297e-09   3.0630329100e-16   3.6202400000e-01
   5.4400000000e-01   5.4400000000e-01   7.1416132411e+02  -2.8931628721e+06   1.3949520085e-01   3.3764745515e-01   1.1313677467e-03   1.8331053077e-03   7.9593951851e-13   6.9469312197e-24   4.2697454486e-14   4.7529554236e-15   5.8287224150e-02   1.8077459319e-18   3.3573530429e-19   3.0235237881e-22   5.3707383445e-09   5.1075279251e-01   2.0708604124e-02   5.8666267273e-02   3.2477966921e-13   1.2606929266e-09   4.0802981427e-16   3.4975200000e-01
   5.6000000000e-01   5.6000000000e-01   6.9735606027e+02  -2.9546609068e+06   1.3460063238e-01   3.4297588953e-01   8.9954121169e-04   1.7687858113e-03   6.7632334313e-13   4.1446000559e-24   4.1176482566e-14   3.1113727605e-15   5.6242058253e-02   2.9112027639e-18   2.3441610792e-19   1.8178165441e-22   4.7672035526e-09   5.2791936164e-01   1.9981986228e-02   5.6607802087e-02   3.5138820464e-13   1.2146377978e-09   5.5363515639e-16   3.3748000000e-01
   5.7600000000e-01   5.7600000000e-01   6.8086864731e+02  -3.0161589414e+06   1.2970606391e-01   3.4845110448e-01   7.2313417917e-04   1.7044663140e-03   5.7697134094e-13   2.4813442233e-24   3.9657064971e-14   2.0295375344e-15   5.4196892412e-02   4.8408438046e-18   1.6456115977e-19   1.0939768283e-22   4.2466736804e-09   5.4508593068e-01   1.9255368419e-02   5.4549336763e-02   3.8414785063e-13   1.1690764650e-09   7.6548152278e-16   3.2520800000e-01
   5.9200000000e-01   5.9200000000e-01   6.6467547602e+02  -3.0776569760e+06   1.2481149544e-01   3.5408760634e-01   5.8686722570e-04   1.6401468173e-03   4.9378081953e-13   1.4891491305e-24   3.8138989570e-14   1.3173509248e-15   5.2151726607e-02   8.0001259047e-18   1.1596511918e-19   6.5772980105e-23   3.7940853340e-09   5.6225249964e-01   1.8528750664e-02   5.2490871352e-02   4.2422449550e-13   1.1238941565e-09   1.0799285670e-15   3.1293600000e-01
   6.0800000000e-01   6.0800000000e-01   6.4875425584e+02  -3.1391550107e+06   1.1991692698e-01   3.5990103929e-01   4.8010651446e-04   1.5758273218e-03   4.2361188932e-13   8.9606645206e-25   3.6622038902e-14   8.4969830891e-16   5.0106560825e-02   1.2789385132e-17   8.1909615186e-20   3.9432277798e-23   3.3976366316e-09   5.7941906854e-01   1.7802132944e-02   5.0432405887e-02   4.7313939027e-13   1.0790037269e-09   1.5598131612e-15   3.0066400000e-01
   6.2400000000e-01   6.2400000000e-01   6.3308390805e+02  -3.2006530454e+06   1.1502235852e-01   3.6590832205e-01   3.9535326678e-04   1.5115078278e-03   3.6403229807e-13   5.4227438200e-25   3.5105977679e-14   5.4384056652e-16   4.8061395056e-02   1.9531081571e-17   5.7905181626e-20   2.3529430540e-23   3.0479656168e-09   5.9658563740e-01   1.7075515246e-02   4.8373940388e-02   5.3286546023e-13   1.0343385518e-09   2.3247366850e-15   2.8839200000e-01
   6.4000000000e-01   6.4000000000e-01   6.1764446973e+02  -3.2621510802e+06   1.1012779006e-01   3.7212780321e-01   3.2725430357e-04   1.4471883355e-03   3.1313735882e-13   3.3298422977e-25   3.3590547749e-14   3.4488981520e-16   4.6016229296e-02   2.8426622607e-17   4.0911906846e-20   1.3947955585e-23   2.7375615154e-09   6.1375220621e-01   1.6348897561e-02   4.6315474867e-02   6.0595803038e-13   9.8984733630e-10   3.6134659571e-15   2.7612000000e-01
   6.5600000000e-01   6.5600000000e-01   6.0241700781e+02  -3.3236491151e+06   1.0523322160e-01   3.7857943817e-01   2.7194454445e-04   1.3828688447e-03   2.6942090883e-13   2.1159594088e-25   3.2075470273e-14   2.1637709357e-16   4.3971063542e-02   3.9556671183e-17   2.8847292237e-20   8.1982861722e-24   2.4603365891e-09   6.3091877499e-01   1.5622279884e-02   4.4257009333e-02   6.9573077792e-13   9.4549030210e-10   5.8353731079e-15   2.6384800000e-01
   6.7200000000e-01   6.7200000000e-01   5.8738354291e+02  -3.3851471500e+06   1.0033865315e-01   3.8528499082e-01   2.2660386067e-04   1.3185493553e-03   2.3168155530e-13   1.4417578196e-25   3.0560453516e-14   1.3407068753e-16   4.1925897791e-02   5.2913862098e-17   2.0269878220e-20   4.7688830507e-24   2.2113108132e-09   6.4808534374e-01   1.4895662211e-02   4.2198543791e-02   8.0649143696e-13   9.0123651802e-10   9.4499491108e-15   2.5157600000e-01
   6.8800000000e-01   6.8800000000e-01   5.7252698271e+02  -3.4466451850e+06   9.5444084696e-02   3.9226826381e-01   1.8915400043e-04   1.2542298674e-03   1.9895372702e-13   1.1038642706e-25   2.9045204069e-14   8.1894158216e-17   3.9880732042e-02   6.8446959170e-17   1.4172467584e-20   2.7400583494e-24   1.9863773757e-09   6.6525191246e-01   1.4169044542e-02   4.0140078244e-02   9.4385625760e-13   8.5706215715e-10   1.4618039942e-14   2.3930400000e-01
   7.0400000000e-01   7.0400000000e-01   5.5783106486e+02  -3.5081432200e+06   9.0549516244e-02   3.9955536202e-01   1.5804939751e-04   1.1899103807e-03   1.7045637397e-13   9.8120460603e-26   2.7529439460e-14   4.9214492512e-17   3.7835566295e-02   8.6098532688e-17   9.8452005022e-21   1.5521088217e-24   1.7821266671e-09   6.8241848116e-01   1.3442426874e-02   3.8081612695e-02   1.1151668457e-12   8.1294918733e-10   2.0936346312e-14   2.2703200000e-01
   7.2000000000e-01   7.2000000000e-01   5.4328030949e+02  -3.5696412552e+06   8.5654947794e-02   4.0717499432e-01   1.3213218902e-04   1.1255908950e-03   1.4555441620e-13   1.0029996214e-25   2.6012901366e-14   2.9032180881e-17   3.5790400548e-02   1.0582640286e-16   6.7840670524e-21   8.6511695493e-25   1.5957135919e-09   6.9958504984e-01   1.2715809207e-02   3.6023147144e-02   1.3300369602e-12   7.6888406372e-10   2.7561335428e-14   2.1476000000e-01
   7.3600000000e-01   7.3600000000e-01   5.2885998173e+02  -3.6311392904e+06   8.0760379344e-02   4.1515881991e-01   1.1053018671e-04   1.0612714103e-03   1.2372951570e-13   1.1294555309e-25   2.4495370492e-14   1.6769398460e-17   3.3745234801e-02   1.2760587243e-16   4.6291641218e-21   4.7359946376e-25   1.4247576367e-09   7.1675161850e-01   1.1989191540e-02   3.3964681592e-02   1.6010569985e-12   7.2485645451e-10   3.3589685470e-14   2.0248800000e-01
   7.5200000000e-01   7.5200000000e-01   5.1455606455e+02  -3.6926373256e+06   7.5865810895e-02   4.2354184659e-01   9.2582897458e-05   9.9695192649e-04   1.0455774679e-13   1.3399098136e-25   2.2976685740e-14   9.4572188598e-18   3.1700069055e-02   1.5141334766e-16   3.1224222271e-21   2.5422123575e-25   1.2672684641e-09   7.3391818716e-01   1.1262573873e-02   3.1906216039e-02   1.9446738080e-12   6.8085824528e-10   3.8368419917e-14   1.9021600000e-01
   7.6800000000e-01   7.6800000000e-01   5.0035524273e+02  -3.7541353610e+06   7.0971242446e-02   4.3236288939e-01   7.7785775738e-05   9.3263244339e-04   8.7692405559e-14   1.6252608266e-25   2.1456771087e-14   5.1903190851e-18   2.9654903309e-02   1.7719277165e-16   2.0782214510e-21   1.3365145291e-25   1.1215920422e-09   7.5108475579e-01   1.0535956207e-02   2.9847750487e-02   2.3822288134e-12   6.3688290980e-10   4.1590747844e-14   1.7794400000e-01
   7.8400000000e-01   7.8400000000e-01   4.8624489872e+02  -3.8156333964e+06   6.6076673998e-02   4.4166509993e-01   6.5745808032e-05   8.6831296096e-04   7.2850642085e-14   1.9826578024e-25   1.9935674284e-14   2.7616255245e-18   2.7609737563e-02   2.0480521547e-16   1.3627403843e-21   6.8805881930e-26   9.8637393243e-10   7.6825132442e-01   9.8093385395e-03   2.7789284934e-02   2.9410484574e-12   5.9292515343e-10   4.3234824181e-14   1.6567200000e-01
   8.0000000000e-01   8.0000000000e-01   4.7221312146e+02  -3.8771314319e+06   6.1182105550e-02   4.5149657822e-01   5.6142696779e-05   8.0399347911e-04   5.9802877947e-14   2.4110276820e-25   1.8413622330e-14   1.4182708010e-18   2.5564571817e-02   2.3395978844e-16   8.7935172948e-22   3.4740985679e-26   8.6053741796e-10   7.8541789304e-01   9.0827208720e-03   2.5730819382e-02   3.6552759914e-12   5.4898069773e-10   4.3451784934e-14   1.5340000000e-01
   8.1600000000e-01   8.1600000000e-01   4.5824872942e+02  -3.9386294675e+06   5.6287537103e-02   4.6191108138e-01   4.8690520139e-05   7.3967399780e-04   4.8364130779e-14   2.9062858415e-25   1.6891099748e-14   6.9939897297e-19   2.3519406072e-02   2.6412159294e-16   5.5825681053e-22   1.7274870659e-26   7.4327491715e-10   8.0258446164e-01   8.3561032040e-03   2.3672353829e-02   4.5656864211e-12   5.0504612075e-10   4.2468964039e-14   1.4112800000e-01
   8.3200000000e-01   8.3200000000e-01   4.4434130914e+02  -4.0001275031e+06   5.1392968656e-02   4.7296884576e-01   4.3095431849e-05   6.7535451699e-04   3.8386413413e-14   3.4551730969e-25   1.5368956372e-14   3.2915061755e-19   2.1474240326e-02   2.9439071091e-16   3.4910651236e-22   8.5206804231e-27   6.3405147905e-10   8.1975103024e-01   7.6294855355e-03   2.1613888277e-02   5.7167733449e-12   4.6111871838e-10   4.0527663180e-14   1.2885600000e-01
   8.4800000000e-01   8.4800000000e-01   4.3048127095e+02  -4.0616255388e+06   4.6498400208e-02   4.8473754270e-01   3.9006556219e-05   6.1103503665e-04   2.9751282093e-14   4.0267356779e-25   1.3848550200e-14   1.4675320794e-19   1.9429074580e-02   3.2334674019e-16   2.1573064384e-22   4.2078788942e-27   5.3261865266e-10   8.3691759883e-01   6.9028678664e-03   1.9555422725e-02   7.1473555450e-12   4.1719637910e-10   3.7850779487e-14   1.1658400000e-01
   8.6400000000e-01   8.6400000000e-01   4.1665992326e+02  -4.1231235746e+06   4.1603831761e-02   4.9729339149e-01   3.5960581392e-05   5.4671555679e-04   2.2361353337e-14   4.5607109595e-25   1.2331924065e-14   6.1446451802e-20   1.7383908835e-02   3.4886004526e-16   1.3235836845e-22   2.0958492998e-27   4.3903552518e-10   8.5408416742e-01   6.1762501967e-03   1.7496957173e-02   8.8663996936e-12   3.7327747384e-10   3.4629566783e-14   1.0431200000e-01
   8.8000000000e-01   8.8000000000e-01   4.0286956691e+02  -4.1846216105e+06   3.6709263315e-02   5.1072245806e-01   3.3321014261e-05   4.8239607744e-04   1.6129417324e-14   4.9527336445e-25   1.0821992822e-14   2.3909796445e-20   1.5338743089e-02   3.6789356200e-16   8.0892839188e-23   1.0503657766e-27   3.5369097829e-10   8.7125073599e-01   5.4496325264e-03   1.5438491622e-02   1.0795084790e-11   3.2936076338e-10   3.1020648719e-14   9.2040000000e-02
   8.9600000000e-01   8.9600000000e-01   3.8910361088e+02  -4.2461196464e+06   3.1814694868e-02   5.2512217357e-01   3.0192057247e-05   4.1807659864e-04   1.0968586200e-14   5.0397381513e-25   9.3226538085e-15   8.5403583784e-21   1.3293577343e-02   3.7638490596e-16   4.8937291641e-23   5.1852991256e-28   2.7731241571e-10   8.8841730456e-01   4.7230148557e-03   1.3380026071e-02   1.2638605477e-11   2.8544532561e-10   2.7147849650e-14   7.9768000000e-02
   9.1200000000e-01   9.1200000000e-01   3.7535670981e+02  -4.3076176824e+06   2.6920126423e-02   5.4060311415e-01   2.5416350679e-05   3.5375712049e-04   6.8139606389e-15   4.6172855158e-25   7.8385669715e-15   2.7609763588e-21   1.1248411598e-02   3.6947026983e-16   2.8438592334e-23   2.4047205604e-28   2.1088324673e-10   9.0558387311e-01   3.9963971853e-03   1.1321560520e-02   1.3704805139e-11   2.4153050549e-10   2.3106032573e-14   6.7496000000e-02
   9.2800000000e-01   9.2800000000e-01   3.6162492340e+02  -4.3691157185e+06   2.2025557981e-02   5.5729109250e-01   1.8428235291e-05   2.8943764307e-04   3.6948385170e-15   3.5940960426e-25   6.3741027554e-15   7.9409498653e-22   9.2032458526e-03   3.4256897190e-16   1.4905863975e-23   9.7593528718e-29   1.5518963726e-10   9.2275044165e-01   3.2697795160e-03   9.2630949690e-03   1.3044181785e-11   1.9761588941e-10   1.8965224005e-14   5.5224000000e-02
   9.4400000000e-01   9.4400000000e-01   3.4790589603e+02  -4.4306137546e+06   1.7130989540e-02   5.7532962342e-01   1.0678076364e-05   2.2511816634e-04   1.6773812800e-15   2.2393589953e-25   4.9312941876e-15   1.9741571840e-22   7.1580801073e-03   2.9350243520e-16   6.4772147472e-24   3.2178358451e-29   1.0986963895e-10   9.3991701019e-01   2.5431618479e-03   7.2046294188e-03   1.0350489230e-11   1.5370128305e-10   1.4773531749e-14   4.2952000000e-02
   9.6000000000e-01   9.6000000000e-01   3.3419905330e+02  -4.4921117909e+06   1.2236421101e-02   5.9488284153e-01   4.6070857334e-06   1.6079869013e-04   6.2292434610e-16   1.0583782354e-25   3.5082281619e-15   3.9684688161e-23   5.1129143621e-03   2.2417032182e-16   2.1105967550e-24   8.0434045521e-30   7.2952579957e-11   9.5708357871e-01   1.8165441802e-03   5.1461638692e-03   6.5646446107e-12   1.0978664476e-10   1.0559629087e-14   3.0680000000e-02
   9.7600000000e-01   9.7600000000e-01   3.2050580984e+02  -4.5536098272e+06   7.3418526623e-03   6.1613896987e-01   1.2566315137e-06   9.6479214171e-05   1.8357106814e-16   3.4012326148e-26   2.0996597840e-15   5.3706387305e-24   3.0677486170e-03   1.3993168908e-16   4.2109854612e-25   1.3425089450e-30   4.1670057409e-11   9.7425014723e-01   1.0899265110e-03   3.0876983202e-03   3.0641627152e-12   6.5871988850e-11   6.3375209769e-15   1.8408000000e-02
   9.9200000000e-01   9.9200000000e-01   3.0682977962e+02  -4.6151078636e+06   2.4472842217e-03   6.3931446742e-01   8.5872739203e-08   3.2159738211e-05   3.4056737217e-17   3.9639798055e-27   6.9919631950e-16   2.1207866767e-25   1.0225828721e-03   4.7353138635e-17   1.9529295986e-26   7.8055500290e-32   1.3517139144e-11   9.9141671574e-01   3.6330883902e-04   1.0292327724e-03   6.4151774836e-13   2.1957329274e-11   2.1127746242e-15   6.1360000000e-03
   1.0000000000e+00   1.0000000000e+00   3.0000000000e+02  -4.6458568819e+06   0.0000000000e+00   6.5169855213e-01   0.0000000000e+00   0.0000000000e+00   0.0000000000e+00   0.0000000000e+00   0.0000000000e+00   0.0000000000e+00   0.0000000000e+00   0.0000000000e+00   0.0000000000e+00   0.0000000000e+00   0.0000000000e+00   1.0000000000e+00   0.0000000000e+00   0.0000000000e+00   0.0000000000e+00   0.0000000000e+00   0.0000000000e+00   0.0000000000e+00