# L (m)  = 1
# P (Pa) = 101325
#             001_x           002_mixf              003_T              004_h             005_pv        006_density        007_hr             008_H2              009_H              010_O             011_O2             012_OH            013_H2O            014_HO2            015_CH2         016_CH2(S)            017_CH3            018_CH4             019_CO            020_CO2            021_HCO           022_CH2O          023_CH2OH             024_N2
                  0   0.0000000000e+00   3.0000000000e+02   1.9075768848e+03   0.0000000000e+00   1.1719839921e+00   0.0000000000e+00   0.0000000000e+00   0.0000000000e+00   0.0000000000e+00   2.3300000000e-01   0.0000000000e+00   0.0000000000e+00   0.0000000000e+00   0.0000000000e+00   0.0000000000e+00   0.0000000000e+00   0.0000000000e+00   0.0000000000e+00   0.0000000000e+00   0.0000000000e+00   0.0000000000e+00   0.0000000000e+00   7.6700000000e-01
   2.0000000000e-03   2.0000000000e-03   3.4423727569e+02  -6.2414948711e+04   9.9727365256e-03   1.0197448705e+00   2.7515673512e-04   1.3163429493e-08   2.5138058547e-20   6.8582050109e-13   2.2456049728e-01   3.2395575155e-13   4.4898841322e-03   1.2258117051e-08   2.5809127259e-23   1.4919955878e-24   1.5865538211e-12   7.4195785942e-07   2.6054966796e-06   5.4802337333e-03   5.1887133755e-20   1.1977926463e-08   6.1964434739e-27   7.6546600000e-01
   6.0000000000e-03   6.0000000000e-03   4.2966156655e+02  -1.9106000178e+05   2.9787139432e-02   8.1439722652e-01   4.3018555045e-03   3.2086072284e-07   7.4508794792e-19   1.6038042687e-13   2.0778754685e-01   5.5697197058e-13   1.3411624790e-02   9.7204321038e-08   5.4061956648e-22   3.5222684816e-23   2.3935279864e-11   2.6847931854e-05   1.7083728776e-05   1.6358110053e-02   2.9116693025e-18   3.6855374370e-07   2.7577954995e-23   7.6239800000e-01
   1.0000000000e-02   1.0000000000e-02   5.0777409020e+02  -3.1970504043e+05   4.9103136479e-02   6.8691169812e-01   3.2673754618e-02   1.5526245288e-06   1.5471119169e-17   1.3371190550e-14   1.9141710044e-01   8.3632543340e-13   2.2111645818e-02   3.2238518482e-07   2.0432351998e-21   1.3596468757e-22   7.4646474166e-11   1.4771826318e-04   5.9909715386e-05   2.6930028321e-02   4.2342023726e-17   1.7223613374e-06   1.5914947697e-20   7.5933000000e-01
   1.4000000000e-02   1.4000000000e-02   5.7560493848e+02  -4.4834997020e+05   6.7585223694e-02   6.0401485725e-01   1.3630984974e-01   4.1024395333e-06   1.2396143160e-16   4.4531561830e-15   1.7571897564e-01  -2.1742230260e-12   3.0439349511e-02   6.7758333451e-07  -1.4882172078e-20  -1.0554981538e-21   2.0836174421e-10   4.2876750072e-04   1.4061138613e-04   3.7001160357e-02   2.2725728930e-16   4.3553792377e-06   9.3825231692e-19   7.5626200000e-01
   1.8000000000e-02   1.7999999999e-02   6.3166848077e+02  -5.7699364437e+05   8.5017311851e-02   5.4862435219e-01   5.2004099165e-01   8.0856883094e-06   3.7759329827e-16   7.3483429044e-15   1.6086632988e-01  -9.9115000957e-12   3.8297183106e-02   1.1217910523e-06  -1.5111363145e-20  -1.9664913967e-21   5.6336775326e-10   9.1298224849e-04   2.6050429158e-04   4.6451538765e-02   6.1345098326e-16   8.2536767357e-06   1.5146000185e-17   7.5319400000e-01
   2.2000000000e-02   2.2000000000e-02   6.7556849668e+02  -7.0562607128e+05   1.0128274284e-01   5.1130423055e-01   2.0948401304e+00   1.3454099832e-05   2.8074908479e-15   6.5398219261e-14   1.4695215938e-01   7.1290355448e-12   4.5632125794e-02   1.6145346097e-06   2.1549575860e-19   1.2048107351e-20   1.3332015696e-09   1.6242053849e-03   4.1676832155e-04   5.5220394622e-02   2.6724749702e-15   1.3276525983e-05   1.0837974408e-16   7.5012600000e-01
   2.6000000000e-02   2.6000000000e-02   7.0759136225e+02  -8.3420636526e+05   1.1633589202e-01   4.8656914779e-01   5.6304957789e+00   2.0075322920e-05   9.9746187903e-15   1.8406440322e-13   1.3401234233e-01   1.3269772518e-11   5.2423113287e-02   2.1246350108e-06   1.3818687936e-18   7.3765537403e-20   2.9460658114e-09   2.5723943866e-03   6.0480901211e-04   6.3287894396e-02   7.6844798477e-15   1.9243667052e-05   4.4638940128e-16   7.4705800000e-01
   3.0000000000e-02   3.0000000000e-02   7.2843837639e+02  -9.6262152514e+05   1.3017915074e-01   4.7109459195e-01   1.2133379286e+01   2.7780534038e-05   2.7206056004e-14   3.7213196529e-13   1.2204423711e-01   1.9633957533e-11   5.8670755742e-02   2.6313141913e-06   4.7214702154e-18   2.2997256254e-19   5.8353843015e-09   3.7579994533e-03   8.1950886216e-04   7.0661105599e-02   1.8054258660e-14   2.5975524754e-05   1.2348754519e-15   7.4399000000e-01
   3.4000000000e-02   3.4000000000e-02   7.3908923161e+02  -1.0906218401e+06   1.4284614014e-01   4.6278057723e-01   2.2266106970e+01   3.6391655649e-05   6.0324713352e-14   5.9119568681e-13   1.1102021112e-01   2.5761055979e-11   6.4389804541e-02   3.1225902248e-06   1.2327112459e-17   5.4073285400e-19   1.0682482089e-08   5.1752048977e-03   1.0558616329e-03   7.7364082314e-02   3.6440729234e-14   3.3310542479e-05   2.5271413008e-15   7.4092200000e-01
   3.8000000000e-02   3.8000000000e-02   7.4078539513e+02  -1.2177042265e+06   1.5438989734e-01   4.6020297594e-01   3.7173245118e+01   4.5736294081e-05   1.1676078104e-13   8.1156538340e-13   1.0089714352e-01   3.1871328697e-11   6.9603833348e-02   3.5927065862e-06   2.9354920185e-17   1.1519380542e-18   1.8972377083e-08   6.8142363461e-03   1.3092708062e-03   8.3431056894e-02   6.7119373527e-14   4.1111081686e-05   4.0829028924e-15   7.3785400000e-01
   4.2000000000e-02   4.2000000000e-02   7.3516706477e+02  -1.3428673312e+06   1.6487469200e-01   4.6219557770e-01   6.0128079129e+01   5.5655408313e-05   2.0794681467e-13   1.0161981455e-12   9.1622996145e-02   3.8953327047e-11   7.4341543961e-02   4.0400325743e-06   6.9240361174e-17   2.4214362086e-18   3.4046558482e-08   8.6629746066e-03   1.5756670925e-03   8.8901825542e-02   1.1944087098e-13   4.9263125552e-05   5.4801288207e-15   7.3478600000e-01
   4.6000000000e-02   4.6000000000e-02   7.2466815273e+02  -1.4640874566e+06   1.7437042858e-01   4.6735188866e-01   9.8632424435e+01   6.6006719476e-05   3.5096682156e-13   1.1957936711e-12   8.3141299279e-02   4.8688699283e-11   7.8634233170e-02   4.4669398496e-06   1.6883583719e-16   5.2669004153e-18   6.2628204661e-08   1.0708069762e-02   1.8515304499e-03   9.3818658244e-02   2.1300340479e-13   5.7672757798e-05   6.4574478348e-15   7.3171800000e-01
   5.0000000000e-02   5.0000000000e-02   7.1347091547e+02  -1.5771282819e+06   1.8294885518e-01   4.7313014979e-01   1.6758805520e+02   7.6665676636e-05   5.7546544255e-13   1.3663942218e-12   7.5394181198e-02   6.3535686425e-11   8.2514073082e-02   4.8827653798e-06   4.2270448133e-16   1.1907812276e-17   1.1706632174e-07   1.2935702101e-02   2.1338640596e-03   9.8224252365e-02   3.8829061888e-13   6.6261621199e-05   7.2908246655e-15   7.2865000000e-01
   5.4000000000e-02   5.4000000000e-02   7.1052601597e+02  -1.6717915986e+06   1.9068104401e-01   4.7353692838e-01   3.0064206249e+02   8.7525083043e-05   1.0849624419e-12   1.9363008442e-12   6.8324373542e-02   8.9692770925e-11   8.6012965158e-02   5.3098896993e-06   1.0786345922e-15   2.8579552055e-17   2.1918250433e-07   1.5332091391e-02   2.4201458024e-03   1.0216040797e-01   7.6692809068e-13   7.4961890271e-05   9.5617673429e-15   7.2558200000e-01
   5.8000000000e-02   5.8000000000e-02   7.3863731410e+02  -1.7202722425e+06   1.9763574950e-01   4.5402884983e-01   6.1014898754e+02   9.8494232177e-05   3.9543919136e-12   6.7736685675e-12   6.1876516140e-02   1.5484590010e-10   8.9161789509e-02   5.7892019276e-06   3.2529707228e-15   8.7620662207e-17   4.0811996340e-07   1.7883830184e-02   2.7082705918e-03   1.0566719517e-01   2.0546617620e-12   8.3706683358e-05   2.3598327197e-14   7.2251400000e-01
   6.2000000000e-02   6.2000000000e-02   8.0320240184e+02  -1.7143735187e+06   2.0387835461e-01   4.1617407485e-01   1.3943702878e+03   1.0949920061e-04   1.9345203189e-11   3.3963149900e-11   5.5998032104e-02   3.3900566280e-10   9.1989910610e-02   6.3599767633e-06   1.4065478132e-14   3.8279565870e-16   7.6041272230e-07   2.0578098813e-02   2.9964882636e-03   1.0878245654e-01   7.6007256741e-12   9.2393680982e-05   1.0154586975e-13   7.1944600000e-01
   6.6000000000e-02   6.6000000000e-02   8.7099116267e+02  -1.6947101215e+06   2.0947014244e-01   3.8253966778e-01   3.1296335102e+03   1.2048709374e-04   7.1694372937e-11   1.2098104474e-10   5.0639815711e-02   7.8600657194e-10   9.4524809461e-02   6.9912784066e-06   7.5622651030e-14   1.9028557956e-15   1.4350465198e-06   2.3402804631e-02   3.2833356183e-03   1.1154151026e-01   2.6744192690e-11   1.0080989046e-04   3.7235402899e-13   7.1637800000e-01
   7.0000000000e-02   7.0000000000e-02   9.3291361627e+02  -1.6737012397e+06   2.1446774816e-01   3.5599518041e-01   6.5338342317e+03   1.3143138325e-04   2.0473120321e-10   3.1622368038e-10   4.5756708796e-02   1.7831413692e-09   9.6791785622e-02   7.5663585446e-06   4.0842707891e-13   9.3518155593e-15   2.7118970984e-06   2.6346676855e-02   3.5675494157e-03   1.1397698174e-01   8.1318815361e-11   1.0858554862e-04   1.0676347470e-12   7.1331000000e-01
   7.4000000000e-02   7.4000000000e-02   9.8853774318e+02  -1.6530323785e+06   2.1892258802e-01   3.3488281834e-01   1.2406927414e+04   1.4233445776e-04   4.7614334036e-10   6.5289944046e-10   4.1307921807e-02   3.7913454799e-09   9.8813623482e-02   7.9276934607e-06   1.8893060409e-12   4.0760217474e-14   4.9783157600e-06   2.9399419556e-02   3.8479091732e-03   1.1611872091e-01   2.1005972241e-10   1.1515947308e-04   2.4874072924e-12   7.1024200000e-01
   7.8000000000e-02   7.8000000000e-02   1.0384664640e+03  -1.6329134117e+06   2.2288025374e-01   3.1776025123e-01   2.1245701117e+04   1.5322071911e-04   9.4129905988e-10   1.1245095956e-09   3.7257387010e-02   7.3918286650e-09   1.0061025654e-01   7.9545501037e-06   7.1752682361e-12   1.5008045238e-13   8.6415259397e-06   3.2551940313e-02   4.1229614308e-03   1.1799381505e-01   4.6031585464e-10   1.1981292888e-04   4.8807471653e-12   7.0717400000e-01
   8.2000000000e-02   8.2000000000e-02   1.0833636238e+03  -1.6132948481e+06   2.2638008523e-01   3.0361927573e-01   3.2846774704e+04   1.6411434195e-04   1.6299545508e-09   1.6775807977e-09   3.3573878574e-02   1.3134565197e-08   1.0219859982e-01   7.6173221249e-06   2.2503283762e-11   4.6288976991e-13   1.3984008632e-05   3.5796576934e-02   4.3906490790e-03   1.1962672199e-01   8.6341388209e-10   1.2184059507e-04   8.3166260482e-12   7.0410600000e-01
   8.6000000000e-02   8.6000000000e-02   1.1237929599e+03  -1.5940883260e+06   2.2945526817e-01   2.9176625247e-01   4.6163910573e+04   1.7500498760e-04   2.5251398125e-09   2.2254824088e-09   3.0230694920e-02   2.1313245859e-08   1.0359273824e-01   6.9764315591e-06   5.9078398940e-11   1.2031543452e-12   2.1015769521e-05   3.9127196255e-02   4.6479992272e-03   1.2103952572e-01   1.4061773845e-09   1.2082090820e-04   1.2678238800e-11   7.0103800000e-01
   9.0000000000e-02   9.0000000000e-02   1.1602337629e+03  -1.5752176325e+06   2.3213371748e-01   2.8170913833e-01   5.9520861754e+04   1.8581732053e-04   3.5567159004e-09   2.6773400818e-09   2.7204817869e-02   3.1758353975e-08   1.0480453150e-01   6.1430420820e-06   1.3158307373e-10   2.6635932226e-12   2.9391335364e-05   4.2539060279e-02   4.8911018470e-03   1.2225226681e-01   2.0211679421e-09   1.1682982933e-04   1.7822678670e-11   6.9797000000e-01
   9.4000000000e-02   9.4000000000e-02   1.1930270902e+03  -1.5567329562e+06   2.3443969852e-01   2.7310517558e-01   7.1042825859e+04   1.9640293399e-04   4.6135160884e-09   2.9656747285e-09   2.4475683408e-02   4.3732667082e-08   1.0584450728e-01   5.2369612482e-06   2.5178779836e-10   5.0808249869e-12   3.8429109353e-05   4.6028447737e-02   5.1155156734e-03   1.2328327264e-01   2.6065784587e-09   1.1045006337e-04   2.3718760702e-11   6.9490200000e-01
   9.8000000000e-02   9.8000000000e-02   1.2217521233e+03  -1.5398088103e+06   2.3639580794e-01   2.6585279645e-01   7.9117494902e+04   2.0656102915e-04   5.5672889218e-09   3.0586629145e-09   2.2023846434e-02   5.5832134388e-08   1.0672280792e-01   4.3633949260e-06   4.1791440952e-10   8.4155704452e-12   4.7221262155e-05   4.9592117247e-02   5.3170101925e-03   1.2414942879e-01   3.0628330800e-09   1.0257574896e-04   3.0263864442e-11   6.9183400000e-01
   1.0200000000e-01   1.0200000000e-01   1.2447604452e+03  -1.5275754512e+06   2.3802489568e-01   2.6013231785e-01   8.2852361821e+04   2.1608169506e-04   6.3056781530e-09   2.9620453955e-09   1.9829774899e-02   6.5987007102e-08   1.0745002076e-01   3.5994497672e-06   6.0577805001e-10   1.2137601268e-11   5.4841330544e-05   5.3226675098e-02   5.4924161367e-03   1.2486637709e-01   3.3273702100e-09   9.4134305312e-05   3.6852689665e-11   6.8876600000e-01
   1.0600000000e-01   1.0600000000e-01   1.2614634469e+03  -1.5216163427e+06   2.3935154428e-01   2.5590196288e-01   8.2336175756e+04   2.2479949963e-04   6.7705423307e-09   2.7210208621e-09   1.7872982286e-02   7.2586815799e-08   1.0803776300e-01   2.9717050276e-06   7.7831804969e-10   1.5435456072e-11   6.0653540764e-05   5.6927922232e-02   5.6403378336e-03   1.2544864394e-01   3.3945380365e-09   8.5839646666e-05   4.2507348526e-11   6.8569800000e-01
   1.1000000000e-01   1.1000000000e-01   1.2727512841e+03  -1.5211623930e+06   2.4040224148e-01   2.5286310625e-01   7.8398202998e+04   2.3262428529e-04   6.9638390760e-09   2.3983248266e-09   1.6131991934e-02   7.5268705957e-08   1.0849864799e-01   2.4677730558e-06   9.0589145561e-10   1.7695994920e-11   6.4448400000e-05   6.0690661168e-02   5.7613136654e-03   1.2590965554e-01   3.3010446300e-09   7.8100340793e-05   4.6401962681e-11   6.8263000000e-01
   1.1400000000e-01   1.1400000000e-01   1.2798093287e+03  -1.5248652939e+06   2.4120435844e-01   2.5071279489e-01   7.2168126178e+04   2.3953797226e-04   6.9258585151e-09   2.0489845745e-09   1.4585044613e-02   7.4554162112e-08   1.0884571839e-01   2.0640649027e-06   9.7561373442e-10   1.8703077563e-11   6.6344992726e-05   6.4509019834e-02   5.8573966590e-03   1.2626170542e-01   3.0980947352e-09   7.1080381328e-05   4.8167872482e-11   6.7956200000e-01
   1.1800000000e-01   1.1800000000e-01   1.2836341022e+03  -1.5315706949e+06   2.4178482838e-01   2.4922090147e-01   6.4727053202e+04   2.4557519014e-04   6.7120399640e-09   1.7107347876e-09   1.3210989813e-02   7.1316993792e-08   1.0909177426e-01   1.7388629864e-06   9.8950102981e-10   1.8566977170e-11   6.6636316330e-05   6.8376923415e-02   5.9315264748e-03   1.2651595245e-01   2.8331357786e-09   6.4799583427e-05   4.7899863992e-11   6.7649400000e-01
   1.2200000000e-01   1.2200000000e-01   1.2849798431e+03  -1.5404282502e+06   2.4216908573e-01   2.4822385083e-01   5.6927757698e+04   2.5080229051e-04   6.3775800445e-09   1.4047519601e-09   1.1989995935e-02   6.6444807768e-08   1.0924885048e-01   1.4749864212e-06   9.5829880920e-10   1.7567283854e-11   6.5670598382e-05   7.2288484935e-02   5.9869712477e-03   1.2668246172e-01   2.5426941871e-09   5.9210018068e-05   4.5988365525e-11   6.7342600000e-01
   1.2600000000e-01   1.2600000000e-01   1.2844067010e+03  -1.5508345874e+06   2.4238042048e-01   2.4760563887e-01   4.9352835495e+04   2.5530062240e-04   5.9697688188e-09   1.1399947079e-09   1.0903973890e-02   6.0683163064e-08   1.0932790732e-01   1.2592959185e-06   8.9570011817e-10   1.6020293128e-11   6.3782306670e-05   7.6238253200e-02   6.0269375237e-03   1.2677027501e-01   2.2516891262e-09   5.4239831088e-05   4.2932014817e-11   6.7035800000e-01
   1.3000000000e-01   1.3000000000e-01   1.2823334264e+03  -1.5623628530e+06   2.4243970011e-01   2.4728262556e-01   4.2348188042e+04   2.5915510939e-04   5.5255253056e-09   9.1771456904e-10   9.9367455238e-03   5.4591843329e-08   1.0933870510e-01   1.0817539995e-06   8.1462640651e-10   1.4202397992e-11   6.1260385780e-05   8.0221333999e-02   6.0543439391e-03   1.2678749597e-01   1.9754132669e-09   4.9814346239e-05   3.9206889229e-11   6.6729000000e-01
   1.3400000000e-01   1.3400000000e-01   1.2790772386e+03  -1.5747087529e+06   2.4236535088e-01   2.4719326258e-01   3.6082424699e+04   2.6244730961e-04   5.0717450077e-09   7.3494168438e-10   9.0740319912e-03   4.8556538629e-08   1.0928980627e-01   9.3464219898e-07   7.2549144913e-10   1.2320808235e-11   5.8338843244e-05   8.4233422091e-02   6.0717182081e-03   1.2674137910e-01   1.7221098677e-09   4.5864690908e-05   3.5201508975e-11   6.6422200000e-01
   1.3800000000e-01   1.3800000000e-01   1.2748817719e+03  -1.5876532325e+06   2.4217349468e-01   2.4729137210e-01   3.0605150136e+04   2.6525172276e-04   4.6268504664e-09   5.8680572084e-10   8.3033346259e-03   4.2821488501e-08   1.0918865259e-01   8.1198078714e-07   6.3579373574e-10   1.0512811379e-11   5.5198823788e-05   8.8270779234e-02   6.0811741366e-03   1.2663841624e-01   1.4952715959e-09   4.2330442572e-05   3.1199232504e-11   6.6115400000e-01
   1.4200000000e-01   1.4200000000e-01   1.2699364937e+03  -1.6010372086e+06   2.4187816387e-01   2.4754171173e-01   2.5893580688e+04   2.6763423606e-04   4.2026408794e-09   4.6792333380e-10   7.6137632745e-03   3.7525372411e-08   1.0904167839e-01   7.0910405931e-07   5.5040446905e-10   8.8579401767e-12   5.1975575976e-05   9.2330184385e-02   6.0844343298e-03   1.2648441692e-01   1.2954071993e-09   3.9159713465e-05   2.7386739119e-11   6.5808600000e-01
   1.4600000000e-01   1.4600000000e-01   1.2643903738e+03  -1.6147443564e+06   2.4149154390e-01   2.4791698342e-01   2.1885788738e+04   2.6965187702e-04   3.8060093519e-09   3.7314327712e-10   6.9958473592e-03   3.2732843136e-08   1.0885443510e-01   6.2234668461e-07   4.7211967318e-10   7.3934552305e-12   4.8766758275e-05   9.6408872816e-02   6.0828750955e-03   1.2628458183e-01   1.1212892484e-09   3.6308286169e-05   2.3873095655e-11   6.5501800000e-01
   1.5000000000e-01   1.5000000000e-01   1.2583616793e+03  -1.6286892077e+06   2.4102421300e-01   2.4839576723e-01   1.8502555296e+04   2.7135329413e-04   3.4403667506e-09   2.9789013919e-10   6.4413514492e-03   2.8459413744e-08   1.0863171236e-01   5.4880989543e-07   4.0223746600e-10   6.1284545688e-12   4.5640377176e-05   1.0050447426e-01   6.0775788604e-03   1.2604356849e-01   9.7078500850e-10   3.3738508878e-05   2.0710463681e-11   6.5195000000e-01
   1.5400000000e-01   1.5400000000e-01   1.2519451289e+03  -1.6428087692e+06   2.4048536416e-01   2.4896105934e-01   1.5660730990e+04   2.7277959707e-04   3.1067477678e-09   2.3827638789e-10   5.9431054399e-03   2.4689854935e-08   1.0837764864e-01   4.8618576176e-07   3.4105369144e-10   5.0549448049e-12   4.2641671225e-05   1.0461495508e-01   6.0693858953e-03   1.2576555003e-01   8.4138287424e-10   3.1418228350e-05   1.7912267328e-11   6.4888200000e-01
   1.5800000000e-01   1.5800000000e-01   1.2452172038e+03  -1.6570565176e+06   2.3988300234e-01   2.4959921590e-01   1.3280768265e+04   2.7396532724e-04   2.8046335873e-09   1.9109169248e-10   5.4948541206e-03   2.1391167974e-08   1.0809582845e-01   4.3262441083e-07   2.8824442477e-10   4.1557478492e-12   3.9798770845e-05   1.0873856686e-01   6.0589411927e-03   1.2545426737e-01   7.3050933040e-10   2.9319856961e-05   1.5467455761e-11   6.4581400000e-01
   1.6200000000e-01   1.6200000000e-01   1.2382401488e+03  -1.6713980235e+06   2.3922411552e-01   2.5029917545e-01   1.1290487497e+04   2.7493942713e-04   2.5325442345e-09   1.5373489098e-10   5.0911269164e-03   1.8521377834e-08   1.0778936575e-01   3.8663321728e-07   2.4314046836e-10   3.4097473785e-12   3.7127201497e-05   1.1287380204e-01   6.0467348600e-03   1.2511307548e-01   6.3570780342e-10   2.7419591580e-05   1.3350905667e-11   6.4274600000e-01
   1.6600000000e-01   1.6600000000e-01   1.2310650306e+03  -1.6858077121e+06   2.3851482125e-01   2.5105187566e-01   9.6265376916e+03   2.7572614137e-04   2.2884534978e-09   1.2412545769e-10   4.7271262185e-03   1.6035264991e-08   1.0746097471e-01   3.4699985224e-07   2.0491297830e-10   2.7951330636e-12   3.4633386396e-05   1.1701935615e-01   6.0331358059e-03   1.2474498459e-01   5.5472959690e-10   2.5696770816e-05   1.1530580978e-11   6.3967800000e-01
   1.7000000000e-01   1.7000000000e-01   1.2237340994e+03  -1.7002664316e+06   2.3776049070e-01   2.5184980974e-01   8.2345301087e+03   2.7634581488e-04   2.0700720514e-09   1.0061386375e-10   4.3986328880e-03   1.3887936083e-08   1.0711302904e-01   3.1273334299e-07   1.7269196832e-10   2.2912448927e-12   3.2317328068e-05   1.2117409627e-01   6.0184191654e-03   1.2435269667e-01   4.8557097005e-10   2.4133353054e-05   9.9722020459e-12   6.3661000000e-01
   1.7400000000e-01   1.7400000000e-01   1.2162826276e+03  -1.7147596132e+06   2.3696585337e-01   2.5268668462e-01   7.0684665123e+03   2.7681558113e-04   1.8750350347e-09   8.1899942156e-11   4.1019262399e-03   1.2036913045e-08   1.0674761161e-01   2.8301866462e-07   1.4563700867e-10   1.8794941074e-12   3.0174632596e-05   1.2533703467e-01   6.0027882624e-03   1.2393863792e-01   4.2647850087e-10   2.2713492420e-05   8.6421122524e-12   6.3354200000e-01
   1.7800000000e-01   1.7800000000e-01   1.2087403432e+03  -1.7292758880e+06   2.3613508552e-01   2.5355715691e-01   6.0898439197e+03   2.7714994267e-04   1.7010218482e-09   6.6962714500e-11   3.8337164919e-03   1.0443234839e-08   1.0636655596e-01   2.5718162109e-07   1.2297548062e-10   1.5437081512e-12   2.8198019315e-05   1.2950730687e-01   5.9863919598e-03   1.2350498765e-01   3.7593693374e-10   2.1423194871e-05   7.5089000388e-12   6.3047400000e-01
   1.8200000000e-01   1.8200000000e-01   1.2011325366e+03  -1.7438060735e+06   2.3527188456e-01   2.5445663049e-01   5.2666585846e+03   2.7736125368e-04   1.5458287226e-09   5.5002153349e-11   3.5910876615e-03   9.0719206228e-09   1.0597148105e-01   2.3466159005e-07   1.0401977815e-10   1.2701384150e-12   2.6378432653e-05   1.3368415353e-01   5.9693382214e-03   1.2305370404e-01   3.3264830182e-10   2.0250038585e-05   6.5441966440e-12   6.2740600000e-01
   1.8600000000e-01   1.8600000000e-01   1.1934808997e+03  -1.7583424730e+06   2.3437953206e-01   2.5538110477e-01   4.5724317819e+03   2.7746011641e-04   1.4074089883e-09   4.5391944099e-11   3.3714491872e-03   7.8920352860e-09   1.0556382029e-01   2.1499036110e-07   8.8171507586e-11   1.0472873512e-12   2.4705849571e-05   1.3786690523e-01   5.9517046162e-03   1.2258654704e-01   2.9550762568e-10   1.9182945834e-05   5.7229514550e-12   6.2433800000e-01
   1.9000000000e-01   1.9000000000e-01   1.1858041467e+03  -1.7728784357e+06   2.3346094706e-01   2.5632706463e-01   3.9853185691e+03   2.7745570439e-04   1.2838917044e-09   3.7641755396e-11   3.1724947850e-03   6.8765202855e-09   1.0514484607e-01   1.9777581234e-07   7.4918153604e-11   8.6565306851e-13   2.3169856032e-05   1.4205496998e-01   5.9335463883e-03   1.2210509890e-01   2.6357825330e-10   1.8211995903e-05   5.0233935238e-12   6.2127000000e-01
   1.9400000000e-01   1.9400000000e-01   1.1781184633e+03  -1.7874081251e+06   2.3251873154e-01   2.5729140374e-01   3.4873248093e+03   2.7735602385e-04   1.1735861731e-09   3.1367422427e-11   2.9921673473e-03   6.0018976699e-09   1.0471569050e-01   1.8268961651e-07   6.3825795488e-11   7.1744988223e-13   2.1760049839e-05   1.4624782259e-01   5.9149026090e-03   1.2161078240e-01   2.3606851737e-10   1.7328270910e-05   4.4268189021e-12   6.1820200000e-01
   1.9800000000e-01   1.9800000000e-01   1.1704378274e+03  -1.8019264362e+06   2.3155520913e-01   2.5827137303e-01   3.0637056129e+03   2.7716812441e-04   1.0749811314e-09   2.6267886152e-11   2.8286288661e-03   5.2479318250e-09   1.0427736292e-01   1.6945857600e-07   5.4531148427e-11   5.9634309358e-13   2.0466313815e-05   1.5044499588e-01   5.8958008287e-03   1.2110487726e-01   2.1231103675e-10   1.6523727917e-05   3.9173893779e-12   6.1513400000e-01
   2.0800000000e-01   2.0800000000e-01   1.1514753552e+03  -1.8381825127e+06   2.2909833228e-01   2.6074189231e-01   2.2070740590e+03   2.7649346651e-04   8.6268912438e-10   1.6887151128e-11   2.4576431241e-03   3.7469179672e-09   1.0316086776e-01   1.4046059923e-07   3.6593022240e-11   3.7354619184e-13   1.7497772146e-05   1.6094768939e-01   5.8469501687e-03   1.1981402089e-01   1.6284568078e-10   1.4692138725e-05   2.8984528100e-12   6.0746400000e-01
   2.2400000000e-01   2.2400000000e-01   1.1214384471e+03  -1.8958637499e+06   2.2493121934e-01   2.6485051123e-01   1.4099865954e+03   2.7431163682e-04   6.3068519350e-10   9.0907557697e-12   2.0497185574e-03   2.2665758247e-09   1.0127313542e-01   1.1200158169e-07   2.0594602637e-11   1.8853974579e-13   1.4075571558e-05   1.7780020068e-01   5.7621762823e-03   1.1762159600e-01   1.1514529547e-10   1.2670802555e-05   1.9322861068e-12   5.9519200000e-01
   2.4000000000e-01   2.4000000000e-01   1.0923329499e+03  -1.9531772482e+06   2.2060591982e-01   2.6902046119e-01   9.4776963149e+02   2.7127766841e-04   4.7415943727e-10   5.2310330959e-12   1.7657921313e-03   1.4080923276e-09   9.9317687682e-02   9.4353350655e-08   1.2106854127e-11   9.9485248892e-14   1.1564837620e-05   1.9468535715e-01   5.6712573251e-03   1.1534569714e-01   8.6184525276e-11   1.1269723717e-05   1.3768461457e-12   5.8292000000e-01
   2.5600000000e-01   2.5600000000e-01   1.0642566418e+03  -2.0102089578e+06   2.1617397502e-01   2.7321822677e-01   6.6607937233e+02   2.6757910678e-04   3.6534186958e-10   3.1909231192e-12   1.5651495093e-03   8.9564900417e-10   9.7316702052e-02   8.3361327267e-08   7.4019800745e-12   5.4629506412e-14   9.6817816045e-06   2.1159281841e-01   5.5747373426e-03   1.1301495652e-01   6.7750057187e-11   1.0290575013e-05   1.0423444787e-12   5.7064800000e-01
   2.7200000000e-01   2.7200000000e-01   1.0372129624e+03  -2.0670656796e+06   2.1166980854e-01   2.7743025756e-01   4.8616273968e+02   2.6336209114e-04   2.8750216687e-10   2.0449589509e-12   1.4206688160e-03   5.8129768443e-10   9.5284955432e-02   7.6543885962e-08   4.6822641189e-12   3.1048338571e-14   8.2369127627e-06   2.2851561199e-01   5.4732849400e-03   1.1064820608e-01   5.5459471595e-11   9.5962652878e-06   8.3057211610e-13   5.5837600000e-01
   2.8800000000e-01   2.8800000000e-01   1.0111697748e+03  -2.1238270580e+06   2.0711656571e-01   2.8165144268e-01   3.6615871327e+02   2.5874208022e-04   2.3034694662e-10   1.3649834847e-12   1.3141743225e-03   3.8370050657e-10   9.3232361381e-02   7.2360687730e-08   3.0489368900e-12   1.8166658162e-14   7.1036120804e-06   2.4544899116e-01   5.3676252502e-03   1.0825783700e-01   4.6891627225e-11   9.0921672149e-06   6.8879707344e-13   5.4610400000e-01
   3.0400000000e-01   3.0400000000e-01   9.8607747598e+02  -2.1805407384e+06   2.0252988391e-01   2.8588182355e-01   2.8292441770e+02   2.5381041930e-04   1.8738179762e-10   9.4161142144e-13   1.2334333561e-03   2.5682533527e-10   9.1165602752e-02   6.9821451638e-08   2.0342690227e-12   1.0889897203e-14   6.1962967492e-06   2.6238970280e-01   5.2584698737e-03   1.0585200086e-01   4.0661524588e-11   8.7133307007e-06   5.8779980361e-13   5.3383200000e-01
   3.2000000000e-01   3.2000000000e-01   9.6186791032e+02  -2.2372319084e+06   1.9792036648e-01   2.9012799719e-01   2.2317320378e+02   2.4863909252e-04   1.5440131609e-10   6.6686555266e-13   1.1701867209e-03   1.7384910014e-10   8.9089200437e-02   6.8272569560e-08   1.3849570286e-12   6.6585704412e-15   5.4561956394e-06   2.7933550643e-01   5.1464708278e-03   1.0343605613e-01   3.5950269151e-11   8.4155286199e-06   5.1111518449e-13   5.2156000000e-01
   3.3600000000e-01   3.3600000000e-01   9.3849318226e+02  -2.2939128894e+06   1.9329522406e-01   2.9439217095e-01   1.7898652585e+02   2.4328449587e-04   1.2861077926e-10   4.8224221725e-13   1.1188440960e-03   1.1875546659e-10   8.7006221049e-02   6.7273758827e-08   9.5873936038e-13   4.1377391127e-15   4.8422589427e-06   2.9628485309e-01   5.0321977650e-03   1.0101352075e-01   3.2255890768e-11   8.1689357816e-06   4.4941219861e-13   5.0928800000e-01
   3.5200000000e-01   3.5200000000e-01   9.1590701438e+02  -2.3505894006e+06   1.8865937168e-01   2.9867716615e-01   1.4547886955e+02   2.3779053130e-04   1.0811034402e-10   3.5453135586e-13   1.0756139936e-03   8.1712104734e-11   8.4918749192e-02   6.6530379765e-08   6.7281154271e-13   2.6051072952e-15   4.3253144775e-06   3.1323666859e-01   4.9161316093e-03   9.8586700343e-02   2.9261428683e-11   7.9536764533e-06   3.9747220892e-13   4.9701600000e-01
   3.6800000000e-01   3.6800000000e-01   8.9406289216e+02  -2.4072639976e+06   1.8401616631e-01   3.0298706087e-01   1.1953121762e+02   2.3219116023e-04   9.1579586428e-11   2.6405780273e-13   1.0379205884e-03   5.6545145936e-11   8.2828204424e-02   6.5849487441e-08   4.7742008456e-13   1.6573902249e-15   3.8842851545e-06   3.3019020609e-01   4.7986681190e-03   9.6157102607e-02   2.6760633398e-11   7.7566964063e-06   3.5241195777e-13   4.8474400000e-01
   3.8400000000e-01   3.8400000000e-01   8.7291504108e+02  -2.4639377894e+06   1.7936790489e-01   3.0732697975e-01   9.9085918252e+01   2.2651249778e-04   7.8081610020e-11   1.9870414271e-13   1.0040113198e-03   3.9301389266e-11   8.0735554899e-02   6.5109235116e-08   3.4180247811e-13   1.0631385510e-15   3.5037022433e-06   3.4714494526e-01   4.6801265983e-03   9.3725710894e-02   2.4615208677e-11   7.5695777791e-06   3.1263158107e-13   4.7247200000e-01
   4.0000000000e-01   4.0000000000e-01   8.5241912541e+02  -2.5206112462e+06   1.7471616156e-01   3.1170291535e-01   8.2742933572e+01   2.2077451174e-04   6.6938761965e-11   1.5074305291e-13   9.7269214055e-04   2.7405684750e-11   7.8641461807e-02   6.4236748984e-08   2.4644074060e-13   6.8627495906e-16   3.1720425110e-06   3.6410052288e-01   4.5607606367e-03   9.1293164609e-02   2.2729635555e-11   7.3870224213e-06   2.7720648020e-13   4.6020000000e-01
   4.1600000000e-01   4.1600000000e-01   8.3253269578e+02  -2.5772845635e+06   1.7006201679e-01   3.1612159106e-01   6.9522032393e+01   2.1499238701e-04   5.7652049794e-11   1.1509191656e-13   9.4314846944e-04   1.9155237706e-11   7.6546377269e-02   6.3191935872e-08   1.7866043968e-13   4.4509475386e-16   2.8805969875e-06   3.8105668505e-01   4.4407690416e-03   8.8859878092e-02   2.1036009437e-11   7.2058062311e-06   2.4555147084e-13   4.4792800000e-01
   4.3200000000e-01   4.3200000000e-01   8.1321543752e+02  -2.6339578221e+06   1.6540621324e-01   3.2059036499e-01   5.8718815615e+01   2.0917761088e-04   4.9847831353e-11   8.8315436231e-14   9.1482388083e-04   1.3409430026e-11   7.4450610822e-02   6.1955815640e-08   1.3005854977e-13   2.8964189236e-16   2.6226889022e-06   3.9801325409e-01   4.3203059792e-03   8.6426118828e-02   1.9484753801e-11   7.0240635334e-06   2.1724622718e-13   4.3565600000e-01
   4.4800000000e-01   4.4800000000e-01   7.9442927422e+02  -2.6906310552e+06   1.6074926215e-01   3.2511716965e-01   4.9815191113e+01   2.0333882874e-04   4.3241890014e-11   6.8036006715e-14   8.8733779094e-04   9.3957345571e-12   7.2354374643e-02   6.0522437248e-08   9.4960317677e-14   1.8889542015e-16   2.3931251404e-06   4.1497010554e-01   4.1994898747e-03   8.3992058800e-02   1.8038894955e-11   6.8408014533e-06   1.9195078602e-13   4.2338400000e-01
   4.6400000000e-01   4.6400000000e-01   7.7613837268e+02  -2.7473042768e+06   1.5609151592e-01   3.2971048110e-01   4.2422250767e+01   1.9748251376e-04   3.7614810072e-11   5.2573986530e-14   8.6042953062e-04   6.5860411582e-12   7.0257814351e-02   5.8893620384e-08   6.9470760563e-14   1.2333930570e-16   2.1878065273e-06   4.3192715222e-01   4.0784109419e-03   8.1557808110e-02   1.6670567779e-11   6.6555736601e-06   1.6936787496e-13   4.1111200000e-01
   4.8000000000e-01   4.8000000000e-01   7.5830908472e+02  -2.8039774929e+06   1.5143321783e-01   3.3437931159e-01   3.6242907109e+01   1.9161348753e-04   3.2794830382e-11   4.0721747615e-14   8.3392029969e-04   4.6165365485e-12   6.8161030015e-02   5.7075850920e-08   5.0878395718e-14   8.0561701123e-17   2.0034478471e-06   4.4888433303e-01   3.9571373910e-03   7.9123436934e-02   1.5358961176e-11   6.4682638851e-06   1.4922767825e-13   3.9884000000e-01
   4.9600000000e-01   4.9600000000e-01   7.4090985086e+02  -2.8606507064e+06   1.4677453607e-01   3.3913322142e-01   3.1046867503e+01   1.8573532216e-04   2.8645732049e-11   3.1597907673e-14   8.0768725899e-04   3.2350207120e-12   6.6064090499e-02   5.5078720440e-08   3.7272489334e-14   5.2598735864e-17   1.8373749559e-06   4.6584160523e-01   3.8357204428e-03   7.6688989804e-02   1.4089202355e-11   6.2789445217e-06   1.3128233925e-13   3.8656800000e-01
   5.1200000000e-01   5.1200000000e-01   7.2391108327e+02  -2.9173239185e+06   1.4211558709e-01   3.4398234650e-01   2.6653476907e+01   1.7985064926e-04   2.5058165907e-11   2.4550960908e-14   7.8164586935e-04   2.2658000426e-12   6.3967043262e-02   5.2914363947e-08   2.7292552143e-14   3.4304255383e-17   1.6873767879e-06   4.8279893893e-01   3.7141983179e-03   7.4254494856e-02   1.2851822523e-11   6.0877861509e-06   1.1530412123e-13   3.7429600000e-01
   5.2800000000e-01   5.2800000000e-01   7.0728503947e+02  -2.9739971299e+06   1.3745645163e-01   3.4893743959e-01   2.2919669581e+01   1.7396139595e-04   2.1943360470e-11   1.9094127991e-14   7.5573783794e-04   1.5860162947e-12   6.1869921065e-02   5.0597422510e-08   1.9961414312e-14   2.2334522702e-17   1.5515967411e-06   4.9975631330e-01   3.5925993688e-03   7.1819969800e-02   1.1642506313e-11   5.8950012708e-06   1.0108459714e-13   3.6202400000e-01
   5.4400000000e-01   5.4400000000e-01   6.9100569420e+02  -3.0306703409e+06   1.3279718579e-01   3.5400992378e-01   1.9731295550e+01   1.6806896434e-04   1.9228502255e-11   1.4860414518e-14   7.2992288454e-04   1.1095223836e-12   5.9772746562e-02   4.8145137351e-08   1.4572151008e-14   1.4507928312e-17   1.4284528434e-06   5.1671371389e-01   3.4709445125e-03   6.9385425747e-02   1.0461854446e-11   5.7008106732e-06   8.8433920184e-14   3.4975200000e-01
   5.6000000000e-01   5.6000000000e-01   6.7504861419e+02  -3.0873435518e+06   1.2813782857e-01   3.5921195768e-01   1.6996703864e+01   1.6217436728e-04   1.6853302621e-11   1.1571037575e-14   7.0417310995e-04   7.7580224082e-13   5.7675535449e-02   4.5577285665e-08   1.0610325976e-14   9.3968823964e-18   1.3165788841e-06   5.3367113071e-01   3.3492491017e-03   6.6950869655e-02   9.3149174311e-12   5.5054245777e-06   7.7179925971e-14   3.3748000000e-01
   5.7600000000e-01   5.7600000000e-01   6.5939083864e+02  -3.1440167627e+06   1.2347840719e-01   3.6455651214e-01   1.4641863557e+01   1.5627833053e-04   1.4767418419e-11   9.0128782960e-15   6.7846913949e-04   5.4230076717e-13   5.5578298628e-02   4.2915790147e-08   7.6997980562e-15   6.0653984472e-18   1.2147808609e-06   5.5062855692e-01   3.2275243518e-03   6.4516305878e-02   8.2103296160e-12   5.3090331662e-06   6.7167092126e-14   3.2520800000e-01
   5.9200000000e-01   5.9200000000e-01   6.4401076703e+02  -3.2006899735e+06   1.1881894062e-01   3.7005745903e-01   1.2606568272e+01   1.5038136934e-04   1.2928498771e-11   7.0221453071e-15   6.5279747907e-04   3.7908248844e-13   5.3481043683e-02   4.0183969718e-08   5.5645015369e-15   3.8991545703e-18   1.1220046503e-06   5.6758598789e-01   3.1057784205e-03   6.2081737148e-02   7.1590000507e-12   5.1118029058e-06   5.8255463767e-14   3.1293600000e-01
   6.0800000000e-01   6.0800000000e-01   6.2888805535e+02  -3.2573631845e+06   1.1415944216e-01   3.7572967279e-01   1.0841447092e+01   1.4448384549e-04   1.1300700733e-11   5.4723864187e-15   6.2714869996e-04   2.6509416978e-13   5.1383775912e-02   3.7405531949e-08   4.0012145778e-15   2.4948251584e-18   1.0373117440e-06   5.8454342053e-01   2.9840172188e-03   5.9647165183e-02   6.1724774320e-12   4.9138762820e-06   5.0319649924e-14   3.0066400000e-01
   6.2400000000e-01   6.2400000000e-01   6.1400352083e+02  -3.3140363955e+06   1.0949992112e-01   3.8158914586e-01   9.3056211938e+00   1.3858600957e-04   9.8535669985e-12   4.2655944501e-15   6.0151619050e-04   1.8554028297e-13   4.9286499023e-02   3.4603507497e-08   2.8599888424e-15   1.5877047158e-18   9.5986065215e-07   6.0150085283e-01   2.8622450158e-03   5.7212591077e-02   5.2612489080e-12   4.7153733947e-06   4.3247976696e-14   2.8839200000e-01
   6.4000000000e-01   6.4000000000e-01   5.9933905568e+02  -3.3707096065e+06   1.0484038407e-01   3.8765311961e-01   7.9649140973e+00   1.3268803214e-04   8.5611951910e-12   3.3255493095e-15   5.7589529628e-04   1.3003521951e-13   4.7189215619e-02   3.1799369060e-08   2.0299859137e-15   1.0042293949e-18   8.8889225379e-07   6.1845828354e-01   2.7404648868e-03   5.4778015528e-02   4.4332937910e-12   4.5163944328e-06   3.6941861809e-14   2.7612000000e-01
   6.5600000000e-01   6.5600000000e-01   5.8487754962e+02  -3.4273828177e+06   1.0018083561e-01   3.9394023246e-01   6.7905496302e+00   1.2679002648e-04   7.4016521060e-12   2.5928005761e-15   5.5028272656e-04   9.1300183273e-14   4.5091927541e-02   2.9012553033e-08   1.4291686555e-15   6.3076662574e-19   8.2371779735e-07   6.3541571190e-01   2.6186790430e-03   5.2343438996e-02   3.6931599085e-12   4.3170224325e-06   3.1315443964e-14   2.6384800000e-01
   6.7200000000e-01   6.7200000000e-01   5.7060282121e+02  -3.4840560289e+06   9.5521279011e-02   4.0047068755e-01   5.7582734850e+00   1.2089206518e-04   6.3566025007e-12   2.0208726404e-15   5.2467614338e-04   6.4243385046e-14   4.2994636090e-02   2.6260517915e-08   9.9676509034e-16   3.9307327655e-19   7.6370868046e-07   6.5237313754e-01   2.4968890729e-03   4.9908861782e-02   3.0416867150e-12   4.1173259777e-06   2.6295466108e-14   2.5157600000e-01
   6.8800000000e-01   6.8800000000e-01   5.5649955792e+02  -3.5407292403e+06   9.0861716596e-02   4.0726644244e-01   4.8478243179e+00   1.1499419204e-04   5.4111284556e-12   1.5733961836e-15   4.9907387632e-04   4.5310643037e-14   4.0897342194e-02   2.3559354563e-08   6.8774013876e-16   2.4276817947e-19   7.0828754552e-07   6.6933056031e-01   2.3750961174e-03   4.7474284092e-02   2.4763297521e-12   3.9173616574e-06   2.1821357211e-14   2.3930400000e-01
   7.0400000000e-01   7.0400000000e-01   5.4255326498e+02  -3.5974024518e+06   8.6202150013e-02   4.1435142412e-01   4.0426653722e+00   1.0909643059e-04   4.5537057150e-12   1.2219519277e-15   4.7347472383e-04   3.2027024547e-14   3.8800046519e-02   2.0924834506e-08   4.6872869124e-16   1.4842408458e-19   6.5692047966e-07   6.8628798024e-01   2.2533009972e-03   4.5039706066e-02   1.9919119805e-12   3.7171762091e-06   1.7845356154e-14   2.2703200000e-01
   7.2000000000e-01   7.2000000000e-01   5.2875022290e+02  -3.6540756633e+06   8.1542580439e-02   4.2175177276e-01   3.3298699417e+00   1.0319879017e-04   3.7762717782e-12   9.4446483460e-16   4.4787781445e-04   2.2673545386e-14   3.6702749541e-02   1.8373663675e-08   3.1503627495e-16   8.9704800676e-20   6.0911043336e-07   7.0324539745e-01   2.1315043036e-03   4.2605127804e-02   1.5815738555e-12   3.5168083273e-06   1.4332365551e-14   2.1476000000e-01
   7.3600000000e-01   7.3600000000e-01   5.1507745402e+02  -3.7107488750e+06   7.6883008718e-02   4.2949611846e-01   2.7000260137e+00   9.7301270233e-05   3.0742600817e-12   7.2401273000e-16   4.2228250968e-04   1.6059323458e-14   3.4605451610e-02   1.5924610634e-08   2.0842143469e-16   5.3510500449e-20   5.6439213039e-07   7.2020281216e-01   2.0097064640e-03   4.0170549374e-02   1.2377077229e-12   3.3162901597e-06   1.1259020672e-14   2.0248800000e-01
   7.5200000000e-01   7.5200000000e-01   5.0152269812e+02  -3.7674220867e+06   7.2223435456e-02   4.3761589598e-01   2.1469922276e+00   9.1403863518e-05   2.4463990881e-12   5.4791762616e-16   3.9668833620e-04   1.1361137008e-14   3.2508152978e-02   1.3599117344e-08   1.3545152741e-16   3.1447235803e-20   5.2232885947e-07   7.3716022463e-01   1.8879077885e-03   3.7735970826e-02   9.5271458400e-13   3.1156485244e-06   8.6113123793e-15   1.9021600000e-01
   7.6800000000e-01   7.6800000000e-01   4.8807439750e+02  -3.8240952986e+06   6.7563861089e-02   4.4614570293e-01   1.6673246929e+00   8.5506558372e-05   1.8940314191e-12   4.0698242164e-16   3.7109493897e-04   8.0105415300e-15   3.0410853831e-02   1.1421010606e-08   8.6279847942e-17   1.8169230665e-20   4.8251152444e-07   7.5411763513e-01   1.7661085032e-03   3.5301392196e-02   7.1948611273e-13   2.9149058894e-06   6.3802196726e-15   1.7794400000e-01
   7.8400000000e-01   7.8400000000e-01   4.7472169204e+02  -3.8807685105e+06   6.2904285930e-02   4.5512370831e-01   1.2592546416e+00   7.9609340619e-05   1.4197805248e-12   2.9474519369e-16   3.4550204930e-04   5.6145766048e-15   2.8313554305e-02   9.4150650546e-09   5.3733074087e-17   1.0295897254e-20   4.4456011116e-07   7.7107504396e-01   1.6443087731e-03   3.2866813511e-02   5.3158324881e-13   2.7140811509e-06   4.5554320005e-15   1.6567200000e-01
   8.0000000000e-01   8.0000000000e-01   4.6145442457e+02  -3.9374417226e+06   5.8244710205e-02   4.6459211869e-01   9.2127483683e-01   7.3712195111e-05   1.0256496186e-12   2.0667845295e-16   3.1990946369e-04   3.9003190773e-15   2.6216254503e-02   7.6044578568e-09   3.2628105159e-17   5.7067834099e-21   4.0812724205e-07   7.8803245141e-01   1.5225087197e-03   3.0432234787e-02   3.8315728368e-13   2.5131902447e-06   3.1183889521e-15   1.5340000000e-01
   8.1600000000e-01   8.1600000000e-01   4.4826315737e+02  -3.9941149347e+06   5.3585134076e-02   4.7459771138e-01   6.5065243925e-01   6.7815107005e-05   7.1102274170e-13   1.3936738045e-16   2.9431703006e-04   2.6765143603e-15   2.4118954500e-02   6.0075607375e-09   1.9259303417e-17   3.0845264612e-21   3.7290287024e-07   8.0498985774e-01   1.4007084322e-03   2.7997656037e-02   2.6873236246e-13   2.3122466190e-06   2.0369927414e-15   1.4112800000e-01
   8.3200000000e-01   8.3200000000e-01   4.3513920028e+02  -4.0507881470e+06   4.8925557661e-02   4.8519244461e-01   4.4236779511e-01   6.1918062789e-05   4.7130432695e-13   8.9808387891e-17   2.6872463859e-04   1.8074871324e-15   2.2021654351e-02   4.6348793205e-09   1.1012883524e-17   1.6200363349e-21   3.3861866548e-07   8.2194726318e-01   1.2789079763e-03   2.5563077271e-02   1.8300694816e-13   2.1112615954e-06   1.2644475678e-15   1.2885600000e-01
   8.4800000000e-01   8.4800000000e-01   4.2207465120e+02  -4.1074613593e+06   4.4265981044e-02   4.9643415717e-01   2.8889367791e-01   5.6021050957e-05   2.9779578742e-13   5.4990368255e-17   2.4313221479e-04   1.1957472837e-15   1.9924354097e-02   3.4870458943e-09   6.0763882522e-18   8.2331537048e-22   3.0505054292e-07   8.3890466796e-01   1.1571074006e-03   2.3128498495e-02   1.2079923737e-13   1.9102446465e-06   7.4314500254e-16   1.1658400000e-01
   8.6400000000e-01   8.6400000000e-01   4.0906244941e+02  -4.1641345718e+06   3.9606404286e-02   5.0838737151e-01   1.8086573223e-01   5.0124062320e-05   1.7885443460e-13   3.1819348250e-17   2.1753971337e-04   7.7050407659e-16   1.7827053770e-02   2.5544801298e-09   3.2193646868e-18   4.0269404099e-22   2.7201827661e-07   8.5586207222e-01   1.0353067405e-03   2.0693919712e-02   7.7163759985e-14   1.7092036135e-06   4.1208910665e-16   1.0431200000e-01
   8.8000000000e-01   8.8000000000e-01   3.9609644225e+02  -4.2208077843e+06   3.4946827430e-02   5.2112421733e-01   1.0828922221e-01   4.4227089968e-05   1.0177897907e-13   1.7295090989e-17   1.9194711208e-04   4.7998745746e-16   1.5729753392e-02   1.8187709183e-09   1.6276415617e-18   1.8816856454e-22   2.3938203783e-07   8.7281947611e-01   9.1350602206e-04   1.8259340926e-02   4.7605274169e-14   1.5081448911e-06   2.1476241515e-16   9.2040000000e-02
   8.9600000000e-01   8.9600000000e-01   3.8317146519e+02  -4.2774809970e+06   3.0287250509e-02   5.3472549533e-01   6.1759622575e-02   3.8330128976e-05   5.4638279607e-14   8.7631202454e-18   1.6635440556e-04   2.8615326971e-16   1.3632452979e-02   1.2552910473e-09   7.7853063447e-19   8.3094766931e-23   2.0703655925e-07   8.8977687972e-01   7.9170526396e-04   1.5824762137e-02   2.8277248173e-14   1.3070735938e-06   1.0465017367e-16   7.9768000000e-02
   9.1200000000e-01   9.1200000000e-01   3.7028343488e+02  -4.3341542097e+06   2.5627673546e-02   5.4928190506e-01   3.3307727521e-02   3.2433175965e-05   2.7485416684e-14   4.0942210283e-18   1.4076159971e-04   1.6092857504e-16   1.1535152543e-02   8.3628769343e-10   3.4789974928e-19   3.4096333445e-23   1.7490409785e-07   9.0673428312e-01   6.6990447970e-04   1.3390183348e-02   1.6085549217e-14   1.1059937152e-06   4.7320540796e-17   6.7496000000e-02
   9.2800000000e-01   9.2800000000e-01   3.5742945436e+02  -4.3908274226e+06   2.0968096557e-02   5.6489546541e-01   1.6749468421e-02   2.6536228645e-05   1.2814789255e-14   1.7346181316e-18   1.1516870678e-04   8.3530658499e-17   9.4378520924e-03   5.3375266691e-10   1.4242660018e-19   1.2641322418e-23   1.4292738133e-07   9.2369168637e-01   5.4810367880e-04   1.0955604557e-02   8.6805867764e-15   9.0490828260e-07   1.9620657897e-17   5.5224000000e-02
   9.4400000000e-01   9.4400000000e-01   3.4460792832e+02  -4.4475006356e+06   1.6308519553e-02   5.8168116281e-01   7.6332973877e-03   2.0639285404e-05   5.4326747985e-15   6.4807552076e-19   8.9575741744e-05   3.8574260926e-17   7.3405516330e-03   3.2163384476e-10   5.1707730337e-20   4.0286660463e-24   1.1106342774e-07   9.4064908950e-01   4.2630286780e-04   8.5210257670e-03   4.3673363330e-15   7.0381950613e-07   7.3107828156e-18   4.2952000000e-02
   9.6000000000e-01   9.6000000000e-01   3.3181868553e+02  -4.5041738486e+06   1.1648942541e-02   5.9976887025e-01   2.9586087796e-03   1.4742345006e-05   2.0169002423e-15   2.0225863828e-19   6.3982719716e-05   1.4750453046e-17   5.2432511686e-03   1.7723265529e-10   1.5692789204e-20   9.9835303847e-25   7.9278769987e-08   9.5760649255e-01   3.0450205109e-04   6.0864469764e-03   1.9768937742e-15   5.0272891954e-07   2.3548671153e-18   3.0680000000e-02
   9.7600000000e-01   9.7600000000e-01   3.1906310392e+02  -4.5608470618e+06   6.9893655256e-03   6.1930559151e-01   8.1920796622e-04   8.8454064092e-06   5.9716225232e-16   4.5835922216e-20   3.8389654480e-05   3.8960344975e-18   3.1459507018e-03   8.1813869295e-11   3.5122138380e-21   1.4953005804e-25   4.7546353381e-08   9.7456389555e-01   1.8270123148e-04   3.6518681859e-03   7.3504814158e-16   3.0163751110e-07   5.9638080057e-19   1.8408000000e-02
   9.9200000000e-01   9.9200000000e-01   3.0634423234e+02  -4.6175202751e+06   2.3297885086e-03   6.4045809943e-01   6.9384237269e-05   2.9484687174e-06   9.2314624902e-17   3.6439330963e-21   1.2796557991e-05   3.0993157837e-19   1.0486502340e-03   2.0412333706e-11   3.7221532495e-22   4.5110935336e-27   1.5844246924e-08   9.9152129852e-01   6.0900410620e-05   1.2172893953e-03   1.4801147050e-16   1.0054584280e-07   7.7615362641e-20   6.1360000000e-03
   1.0000000000e+00   1.0000000000e+00   3.0000000000e+02  -4.6458568819e+06   0.0000000000e+00   6.5169855213e-01   0.0000000000e+00   0.0000000000e+00   0.0000000000e+00   0.0000000000e+00   0.0000000000e+00   0.0000000000e+00   0.0000000000e+00   0.0000000000e+00   0.0000000000e+00   0.0000000000e+00   0.0000000000e+00   1.0000000000e+00   0.0000000000e+00   0.0000000000e+00   0.0000000000e+00   0.0000000000e+00   0.0000000000e+00   0.0000000000e+00