# L (m)  = 1
# P (Pa) = 101325
#             001_x           002_mixf              003_T              004_h             005_pv        006_density        007_hr             008_H2              009_H              010_O             011_O2             012_OH            013_H2O            014_HO2            015_CH2         016_CH2(S)            017_CH3            018_CH4             019_CO            020_CO2            021_HCO           022_CH2O          023_CH2OH             024_N2
                  0   0.0000000000e+00   3.0000000000e+02   1.9075768848e+03   0.0000000000e+00   1.1719839921e+00   0.0000000000e+00   0.0000000000e+00   0.0000000000e+00   0.0000000000e+00   2.3300000000e-01   0.0000000000e+00   0.0000000000e+00   0.0000000000e+00   0.0000000000e+00   0.0000000000e+00   0.0000000000e+00   0.0000000000e+00   0.0000000000e+00   0.0000000000e+00   0.0000000000e+00   0.0000000000e+00   0.0000000000e+00   7.6700000000e-01
   2.0000000000e-03   2.0000000000e-03   3.5783061282e+02  -4.7407585981e+04   9.9090095074e-03   9.8094717916e-01   3.3131082476e+02   5.6754357772e-07   1.0219627317e-13   3.2648484459e-08   2.2462458961e-01   1.2523634281e-08   4.4864997311e-03   3.5373454861e-07   1.1313659511e-18   6.8865745416e-20   1.9167105606e-12   1.7929054674e-09   1.1280495824e-04   5.3091372745e-03   3.2373793798e-17   1.7777883933e-10   3.2917130587e-22   7.6546600000e-01
   6.0000000000e-03   6.0000000000e-03   4.7085008610e+02  -1.4603791306e+05   2.9726891596e-02   7.4302655638e-01   5.0849972522e+03   1.7030814690e-06   6.2585616177e-12   2.0814410314e-07   2.0787352665e-01   1.0725563082e-07   1.3459403815e-02   1.2604175809e-06   3.6838857156e-17   2.6485522768e-18   9.6129757154e-12   5.3848401468e-09   3.3848834017e-04   1.5927296359e-02   1.2013794345e-15   5.3860854726e-10   5.0015299772e-20   7.6239800000e-01
   1.0000000000e-02   1.0000000000e-02   5.7992288189e+02  -2.4466822968e+05   4.9544202161e-02   6.0129158015e-01   2.3944950008e+04   2.8471441205e-06   8.2309455629e-11   6.1652420130e-07   1.9112221308e-01   4.1155553181e-07   2.2432015977e-02   2.5463818014e-06   3.7298119331e-16   2.8269864158e-17   2.8818088932e-11   9.2271381438e-09   5.6467475043e-04   2.6544664289e-02   1.2847512550e-14   9.5576318881e-10   1.2998597410e-18   7.5933000000e-01
   1.4000000000e-02   1.4000000000e-02   6.8469903256e+02  -3.4329846711e+05   6.9358869797e-02   5.0760709177e-01   8.0429137158e+04   4.0549441073e-06   6.1170571628e-10   1.4147123784e-06   1.7437214837e-01   1.1931720222e-06   3.1403649825e-02   4.3540916988e-06   4.1705635735e-15   3.1365475362e-16   1.1646217599e-10   1.7068745166e-08   7.9386573243e-04   3.7157299295e-02   1.1284003897e-13   2.0570524933e-09   2.6842489040e-17   7.5626200000e-01
   1.8000000000e-02   1.8000000000e-02   7.8498972045e+02  -4.4192779137e+05   8.9163237038e-02   4.4130217543e-01   2.3894245198e+05   5.5137442255e-06   3.4827451959e-09   2.9333504748e-06   1.5762991327e-01   3.1697485956e-06   4.0372165672e-02   6.6743549819e-06   7.2073755816e-14   5.1906658075e-15   7.5552121135e-10   5.9189526119e-08   1.0358886616e-03   4.7749668960e-02   1.3143834741e-12   8.8059950487e-09   7.3313347383e-16   7.5319400000e-01
   2.2000000000e-02   2.2000000000e-02   8.8067610606e+02  -5.4054893581e+05   1.0893804674e-01   3.9205736667e-01   6.9915470863e+05   7.5732317870e-06   1.7576710551e-08   6.1105900547e-06   1.4091155407e-01   8.5217721073e-06   4.9332872311e-02   9.4125802147e-06   1.3229246970e-12   8.9264842811e-14   4.9730871925e-09   2.8603513146e-07   1.3160560342e-03   5.8281545167e-02   1.8540867328e-11   4.5639704772e-08   1.9352844726e-14   7.5012600000e-01
   2.6000000000e-02   2.6000000000e-02   9.7160718549e+02  -6.3913216538e+05   1.2864656441e-01   3.5417683788e-01   1.9986994013e+06   1.0665737298e-05   7.9413542336e-08   1.3252441965e-05   1.2424554064e-01   2.2684481091e-05   5.8277490532e-02   1.2433733328e-05   2.0704769176e-11   1.2905776646e-12   2.7475579405e-08   1.2183250941e-06   1.6821443078e-03   6.8676263835e-02   2.3526137693e-10   1.9881621175e-07   4.0316911376e-13   7.4705800000e-01
   3.0000000000e-02   3.0000000000e-02   1.0574657324e+03  -7.3759529777e+05   1.4822606655e-01   3.2429923942e-01   5.3162861246e+06   1.5452626317e-05   3.1339943407e-07   2.8819188349e-05   1.0767812870e-01   5.6118620714e-05   6.7190057368e-02   1.5400545265e-05   2.5655009217e-10   1.4640868047e-11   1.2663738392e-07   4.2946324074e-06   2.2092937866e-03   7.8811262767e-02   2.3712368332e-09   7.2907763794e-07   6.3333220874e-12   7.4399000000e-01
   3.4000000000e-02   3.4000000000e-02   1.1373895806e+03  -8.3575672408e+05   1.6756766971e-01   3.0041666241e-01   1.2823869831e+07   2.3680270492e-05   1.0584708864e-06   5.8594154497e-05   9.1294003813e-02   1.2237284505e-04   7.6035433484e-02   1.8018871515e-05   2.4911467924e-09   1.2949823338e-10   5.0964463171e-07   1.3325127630e-05   3.0082387933e-03   8.8500317166e-02   1.8524653409e-08   2.4261378888e-06   7.5777704036e-11   7.4092200000e-01
   3.8000000000e-02   3.8000000000e-02   1.2096620113e+03  -9.3325056635e+05   1.8646944321e-01   2.8135541898e-01   2.8286636798e+07   3.9784998555e-05   2.9893192636e-06   1.0363625530e-04   7.5273838087e-02   2.2604148143e-04   8.4736622446e-02   2.0265893663e-05   1.9719841769e-08   9.3128877298e-10   1.9416330633e-06   3.9865360406e-05   4.2392538415e-03   9.7453781922e-02   1.1408753110e-07   7.8433007406e-06   7.2248687860e-10   7.3785400000e-01
   4.2000000000e-02   4.2000000000e-02   1.2714347475e+03  -1.0293485674e+06   2.0451877407e-01   2.6651027411e-01   5.9505266723e+07   7.2883957869e-05   6.7543974383e-06   1.4499279458e-04   6.0026219947e-02   3.3617208477e-04   9.3119896747e-02   2.2582827692e-05   1.3204426411e-07   5.6429307938e-09   7.6313376018e-06   1.2475092745e-04   6.1011277517e-03   1.0522486562e-01   5.5652401950e-07   2.5421756358e-05   5.6437436434e-09   7.3478600000e-01
   4.6000000000e-02   4.6000000000e-02   1.3178612451e+03  -1.1225789470e+06   2.2078032646e-01   2.5587098583e-01   1.1748071717e+08   1.3757845958e-04   1.0897768058e-05   1.3180447505e-04   4.6452441333e-02   3.5466457865e-04   1.0075091441e-01   2.5959005761e-05   6.7653184085e-07   2.5815305099e-08   3.1447475121e-05   4.1488877475e-04   8.6606240596e-03   1.1123120953e-01   1.8741845067e-06   7.6961763092e-05   3.1835737607e-08   7.3171800000e-01
   5.0000000000e-02   5.0000000000e-02   1.3412625150e+03  -1.2098607448e+06   2.3341286751e-01   2.5016443618e-01   1.4061113746e+08   2.3989173572e-04   9.1817949246e-06   5.2695619966e-05   3.6052275278e-02   1.9316204790e-04   1.0669534477e-01   2.9478639186e-05   1.6191850908e-06   5.3845816987e-08   1.1278679302e-04   1.3153894415e-03   1.1358952308e-02   1.1511867869e-01   2.6924713755e-06   1.6771958535e-04   7.7789031289e-08   7.2865000000e-01
   5.4000000000e-02   5.4000000000e-02   1.3431449341e+03  -1.2837770819e+06   2.4152740898e-01   2.4867523562e-01   6.2532653273e+07   3.4379716183e-04   3.3812260329e-06   1.0053918343e-05   2.9165644363e-02   4.9617428373e-05   1.1042599850e-01   2.7379249535e-05   1.0212488487e-06   2.9879021677e-08   2.2873352125e-04   3.1948534041e-03   1.3358224769e-02   1.1739938855e-01   1.1530997628e-06   2.0867450326e-04   4.9177533905e-08   7.2558200000e-01
   5.8000000000e-02   5.8000000000e-02   1.3501041924e+03  -1.3241060205e+06   2.4685299456e-01   2.4633243098e-01   1.8269646602e+07   4.2820594107e-04   1.0466889445e-06   1.9525142986e-06   2.4332804587e-02   1.1998890499e-05   1.1279916884e-01   2.0904630875e-05   3.5744968249e-07   9.6012033352e-09   2.8452673587e-04   5.7795707768e-03   1.4877822259e-02   1.1874779751e-01   3.3455165833e-07   1.9948151197e-04   1.7504624817e-08   7.2251400000e-01
   6.2000000000e-02   6.2000000000e-02   1.3737029212e+03  -1.3248863279e+06   2.5046974019e-01   2.4111883080e-01   8.0265458574e+06   4.9563941376e-04   5.3157410077e-07   6.7720269504e-07   2.0778331893e-02   5.4344843101e-06   1.1438789917e-01   1.5176427551e-05   1.9315611439e-07   5.0689380238e-09   3.1006541298e-04   8.7927967851e-03   1.6102715044e-02   1.1948348656e-01   1.5680257641e-07   1.8088143871e-04   9.5678572817e-09   7.1944600000e-01
   6.6000000000e-02   6.6000000000e-02   1.3961430539e+03  -1.3156559638e+06   2.5284956162e-01   2.3633419222e-01   5.5120470055e+06   5.4883533820e-04   4.0853528379e-07   3.8972734916e-07   1.8154727413e-02   3.9326669596e-06   1.1542695563e-01   1.1203479729e-05   1.5901814935e-07   4.1426852364e-09   3.3098637681e-04   1.2107993826e-02   1.7077594630e-02   1.1979617603e-01   1.1129553530e-07   1.6251403792e-04   7.8554404720e-09   7.1637800000e-01
   7.0000000000e-02   7.0000000000e-02   1.4133243511e+03  -1.3054470657e+06   2.5429877980e-01   2.3261336750e-01   4.4258390539e+06   5.8972171708e-04   3.5306194187e-07   2.6652913445e-07   1.6227183115e-02   3.2585062437e-06   1.1605637942e-01   8.5544322860e-06   1.4739495033e-07   3.8176829815e-09   3.5128173262e-04   1.5653876609e-02   1.7832862585e-02   1.1981981608e-01   8.9947511947e-08   1.4619785011e-04   7.2036875570e-09   7.1331000000e-01
   7.4000000000e-02   7.4000000000e-02   1.4260849202e+03  -1.2954854552e+06   2.5505358145e-01   2.2973417401e-01   3.7557217284e+06   6.2028424352e-04   3.1438648030e-07   1.9400309604e-07   1.4814821429e-02   2.8175722809e-06   1.1638088352e-01   6.7747562544e-06   1.4028066346e-07   3.6168306344e-09   3.7030824118e-04   1.9376777160e-02   1.8402364530e-02   1.1965004916e-01   7.6243649422e-08   1.3218410071e-04   6.7587631708e-09   7.1024200000e-01
   7.8000000000e-02   7.8000000000e-02   1.4355650016e+03  -1.2859237678e+06   2.5529765217e-01   2.2745923182e-01   3.2792585735e+06   6.4253383855e-04   2.8334432424e-07   1.4682883918e-07   1.3778486753e-02   2.4881942254e-06   1.1648105484e-01   5.5521782742e-06   1.3424645313e-07   3.4489490315e-09   3.8731077242e-04   2.3233566985e-02   1.8820588409e-02   1.1935347509e-01   6.6381998481e-08   1.2030232339e-04   6.3682447333e-09   7.0717400000e-01
   8.2000000000e-02   8.2000000000e-02   1.4426894107e+03  -1.2767260101e+06   2.5517084397e-01   2.2560962553e-01   2.9122105068e+06   6.5831031484e-04   2.5706623630e-07   1.1452753043e-07   1.3013354049e-02   2.2257832609e-06   1.1641796814e-01   4.6872995500e-06   1.2833087816e-07   3.2877085766e-09   4.0184346666e-04   2.7190211280e-02   1.9119322011e-02   1.1897524351e-01   5.8828817006e-08   1.1026611703e-04   5.9924876637e-09   7.0410600000e-01
   8.6000000000e-02   8.6000000000e-02   1.4481415676e+03  -1.2678279189e+06   2.5477727329e-01   2.2405858060e-01   2.6125750542e+06   6.6917213998e-04   2.3419899800e-07   9.1510075624e-08   1.2442103067e-02   2.0080929340e-06   1.1623701572e-01   4.0555102478e-06   1.2222963549e-07   3.1243007639e-09   4.1369909644e-04   3.1220566920e-02   1.9325850692e-02   1.1854523473e-01   5.2782165816e-08   1.0178456280e-04   5.6197454624e-09   7.0103800000e-01
   9.0000000000e-02   9.0000000000e-02   1.4524072721e+03  -1.2591740666e+06   2.5419296039e-01   2.2271831110e-01   2.3572855533e+06   6.7636969829e-04   2.1397302014e-07   7.4541479862e-08   1.2008727489e-02   1.8224325133e-06   1.1597135313e-01   3.5796522067e-06   1.1588578702e-07   2.9565942734e-09   4.2283204848e-04   3.5305016092e-02   1.9462427851e-02   1.1808280971e-01   4.7776698680e-08   9.4601510796e-05   5.2482442655e-09   6.9797000000e-01
   9.4000000000e-02   9.4000000000e-02   1.4557760484e+03  -1.2508009542e+06   2.5347253645e-01   2.2153610467e-01   2.1332121938e+06   6.8086728884e-04   1.9589245921e-07   6.1658293502e-08   1.1673256306e-02   1.6606106542e-06   1.1564485575e-01   3.2125109523e-06   1.0932692533e-07   2.7846081020e-09   4.2930114083e-04   3.9429110329e-02   1.9546530832e-02   1.1760028259e-01   4.3525714624e-08   8.8504581617e-05   4.8794317190e-09   6.9490200000e-01
   9.8000000000e-02   9.8000000000e-02   1.4579322399e+03  -1.2435627738e+06   2.5265478697e-01   2.2055377633e-01   1.9349420894e+06   6.8338709813e-04   1.7959484101e-07   5.1601240885e-08   1.1407483653e-02   1.5146786471e-06   1.1527453393e-01   2.9260601753e-06   1.0252258732e-07   2.6048385037e-09   4.3323075010e-04   4.3582355002e-02   1.9591506546e-02   1.1710535939e-01   3.9850902147e-08   8.3322203096e-05   4.5128810924e-09   6.9183400000e-01
   1.0200000000e-01   1.0200000000e-01   1.4576393289e+03  -1.2397360734e+06   2.5176703088e-01   2.1995244880e-01   1.7639847946e+06   6.8445942250e-04   1.6480073733e-07   4.3530301697e-08   1.1191651093e-02   1.3755205753e-06   1.1487242905e-01   2.7033725073e-06   9.5349940375e-08   2.4086335226e-09   4.3479809686e-04   4.7757179344e-02   1.9607346700e-02   1.1660279571e-01   3.6645444435e-08   7.8914811690e-05   4.1455121437e-09   6.8876600000e-01
   1.0600000000e-01   1.0600000000e-01   1.4543586485e+03  -1.2404724645e+06   2.5082845219e-01   2.1980923677e-01   1.6191308071e+06   6.8447048644e-04   1.5132955121e-07   3.6932631187e-08   1.1011952812e-02   1.2402984390e-06   1.1444704772e-01   2.5311936057e-06   8.7882022688e-08   2.1972481539e-09   4.3423997841e-04   5.1948104107e-02   1.9601440374e-02   1.1609549360e-01   3.3827926345e-08   7.5163474083e-05   3.7805508530e-09   6.8569800000e-01
   1.1000000000e-01   1.1000000000e-01   1.4485768039e+03  -1.2452126078e+06   2.4985253010e-01   2.2005133564e-01   1.4952341011e+06   6.8370077593e-04   1.3906737961e-07   3.1491177350e-08   1.0858733368e-02   1.1114909871e-06   1.1400440900e-01   2.3975974275e-06   8.0373007284e-08   1.9811896840e-09   4.3184005568e-04   5.6151134973e-02   1.9579211458e-02   1.1558520887e-01   3.1330789137e-08   7.1964743126e-05   3.4263815903e-09   6.8263000000e-01
   1.1400000000e-01   1.1400000000e-01   1.4409919797e+03  -1.2529759150e+06   2.4884876448e-01   2.2057691235e-01   1.3872889192e+06   6.8235341238e-04   1.2792147188e-07   2.6978595266e-08   1.0725217151e-02   9.9181384848e-07   1.1354878965e-01   2.2926312896e-06   7.3068784326e-08   1.7706646729e-09   4.2789757250e-04   6.0363344414e-02   1.9544623684e-02   1.1507299773e-01   2.9103040086e-08   6.9230001849e-05   3.0905317324e-09   6.7956200000e-01
   1.1800000000e-01   1.1800000000e-01   1.4321781792e+03  -1.2629228588e+06   2.4782388940e-01   2.2130312161e-01   1.2915865167e+06   6.8057529980e-04   1.1780261355e-07   2.3218081785e-08   1.0606619344e-02   8.8270511456e-07   1.1308324861e-01   2.2086481459e-06   6.6139428116e-08   1.5724439723e-09   4.2270000265e-04   6.4582576580e-02   1.9500570917e-02   1.1455949458e-01   2.7106188870e-08   6.6884702983e-05   2.7777513910e-09   6.7649400000e-01
   1.2200000000e-01   1.2200000000e-01   1.4225493154e+03  -1.2744350057e+06   2.4678272123e-01   2.2217045841e-01   1.2055637803e+06   6.7847286667e-04   1.0862254631e-07   2.0069136976e-08   1.0499528447e-02   7.8449490088e-07   1.1260999433e-01   2.1400511748e-06   5.9682545278e-08   1.3901497451e-09   4.1650738761e-04   6.8807233999e-02   1.9449171835e-02   1.1404508220e-01   2.5309952851e-08   6.4866827462e-05   2.4903032155e-09   6.7342600000e-01
   1.2600000000e-01   1.2600000000e-01   1.4123940045e+03  -1.2870735394e+06   2.4572874656e-01   2.2313735879e-01   1.1274621451e+06   6.7612361144e-04   1.0029545976e-07   1.7419599468e-08   1.0401480952e-02   6.9682695498e-07   1.1213064084e-01   2.0828361233e-06   5.3742378853e-08   1.2252001722e-09   4.0954616007e-04   7.3036123036e-02   1.9391987472e-02   1.1352999464e-01   2.3689540595e-08   6.3125024964e-05   2.2286832650e-09   6.7035800000e-01
   1.3000000000e-01   1.3000000000e-01   1.4019128211e+03  -1.3005280211e+06   2.4466452691e-01   2.2417473103e-01   1.0560515495e+06   6.7358443080e-04   9.2739821314e-08   1.5179724831e-08   1.0310670281e-02   6.1898282256e-07   1.1164638497e-01   2.0341573889e-06   4.8327474471e-08   1.0776248188e-09   4.0200867300e-04   7.7268342645e-02   1.9330178949e-02   1.1301437856e-01   2.2224076098e-08   6.1616805829e-05   1.9922490135e-09   6.6729000000e-01
   1.3400000000e-01   1.3400000000e-01   1.3912459250e+03  -1.3145771459e+06   2.4359197598e-01   2.2526199096e-01   9.9044228677e+05   6.7089754637e-04   8.5879649701e-08   1.3277490094e-08   1.0225748393e-02   5.5008615794e-07   1.1115812870e-01   1.9919871185e-06   4.3423885296e-08   9.4664121024e-10   3.9405562721e-04   8.1503204778e-02   1.9264620321e-02   1.1249832941e-01   2.0895665505e-08   6.0306947474e-05   1.7796774205e-09   6.6422200000e-01
   1.3800000000e-01   1.3800000000e-01   1.3804918972e+03  -1.3290616014e+06   2.4251254929e-01   2.2638439863e-01   9.2996386174e+05   6.6809468326e-04   7.9645167351e-08   1.1654872727e-08   1.0145690678e-02   4.8922176372e-07   1.1066656345e-01   1.9548679499e-06   3.9004373758e-08   8.3103482764e-10   3.8581969739e-04   8.5740177678e-02   1.9195978652e-02   1.1198191250e-01   1.9688807421e-08   5.9166155596e-05   1.5892785916e-09   6.6115400000e-01
   1.4200000000e-01   1.4200000000e-01   1.3697203776e+03  -1.3438656907e+06   2.4142737414e-01   2.2753129018e-01   8.7408869143e+05   6.6520000118e-04   7.3972970139e-08   1.0264924881e-08   1.0069703753e-02   4.3550111561e-07   1.1017222830e-01   1.9217400547e-06   3.5034607098e-08   7.2940010680e-10   3.7740942690e-04   8.9978845460e-02   1.9124770553e-02   1.1146517528e-01   1.8589988286e-08   5.8169966410e-05   1.4192030726e-09   6.5808600000e-01
   1.4600000000e-01   1.4600000000e-01   1.3589806062e+03  -1.3589048139e+06   2.4033733908e-01   2.2869489146e-01   8.2238442576e+05   6.6223214918e-04   6.8805872568e-08   9.0694831384e-09   9.9971621726e-03   3.8809578266e-07   1.0967555050e-01   1.8918218995e-06   3.1477222149e-08   6.4028819801e-10   3.6891293091e-04   9.4218879191e-02   1.9051402140e-02   1.1094815429e-01   1.7587381386e-08   5.7297856088e-05   1.2675745616e-09   6.5501800000e-01
   1.5000000000e-01   1.5000000000e-01   1.3483072803e+03  -1.3741168124e+06   2.3924315599e-01   2.2986950726e-01   7.7448421934e+05   6.5920570975e-04   6.4092558332e-08   8.0373778238e-09   9.9275646298e-03   3.4625204758e-07   1.0917687378e-01   1.8645283320e-06   2.8294419061e-08   5.6229373536e-10   3.6040120920e-04   9.8460016077e-02   1.8976197314e-02   1.1043087919e-01   1.6670608916e-08   5.6532523270e-05   1.1325716322e-09   6.5195000000e-01
   1.5400000000e-01   1.5400000000e-01   1.3377246428e+03  -1.3894558730e+06   2.3814540366e-01   2.3105095553e-01   7.3006813160e+05   6.5613222104e-04   5.9787129033e-08   7.1430308649e-09   9.8605032808e-03   3.0929477929e-07   1.0867647844e-01   1.8394141006e-06   2.5449555179e-08   4.9410241855e-10   3.5193101346e-04   1.0270204431e-01   1.8899417944e-02   1.0991337505e-01   1.5830545678e-08   5.5859311131e-05   1.0124751782e-09   6.4888200000e-01
   1.5800000000e-01   1.5800000000e-01   1.3272493814e+03  -1.4048881603e+06   2.3704455881e-01   2.3223616448e-01   6.8885141549e+05   6.5302090745e-04   5.5848613592e-08   6.3653549834e-09   9.7956419511e-03   2.7662538319e-07   1.0817459583e-01   1.8161346571e-06   2.2908069011e-08   4.3451387415e-10   3.4354728194e-04   1.0694479193e-01   1.8821278391e-02   1.0939566369e-01   1.5059153409e-08   5.5265742241e-05   9.0569321812e-10   6.4581400000e-01
   1.6200000000e-01   1.6200000000e-01   1.3168927166e+03  -1.4203886349e+06   2.3594101855e-01   2.3342288009e-01   6.5057705273e+05   6.4987920844e-04   5.2240477394e-08   5.6868863912e-09   9.7327004049e-03   2.4771670076e-07   1.0767141881e-01   1.7944187210e-06   2.0637961994e-08   3.8244928793e-10   3.3528518537e-04   1.1118811847e-01   1.8741956085e-02   1.0887776445e-01   1.4349339278e-08   5.4741143808e-05   8.1077104038e-10   6.4274600000e-01
   1.6600000000e-01   1.6600000000e-01   1.3066619279e+03  -1.4359386970e+06   2.3483511683e-01   2.3460944954e-01   6.1501087470e+05   6.4671316731e-04   4.8930153181e-08   5.0930985263e-09   9.6714427698e-03   2.2210654371e-07   1.0716710965e-01   1.7740488872e-06   1.8609992866e-08   3.3694996166e-10   3.2717183563e-04   1.1543190867e-01   1.8661599336e-02   1.0835969467e-01   1.3694833988e-08   5.4276344438e-05   7.2639205856e-10   6.3967800000e-01
   1.7000000000e-01   1.7000000000e-01   1.2965614822e+03  -1.4515244178e+06   2.3372713681e-01   2.3579465812e-01   5.8193829001e+05   6.4352772118e-04   4.5888606435e-08   4.5718568569e-09   9.6116688815e-03   1.9939083973e-07   1.0666180590e-01   1.7548478130e-06   1.6797690912e-08   2.9717076049e-10   3.1922771028e-04   1.1967606763e-01   1.8580333190e-02   1.0784147000e-01   1.3090086869e-08   5.3863428818e-05   6.5137304750e-10   6.3661000000e-01
   1.7400000000e-01   1.7400000000e-01   1.2865938736e+03  -1.4671352020e+06   2.3261732031e-01   2.3697760510e-01   5.5116197932e+05   6.4032692123e-04   4.3089939593e-08   4.1129836419e-09   9.5532076810e-03   1.7921692538e-07   1.0615562491e-01   1.7366682896e-06   1.5177258071e-08   2.6237094328e-10   3.1146783807e-04   1.2392051699e-01   1.8498263877e-02   1.0732310460e-01   1.2530175196e-08   5.3495538021e-05   5.8465612732e-10   6.3354200000e-01
   1.7800000000e-01   1.7800000000e-01   1.2767602458e+03  -1.4827627813e+06   2.3150587505e-01   2.3815760943e-01   5.2250019765e+05   6.3711410238e-04   4.0511036304e-08   3.7079089244e-09   9.4959120966e-03   1.6127726789e-07   1.0564866737e-01   1.7193860624e-06   1.3727407287e-08   2.3190393305e-10   3.0390278592e-04   1.2816519198e-01   1.8415482242e-02   1.0680461133e-01   1.2010725888e-08   5.3166706496e-05   5.2529908697e-10   6.3047400000e-01
   1.8200000000e-01   1.8200000000e-01   1.2670608404e+03  -1.4984004775e+06   2.3039298047e-01   2.3933413989e-01   4.9578545937e+05   6.3389201600e-04   3.8131244293e-08   3.3493893695e-09   9.4396550128e-03   1.4530374367e-07   1.0514102015e-01   1.7028946078e-06   1.2429168141e-08   2.0520696727e-10   2.9653948064e-04   1.3241003900e-01   1.8332066438e-02   1.0628600186e-01   1.1527847885e-08   5.2871728342e-05   4.7246507055e-10   6.2740600000e-01
   1.8600000000e-01   1.8600000000e-01   1.2574953064e+03  -1.5140426929e+06   2.2927879225e-01   2.4050676624e-01   4.7086348453e+05   6.3066293506e-04   3.5932095099e-08   3.0312809084e-09   9.3843260519e-03   1.3106251682e-07   1.0463275848e-01   1.6871013154e-06   1.1265681541e-08   1.8179118745e-10   2.8938189299e-04   1.3665501368e-01   1.8248084051e-02   1.0576728679e-01   1.1078074252e-08   5.2606047046e-05   4.2541239830e-10   6.2433800000e-01
   1.9000000000e-01   1.9000000000e-01   1.2480628943e+03  -1.5296845906e+06   2.2816344606e-01   2.4167512818e-01   4.4759254127e+05   6.2742873837e-04   3.3897071899e-08   2.7483567402e-09   9.3298289724e-03   1.1834952963e-07   1.0412394778e-01   1.6719246733e-06   1.0222015825e-08   1.6123259878e-10   2.8243160686e-04   1.4090007936e-01   1.8163593806e-02   1.0524847574e-01   1.0658319209e-08   5.2365664021e-05   3.8348625684e-10   6.2127000000e-01
   1.9400000000e-01   1.9400000000e-01   1.2387625636e+03  -1.5453219259e+06   2.2704706054e-01   2.4283891904e-01   4.2584725610e+05   6.2419097819e-04   3.2011635932e-08   2.4962010350e-09   9.2760795438e-03   1.0698701370e-07   1.0361464518e-01   1.6572921193e-06   9.2852411545e-09   1.4316565253e-10   2.7568828843e-04   1.4514520574e-01   1.8078646953e-02   1.0472957743e-01   1.0265924698e-08   5.2147062290e-05   3.4612587181e-10   6.1820200000e-01
   1.9800000000e-01   1.9800000000e-01   1.2295930280e+03  -1.5609509861e+06   2.2592973980e-01   2.4399788014e-01   4.0562678280e+05   6.2095092880e-04   3.0266572678e-08   2.2717627411e-09   9.2230038002e-03   9.6835363106e-08   1.0310490067e-01   1.6431376832e-06   8.4472940694e-09   1.2730105165e-10   2.6915000944e-04   1.4939036795e-01   1.7993288390e-02   1.0421059980e-01   9.8994900973e-09   5.1947142082e-05   3.1300857507e-10   6.1513400000e-01
   2.0800000000e-01   2.0800000000e-01   1.2072254288e+03  -1.5999947624e+06   2.2313432701e-01   2.4687398423e-01   3.5909824360e+05   6.1284744790e-04   2.6367295783e-08   1.8018374853e-09   9.0918358958e-03   7.5644161284e-08   1.0182954283e-01   1.6087731844e-06   6.6650675435e-09   9.4992648623e-11   2.5330576659e-04   1.6000331548e-01   1.7778961322e-02   1.0291297541e-01   9.0536303465e-09   5.1487195513e-05   2.4338545401e-10   6.0746400000e-01
   2.2400000000e-01   2.2400000000e-01   1.1730331623e+03  -1.6622259077e+06   2.1865121583e-01   2.5140804154e-01   2.9987146862e+05   5.9989574996e-04   2.1451514683e-08   1.2702833791e-09   8.8895398153e-03   5.1733049468e-08   9.9784060069e-02   1.5591720449e-06   4.6494980603e-09   6.0638902159e-11   2.3104350127e-04   1.7698363812e-01   1.7431395466e-02   1.0083586454e-01   7.9618885374e-09   5.0916269254e-05   1.6685500405e-10   5.9519200000e-01
   2.4000000000e-01   2.4000000000e-01   1.1406531903e+03  -1.7241896060e+06   2.1416091690e-01   2.5586406021e-01   2.5310416458e+05   5.8698268181e-04   1.7673376679e-08   9.1252269351e-10   8.6924872578e-03   3.5863992589e-08   9.7735213354e-02   1.5125617638e-06   3.2905094651e-09   3.9332292178e-11   2.1149959110e-04   1.9396310362e-01   1.7080594461e-02   9.8758126408e-02   7.0751512889e-09   5.0415097693e-05   1.1725439242e-10   5.8292000000e-01
   2.5600000000e-01   2.5600000000e-01   1.1098959732e+03  -1.7859483669e+06   2.0966555488e-01   2.6025594971e-01   2.1563814144e+05   5.7411856407e-04   1.4720142432e-08   6.6599347460e-10   8.4991590798e-03   2.5158329568e-08   9.5684002065e-02   1.4673437573e-06   2.3589950729e-09   2.5878322501e-11   1.9430391197e-04   2.1094153992e-01   1.6727480084e-02   9.6679954163e-02   6.3372271205e-09   4.9925517999e-05   8.4692486807e-11   5.7064800000e-01
   2.7200000000e-01   2.7200000000e-01   1.0805848040e+03  -1.8475798640e+06   2.0516655509e-01   2.6459991087e-01   1.8520588394e+05   5.6130640141e-04   1.2375790381e-08   4.9255533495e-10   8.3085327723e-03   1.7829165346e-08   9.3631091771e-02   1.4223759811e-06   1.7102931425e-09   1.7239761351e-11   1.7912032435e-04   2.2791891854e-01   1.6372677131e-02   9.4601479785e-02   5.7094545261e-09   4.9412698411e-05   6.2981476617e-11   5.5837600000e-01
   2.8800000000e-01   2.8800000000e-01   1.0525699712e+03  -1.9091420205e+06   2.0066489888e-01   2.6891052795e-01   1.6017265589e+05   5.4854564214e-04   1.0488803709e-08   3.6834069299e-10   8.1199014872e-03   1.2747188990e-08   9.1576937982e-02   1.3768336057e-06   1.2520730420e-09   1.1610011292e-11   1.6565816934e-04   2.4489527781e-01   1.6016621162e-02   9.2522794094e-02   5.1648344507e-09   4.8856735118e-05   4.8245991868e-11   5.4610400000e-01
   3.0400000000e-01   3.0400000000e-01   1.0257272642e+03  -1.9706694876e+06   1.9616127666e-01   2.7320009071e-01   1.3934183979e+05   5.3583404277e-04   8.9508609981e-09   2.7799842580e-10   7.9327654234e-03   9.1843520989e-09   8.9521859767e-02   1.3301369314e-06   9.2430215116e-10   7.8927598001e-12   1.5367150081e-04   2.6187068487e-01   1.5659622834e-02   9.0443960012e-02   4.6841226221e-09   4.8247341153e-05   3.8036409567e-11   5.3383200000e-01
   3.2000000000e-01   3.2000000000e-01   9.9995206283e+02  -2.0321805833e+06   1.9165618301e-01   2.7747916472e-01   1.2182490955e+05   5.2316860531e-04   7.6831278272e-09   2.1141008490e-10   7.7467643105e-03   6.6625424323e-09   8.7466085096e-02   1.2819069322e-06   6.8722600006e-10   5.4098911980e-12   1.4295392653e-04   2.7884521691e-01   1.5301907909e-02   8.8365021395e-02   4.2533714143e-09   4.7580404943e-05   3.0791349819e-11   5.2156000000e-01
   3.3600000000e-01   3.3600000000e-01   9.7514004383e+02  -2.0936842690e+06   1.8714997769e-01   2.8176135050e-01   1.0695645104e+05   5.1054605620e-04   6.6272344119e-09   1.6175385922e-10   7.5616341166e-03   4.8621392831e-09   8.5409779666e-02   1.2319318460e-06   5.1403204473e-10   3.7342057078e-12   1.3333248964e-04   2.9581895199e-01   1.4943643011e-02   8.6286008956e-02   3.8623464154e-09   4.6855721750e-05   2.5507894436e-11   5.0928800000e-01
   3.5200000000e-01   3.5200000000e-01   9.5120372665e+02  -2.1551847038e+06   1.8264292588e-01   2.8605855915e-01   9.4225634177e+04   4.9796309855e-04   5.7392939746e-09   1.2434758878e-10   7.3771785062e-03   3.5671282660e-09   8.3353065730e-02   1.1801356318e-06   3.8640113021e-10   2.5930272112e-12   1.2466198714e-04   3.1279196467e-01   1.4584952747e-02   8.4206944301e-02   3.5034783352e-09   4.6075483081e-05   2.1538323666e-11   4.9701600000e-01
   3.6800000000e-01   3.6800000000e-01   9.2808030501e+02  -2.2166837466e+06   1.7813522523e-01   2.9037783190e-01   8.3233759602e+04   4.8541653817e-04   4.9859468951e-09   9.5925930527e-11   7.1932496116e-03   2.6297704534e-09   8.1296034678e-02   1.1265562380e-06   2.9165132023e-10   1.8099130530e-12   1.1682002063e-04   3.2976432412e-01   1.4225931342e-02   8.2127842671e-02   3.1712302828e-09   4.5243271429e-05   1.8461479025e-11   4.8474400000e-01
   3.8400000000e-01   3.8400000000e-01   9.0571258503e+02  -2.2781822038e+06   1.7362702452e-01   2.9472625487e-01   7.3669699852e+04   4.7290334108e-04   4.3415154345e-09   7.4171635230e-11   7.0097348186e-03   1.9474659088e-09   7.9238755618e-02   1.0713295819e-06   2.2085965685e-10   1.2688915749e-12   1.0970284162e-04   3.4673609363e-01   1.3866650716e-02   8.0048714846e-02   2.8616428031e-09   4.4363392963e-05   1.6001193628e-11   4.7247200000e-01
   4.0000000000e-01   4.0000000000e-01   8.8404803434e+02  -2.3396804172e+06   1.6911843666e-01   2.9911109977e-01   6.5287876813e+04   4.6042065879e-04   3.7860134864e-09   5.7417153388e-11   6.8265475032e-03   1.4482848967e-09   7.7181281338e-02   1.0146730966e-06   1.6767456278e-10   8.9290504661e-13   1.0322198805e-04   3.6370733069e-01   1.3507166204e-02   7.7969568459e-02   2.5719944149e-09   4.3440437893e-05   1.3975091267e-11   4.6020000000e-01
   4.1600000000e-01   4.1600000000e-01   8.6303813272e+02  -2.4011785293e+06   1.6460954797e-01   3.0353991417e-01   5.7892497336e+04   4.4796583524e-04   3.3037363474e-09   4.4447366925e-11   6.6436204334e-03   1.0813784353e-09   7.5123652525e-02   9.5686994331e-07   1.2752748467e-10   6.3025269729e-13   9.7301568281e-05   3.8067808729e-01   1.3147520685e-02   7.5890408922e-02   2.3005385931e-09   4.2478997016e-05   1.2261835468e-11   4.4792800000e-01
   4.3200000000e-01   4.3200000000e-01   8.4263789625e+02  -2.4626765986e+06   1.6010042486e-01   3.0802058591e-01   5.1326141878e+04   4.3553640320e-04   2.8822482758e-09   3.4366792251e-11   6.4609010039e-03   8.1053424917e-10   7.3065900800e-02   8.9825409085e-07   9.7101237571e-11   4.4594261389e-13   9.1876063965e-05   3.9764841045e-01   1.2787747586e-02   7.3811240072e-02   2.0462817563e-09   4.1483485238e-05   1.0780092814e-11   4.3565600000e-01
   4.4800000000e-01   4.4800000000e-01   8.2280550562e+02  -2.5241746494e+06   1.5559111873e-01   3.1256139536e-01   4.5461439732e+04   4.2313007472e-04   2.5116474118e-09   2.6508715874e-11   6.2783477526e-03   6.0979405052e-10   7.1008050912e-02   8.3919623272e-07   7.3966562323e-11   3.1610470603e-13   8.6888547326e-05   4.1461834270e-01   1.2427873110e-02   7.1732064631e-02   1.8087825893e-09   4.0458037917e-05   9.4749737442e-12   4.2338400000e-01
   4.6400000000e-01   4.6400000000e-01   8.0350200116e+02  -2.5856726918e+06   1.5108166950e-01   3.1717106327e-01   4.0194969662e+04   4.1074472863e-04   2.1840266548e-09   2.0372085885e-11   6.0959277846e-03   4.6044078796e-10   6.8950122361e-02   7.8009058568e-07   5.6330579416e-11   2.2433972009e-13   8.2289228584e-05   4.3158792262e-01   1.2067917890e-02   6.9652884526e-02   1.5879648732e-09   3.9406456356e-05   8.3092593358e-12   4.1111200000e-01
   4.8000000000e-01   4.8000000000e-01   7.8469102317e+02  -2.6471707303e+06   1.4657210836e-01   3.2185879866e-01   3.5442786820e+04   3.9837839652e-04   1.8930739478e-09   1.5577070003e-11   5.9136148476e-03   3.4890777974e-10   6.6892130596e-02   7.2134274283e-07   4.2860702496e-11   1.5930852246e-13   7.8034266870e-05   4.4855718530e-01   1.1707898245e-02   6.7573701124e-02   1.3839447194e-09   3.8332186116e-05   7.2576954558e-12   3.9884000000e-01
   4.9600000000e-01   4.9600000000e-01   7.6633858517e+02  -2.7086687668e+06   1.4206245969e-01   3.2663434986e-01   3.1137142475e+04   3.8602924871e-04   1.6337713497e-09   1.1833352943e-11   5.7313878810e-03   2.6531515895e-10   6.4834087927e-02   6.6335881246e-07   3.2560089150e-11   1.1312522155e-13   7.4084795979e-05   4.6552616281e-01   1.1347827125e-02   6.5494515392e-02   1.1968784921e-09   3.7238316615e-05   6.3032506569e-12   3.8656800000e-01
   5.1200000000e-01   5.1200000000e-01   7.4841287242e+02  -2.7701668023e+06   1.3755274264e-01   3.3150806058e-01   2.7224055418e+04   3.7369558097e-04   1.4021623671e-09   8.9172483361e-12   5.5492299117e-03   2.0243745885e-10   6.2776004199e-02   6.0653601813e-07   2.4678697022e-11   8.0276807344e-14   7.0406127646e-05   4.8249488452e-01   1.0987714841e-02   6.3415328014e-02   1.0268393587e-09   3.6127594124e-05   5.4346226978e-12   3.7429600000e-01
   5.2800000000e-01   5.2800000000e-01   7.3088406081e+02  -2.8316648374e+06   1.3304297222e-01   3.3649093262e-01   2.3661439487e+04   3.6137580252e-04   1.1951636501e-09   6.6549934944e-12   5.3671272075e-03   1.5497018951e-10   6.0717887324e-02   5.5125475248e-07   1.8649197119e-11   5.6891016150e-14   6.6967101520e-05   4.9946337752e-01   1.0627569623e-02   6.1336139473e-02   8.7372870883e-10   3.5002442859e-05   4.6445254041e-12   3.6202400000e-01
   5.4400000000e-01   5.4400000000e-01   7.1372415277e+02  -2.8931628721e+06   1.2853316027e-01   3.4159469669e-01   2.0417522746e+04   3.4906842601e-04   1.0104024351e-09   4.9104485164e-12   5.1850686217e-03   1.1900549341e-10   5.8659743675e-02   4.9787188014e-07   1.4040421890e-11   4.0236580588e-14   6.3739563789e-05   5.1643166680e-01   1.0267398058e-02   5.9256950109e-02   7.3722490761e-10   3.3864990264e-05   3.9284488861e-12   3.4975200000e-01
   5.6000000000e-01   5.6000000000e-01   6.9690682801e+02  -2.9546609068e+06   1.2402331605e-01   3.4683189274e-01   1.7469317013e+04   3.3677205978e-04   8.4606587018e-10   3.5759859031e-12   5.0030450848e-03   9.1655092557e-11   5.6601578407e-02   4.4671490813e-07   1.0523289521e-11   2.8379823580e-14   6.0697956249e-05   5.3339977553e-01   9.9072054221e-03   5.7177760162e-02   6.1676714899e-10   3.2717094089e-05   3.2836952585e-12   3.3748000000e-01
   5.7600000000e-01   5.7600000000e-01   6.8040730735e+02  -3.0161589414e+06   1.1951344685e-01   3.5221596106e-01   1.4800948850e+04   3.2448540247e-04   7.0075403403e-10   2.5657361719e-12   4.8210492056e-03   7.0777733772e-11   5.4543395690e-02   3.9807659590e-07   7.8456841130e-12   1.9947242953e-14   5.7819001234e-05   5.5036772520e-01   9.5469959535e-03   5.5098569801e-02   5.1156834239e-10   3.1560369608e-05   2.7085734272e-12   3.2520800000e-01
   5.9200000000e-01   5.9200000000e-01   6.6420222850e+02  -3.0776569760e+06   1.1500355835e-01   3.5776134585e-01   1.2401752598e+04   3.1220724011e-04   5.7333507432e-10   1.8106043688e-12   4.6390749580e-03   5.4781263216e-11   5.2485198913e-02   3.5220971899e-07   5.8138183813e-12   1.3960457088e-14   5.5081470012e-05   5.6733553573e-01   9.1867730554e-03   5.3019379147e-02   4.2064883286e-10   3.0396215839e-05   2.2017010331e-12   3.1293600000e-01
   6.0800000000e-01   6.0800000000e-01   6.4826953294e+02  -3.1391550107e+06   1.1049365501e-01   3.6348361301e-01   1.0264146432e+04   2.9993644535e-04   4.6280755891e-10   1.2546295550e-12   4.4571174335e-03   4.2478324515e-11   5.0426990824e-02   3.0932194923e-07   4.2783229533e-12   9.7208708967e-15   5.2466019817e-05   5.8430322551e-01   8.8265394632e-03   5.0940188282e-02   3.4288241638e-10   2.9225840125e-05   1.7614115419e-12   3.0066400000e-01
   6.2400000000e-01   6.2400000000e-01   6.3258836306e+02  -3.2006530454e+06   1.0598374028e-01   3.6939958392e-01   8.3814429365e+03   2.8767197808e-04   3.6818035407e-10   8.5235452585e-13   4.2751726444e-03   3.2980805095e-11   4.8368773657e-02   2.6957111936e-07   3.1238068407e-12   6.7287100213e-15   4.9955083182e-05   6.0127081146e-01   8.4662973756e-03   4.8860997267e-02   2.7704722383e-10   2.8050280753e-05   1.3852968650e-12   2.8839200000e-01
   6.4000000000e-01   6.4000000000e-01   6.1713896936e+02  -3.2621510802e+06   1.0147381682e-01   3.7552748777e-01   6.7458449320e+03   2.7541288704e-04   2.8838224651e-10   5.6693094532e-13   4.0932373658e-03   2.5622416703e-11   4.6310549227e-02   2.3306142797e-07   2.2609846257e-12   4.6259412663e-15   4.7532793561e-05   6.1823830900e-01   8.1060485585e-03   4.6781806143e-02   2.2187586601e-10   2.6870427402e-05   1.0699259440e-12   2.7612000000e-01
   6.5600000000e-01   6.5600000000e-01   6.0190262722e+02  -3.3236491151e+06   9.6963886689e-02   3.8188713482e-01   5.3469025543e+03   2.6315831126e-04   2.2221093842e-10   3.6872684032e-13   3.9113090078e-03   1.9901773482e-11   4.4252319008e-02   1.9984122690e-07   1.6207115531e-12   3.1558749057e-15   4.5184930347e-05   6.3520573207e-01   7.7457944288e-03   4.4702614941e-02   1.7610101777e-10   2.5687039465e-05   8.1076578137e-13   2.6384800000e-01
   6.7200000000e-01   6.7200000000e-01   5.8686156304e+02  -3.3851471500e+06   9.2453951477e-02   3.8850011389e-01   4.1706447006e+03   2.5090748078e-04   1.6832464767e-10   2.3424618402e-13   3.7293855102e-03   1.5440434908e-11   4.2194084194e-02   1.6990293594e-07   1.1494435276e-12   2.1344685032e-15   4.2898868479e-05   6.5217309315e-01   7.3855361217e-03   4.2623423681e-02   1.3849409510e-10   2.4500762351e-05   6.0230031853e-13   2.5157600000e-01
   6.8800000000e-01   6.8800000000e-01   5.7199888984e+02  -3.4466451850e+06   8.7944012392e-02   3.9539001749e-01   3.1994651558e+03   2.3865971610e-04   1.2527153195e-10   1.4522039372e-13   3.5474652545e-03   1.1951885319e-11   4.0135845751e-02   1.4318538926e-07   8.0576533118e-13   1.4298708577e-15   4.0663521830e-05   6.6914040326e-01   7.0252745447e-03   4.0544232380e-02   1.0789577875e-10   2.3312141921e-05   4.3830699998e-13   2.3930400000e-01
   7.0400000000e-01   7.0400000000e-01   5.5729855224e+02  -3.5081432200e+06   8.3434070356e-02   4.0258269910e-01   2.4126863019e+03   2.2641442591e-04   9.1545324535e-11   8.7785481474e-14   3.3655469893e-03   9.2185122237e-12   3.8077604461e-02   1.1957853444e-07   5.5772134923e-13   9.4778917201e-16   3.8469273100e-05   6.8610767198e-01   6.6650104214e-03   3.8465041048e-02   8.3237936385e-11   2.2121637284e-05   3.1222426510e-13   2.2703200000e-01
   7.2000000000e-01   7.2000000000e-01   5.4274528098e+02  -3.5696412552e+06   7.8924126072e-02   4.1010656724e-01   1.7875993272e+03   2.1417110325e-04   6.5652293607e-11   5.1708222784e-14   3.1836297671e-03   7.0744476379e-12   3.6019360949e-02   9.8930119290e-08   3.8075107196e-13   6.2098581812e-16   3.6307887919e-05   7.0307490757e-01   6.3047443269e-03   3.6385849692e-02   6.3557201357e-11   2.0929632120e-05   2.1753530357e-13   2.1476000000e-01
   7.3600000000e-01   7.3600000000e-01   5.2832455738e+02  -3.6311392904e+06   7.4414180077e-02   4.1799292261e-01   1.3007213752e+03   2.0192932024e-04   4.6175378633e-11   2.9660480871e-14   3.0017128889e-03   5.3927258232e-12   3.3961115720e-02   8.1053753799e-08   2.5608154877e-13   4.0171414083e-16   3.4172413771e-05   7.2004211702e-01   5.9444767165e-03   3.4306658321e-02   4.8001036345e-11   1.9736444733e-05   1.4810403966e-13   2.0248800000e-01
   7.5200000000e-01   7.5200000000e-01   5.1402258818e+02  -3.6926373256e+06   6.9904232779e-02   4.2627634481e-01   9.2902476940e+02   1.8968872159e-04   3.1825240081e-11   1.6559319007e-14   2.8197958572e-03   4.0756415222e-12   3.1902869172e-02   6.5737650518e-08   1.6946688215e-13   2.5625431719e-16   3.2057066599e-05   7.3700930615e-01   5.5842079488e-03   3.2227466936e-02   3.5827558964e-11   1.8542336991e-05   9.8422530715e-14   1.9021600000e-01
   7.6800000000e-01   7.6800000000e-01   4.9982629126e+02  -3.7541353610e+06   6.5394284489e-02   4.3499513706e-01   6.5095941405e+02   1.7744901733e-04   2.1473121223e-11   8.9933468279e-15   2.6378783355e-03   3.0475022099e-12   2.9844621624e-02   5.2753394457e-08   1.1019333282e-13   1.6095649314e-16   2.9957109189e-05   7.5397647974e-01   5.2239383052e-03   3.0148275542e-02   2.6400654182e-11   1.7347522291e-05   6.3755272873e-14   1.7794400000e-01
   7.8400000000e-01   7.8400000000e-01   4.8572329316e+02  -3.8156333964e+06   6.0884335446e-02   4.4419183832e-01   4.4717489368e+02   1.6520997517e-04   1.4165140928e-11   4.7485262220e-15   2.4559601137e-03   2.2491865253e-12   2.7786373325e-02   4.1864229993e-08   7.0289934183e-14   9.9371063883e-17   2.7868725713e-05   7.7094364164e-01   4.8636680046e-03   2.8069084142e-02   1.9181925939e-11   1.6152172651e-05   4.0187587706e-14   1.6567200000e-01
   8.0000000000e-01   8.0000000000e-01   4.7170193935e+02  -3.8771314319e+06   5.6374385834e-02   4.5391381417e-01   3.0092573821e+02   1.5297141263e-04   9.1208722843e-12   2.4357257317e-15   2.2740410786e-03   1.6340739498e-12   2.5728124469e-02   3.2832489740e-08   4.3900209670e-14   6.0167100908e-17   2.5788896445e-05   7.8791079491e-01   4.5033972166e-03   2.5989892736e-02   1.3720875666e-11   1.4956425029e-05   2.4598426987e-14   1.5340000000e-01
   8.1600000000e-01   8.1600000000e-01   4.5775131819e+02  -3.9386294675e+06   5.1864435793e-02   4.6421393964e-01   1.9819711110e+02   1.4073318941e-04   5.7206041609e-12   1.2124538114e-15   2.0921211899e-03   1.1650182223e-12   2.3669875206e-02   2.5425933492e-08   2.6782052804e-14   3.5624971571e-17   2.3715276226e-05   8.0487794191e-01   4.1431260711e-03   2.3910701326e-02   9.6444195709e-12   1.3760386941e-05   1.4582659007e-14   1.4112800000e-01
   8.3200000000e-01   8.3200000000e-01   4.4386130014e+02  -4.0001275031e+06   4.7354485432e-02   4.7515138985e-01   1.2761571266e+02   1.2849520011e-04   3.4858435357e-12   5.8475541975e-16   1.9102004596e-03   8.1211375157e-13   2.1611625652e-02   1.9422900220e-08   1.5911000309e-14   2.0548962407e-17   2.1646079817e-05   8.2184508445e-01   3.7828546669e-03   2.1831509913e-02   6.6465438842e-12   1.2564141440e-05   8.3464033802e-15   1.2885600000e-01
   8.4800000000e-01   8.4800000000e-01   4.3002259320e+02  -4.0616255388e+06   4.2844534836e-02   4.8679255694e-01   8.0216637790e+01   1.1625736754e-04   2.0569223414e-12   2.7259268671e-16   1.7282789356e-03   5.5106060123e-13   1.9553375891e-02   1.4616250328e-08   9.1677735571e-15   1.1487834327e-17   1.9579976635e-05   8.3881222388e-01   3.4225830782e-03   1.9752318499e-02   4.4786013010e-12   1.1367751498e-05   4.5940969155e-15   1.1658400000e-01
   8.6400000000e-01   8.6400000000e-01   4.1622681621e+02  -4.1231235746e+06   3.8334584068e-02   4.9921211555e-01   4.9129641581e+01   1.0401963668e-04   1.1705403083e-12   1.2239373156e-16   1.5463566888e-03   3.6197631719e-13   1.7495125989e-02   1.0816132893e-08   5.0948792895e-15   6.1810890816e-18   1.7515996700e-05   8.5577936116e-01   3.0623113602e-03   1.7673127082e-02   2.9405148022e-12   1.0171263856e-05   2.4201587748e-15   1.0431200000e-01
   8.8000000000e-01   8.8000000000e-01   4.0246659099e+02  -4.1846216105e+06   3.3824633178e-02   5.1249426315e-01   2.9234887070e+01   9.1781969519e-05   6.3904559033e-13   5.2666560550e-17   1.3644338023e-03   2.2853604051e-13   1.5436875990e-02   7.8516676065e-09   2.7097688145e-15   3.1700851536e-18   1.5453449001e-05   8.7274649700e-01   2.7020395532e-03   1.5593935665e-02   1.8729853357e-12   8.9747123456e-06   1.2128384882e-15   9.2040000000e-02
   8.9600000000e-01   8.9600000000e-01   3.8873565436e+02  -4.2461196464e+06   2.9314682202e-02   5.2673416691e-01   1.6823712800e+01   7.9544340654e-05   3.3240489818e-13   2.1567820630e-17   1.1825103644e-03   1.3734854775e-13   1.3378625929e-02   5.5716629571e-09   1.3639735013e-15   1.5286421131e-18   1.3391852708e-05   8.8971363189e-01   2.3417676861e-03   1.3514744246e-02   1.1506901605e-12   7.7781207527e-06   5.7371964783e-16   7.9768000000e-02
   9.1200000000e-01   9.1200000000e-01   3.7502899031e+02  -4.3076176824e+06   2.4804731168e-02   5.4203965560e-01   9.2871134952e+00   6.7306733756e-05   1.6320250433e-13   8.3241971179e-18   1.0005864619e-03   7.7496789717e-14   1.1320375828e-02   3.8445062479e-09   6.3911209792e-16   6.7923173816e-19   1.1330880979e-05   9.0668076614e-01   1.9814957794e-03   1.1435552827e-02   6.7639792068e-13   6.5815052228e-06   2.5352356415e-16   6.7496000000e-02
   9.2800000000e-01   9.2800000000e-01   3.6134298182e+02  -4.3691157185e+06   2.0294780094e-02   5.5853320291e-01   4.8445598696e+00   5.5069138762e-05   7.4615519295e-14   2.9858825581e-18   8.1866217737e-04   4.0188365458e-14   9.2621257012e-03   2.5573769271e-09   2.7194668855e-16   2.6949866155e-19   9.2703164834e-06   9.2364789998e-01   1.6212238469e-03   9.3563614067e-03   3.7590173706e-13   5.3848762606e-06   1.0312093128e-16   5.5224000000e-02
   9.4400000000e-01   9.4400000000e-01   3.4767558046e+02  -4.4306137546e+06   1.5784828993e-02   5.7635426013e-01   2.3184147914e+00   4.2831549775e-05   3.1091009949e-14   9.7413558474e-19   6.3673758584e-04   1.8475041822e-14   7.2038755597e-03   1.6149217914e-09   1.0189191658e-16   9.0491121409e-20   7.2100173796e-06   9.4061503355e-01   1.2609518979e-03   7.2771699856e-03   1.9366797970e-13   4.1882403509e-06   3.7730652508e-17   4.2952000000e-02
   9.6000000000e-01   9.6000000000e-01   3.3402649034e+02  -4.4921117909e+06   1.1274877874e-02   5.9566201009e-01   9.5417751661e-01   3.0593963520e-05   1.1348035656e-14   2.7815986298e-19   4.5481275427e-04   7.0116643212e-15   5.1456254088e-03   9.3749215541e-10   3.5373028195e-17   2.3131886421e-20   5.1498921392e-06   9.5758216694e-01   9.0067993799e-04   5.1979785635e-03   8.9107669917e-14   2.9916012364e-06   1.1912120517e-17   3.0680000000e-02
   9.7600000000e-01   9.7600000000e-01   3.2039736028e+02  -4.5536098272e+06   6.7649267402e-03   6.1663863391e-01   2.8360361722e-01   1.8356378269e-05   3.2996624035e-15   6.3520760099e-20   2.7288774162e-04   1.8341379507e-15   3.0873752514e-03   4.5892493518e-10   1.9938261430e-17   3.4455018487e-21   3.0898815331e-06   9.7454930022e-01   5.4040797027e-04   3.1187871403e-03   3.3391175859e-14   1.7949608940e-06   2.9202724109e-18   1.8408000000e-02
   9.9200000000e-01   9.9200000000e-01   3.0679197579e+02  -4.6151078636e+06   2.2549755914e-03   6.3949320867e-01   2.6240588167e-02   6.1187930906e-06   5.0263564046e-16   7.4045564897e-21   9.0962601383e-05   1.4435165107e-16   1.0291250880e-03   1.2337743926e-10   1.1589726290e-17   8.8858366843e-23   1.0299459008e-06   9.9151643342e-01   1.8013599516e-04   1.0395957151e-03   6.7248703491e-15   5.9832025189e-07  -4.5336206536e-19   6.1360000000e-03
   1.0000000000e+00   1.0000000000e+00   3.0000000000e+02  -4.6458568819e+06   0.0000000000e+00   6.5169855213e-01   0.0000000000e+00   0.0000000000e+00   0.0000000000e+00   0.0000000000e+00   0.0000000000e+00   0.0000000000e+00   0.0000000000e+00   0.0000000000e+00   0.0000000000e+00   0.0000000000e+00   0.0000000000e+00   1.0000000000e+00   0.0000000000e+00   0.0000000000e+00   0.0000000000e+00   0.0000000000e+00   0.0000000000e+00   0.0000000000e+00