# L (m)  = 1
# P (Pa) = 101325
#             001_x           002_mixf              003_T              004_h             005_pv        006_density        007_hr             008_H2              009_H              010_O             011_O2             012_OH            013_H2O            014_HO2            015_CH2         016_CH2(S)            017_CH3            018_CH4             019_CO            020_CO2            021_HCO           022_CH2O          023_CH2OH             024_N2
                  0   0.0000000000e+00   3.0000000000e+02   1.9075768848e+03   0.0000000000e+00   1.1719839921e+00   0.0000000000e+00   0.0000000000e+00   0.0000000000e+00   0.0000000000e+00   2.3300000000e-01   0.0000000000e+00   0.0000000000e+00   0.0000000000e+00   0.0000000000e+00   0.0000000000e+00   0.0000000000e+00   0.0000000000e+00   0.0000000000e+00   0.0000000000e+00   0.0000000000e+00   0.0000000000e+00   0.0000000000e+00   7.6700000000e-01
   2.0000000000e-03   2.0000000000e-03   3.5390748476e+02  -5.2410040224e+04   9.9640349870e-03   9.9187426066e-01   6.2858940757e-01   5.9970962994e-08   1.0563398421e-16   2.9766168891e-10   2.2456896304e-01   1.4074211994e-10   4.4890741669e-03   6.3517849265e-08   6.2501245418e-18   3.7496226781e-19   9.2558223977e-10   9.0362285878e-07   1.5667196477e-05   5.4592336526e-03   6.8190715457e-17   3.3470097559e-08   1.6351317227e-21   7.6546600000e-01
   6.0000000000e-03   6.0000000000e-03   4.5754582583e+02  -1.6104527598e+05   2.9720327665e-02   7.6473717387e-01   9.2522950954e+00   6.9763721686e-07   2.9814215826e-15   1.2785459399e-10   2.0784850759e-01   3.0426971778e-10   1.3396850923e-02   4.4913832188e-07   2.3209595482e-16   1.6205639918e-17   2.0583248418e-08   3.1700762712e-05   8.3831873463e-05   1.6238947231e-02   4.6245053764e-15   9.9382860916e-07   2.5116360806e-19   7.6239800000e-01
   1.0000000000e-02   1.0000000000e-02   5.5181824766e+02  -2.6968049994e+05   4.8878371884e-02   6.3202312508e-01   7.3198240419e+01   2.8600109616e-06   4.7548355189e-14   2.2793805628e-11   1.9161619729e-01   9.2256059857e-10   2.2048820607e-02   1.3031906849e-06   2.1896368789e-15   1.5972500706e-16   7.1865480390e-08   1.6957747018e-04   2.3329315934e-04   2.6593398106e-02   6.9558088388e-14   4.4773504353e-06   6.6219735139e-18   7.5933000000e-01
   1.4000000000e-02   1.4000000000e-02   6.3380953685e+02  -3.7831563481e+05   6.7095269847e-02   5.4844362835e-01   2.7253450544e+02   7.0348892634e-06   3.3410070121e-13   1.2538414677e-11   1.7614731870e-01   1.7045750934e-09   3.0289302749e-02   2.5101218688e-06   8.5397536598e-15   6.1505128392e-16   1.5762247957e-07   4.8180249872e-04   4.6842479864e-04   3.6330507410e-02   3.6654938499e-13   1.0939492111e-05   8.9030989406e-17   7.5626200000e-01
   1.8000000000e-02   1.8000000000e-02   7.0245875267e+02  -4.8694974237e+05   8.4173892987e-02   4.9318938209e-01   6.9177007690e+02   1.3278490194e-05   1.3626995966e-12   3.8882420577e-11   1.6159864336e-01   2.4312576327e-09   3.8026251808e-02   3.8949859561e-06   2.2839927911e-14   1.5741362454e-15   2.9329845599e-07   1.0092383951e-03   7.7785938641e-04   4.5356503302e-02   1.1413155894e-12   2.0034505022e-05   8.5737682309e-16   7.5319400000e-01
   2.2000000000e-02   2.2000000000e-02   7.5786055672e+02  -5.9557464763e+05   1.0002367907e-01   4.5559103052e-01   1.4300621006e+03   2.1427059770e-05   4.1434738617e-12   1.0151020369e-10   1.4804105827e-01   3.1042698655e-09   4.5215586849e-02   5.3105174006e-06   5.1549362835e-14   3.3357738756e-15   5.0299903912e-07   1.7723379814e-03   1.1460157644e-03   5.3640649401e-02   2.7771777414e-12   3.1107944590e-05   5.0411091455e-15   7.5012600000e-01
   2.6000000000e-02   2.6000000000e-02   8.0072827481e+02  -7.0415689867e+05   1.1462410597e-01   4.2973395494e-01   2.6064156872e+03   3.1220746554e-05   1.0501670678e-11   2.0473148061e-10   1.3548930999e-01   3.8056884105e-09   5.1845297315e-02   6.6558160363e-06   1.0798989936e-13   6.4848215477e-15   8.1803282000e-07   2.7776612697e-03   1.5575094920e-03   6.1190078414e-02   5.9253418638e-12   4.3444893286e-05   1.9129344669e-14   7.4705800000e-01
   3.0000000000e-02   3.0000000000e-02   8.3208534596e+02  -8.1260404038e+05   1.2799870756e-01   4.1212761153e-01   4.3467970335e+03   4.2370497510e-05   2.3316035243e-11   3.4678083963e-10   1.2392300431e-01   4.5630606641e-09   5.7923833369e-02   7.8715207005e-06   2.1616078624e-13   1.1949962044e-14   1.2778998699e-06   4.0227474381e-03   1.9987339203e-03   6.8033769776e-02   1.1619921612e-11   5.6386319939e-05   5.1978064149e-14   7.4399000000e-01
   3.4000000000e-02   3.4000000000e-02   8.5312409773e+02  -9.2071176227e+05   1.4019760033e-01   4.0058982402e-01   6.7745635024e+03   5.4592873776e-05   4.6402567719e-11   5.1848526581e-10   1.1330066146e-01   5.3671127451e-09   6.3472179185e-02   8.9289620839e-06   4.2158215212e-13   2.1311101326e-14   1.9324236276e-06   5.4994921596e-03   2.4582767494e-03   7.4212551522e-02   2.1290306992e-11   6.9378709384e-05   1.1036861451e-13   7.4092200000e-01
   3.8000000000e-02   3.8000000000e-02   8.6518712972e+02  -1.0280684530e+06   1.5128594368e-01   3.9365449593e-01   9.9931263934e+03   6.7627028856e-05   8.3570233043e-11   6.9339652373e-10   1.0356896260e-01   6.1619264139e-09   6.8518559375e-02   9.8207601748e-06   7.7698048026e-13   3.5740274701e-14   2.8452336497e-06   7.1964313736e-03   2.9268597487e-03   7.9772897527e-02   3.6532153588e-11   8.1989381226e-05   1.9507346259e-13   7.3785400000e-01
   4.2000000000e-02   4.2000000000e-02   8.6987807221e+02  -1.1338548220e+06   1.6133638652e-01   3.9019609362e-01   1.4144507554e+04   8.1241792310e-05   1.3879322961e-10   8.5240470635e-10   9.4668779069e-02   6.9316047681e-09   7.3094940701e-02   1.0556032109e-05   1.3811854928e-12   5.7592259295e-14   4.0983765925e-06   9.1002684182e-03   3.3971002427e-03   8.4763103783e-02   5.9282950426e-11   9.3903601452e-05   3.0369176435e-13   7.3478600000e-01
   4.6000000000e-02   4.6000000000e-02   8.6937327114e+02  -1.2364151169e+06   1.7042417663e-01   3.8909508955e-01   1.9450292723e+04   9.5237396879e-05   2.1663755089e-10   9.8565167961e-10   8.6539059146e-02   7.6810718718e-09   7.7234745116e-02   1.1161585094e-05   2.3860594096e-12   8.9970420780e-14   5.7971111503e-06   1.1196884962e-02   3.8632261372e-03   8.9230967985e-02   9.2095934358e-11   1.0491158234e-04   4.3899965394e-13   7.3171800000e-01
   5.0000000000e-02   5.0000000000e-02   8.6716402878e+02  -1.3322832573e+06   1.7862402845e-01   3.8876540757e-01   2.6352033390e+04   1.0944456934e-04   3.2688288179e-10   1.1126078570e-09   7.9119305675e-02   8.5027558014e-09   8.0971367836e-02   1.1687148444e-05   4.0576999309e-12   1.3845278561e-13   8.0741198020e-06   1.3472005683e-02   4.3208002351e-03   9.3222415809e-02   1.3987149678e-10   1.1488883682e-04   6.2462719506e-13   7.2865000000e-01
   5.4000000000e-02   5.4000000000e-02   8.7040189506e+02  -1.4131152541e+06   1.8600815794e-01   3.8601398551e-01   3.5925662554e+04   1.2372281605e-04   5.0481308871e-10   1.3342420008e-09   7.2351130181e-02   9.7480597321e-09   8.4337230548e-02   1.2207044399e-05   7.0144535271e-12   2.1834868741e-13   1.1094933716e-05   1.5911629326e-02   4.7664723175e-03   9.6780732263e-02   2.1729858846e-10   1.2376875776e-04   9.4954337091e-13   7.2558200000e-01
   5.8000000000e-02   5.8000000000e-02   8.9699097501e+02  -1.4561614278e+06   1.9264504871e-01   3.7331610487e-01   5.1198228790e+04   1.3795996281e-04   8.9815451915e-10   2.0306804101e-09   6.6179266124e-02   1.2738517929e-08   8.7363163095e-02   1.2791751079e-05   1.3412055810e-11   3.9182346934e-13   1.5070882499e-05   1.8502311020e-02   5.1977548722e-03   9.9946170776e-02   3.8379453310e-10   1.3149544942e-04   1.7850437845e-12   7.2251400000e-01
   6.2000000000e-02   6.2000000000e-02   9.5132264229e+02  -1.4547153916e+06   1.9859853644e-01   3.5082241062e-01   7.5385547390e+04   1.5207774969e-04   1.7478884117e-09   3.6726925244e-09   6.0552473915e-02   1.9427902948e-08   9.0077893541e-02   1.3372230481e-05   2.9107407295e-11   8.2662497317e-13   2.0286043801e-05   2.1231391369e-02   5.6127851802e-03   1.0275577997e-01   7.5898579251e-10   1.3791435717e-04   3.9430593301e-12   7.1944600000e-01
   6.6000000000e-02   6.6000000000e-02   1.0076323459e+03  -1.4420073498e+06   2.0392710604e-01   3.3012023502e-01   1.0661830930e+05   1.6603387864e-04   3.0319460457e-09   5.8487905275e-09   5.5424146271e-02   2.9781936845e-08   9.2507631972e-02   1.3699576981e-05   6.2921338868e-11   1.7520237429e-12   2.7029470581e-05   2.4087245234e-02   6.0100837866e-03   1.0524335640e-01   1.3933833739e-09   1.4273328157e-04   7.9310987502e-12   7.1637800000e-01
   7.0000000000e-02   7.0000000000e-02   1.0588852813e+03  -1.4281984570e+06   2.0868393018e-01   3.1310742328e-01   1.4237648766e+05   1.7980213712e-04   4.6566333175e-09   8.0513773722e-09   5.0751899254e-02   4.3618751418e-08   9.4676121356e-02   1.3602120287e-05   1.2835806951e-10   3.5095244771e-12   3.5423155301e-05   2.7059399385e-02   6.3884348428e-03   1.0743957184e-01   2.2896951485e-09   1.4568714735e-04   1.4111526784e-11   7.1331000000e-01
   7.4000000000e-02   7.4000000000e-02   1.1047504623e+03  -1.4146677629e+06   2.1291717406e-01   2.9912678510e-01   1.7979817709e+05   1.9335598199e-04   6.5229020216e-09   9.9574398984e-09   4.6497180909e-02   6.0662979199e-08   9.6604835938e-02   1.3054371924e-05   2.4353340695e-10   6.5460050586e-12   4.5356566538e-05   3.0138530604e-02   6.7467985373e-03   1.0937218360e-01   3.4044521657e-09   1.4662267007e-04   2.2723232356e-11   7.1024200000e-01
   7.8000000000e-02   7.8000000000e-02   1.1457028493e+03  -1.4015869825e+06   2.1667046268e-01   2.8749759109e-01   2.1567584886e+05   2.0665809613e-04   8.5142168121e-09   1.1384859222e-08   4.2624889690e-02   8.0300907520e-08   9.8313257715e-02   1.2136721897e-05   4.2809376596e-10   1.1329166926e-11   5.6502498493e-05   3.3316366139e-02   7.0842566200e-03   1.1106629025e-01   4.6479259527e-09   1.4553694635e-04   3.3841631576e-11   7.0717400000e-01
   8.2000000000e-02   8.2000000000e-02   1.1822936619e+03  -1.3889156227e+06   2.1998345490e-01   2.7770096480e-01   2.4703225793e+05   2.1965558036e-04   1.0503425443e-08   1.2260730610e-08   3.9102954867e-02   1.0159377027e-07   9.9819190131e-02   1.0977465668e-05   6.9792058575e-10   1.8216466005e-11   6.8375429791e-05   3.6585521507e-02   7.4000091899e-03   1.1254460000e-01   5.9038385142e-09   1.4258480486e-04   4.7418437323e-11   7.0410600000e-01
   8.6000000000e-02   8.6000000000e-02   1.2150300725e+03  -1.3765813863e+06   2.2289243618e-01   2.6935341045e-01   2.7161552503e+05   2.3228108883e-04   1.2368454567e-08   1.2595541151e-08   3.5901922852e-02   1.2338661702e-07   1.0113905329e-01   9.7074888525e-06   1.0590882386e-09   2.7314243529e-11   8.0407767401e-05   3.9939315700e-02   7.6934175130e-03   1.1382768429e-01   7.0554132236e-09   1.3805345614e-04   6.3281682162e-11   7.0103800000e-01
   9.0000000000e-02   9.0000000000e-02   1.2443567625e+03  -1.3645219209e+06   2.2543085162e-01   2.6216934031e-01   2.8811009856e+05   2.4445860576e-04   1.4006920665e-08   1.2456235044e-08   3.2994595823e-02   1.4445563371e-07   1.0228812218e-01   8.4351834356e-06   1.5033267549e-09   3.8379039354e-11   9.2023934807e-05   4.3371598693e-02   7.9640706743e-03   1.1493420017e-01   8.0076010955e-09   1.3231419292e-04   8.1053597213e-11   6.9797000000e-01
   9.4000000000e-02   9.4000000000e-02   1.2706041257e+03  -1.3527782876e+06   2.2762972896e-01   2.5594383932e-01   2.9610078828e+05   2.5611135938e-04   1.5344325096e-08   1.1938868888e-08   3.0355749232e-02   1.6361417766e-07   1.0328069285e-01   7.2389595131e-06   2.0064258473e-09   5.0786078469e-11   1.0269815339e-04   4.6876615158e-02   8.2118484044e-03   1.1588107635e-01   8.6995245019e-09   1.2576777963e-04   1.0002281622e-10   6.9490200000e-01
   9.8000000000e-02   9.8000000000e-02   1.2934779945e+03  -1.3423114526e+06   2.2951798614e-01   2.5063112469e-01   2.9597248955e+05   2.6716947544e-04   1.6334705523e-08   1.1141316863e-08   2.7961924502e-02   1.7944739596e-07   1.0413018648e-01   6.1710330501e-06   2.5266071064e-09   6.3438505083e-11   1.1199185801e-04   5.0448909764e-02   8.4369604372e-03   1.1668366975e-01   9.1054353376e-09   1.1879796215e-04   1.1887879185e-10   6.9183400000e-01
   1.0200000000e-01   1.0200000000e-01   1.3116759877e+03  -1.3356825326e+06   2.3112267257e-01   2.4638688257e-01   2.8890060530e+05   2.7757691515e-04   1.6961856661e-08   1.0152244708e-08   2.5791265527e-02   1.9003542464e-07   1.0484922556e-01   5.2606107807e-06   3.0047638301e-09   7.4671935183e-11   1.1959065667e-04   5.4083245258e-02   8.6399653822e-03   1.1735590471e-01   9.2320373977e-09   1.1173578223e-04   1.3554826450e-10   6.8876600000e-01
   1.0600000000e-01   1.0600000000e-01   1.3247328734e+03  -1.3341870906e+06   2.3246918287e-01   2.4320740233e-01   2.7651942616e+05   2.8729814343e-04   1.7245442633e-08   9.0663067704e-09   2.3823377305e-02   1.9445913691e-07   1.0544970335e-01   4.5086943441e-06   3.3895154346e-09   8.3058560553e-11   1.2535474342e-04   5.7774512794e-02   8.8217775488e-03   1.1791040384e-01   9.1181745905e-09   1.0483007814e-04   1.4830615195e-10   6.8569800000e-01
   1.1000000000e-01   1.1000000000e-01   1.3333675907e+03  -1.3371958695e+06   2.3358131195e-01   2.4089439817e-01   2.6047318230e+05   2.9632000396e-04   1.7230669967e-08   7.9692947333e-09   2.2039276213e-02   1.9329386778e-07   1.0594278125e-01   3.8951671804e-06   3.6559083300e-09   8.8034260919e-11   1.2931599246e-04   6.1517728858e-02   8.9836165351e-03   1.1835859416e-01   8.8198414094e-09   9.8240605668e-05   1.5647468670e-10   6.8263000000e-01
   1.1400000000e-01   1.1400000000e-01   1.3385328732e+03  -1.3436057080e+06   2.3448118502e-01   2.3923745131e-01   2.4222655425e+05   3.0464832379e-04   1.6972818338e-08   6.9215179981e-09   2.0421408798e-02   1.8774759397e-07   1.0633883469e-01   3.3936237689e-06   3.8012755280e-09   8.9716160332e-11   1.3162406282e-04   6.5308110121e-02   9.1269040649e-03   1.1871079794e-01   8.3936387172e-09   9.2054287059e-05   1.6014491338e-10   6.7956200000e-01
   1.1800000000e-01   1.1800000000e-01   1.3410267389e+03  -1.3524721375e+06   2.3518919119e-01   2.3807402700e-01   2.2298753224e+05   3.1230283664e-04   1.6527525759e-08   5.9583070339e-09   1.8953666741e-02   1.7908743577e-07   1.0664741025e-01   2.9800748301e-06   3.8368324390e-09   8.8592742161e-11   1.3249008060e-04   6.9141151035e-02   9.2531555667e-03   1.1897632254e-01   7.8886718160e-09   8.6307331320e-05   1.5984458432e-10   6.7649400000e-01
   1.2200000000e-01   1.2200000000e-01   1.3414512778e+03  -1.3630994205e+06   2.3572397110e-01   2.3728753376e-01   2.0368284736e+05   3.1931244978e-04   1.5945611318e-08   5.0962475728e-09   1.7621368138e-02   1.6842018640e-07   1.0687721534e-01   2.6354590549e-06   3.7809006181e-09   8.5298764106e-11   1.3214589038e-04   7.3012674614e-02   9.3638924258e-03   1.1916355089e-01   7.3439682791e-09   8.1003964930e-05   1.5630802607e-10   6.7342600000e-01
   1.2600000000e-01   1.2600000000e-01   1.3402530042e+03  -1.3749938887e+06   2.3610245919e-01   2.3679472541e-01   1.8497220334e+05   3.2571145752e-04   1.5270724360e-08   4.3393912191e-09   1.6411204516e-02   1.5663359945e-07   1.0703613795e-01   2.3453521911e-06   3.6541535201e-09   8.0475409030e-11   1.3081880844e-04   7.6918855404e-02   9.4605807050e-03   1.1928002907e-01   6.7886151980e-09   7.6129816389e-05   1.5032058924e-10   6.7035800000e-01
   1.3000000000e-01   1.3000000000e-01   1.3377661741e+03  -1.3878062984e+06   2.3633996669e-01   2.3653516909e-01   1.6728626842e+05   3.3153673869e-04   1.4538714093e-08   3.6840975406e-09   1.5311162199e-02   1.4440120771e-07   1.0713128788e-01   2.0989421005e-06   3.4765948284e-09   7.4693757811e-11   1.2871771080e-04   8.0856221211e-02   9.5445934472e-03   1.1933254862e-01   6.2430782455e-09   7.1660689559e-05   1.4262094949e-10   6.6729000000e-01
   1.3400000000e-01   1.3400000000e-01   1.3342451886e+03  -1.4012876815e+06   2.3645029030e-01   2.3646402930e-01   1.5087410631e+05   3.3682579440e-04   1.3777974735e-08   3.1224664722e-09   1.4310428165e-02   1.3221057490e-07   1.0716905088e-01   1.8880529319e-06   3.2658855415e-09   6.8421606131e-11   1.2602655477e-04   8.4821640626e-02   9.6171911054e-03   1.1932722253e-01   5.7208850292e-09   6.7567999116e-05   1.3384872251e-10   6.6422200000e-01
   1.3800000000e-01   1.3800000000e-01   1.3298870131e+03  -1.4152588118e+06   2.3644583375e-01   2.3654732704e-01   1.3584980678e+05   3.4161544419e-04   1.3010276149e-08   2.6446275374e-09   1.3399288859e-02   1.2039784707e-07   1.0715514913e-01   1.7064031783e-06   3.0366276031e-09   6.2017394532e-11   1.2290247794e-04   8.8812302018e-02   9.6795147061e-03   1.1926955447e-01   5.2302640232e-09   6.3821981989e-05   1.2452441283e-10   6.6115400000e-01
   1.4200000000e-01   1.4200000000e-01   1.3248465324e+03  -1.4295895300e+06   2.3633773281e-01   2.3675881468e-01   1.2223298023e+05   3.4594101094e-04   1.2251776172e-08   2.2401847222e-09   1.2569028466e-02   1.0918113895e-07   1.0709470323e-01   1.5490824893e-06   2.8002628605e-09   5.5739192203e-11   1.1947655013e-04   9.2825688176e-02   9.7325872822e-03   1.1916450128e-01   4.7755625991e-09   6.0393498986e-05   1.1504993541e-10   6.5808600000e-01
   1.4600000000e-01   1.4600000000e-01   1.3192472071e+03  -1.4441846614e+06   2.3613597826e-01   2.3707787509e-01   1.0998115396e+05   3.4983585809e-04   1.1514040079e-08   1.8990715670e-09   1.1811830235e-02   9.8689688621e-08   1.0699229271e-01   1.4121899505e-06   2.5653234412e-09   4.9760514723e-11   1.1585593817e-04   9.6859549226e-02   9.7773203179e-03   1.1901652937e-01   4.3583929840e-09   5.7254971287e-05   1.0572049468e-10   6.5501800000e-01
   1.5000000000e-01   1.5000000000e-01   1.3131886160e+03  -1.4589742775e+06   2.3584953200e-01   2.3748807607e-01   9.9014186918e+04   3.5333116616e-04   1.0804975619e-08   1.6120120045e-09   1.1120684165e-02   8.8987866809e-08   1.0685201291e-01   1.2925828163e-06   2.3378485697e-09   4.4187885831e-11   1.1212670345e-04   1.0091187588e-01   9.8145227818e-03   1.1882966515e-01   3.9785167191e-09   5.4380805691e-05   9.6741414308e-11   6.5195000000e-01
   1.5400000000e-01   1.5400000000e-01   1.3067519147e+03  -1.4739068384e+06   2.3548643495e-01   2.3797615035e-01   8.9231781908e+04   3.5645587141e-04   1.0129644540e-08   1.3707282636e-09   1.0489301711e-02   8.0094183513e-08   1.0667752752e-01   1.1876988054e-06   2.1218501259e-09   3.9077343665e-11   1.0835676676e-04   1.0498087387e-01   9.8449112706e-03   1.1860754029e-01   3.6345038380e-09   5.1747524155e-05   8.8245937766e-11   6.4888200000e-01
   1.5800000000e-01   1.5800000000e-01   1.3000038645e+03  -1.4889442794e+06   2.3505390538e-01   2.3853125967e-01   8.0525486154e+04   3.5923670621e-04   9.4909408976e-09   1.1679938324e-09   9.9120383478e-03   7.1995884496e-08   1.0647211623e-01   1.0954277484e-06   1.9197588044e-09   3.4448593932e-11   1.0459877106e-04   1.0906494033e-01   9.8691202430e-03   1.1835343220e-01   3.3242099508e-09   4.9333731692e-05   8.0311781622e-11   6.4581400000e-01
   1.6200000000e-01   1.6200000000e-01   1.2929998627e+03  -1.5040584311e+06   2.3455842753e-01   2.3914445258e-01   7.2786526231e+04   3.6169829952e-04   8.8901427317e-09   9.9759706107e-10   9.3838240209e-03   6.4659882615e-08   1.0623871741e-01   1.0140168547e-06   1.7328169608e-09   3.0296428459e-11   1.0089270178e-04   1.1316264230e-01   9.8877117606e-03   1.1807030006e-01   3.0451121807e-09   4.7120001739e-05   7.2975415653e-11   6.4274600000e-01
   1.6600000000e-01   1.6600000000e-01   1.2857862620e+03  -1.5192283687e+06   2.3400583138e-01   2.3980825636e-01   6.5910622309e+04   3.6386331265e-04   8.3273512809e-09   8.5425781523e-10   8.9001006247e-03   5.8040759213e-08   1.0597996632e-01   9.4199929867e-07   1.5614057469e-09   2.6599524528e-11   9.7268202245e-05   1.1727269740e-01   9.9011844831e-03   1.1776081726e-01   2.7945388550e-09   4.5088723011e-05   6.6243771397e-11   6.3967800000e-01
   1.7000000000e-01   1.7000000000e-01   1.2784021708e+03  -1.5344384224e+06   2.3340136341e-01   2.4051636514e-01   5.9800699439e+04   3.6575258745e-04   7.8018344148e-09   7.3352380509e-10   8.4567666344e-03   5.2086486976e-08   1.0569822884e-01   8.7813955871e-07   1.4053064888e-09   2.3326969455e-11   9.3746569832e-05   1.2139395663e-01   9.9099817136e-03   1.1742740027e-01   2.5698214159e-09   4.3223936477e-05   6.0103479076e-11   6.3661000000e-01
   1.7400000000e-01   1.7400000000e-01   1.2708808651e+03  -1.5496766724e+06   2.3274974963e-01   2.4126339797e-01   5.4368180477e+04   3.6738529821e-04   7.3122909584e-09   6.3166243929e-10   8.0501277930e-03   4.6742421194e-08   1.0539563138e-01   8.2139090178e-07   1.2639027132e-09   2.0442929222e-11   9.0342444588e-05   1.2552538917e-01   9.9144985240e-03   1.1707223443e-01   2.3683903804e-09   4.1511174590e-05   5.4527929961e-11   6.3354200000e-01
   1.7800000000e-01   1.7800000000e-01   1.2632508985e+03  -1.5649338169e+06   2.3205525148e-01   2.4204471033e-01   4.9533363032e+04   3.6877909862e-04   6.8570510845e-09   5.4555719461e-10   7.6768534258e-03   4.1953998789e-08   1.0507408725e-01   7.7086195334e-07   1.1363318116e-09   1.7909867960e-11   8.7065216918e-05   1.2966606896e-01   9.9150879764e-03   1.1669729715e-01   2.1878320040e-09   3.9937310674e-05   4.9482526200e-11   6.3047400000e-01
   1.8200000000e-01   1.8200000000e-01   1.2555369692e+03  -1.5802023428e+06   2.3132171527e-01   2.4285624850e-01   4.5225232242e+04   3.6995025991e-04   6.4342259376e-09   4.7261307135e-10   7.3339377466e-03   3.7668490125e-08   1.0473531994e-01   7.2579015924e-07   1.0215957860e-09   1.5690675096e-11   8.3920186853e-05   1.3381516290e-01   9.9120665175e-03   1.1630437855e-01   2.0259179052e-09   3.8490421417e-05   4.4928478582e-11   6.2740600000e-01
   1.8600000000e-01   1.8600000000e-01   1.2477605838e+03  -1.5954759529e+06   2.3055261609e-01   2.4369443919e-01   4.1380950029e+04   3.7091379804e-04   6.0418175301e-09   4.1067301448e-10   7.0186655861e-03   3.3836069310e-08   1.0438088365e-01   6.8552055878e-07   9.1863983186e-10   1.3749993984e-11   8.0909508851e-05   1.3797192049e-01   9.9057186309e-03   1.1589510001e-01   1.8806165520e-09   3.7159663225e-05   4.0825475720e-11   6.2433800000e-01
   1.9000000000e-01   1.9000000000e-01   1.2399405569e+03  -1.6107492056e+06   2.2975109662e-01   2.4455610855e-01   3.7945178937e+04   3.7168358960e-04   5.6777979204e-09   3.5794559648e-10   6.7285819983e-03   3.0410404121e-08   1.0401218137e-01   6.4948870041e-07   8.2640631993e-10   1.2054983438e-11   7.8032954603e-05   1.4213566471e-01   9.8963008414e-03   1.1547093082e-01   1.7500929550e-09   3.5935161932e-05   3.7133498602e-11   6.2127000000e-01
   1.9400000000e-01   1.9400000000e-01   1.2320933778e+03  -1.6260173257e+06   2.2892000159e-01   2.4543842477e-01   3.4869351585e+04   3.7227247621e-04   5.3401656229e-09   3.1294350930e-10   6.4614653116e-03   2.7348917374e-08   1.0363048091e-01   6.1720683423e-07   7.4387095841e-10   1.0575692150e-11   7.5288523735e-05   1.4630578403e-01   9.8840451525e-03   1.1503320305e-01   1.6327012033e-09   3.4807914960e-05   3.3814048069e-11   6.1820200000e-01
   1.9800000000e-01   1.9800000000e-01   1.2242334796e+03  -1.6412761362e+06   2.2806190839e-01   2.4633885856e-01   3.2113383881e+04   3.7269235795e-04   5.0270715172e-09   2.7444917582e-10   6.2153032000e-03   2.4613299981e-08   1.0323692908e-01   5.8825271028e-07   6.7011499957e-10   9.2855277298e-12   7.2672926876e-05   1.5048172537e-01   9.8691619991e-03   1.1458312495e-01   1.5269926654e-09   3.3769704640e-05   3.0833891284e-11   6.1513400000e-01
   2.0800000000e-01   2.0800000000e-01   1.2047893603e+03  -1.6793906795e+06   2.2585502236e-01   2.4861645205e-01   2.6146493788e+04   3.7334710302e-04   4.3276203982e-09   1.9861704459e-10   5.6477237996e-03   1.8927359620e-08   1.0222601630e-01   5.2326891595e-07   5.1548714128e-10   6.6990122640e-12   6.6444734937e-05   1.6093488254e-01   9.8258639416e-03   1.1342979501e-01   1.2955139968e-09   3.1377996653e-05   2.4552511844e-11   6.0746400000e-01
   2.2400000000e-01   2.2400000000e-01   1.1737226595e+03  -1.7401051885e+06   2.2201109325e-01   2.5246340051e-01   1.9553796874e+04   3.7225958572e-04   3.4591641800e-09   1.2428126597e-10   4.9819480459e-03   1.2611066258e-08   1.0047176540e-01   4.5431150043e-07   3.4578723856e-10   4.0601331546e-12   5.8264145707e-05   1.7772762392e-01   9.7242693080e-03   1.1144279896e-01   1.0381738078e-09   2.8598724298e-05   1.7503099029e-11   5.9519200000e-01
   2.4000000000e-01   2.4000000000e-01   1.1434012393e+03  -1.8005188201e+06   2.1794723343e-01   2.5641685315e-01   1.5035347844e+04   3.6953224692e-04   2.8036970318e-09   8.0965820658e-11   4.4860884807e-03   8.5130294905e-09   9.8621749729e-02   4.0778781911e-07   2.3596644994e-10   2.5056906590e-12   5.1526501890e-05   1.9456817530e-01   9.5982881318e-03   1.0935766332e-01   8.5923768334e-10   2.6555995605e-05   1.2838711203e-11   5.8292000000e-01
   2.5600000000e-01   2.5600000000e-01   1.1139820150e+03  -1.8607018972e+06   2.1372766615e-01   2.6043744807e-01   1.1844210918e+04   3.6554222432e-04   2.3015809793e-09   5.4625572032e-11   4.1102095024e-03   5.8166301893e-09   9.6704173938e-02   3.7581048590e-07   1.6371796033e-10   1.5734725069e-12   4.5932345353e-05   2.1144277730e-01   9.4537017500e-03   1.0720424824e-01   7.3067677190e-10   2.5029812629e-05   9.7031537325e-12   5.7064800000e-01
   2.7200000000e-01   2.7200000000e-01   1.0855184344e+03  -1.9207418025e+06   2.0939717096e-01   2.6450456877e-01   9.5248897905e+03   3.6057889778e-04   1.9110799612e-09   3.7966357320e-11   3.8195702616e-03   4.0171975524e-09   9.4738620911e-02   3.5328805092e-07   1.1532570505e-10   1.0037814401e-12   4.1240503503e-05   2.2834179461e-01   9.2948163606e-03   1.0500315479e-01   6.3522278834e-10   2.3863658346e-05   7.5569415797e-12   5.5837600000e-01
   2.8800000000e-01   2.8800000000e-01   1.0580160705e+03  -1.9807036997e+06   2.0498722402e-01   2.6860681458e-01   7.7936635449e+03   3.5486530343e-04   1.6029397217e-09   2.7052380088e-11   3.5898099691e-03   2.8004497285e-09   9.2738802961e-02   3.3685309564e-07   8.2337234872e-11   6.4932073428e-13   3.7263348773e-05   2.4525841466e-01   9.1248882116e-03   1.0276866755e-01   5.6202680599e-10   2.2946059412e-05   6.0579305536e-12   5.4610400000e-01
   3.0400000000e-01   3.0400000000e-01   1.0314566613e+03  -2.0406265712e+06   2.0052010624e-01   2.7273787187e-01   6.4697756303e+03   3.4857374409e-04   1.3564632797e-09   1.9677130338e-11   3.4037290477e-03   1.9679402004e-09   9.0714392408e-02   3.2424377693e-07   5.9477329176e-11   4.2512353029e-13   3.3856634295e-05   2.6218778213e-01   8.9464055075e-03   1.0051073458e-01   5.0412066926e-10   2.2197791110e-05   4.9863305444e-12   5.3383200000e-01
   3.2000000000e-01   3.2000000000e-01   1.0058084158e+03  -2.1005310250e+06   1.9601168650e-01   2.7689485874e-01   5.4353742965e+03   3.4183746609e-04   1.1568246842e-09   1.4557222377e-11   3.2491108341e-03   1.3923806728e-09   8.8672255840e-02   3.1393104763e-07   4.3398201502e-11   2.8122339225e-13   3.0909605379e-05   2.7912641325e-01   8.7612833765e-03   9.8236309822e-02   4.5692606649e-10   2.1562807447e-05   4.1993971846e-12   5.2156000000e-01
   3.3600000000e-01   3.3600000000e-01   9.8102275086e+02  -2.1604271425e+06   1.9147332800e-01   2.8107999654e-01   4.6118652457e+03   3.3475953576e-04   9.9326104603e-10   1.0919694222e-11   3.1172319788e-03   9.9078638966e-10   8.6617295670e-02   3.0488283138e-07   3.1935717255e-11   1.8765002062e-13   2.8336890869e-05   2.9607179407e-01   8.5710032226e-03   9.5950269572e-02   4.1737003433e-10   2.1001732336e-05   3.6038387338e-12   5.0928800000e-01
   3.5200000000e-01   3.5200000000e-01   9.5704012612e+02  -2.2203196028e+06   1.8691320596e-01   2.8529987599e-01   3.9455553019e+03   3.2741965210e-04   8.5784406505e-10   8.2836820578e-12   3.0018345768e-03   7.0830677124e-10   8.4553029489e-02   2.9640540254e-07   2.3666212008e-11   1.2610308654e-13   2.6072274622e-05   3.1302210164e-01   8.3767148158e-03   9.3656042001e-02   3.8334339950e-10   2.0487157839e-05   3.1385420462e-12   4.9701600000e-01
   3.6800000000e-01   3.6800000000e-01   9.3382106161e+02  -2.2802104969e+06   1.8233722622e-01   2.8955659775e-01   3.3987140539e+03   3.1987940315e-04   7.4465033871e-10   6.3413075752e-12   2.8984111633e-03   5.0832741610e-10   8.2481992310e-02   2.8803493583e-07   1.7639372413e-11   8.5238687779e-14   2.4064016362e-05   3.2997600869e-01   8.1793124713e-03   9.1356042034e-02   3.5335578300e-10   2.0000240556e-05   2.7633922930e-12   4.8474400000e-01
   3.8400000000e-01   3.8400000000e-01   9.1132528467e+02  -2.3401007323e+06   1.7774967037e-01   2.9385341387e-01   2.9443684262e+03   3.1218633218e-04   6.4920557467e-10   4.8898175451e-12   2.8037036571e-03   3.6598252582e-10   8.0406018029e-02   2.7946873462e-07   1.3208422266e-11   5.7889379069e-14   2.2271328044e-05   3.4693254558e-01   7.9794926818e-03   8.9051973324e-02   3.2633951517e-10   1.9528238343e-05   2.4520382381e-12   4.7247200000e-01
   4.0000000000e-01   4.0000000000e-01   8.8951205494e+02  -2.3999906935e+06   1.7315365181e-01   2.9819475994e-01   2.5628253333e+03   3.0437709163e-04   5.6808646425e-10   3.7923132895e-12   2.7153499887e-03   2.6419907022e-10   7.8326437702e-02   2.7051649800e-07   9.9263814752e-12   3.9462292538e-14   2.0661756155e-05   3.6389100205e-01   7.7777981683e-03   8.6745038850e-02   3.0151829707e-10   1.9062725615e-05   2.1871068519e-12   4.6020000000e-01
   4.1600000000e-01   4.1600000000e-01   8.6834103925e+02  -2.4598805407e+06   1.6855144022e-01   3.0258608414e-01   2.2394180316e+03   2.9647989225e-04   4.9864148527e-10   2.9542642610e-12   2.6316333721e-03   1.9114276802e-10   7.6244220122e-02   2.6106654819e-07   7.4800121553e-12   2.6977573689e-14   1.9209228724e-05   3.8085085682e-01   7.5746518174e-03   8.4436088393e-02   2.7832353302e-10   1.8598303418e-05   1.9570490641e-12   4.4792800000e-01
   4.3200000000e-01   4.3200000000e-01   8.4777290202e+02  -2.5197703397e+06   1.6394469359e-01   3.0703372106e-01   1.9630215947e+03   2.8851640589e-04   4.3879285744e-10   2.3090734537e-12   2.5513034411e-03   1.3854184317e-10   7.4160072047e-02   2.5106310826e-07   5.6469920807e-12   1.8480554008e-14   1.7892589437e-05   3.9781172680e-01   7.3703829766e-03   8.2125722163e-02   2.5634139179e-10   1.8131670543e-05   1.7540793055e-12   4.3565600000e-01
   4.4800000000e-01   4.4800000000e-01   8.2776968211e+02  -2.5796601180e+06   1.5933462502e-01   3.1154480437e-01   1.7250566915e+03   2.8050324357e-04   3.8689433814e-10   1.8089794040e-12   2.4734480437e-03   1.0057233375e-10   7.2074510041e-02   2.4049145273e-07   4.2676991757e-12   1.2676651526e-14   1.6694490702e-05   4.1477333027e-01   7.1652479125e-03   7.9814363821e-02   2.3527956900e-10   1.7660957928e-05   1.5728429750e-12   4.2338400000e-01
   4.6400000000e-01   4.6400000000e-01   8.0829501491e+02  -2.6395498868e+06   1.5472212314e-01   3.1612721203e-01   1.5188086263e+03   2.7245310357e-04   3.4162792298e-10   1.4191849966e-12   2.3974009419e-03   7.3107827930e-11   6.9987912195e-02   2.2936837553e-07   3.2263360689e-12   8.7012667839e-15   1.5600552706e-05   4.3173546011e-01   6.9594457765e-03   7.7502312065e-02   2.1494634576e-10   1.7185254754e-05   1.4095618332e-12   4.1111200000e-01
   4.8000000000e-01   4.8000000000e-01   7.8931424485e+02  -2.6994396512e+06   1.5010783943e-01   3.2078953869e-01   1.3389531114e+03   2.6437566294e-04   3.0192799013e-10   1.1139844850e-12   2.3226751001e-03   5.3208877068e-11   6.7900555536e-02   2.1773595073e-07   2.4381184677e-12   5.9728045170e-15   1.4598720639e-05   4.4869796418e-01   6.7531310934e-03   7.5189777139e-02   1.9523660061e-10   1.6704273791e-05   1.2614887388e-12   3.9884000000e-01
   4.9600000000e-01   4.9600000000e-01   7.7079446200e+02  -2.7593294133e+06   1.4549225168e-01   3.2554109095e-01   1.1812196742e+03   2.5627826934e-04   2.6692507075e-10   8.7415611628e-13   2.2489143068e-03   3.8772014155e-11   6.5812643170e-02   2.0565703338e-07   1.8404596230e-12   4.0976425369e-15   1.3678771130e-05   4.6566073098e-01   6.5464235420e-03   7.2876906703e-02   1.7612070557e-10   1.6218117584e-05   1.1265604307e-12   3.8656800000e-01
   5.1200000000e-01   5.1200000000e-01   7.5270448710e+02  -2.8192191744e+06   1.4087571033e-01   3.3039190236e-01   1.0421480267e+03   2.4816647739e-04   2.3590385682e-10   6.8517345387e-13   2.1758579912e-03   2.8286286550e-11   6.3724324047e-02   1.9321140241e-07   1.3868258393e-12   2.8080095735e-15   1.2831931603e-05   4.8262367899e-01   6.3394156193e-03   7.0563804189e-02   1.5763322543e-10   1.5727117298e-05   1.0031763816e-12   3.7429600000e-01
   5.2800000000e-01   5.2800000000e-01   7.3501482288e+02  -2.8791089349e+06   1.3625847233e-01   3.3535276596e-01   9.1890831319e+02   2.4004446432e-04   2.0827170515e-10   5.3595688007e-13   2.1033155656e-03   2.0662987111e-11   6.1635707401e-02   1.8049189522e-07   1.0424016425e-12   1.9209748713e-15   1.2050584703e-05   4.9958674893e-01   6.1321786508e-03   6.8250541816e-02   1.3985939697e-10   1.5231723695e-05   8.9005801187e-13   3.6202400000e-01
   5.4400000000e-01   5.4400000000e-01   7.1769758395e+02  -2.9389986951e+06   1.3164072599e-01   3.4043528294e-01   8.0916670332e+02   2.3191535152e-04   1.8353507338e-10   4.1798827281e-13   2.0311476834e-03   1.5115714749e-11   5.9546873310e-02   1.6760029689e-07   7.8099744844e-13   1.3111388754e-15   1.1328038178e-05   5.1654989793e-01   5.9247674991e-03   6.5937169826e-02   1.2291866623e-10   1.4732435159e-05   7.8615980831e-13   3.4975200000e-01
   5.6000000000e-01   5.6000000000e-01   7.0072641416e+02  -2.9988884551e+06   1.2702260917e-01   3.4565192699e-01   7.1098456020e+02   2.2378145300e-04   1.6128208781e-10   3.2467401734e-13   1.9592525248e-03   1.1075347681e-11   5.7457880442e-02   1.5464311404e-07   5.8282065604e-13   8.9230821623e-16   1.0658344260e-05   5.3351309528e-01   5.7172242511e-03   6.3623723026e-02   1.0694594502e-10   1.4229751838e-05   6.9061465413e-13   3.3748000000e-01
   5.7600000000e-01   5.7600000000e-01   6.8407639783e+02  -3.0587782152e+06   1.2240422274e-01   3.5101612395e-01   6.2274402472e+02   2.1564446697e-04   1.4116997769e-10   2.5088053033e-13   1.8875557484e-03   8.1294328442e-12   5.5368771745e-02   1.4172760888e-07   4.3285394317e-13   6.0511774734e-16   1.0036156654e-05   5.5047631924e-01   5.5095811025e-03   6.1310225421e-02   9.2072456434e-11   1.3724147989e-05   6.0270233197e-13   3.2520800000e-01
   5.9200000000e-01   5.9200000000e-01   6.6772396905e+02  -3.1186679752e+06   1.1778564034e-01   3.5654234754e-01   5.4309561231e+02   2.0750562334e-04   1.2291642983e-10   1.9259132444e-13   1.8160031257e-03   5.9787752105e-12   5.3279578626e-02   1.2895855880e-07   3.1966538798e-13   4.0862216817e-16   9.4566167334e-06   5.6743955469e-01   5.3018626106e-03   5.8996693485e-02   7.8408680165e-11   1.3216056763e-05   5.2183394337e-13   3.1293600000e-01
   6.0800000000e-01   6.0800000000e-01   6.5164682227e+02  -3.1785577353e+06   1.1316691573e-01   3.6224623199e-01   4.7092448754e+02   1.9936579688e-04   1.0629402790e-10   1.4665073150e-13   1.7445551380e-03   4.4062206337e-12   5.1190324027e-02   1.1643612396e-07   2.3452880160e-13   2.7455667809e-16   8.9152625918e-06   5.8440279139e-01   5.0940874497e-03   5.6683138460e-02   6.6031740165e-11   1.2705863339e-05   4.4754670736e-13   3.0066400000e-01
   6.2400000000e-01   6.2400000000e-01   6.3582382625e+02  -3.2384474954e+06   1.0854808804e-01   3.6814470289e-01   4.0533186002e+02   1.9122559403e-04   9.1126872871e-11   1.1057005528e-13   1.6731830142e-03   3.2541312525e-12   4.9101024688e-02   1.0425496711e-07   1.7076902566e-13   1.8340370030e-16   8.4079567442e-06   6.0136602268e-01   4.8862697775e-03   5.4369567979e-02   5.4978675540e-11   1.2193903497e-05   3.7950392604e-13   2.8839200000e-01
   6.4000000000e-01   6.4000000000e-01   6.2023494291e+02  -3.2983372557e+06   1.0392918571e-01   3.7425612846e-01   3.4562666593e+02   1.8308541935e-04   7.7288243968e-11   8.2379118023e-14   1.6018658252e-03   2.4080871081e-12   4.7011692804e-02   9.2504446621e-08   1.2327178760e-13   1.2168846160e-16   7.9308304606e-06   6.1832924454e-01   4.6784202940e-03   5.2055987191e-02   4.5245745576e-11   1.1680465546e-05   3.1749431397e-13   2.7612000000e-01
   6.5600000000e-01   6.5600000000e-01   6.0486115216e+02  -3.3582270159e+06   9.9310229395e-02   3.8060049341e-01   2.9132067233e+02   1.7494552640e-04   6.4697807654e-11   6.0511142033e-14   1.5305883560e-03   1.7850647931e-12   4.4922337255e-02   8.1269377505e-08   8.8114805719e-14   8.0114563129e-17   7.4802438153e-06   6.3529245484e-01   4.4705470618e-03   4.9742399552e-02   3.6792696211e-11   1.1165794197e-05   2.6142396207e-13   2.6384800000e-01
   6.7200000000e-01   6.7200000000e-01   5.8968438354e+02  -3.4181167763e+06   9.4691234060e-02   3.8719959846e-01   2.4211823467e+02   1.6680605708e-04   5.3316600671e-11   4.3712517282e-14   1.4593395486e-03   1.3248461219e-12   4.2832964496e-02   7.0630626034e-08   6.2288836092e-14   5.2276000171e-17   7.0527614191e-06   6.5225565282e-01   4.2626561382e-03   4.7428807369e-02   2.9550143061e-11   1.0650095409e-05   2.1129402050e-13   2.5157600000e-01
   6.8800000000e-01   6.8800000000e-01   5.7468745526e+02  -3.4780065367e+06   9.0072210524e-02   3.9407728919e-01   1.9789139936e+02   1.5866707210e-04   4.3138102501e-11   3.0971744811e-14   1.3881113661e-03   9.8376433992e-13   4.0743579218e-02   6.0664764507e-08   4.3485845478e-14   3.3766078783e-17   6.6451441000e-06   6.6921883869e-01   4.0547520609e-03   4.5115212173e-02   2.3428057456e-11   1.0133541520e-05   1.6715908016e-13   2.3930400000e-01
   7.0400000000e-01   7.0400000000e-01   5.5985402129e+02  -3.5378962973e+06   8.5453166599e-02   4.0125971853e-01   1.5863345305e+02   1.5052857514e-04   3.4174516686e-11   2.1463943446e-14   1.3168979654e-03   7.3014760085e-13   3.8654184825e-02   5.1442207221e-08   2.9937550347e-14   2.1560339231e-17   6.2543556904e-06   6.8618201331e-01   3.8468382206e-03   4.2801614978e-02   1.8323705972e-11   9.6162762701e-06   1.2906632175e-13   2.2703200000e-01
   7.2000000000e-01   7.2000000000e-01   5.4516852708e+02  -3.5977860579e+06   8.0834107921e-02   4.0877564789e-01   1.2439053702e+02   1.4239053208e-04   2.6439051655e-11   1.4508770496e-14   1.2456950976e-03   5.4099997442e-13   3.6564783792e-02   4.3023696301e-08   2.0291954891e-14   1.3589058715e-17   5.8775826420e-06   7.0314517791e-01   3.6389171448e-03   4.0488016452e-02   1.4128086888e-11   9.0984194154e-06   9.6983577245e-14   2.1476000000e-01
   7.3600000000e-01   7.3600000000e-01   5.3061617447e+02  -3.6576758186e+06   7.6215038552e-02   4.1665679325e-01   9.5180495100e+01   1.3425288641e-04   1.9927118084e-11   9.5402556337e-15   1.1744996748e-03   3.9958888273e-13   3.4475377915e-02   3.5455588045e-08   1.3518682693e-14   8.4411181238e-18   5.5122617417e-06   7.2010833395e-01   3.4309907140e-03   3.8174417036e-02   1.0730652764e-11   8.5800708052e-06   7.0732688130e-14   2.0248800000e-01
   7.5200000000e-01   7.5200000000e-01   5.1618289673e+02  -3.7175655793e+06   7.1595961418e-02   4.2493822314e-01   7.0916861122e+01   1.2611557141e-04   1.4600925253e-11   6.0868314891e-15   1.1033094570e-03   2.9369855083e-13   3.2385968500e-02   2.8764930571e-08   8.8361963077e-15   5.1589657891e-18   5.1561092465e-06   7.3707148291e-01   3.2230603246e-03   3.5860817022e-02   8.0226635529e-12   8.0613138532e-06   4.9948160590e-14   1.9021600000e-01
   7.6800000000e-01   7.6800000000e-01   5.0185534439e+02  -3.7774553402e+06   6.6976878632e-02   4.3365881714e-01   5.1358460487e+01   1.1797851940e-04   1.0381815856e-11   3.7590567216e-15   1.0321228268e-03   2.1437211012e-13   3.0296556496e-02   2.2955595041e-08   5.6556659910e-15   3.0967480428e-18   4.8071440395e-06   7.5403462621e-01   3.0151270126e-03   3.3547216604e-02   5.8997245034e-12   7.5422184177e-06   3.4076143765e-14   1.7794400000e-01
   7.8400000000e-01   7.8400000000e-01   4.8762088302e+02  -3.8373451011e+06   6.2357791722e-02   4.4286179487e-01   3.6098510141e+01   1.0984166811e-04   7.1524707804e-12   2.2418318349e-15   9.6093862465e-04   1.5500928733e-13   2.8207142598e-02   1.8006578780e-08   3.5374778078e-15   1.8222018475e-18   4.4636985320e-06   7.7099776509e-01   2.8071915462e-03   3.1233615910e-02   4.2639360030e-12   7.0228431467e-06   2.2415848718e-14   1.6567200000e-01
   8.0000000000e-01   8.0000000000e-01   4.7346760409e+02  -3.8972348621e+06   5.7738701800e-02   4.5259532723e-01   2.4593801081e+01   1.0170496445e-04   4.7677924988e-12   1.2879568465e-15   8.8975602862e-04   1.1071946253e-13   2.6117727313e-02   1.3873056274e-08   2.1573109843e-15   1.0488333487e-18   4.1244137439e-06   7.8796090064e-01   2.5992544946e-03   2.8920015028e-02   3.0257821174e-12   6.5032373716e-06   1.4190774674e-14   1.5340000000e-01
   8.1600000000e-01   8.1600000000e-01   4.5938435014e+02  -3.9571246232e+06   5.3119609676e-02   4.6291324396e-01   1.6221421254e+01   9.3568366166e-05   3.0705671781e-12   7.1084514083e-16   8.1857446469e-04   7.7856057153e-14   2.4028311012e-02   1.0490038451e-08   1.2794677503e-15   5.8904894998e-19   3.7882185676e-06   8.0492403370e-01   2.3913162801e-03   2.6606414018e-02   2.1056291241e-12   5.9834426437e-06   8.6282349198e-15   1.4112800000e-01
   8.3200000000e-01   8.3200000000e-01   4.4536075576e+02  -4.0170143844e+06   4.8500515948e-02   4.7387585417e-01   1.0343972670e+01   8.5431841673e-05   1.9071878487e-12   3.7565005794e-16   7.4739353940e-04   5.3679531929e-14   2.1938893970e-02   7.7778992567e-09   7.3575343498e-16   3.2179963209e-19   3.4542963916e-06   8.2188716494e-01   2.1833772159e-03   2.4292812921e-02   1.4346286516e-12   5.4634939924e-06   5.0265046168e-15   1.2885600000e-01
   8.4800000000e-01   8.4800000000e-01   4.3138730573e+02  -4.0769041457e+06   4.3881421057e-02   4.8555089942e-01   6.3661142558e+00   7.7295368818e-05   1.1398143146e-12   1.8929546336e-16   6.7621298907e-04   3.6112748639e-14   1.9849476388e-02   5.6487177469e-09   4.0869144545e-16   1.7030748730e-19   3.1220440266e-06   8.3885029484e-01   1.9754375347e-03   2.1979211766e-02   9.5491186571e-13   4.9434209661e-06   2.7972495333e-15   1.1658400000e-01
   8.6400000000e-01   8.6400000000e-01   4.1745541191e+02  -4.1367939070e+06   3.9262325331e-02   4.9801466299e-01   3.7725250429e+00   6.9158933030e-05   6.5337423698e-13   9.0493575007e-17   6.0503264165e-04   2.3563992756e-14   1.7760058416e-02   4.0124133418e-09   2.1821854087e-16   8.6821520273e-20   2.7910281631e-06   8.5581342374e-01   1.7674974093e-03   1.9665610572e-02   6.1911979640e-13   4.4232485012e-06   1.4811799566e-15   1.0431200000e-01
   8.8000000000e-01   8.8000000000e-01   4.0355751016e+02  -4.1966836684e+06   3.4643229013e-02   5.1135326338e-01   2.1453793885e+00   6.1022525315e-05   3.5765741860e-13   4.0780515383e-17   5.3385238844e-04   1.4800265320e-14   1.5670640166e-02   2.7819256208e-09   1.1124689524e-16   4.2285657931e-20   2.4609437239e-06   8.7277655187e-01   1.5595569680e-03   1.7352009354e-02   3.8943884553e-13   3.9029976433e-06   7.4236923900e-16   9.2040000000e-02
   8.9600000000e-01   8.9600000000e-01   3.8968717837e+02  -4.2565734299e+06   3.0024132285e-02   5.2566416572e-01   1.1649441845e+00   5.2886140368e-05   1.8581385485e-13   1.7187476047e-17   4.6267216348e-04   8.8578562346e-15   1.3581221719e-02   1.8770457461e-09   5.3621783610e-17   1.9435408496e-20   2.1315770520e-06   8.8973967941e-01   1.3516163058e-03   1.5038408120e-02   2.3635581765e-13   3.3826861381e-06   3.4969557322e-16   7.9768000000e-02
   9.1200000000e-01   9.1200000000e-01   3.7583927596e+02  -4.3164631915e+06   2.5405035282e-02   5.4105795220e-01   5.9915255447e-01   4.4749774989e-05   9.0819064528e-14   6.7068765647e-18   3.9149192887e-04   4.9800176520e-15   1.1491803137e-02   1.2268235722e-09   2.4078298746e-17   8.2718052916e-21   1.8027754380e-06   9.0670280646e-01   1.1436754927e-03   1.2724806878e-02   1.3732471939e-13   2.8623289056e-06   1.5330238057e-16   6.7496000000e-02
   9.2800000000e-01   9.2800000000e-01   3.6201010459e+02  -4.3763529532e+06   2.0785938101e-02   5.5766040113e-01   2.8780360175e-01   3.6613426857e-05   4.1215713262e-14   2.3900561001e-18   3.2031166464e-04   2.5736417953e-15   9.4023844639e-03   7.7070114773e-10   9.8384239571e-18   3.1618539263e-21   1.4744233976e-06   9.2366593310e-01   9.3573457991e-04   1.0411205631e-02   7.5482265037e-14   2.3419384088e-06   6.1657899488e-17   5.5224000000e-02
   9.4400000000e-01   9.4400000000e-01   3.4819758803e+02  -4.4362427150e+06   1.6166840812e-02   5.7561493669e-01   1.2563467157e-01   2.8477093675e-05   1.7002286579e-14   7.6145201039e-19   2.4913136192e-04   1.1786223041e-15   7.3129657336e-03   4.5863804135e-10   3.5153663212e-18   1.0293244113e-21   1.1464254283e-06   9.4062905942e-01   7.2779360429e-04   8.0976043808e-03   3.8490433771e-14   1.8215249304e-06   2.2243847966e-17   4.2952000000e-02
   9.6000000000e-01   9.6000000000e-01   3.3440146753e+02  -4.4961324768e+06   1.1547743463e-02   5.9508552636e-01   4.6883784710e-02   2.0340772662e-05   6.1281057810e-15   2.0838258250e-19   1.7795101860e-04   4.4515931215e-16   5.2235469690e-03   2.5052316693e-10   1.0205094815e-18   2.5691788374e-22   8.1869473366e-07   9.5759218548e-01   5.1985259181e-04   5.7840031297e-03   1.7538746922e-14   1.3010967696e-06   6.9084255010e-18   3.0680000000e-02
   9.7600000000e-01   9.7600000000e-01   3.2062350659e+02  -4.5560222387e+06   6.9286460849e-03   6.1626012475e-01   1.2602644738e-02   1.2204460386e-05   1.7546487921e-15   4.4235039685e-20   1.0677063662e-04   1.1565405958e-16   3.1341281863e-03   1.1512488834e-10   2.0553311023e-19   3.7757492408e-23   4.9114758624e-07   9.7455531136e-01   3.1191156010e-04   3.4704018781e-03   6.5098838256e-15   7.8066037075e-07   1.6766336143e-18   1.8408000000e-02
   9.9200000000e-01   9.9200000000e-01   3.0686769561e+02  -4.6159120008e+06   2.3095486956e-03   6.3935479082e-01   1.0463844917e-03   4.0681529830e-06   2.6159100735e-16   4.3240922913e-21   3.5590220668e-05   9.0099610540e-18   1.0447093960e-03   2.8646676231e-11   1.7422256621e-20   1.0069396217e-24   1.6370381389e-07   9.9151843713e-01   1.0397052043e-04   1.1568006262e-03   1.2959106122e-15   2.6022038350e-07   2.0784508800e-19   6.1360000000e-03
   1.0000000000e+00   1.0000000000e+00   3.0000000000e+02  -4.6458568819e+06   0.0000000000e+00   6.5169855213e-01   0.0000000000e+00   0.0000000000e+00   0.0000000000e+00   0.0000000000e+00   0.0000000000e+00   0.0000000000e+00   0.0000000000e+00   0.0000000000e+00   0.0000000000e+00   0.0000000000e+00   0.0000000000e+00   1.0000000000e+00   0.0000000000e+00   0.0000000000e+00   0.0000000000e+00   0.0000000000e+00   0.0000000000e+00   0.0000000000e+00