# L (m)  = 1
# P (Pa) = 101325
#             001_x           002_mixf              003_T              004_h             005_pv        006_density        007_hr             008_H2              009_H              010_O             011_O2             012_OH            013_H2O            014_HO2            015_CH2         016_CH2(S)            017_CH3            018_CH4             019_CO            020_CO2            021_HCO           022_CH2O          023_CH2OH             024_N2
                  0   0.0000000000e+00   3.0000000000e+02   1.9075768848e+03   0.0000000000e+00   1.1719839921e+00   0.0000000000e+00   0.0000000000e+00   0.0000000000e+00   0.0000000000e+00   2.3300000000e-01   0.0000000000e+00   0.0000000000e+00   0.0000000000e+00   0.0000000000e+00   0.0000000000e+00   0.0000000000e+00   0.0000000000e+00   0.0000000000e+00   0.0000000000e+00   0.0000000000e+00   0.0000000000e+00   0.0000000000e+00   7.6700000000e-01
   2.0000000000e-03   2.0000000000e-03   3.6055762587e+02  -3.2400223250e+04   8.9706890935e-03   9.7319157254e-01   8.6347341091e+03   7.3733974822e-06   2.9529303117e-12   1.9045558913e-08   2.2544723636e-01   1.3544014851e-08   4.1773431700e-03   2.9012049056e-06   7.9769355446e-13   4.9352535353e-14   1.2725431693e-06   1.0829715770e-04   6.9043570395e-04   4.0955368221e-03   1.2526426695e-12   3.5710493745e-06   2.4158111281e-16   7.6546600000e-01
   6.0000000000e-03   6.0000000000e-03   4.5009905474e+02  -1.0101582437e+05   2.3993483443e-02   7.7639182919e-01   2.7427619995e+04   3.1799340908e-05   7.1516348074e-12   2.6214279382e-09   2.1269644610e-01   9.2407533914e-09   1.1191986754e-02   7.4493631710e-06   3.0357014096e-12   2.1660117152e-13   8.9928942956e-06   8.7695041376e-04   2.1536138579e-03   1.0616083490e-02   5.6244945639e-12   1.8665907007e-05   3.1721746877e-15   7.6239800000e-01
   1.0000000000e-02   1.0000000000e-02   5.1815938981e+02  -1.6963141894e+05   3.7002659897e-02   6.7166432372e-01   6.0312597715e+04   5.9269555423e-05   1.8693068659e-11   4.1809588079e-10   2.0155427629e-01   1.6780947091e-08   1.7269804301e-02   1.0513586483e-05   1.0333788499e-11   7.7136471758e-13   1.8696387252e-05   2.0489075841e-03   3.5572313389e-03   1.6116354702e-02   2.2090324595e-11   3.4929007712e-05   2.0831779771e-14   7.5933000000e-01
   1.4000000000e-02   1.4000000000e-02   5.7086237824e+02  -2.3824696402e+05   4.8532304165e-02   6.0719840748e-01   1.0629359234e+05   8.7836667357e-05   5.8931882587e-11   9.3258167942e-11   1.9158928947e-01   2.8166194250e-08   2.2657176055e-02   1.2708348260e-05   2.5976692068e-11   1.9477980563e-12   2.9310607841e-05   3.5233613164e-03   4.8873123911e-03   2.0899979051e-02   6.1855955716e-11   5.0997679699e-05   8.1061310614e-14   7.5626200000e-01
   1.8000000000e-02   1.8000000000e-02   6.1179399460e+02  -3.0686193837e+05   5.8891951215e-02   5.6432020286e-01   1.6065387991e+05   1.1663282286e-04   1.3952910841e-10   6.5954267393e-11   1.8255264364e-01   3.8871969159e-08   2.7497718905e-02   1.4344795875e-05   4.8623998184e-11   3.5871613639e-12   4.0348934918e-05   5.2403039702e-03   6.1438380125e-03   2.5133761475e-02   1.2607881040e-10   6.6368190158e-05   2.0678353354e-13   7.5319400000e-01
   2.2000000000e-02   2.2000000000e-02   6.4333887074e+02  -3.7547180033e+05   6.8286410085e-02   5.3454298724e-01   2.1965346381e+05   1.4520163221e-04   2.6344470243e-10   1.0939666280e-10   1.7428020989e-01   4.7042187755e-08   3.1886751379e-02   1.5598795673e-05   7.5447214085e-11   5.4117334703e-12   5.1546216599e-05   7.1593564918e-03   7.3301417210e-03   2.8924315353e-02   2.1017041931e-10   8.0830810629e-05   4.0378992097e-13   7.5012600000e-01
   2.6000000000e-02   2.6000000000e-02   6.6721101560e+02  -4.4405796476e+05   7.6862518129e-02   5.1342070425e-01   2.8046876782e+05   1.7328287835e-04   4.2532126962e-10   1.8075542348e-10   1.6665459757e-01   5.2365696582e-08   3.5892749007e-02   1.6581255075e-05   1.0383768730e-10   7.1886300404e-12   6.2742277562e-05   9.2511999982e-03   8.4504054128e-03   3.2346080831e-02   3.0795451312e-10   9.4307383475e-05   6.6286740085e-13   7.4705800000e-01
   3.0000000000e-02   3.0000000000e-02   6.8472185476e+02  -5.1256906969e+05   8.4731252045e-02   4.9837749729e-01   3.4100737279e+05   2.0072240598e-04   6.1278070130e-10   2.6072954040e-10   1.5958725389e-01   5.5185282325e-08   3.9567538857e-02   1.7368960702e-05   1.3188450256e-10   8.7693879537e-12   7.3834056062e-05   1.1493446796e-02   9.5088775070e-03   3.5454113275e-02   4.1338622716e-10   1.0678764309e-04   9.6598088824e-13   7.4399000000e-01
   3.4000000000e-02   3.4000000000e-02   6.9694396448e+02  -5.8089160800e+05   9.1979668375e-02   4.8778882692e-01   3.9977672154e+05   2.2742816763e-04   8.0950986281e-10   3.3355849586e-10   1.5300882163e-01   5.6028114197e-08   4.2951821659e-02   1.8019522024e-05   1.5833196768e-10   1.0077968318e-11   8.4752305271e-05   1.3868381494e-02   1.0509605058e-02   3.8290813490e-02   5.2098652914e-10   1.1829881299e-04   1.2916898915e-12   7.4092200000e-01
   3.8000000000e-02   3.8000000000e-02   7.0483858827e+02  -6.4879690616e+05   9.8677979057e-02   4.8052650639e-01   4.5591711013e+05   2.5334650826e-04   1.0001464770e-09   3.8931141796e-10   1.4686343743e-01   5.5431839976e-08   4.6078451193e-02   1.8579170597e-05   1.8248502682e-10   1.1093297863e-11   9.5448868988e-05   1.6361608864e-02   1.1456347844e-02   4.0889833512e-02   6.2627225235e-10   1.2888896716e-04   1.6201051837e-12   7.3785400000e-01
   4.2000000000e-02   4.2000000000e-02   7.0939999916e+02  -7.1582980350e+05   1.0488403771e-01   4.7567740022e-01   5.0946213917e+05   2.7844842788e-04   1.1768980938e-09   4.2864010635e-10   1.4110512341e-01   5.3922847536e-08   4.8974517028e-02   1.9086907289e-05   2.0425968855e-10   1.1842423581e-11   1.0588928048e-04   1.8961189187e-02   1.2352562483e-02   4.3278509771e-02   7.2685781021e-10   1.3861703575e-04   1.9405375327e-12   7.3478600000e-01
   4.6000000000e-02   4.6000000000e-02   7.1188345923e+02  -7.8107043748e+05   1.1064633936e-01   4.7229138722e-01   5.6201149909e+05   3.0272121221e-04   1.3496426145e-09   4.6791159532e-10   1.3569537885e-01   5.2073780268e-08   5.1662738949e-02   1.9576453837e-05   2.2449596473e-10   1.2409770524e-11   1.1604842995e-04   2.1657055557e-02   1.3201414473e-02   4.5479464729e-02   8.2482250120e-10   1.4754638730e-04   2.2860447647e-12   7.3171800000e-01
   5.0000000000e-02   5.0000000000e-02   7.1426191462e+02  -8.4259320783e+05   1.1600610586e-01   4.6902330057e-01   6.1832880311e+05   3.2616314291e-04   1.5663623302e-09   5.4946120937e-10   1.3060150933e-01   5.0626312328e-08   5.4162437314e-02   2.0076475885e-05   2.4569274978e-10   1.2969502540e-11   1.2590826494e-04   2.4440605742e-02   1.4005800024e-02   4.7511705381e-02   9.3179921196e-10   1.5574039206e-04   2.9804434800e-12   7.2865000000e-01
   5.4000000000e-02   5.4000000000e-02   7.2059660793e+02  -8.9576256513e+05   1.2099878665e-01   4.6324388230e-01   6.8919190874e+05   3.4878009720e-04   1.9611107929e-09   7.6759304475e-10   1.2579542771e-01   5.0681344302e-08   5.6490231809e-02   2.0608771695e-05   2.7314534957e-10   1.3850283260e-11   1.3545720473e-04   2.7304405972e-02   1.4768370556e-02   4.9391404189e-02   1.0818897756e-09   1.6325890478e-04   6.7122439832e-12   7.2558200000e-01
   5.8000000000e-02   5.8000000000e-02   7.4116379126e+02  -9.2793979765e+05   1.2565516496e-01   4.4880119543e-01   7.8872616877e+05   3.7058343081e-04   2.8330515176e-09   1.3180879539e-09   1.2125277609e-01   5.3735846982e-08   5.8660556382e-02   2.1183208190e-05   3.1473760321e-10   1.5593044300e-11   1.4469188368e-04   3.0241970056e-02   1.5491556069e-02   5.1132469079e-02   1.3661859641e-09   1.7015419039e-04   2.9944730527e-11   7.2251400000e-01
   6.2000000000e-02   6.2000000000e-02   7.7846879900e+02  -9.3539913736e+05   1.3000219292e-01   4.2580318443e-01   9.2109437620e+05   3.9158911498e-04   4.4947088147e-09   2.4866943157e-09   1.1695227286e-01   6.0140890157e-08   6.0686047075e-02   2.1789255845e-05   3.7603151759e-10   1.8524398679e-11   1.5362378652e-04   3.3247589032e-02   1.6177586079e-02   5.2746970652e-02   1.8886631554e-09   1.7646264037e-04   1.0264486348e-10   7.1944600000e-01
   6.6000000000e-02   6.6000000000e-02   8.1748141996e+02  -9.3660180651e+05   1.3406363736e-01   4.0408164533e-01   1.0774277282e+06   4.1181713120e-04   6.9270996113e-09   4.4714484121e-09   1.1287519621e-01   6.8298624985e-08   6.2577843067e-02   2.2398888814e-05   4.5577457053e-10   2.2326459968e-11   1.6228263028e-04   3.6316198437e-02   1.6828509013e-02   5.4245468152e-02   2.6355509033e-09   1.8220347022e-04   1.9282471359e-10   7.1637800000e-01
   7.0000000000e-02   7.0000000000e-02   8.5395898385e+02  -9.3719289179e+05   1.3786059829e-01   3.8549724486e-01   1.2415357768e+06   4.3128960184e-04   1.0004284758e-08   7.3319856225e-09   1.0900494484e-01   7.7253826528e-08   6.4345831875e-02   2.2981980392e-05   5.5184954637e-10   2.6783374601e-11   1.7070463722e-04   3.9443278897e-02   1.7446212599e-02   5.5637264212e-02   3.5952995062e-09   1.8739240438e-04   1.9024350553e-10   7.1331000000e-01
   7.4000000000e-02   7.4000000000e-02   8.8759122374e+02  -9.3793853189e+05   1.4141191834e-01   3.6963269259e-01   1.4018543568e+06   4.5002952617e-04   1.3556307942e-08   1.0967694921e-08   1.0532670248e-01   8.6638366778e-08   6.5998842398e-02   2.3512615918e-05   6.6389994092e-10   3.1830284580e-11   1.7892416834e-04   4.2624779659e-02   1.8032441202e-02   5.6930605210e-02   4.7628788117e-09   1.9204602123e-04   1.0011067128e-10   7.1024200000e-01
   7.8000000000e-02   7.8000000000e-02   9.1856652721e+02  -9.3893412400e+05   1.4473451259e-01   3.5596813474e-01   1.5512904531e+06   4.6805999171e-04   1.7382663980e-08   1.5133150449e-08   1.0182717290e-01   9.6233249650e-08   6.7544799881e-02   2.3971095638e-05   7.9208923896e-10   3.7435666141e-11   1.8696886684e-04   4.5857056199e-02   1.8588810790e-02   5.8132841931e-02   6.1237310638e-09   1.9618261547e-04   2.6199419830e-11   7.0717400000e-01
   8.2000000000e-02   8.2000000000e-02   9.4713191841e+02  -9.4015717207e+05   1.4784363627e-01   3.4408236227e-01   1.6845403060e+06   4.8540363902e-04   2.1280503362e-08   1.9499425390e-08   9.8494366215e-02   1.0581528897e-07   6.8990851618e-02   2.4344444463e-05   9.3614586389e-10   4.3549486510e-11   1.9485694149e-04   4.9136818397e-02   1.9116821847e-02   5.9250559166e-02   7.6509294802e-09   1.9982249671e-04   1.0508654129e-11   7.0410600000e-01
   8.6000000000e-02   8.6000000000e-02   9.7351889558e+02  -9.4156751177e+05   1.5075310589e-01   3.3365064046e-01   1.7981070574e+06   5.0208233727e-04   2.5072205907e-08   2.3730784401e-08   9.5317423352e-02   1.1514605777e-07   7.0343470849e-02   2.4625873906e-05   1.0951127455e-09   5.0093148608e-11   2.0259641098e-04   5.2461086162e-02   1.9617870761e-02   6.0289681940e-02   9.3080183893e-09   2.0298788574e-04   2.7037860800e-11   7.0103800000e-01
   9.0000000000e-02   9.0000000000e-02   9.9793021136e+02  -9.4313049943e+05   1.5347548408e-01   3.2442291969e-01   1.8906851257e+06   5.1811703025e-04   2.8621244537e-08   2.7544302370e-08   9.2286470277e-02   1.2399381003e-07   7.1608543630e-02   2.4813708458e-05   1.2674537519e-09   5.6967508279e-11   2.1018594865e-04   5.5827150808e-02   2.0093259895e-02   6.1255563520e-02   1.1053359017e-08   2.0570259725e-04   4.6912410661e-11   6.9797000000e-01
   9.4000000000e-02   9.4000000000e-02   1.0205119386e+03  -9.4486895142e+05   1.5602223386e-01   3.1621352500e-01   1.9626131115e+06   5.3352770190e-04   3.1832142706e-08   3.0733057113e-08   8.9392496746e-02   1.3212624878e-07   7.2791441389e-02   2.4910242843e-05   1.4508660503e-09   6.4048082041e-11   2.1761678022e-04   5.9232541597e-02   2.0544206314e-02   6.2153058450e-02   1.2841773289e-08   2.0799166957e-04   6.0973386948e-11   6.9490200000e-01
   9.8000000000e-02   9.8000000000e-02   1.0410509490e+03  -9.4731673560e+05   1.5840384976e-01   3.0897581036e-01   2.0157602513e+06   5.4833342141e-04   3.4637351902e-08   3.3151125711e-08   8.6627253562e-02   1.3921267299e-07   7.3897082636e-02   2.4920729084e-05   1.6409761983e-09   7.1114091638e-11   2.2487513499e-04   6.2674996420e-02   2.0971849557e-02   6.2986584143e-02   1.4615163164e-08   2.0988099745e-04   7.0676474999e-11   6.9183400000e-01
   1.0200000000e-01   1.0200000000e-01   1.0587455175e+03  -9.5189669477e+05   1.6062996943e-01   3.0284022199e-01   2.0540349300e+06   5.6255240441e-04   3.6995373802e-08   3.4710111860e-08   8.3983165106e-02   1.4477889003e-07   7.4929985575e-02   2.4852502085e-05   1.8302365846e-09   7.7774317412e-11   2.3194482066e-04   6.6152436260e-02   2.1377258557e-02   6.3760172896e-02   1.6298185501e-08   2.1139711073e-04   7.8609164807e-11   6.8876600000e-01
   1.0600000000e-01   1.0600000000e-01   1.0732898228e+03  -9.5932858611e+05   1.6270947010e-01   2.9778801181e-01   2.0808105957e+06   5.7620205933e-04   3.8917156568e-08   3.5440441736e-08   8.1453253372e-02   1.4856270421e-07   7.5894313576e-02   2.4714101905e-05   2.0118713954e-09   8.3708264837e-11   2.3880956621e-04   6.9662942804e-02   2.1761437965e-02   6.4477516496e-02   1.7841377978e-08   2.1256711659e-04   8.5920819127e-11   6.8569800000e-01
   1.1000000000e-01   1.1000000000e-01   1.0850763831e+03  -9.6926282238e+05   1.6465055063e-01   2.9362503093e-01   2.0981091825e+06   5.8929909157e-04   4.0457490947e-08   3.5480045902e-08   7.9031073867e-02   1.5065991148e-07   7.6793913632e-02   2.4514475917e-05   2.1827565635e-09   8.8818268223e-11   2.4545504221e-04   7.3204739498e-02   2.2125333593e-02   6.5142004315e-02   1.9235389041e-08   2.1341828852e-04   9.2839869719e-11   6.8263000000e-01
   1.1400000000e-01   1.1400000000e-01   1.0946394057e+03  -9.8108653614e+05   1.6646080122e-01   2.9014911692e-01   2.1075143304e+06   6.0185962614e-04   4.1683016566e-08   3.4999444782e-08   7.6710661738e-02   1.5133827558e-07   7.7632348687e-02   2.4262401173e-05   2.3422720020e-09   9.3137530473e-11   2.5187002453e-04   7.6776176144e-02   2.2469837008e-02   6.5756755898e-02   2.0489710984e-08   2.1397742757e-04   9.9315441778e-11   6.7956200000e-01
   1.1800000000e-01   1.1800000000e-01   1.1024269328e+03  -9.9427502270e+05   1.6814726289e-01   2.8720430862e-01   2.1103880942e+06   6.1389928839e-04   4.2653286261e-08   3.4152056168e-08   7.4486485569e-02   1.5088414903e-07   7.8412925121e-02   2.3966121991e-05   2.4907705376e-09   9.6740256090e-11   2.5804662073e-04   8.0375716459e-02   2.2795789525e-02   6.6324648953e-02   2.1617954178e-08   2.1427034145e-04   1.0527871329e-10   6.7649400000e-01
   1.2200000000e-01   1.2200000000e-01   1.1087763106e+03  -1.0084417612e+06   1.6971647952e-01   2.8467837304e-01   2.1078569617e+06   6.2543324787e-04   4.3415566247e-08   3.3058490283e-08   7.2353406733e-02   1.4954369044e-07   7.9138716724e-02   2.3633159975e-05   2.6287974990e-09   9.9702367028e-11   2.6397997898e-04   8.4001927604e-02   2.3103985833e-02   6.6848343715e-02   2.2632635284e-08   2.1432151527e-04   1.1069783424e-10   6.7342600000e-01
   1.2600000000e-01   1.2600000000e-01   1.1139374235e+03  -1.0233124915e+06   1.7117454353e-01   2.8249074094e-01   2.1008280594e+06   6.3647624159e-04   4.4005828568e-08   3.1807918589e-08   7.0306643486e-02   1.4751339778e-07   7.9812585777e-02   2.3270242680e-05   2.7568245470e-09   1.0209017870e-10   2.6966782384e-04   8.7653471131e-02   2.3395177292e-02   6.7330304224e-02   2.3544150648e-08   2.1415393563e-04   1.1557102336e-10   6.7035800000e-01
   1.3000000000e-01   1.3000000000e-01   1.1180976622e+03  -1.0386931892e+06   1.7252713633e-01   2.8058249413e-01   2.0900327150e+06   6.4704258856e-04   4.4451343439e-08   3.0464555798e-08   6.8341739060e-02   1.4494693356e-07   8.0437201771e-02   2.2883304573e-05   2.8752023104e-09   1.0395950254e-10   2.7510998618e-04   9.1329094975e-02   2.3670074968e-02   6.7772817005e-02   2.4361025217e-08   2.1378901933e-04   1.1991257073e-10   6.6729000000e-01
   1.3400000000e-01   1.3400000000e-01   1.1214005019e+03  -1.0544455389e+06   1.7377956420e-01   2.7890951047e-01   2.0760704286e+06   6.5714620082e-04   4.4773106694e-08   2.9074204587e-08   6.6454533255e-02   1.4196466402e-07   8.1015058058e-02   2.2477527768e-05   2.9841827030e-09   1.0535757871e-10   2.8030798684e-04   9.5027626309e-02   2.3929352402e-02   6.8178007536e-02   2.5090388285e-08   2.1324660910e-04   1.2374383874e-10   6.6422200000e-01
   1.3800000000e-01   1.3800000000e-01   1.1239582466e+03  -1.0704699703e+06   1.7493679031e-01   2.7743795947e-01   2.0594429594e+06   6.6680059331e-04   4.4987674670e-08   2.7669439809e-08   6.4641137083e-02   1.3866184377e-07   8.1548486746e-02   2.2057402170e-05   3.0839538259e-09   1.0632524441e-10   2.8526468612e-04   9.8747965132e-02   2.4173648158e-02   6.8547854813e-02   2.5738380952e-08   2.1254501128e-04   1.2708891861e-10   6.6115400000e-01
   1.4200000000e-01   1.4200000000e-01   1.1258606599e+03  -1.0866941728e+06   1.7600346317e-01   2.7614133404e-01   2.0405781247e+06   6.7601889240e-04   4.5108443328e-08   2.6273376148e-08   6.2897910234e-02   1.3511479969e-07   8.2039671940e-02   2.1626793013e-05   3.1746699405e-09   1.0689866172e-10   2.8998399415e-04   1.0248907854e-01   2.4403568124e-02   6.8884204210e-02   2.6310447559e-08   2.1170105828e-04   1.2997287238e-10   6.5808600000e-01
   1.4600000000e-01   1.4600000000e-01   1.1271808745e+03  -1.1030652715e+06   1.7698394242e-01   2.7499845777e-01   2.0198458384e+06   6.8481384629e-04   4.5146514570e-08   2.4902325315e-08   6.1221440565e-02   1.3138542606e-07   8.2490661816e-02   2.1189009117e-05   3.2564733892e-09   1.0711055488e-10   2.9447063444e-04   1.0624999544e-01   2.4619687688e-02   6.9188779071e-02   2.6811530402e-08   2.1073018614e-04   1.3242107676e-10   6.5501800000e-01
   1.5000000000e-01   1.5000000000e-01   1.1279795117e+03  -1.1195444173e+06   1.7788232171e-01   2.7399211735e-01   1.9975689495e+06   6.9319783323e-04   4.5111280253e-08   2.3567661574e-08   5.9608525986e-02   1.2752443352e-07   8.2903379292e-02   2.0746868135e-05   3.3295095042e-09   1.0699106000e-10   2.9872994949e-04   1.1002980195e-01   2.4822553667e-02   6.9463190916e-02   2.7246195073e-08   2.0964651875e-04   1.3445896100e-10   6.5195000000e-01
   1.5400000000e-01   1.5400000000e-01   1.1283076151e+03  -1.1361029768e+06   1.7870244950e-01   2.7310810124e-01   1.9740307765e+06   7.0118287123e-04   4.5010820721e-08   2.2277141794e-08   5.8056157911e-02   1.2357372202e-07   8.3279631802e-02   2.0302757066e-05   3.3939362553e-09   1.0656829921e-10   3.0276774258e-04   1.1382763702e-01   2.5012686139e-02   6.9708948688e-02   2.7618710312e-08   2.0846295530e-04   1.3611190639e-10   6.4888200000e-01
   1.5800000000e-01   1.5800000000e-01   1.1282087807e+03  -1.1527198031e+06   1.7944794783e-01   2.7233450946e-01   1.9494805857e+06   7.0878062725e-04   4.4852182052e-08   2.1035852041e-08   5.6561506384e-02   1.1956814504e-07   8.3621120080e-02   1.9858687245e-05   3.4499297370e-09   1.0586875618e-10   3.0659014817e-04   1.1764268861e-01   2.5190580099e-02   6.9927467023e-02   2.7933099109e-08   2.0719125738e-04   1.3740509334e-10   6.4581400000e-01
   1.6200000000e-01   1.6200000000e-01   1.1277207320e+03  -1.1693792464e+06   1.8012222904e-01   2.7166124802e-01   1.9241377292e+06   7.1600242517e-04   4.4641573261e-08   1.9846895661e-08   5.5121906781e-02   1.1553683213e-07   8.3929446030e-02   1.9416343667e-05   3.4976874450e-09   1.0491752594e-10   3.1020352545e-04   1.2147419021e-01   2.5356706971e-02   7.0120073619e-02   2.8193169604e-08   2.0584213355e-04   1.3836344980e-10   6.4274600000e-01
   1.6600000000e-01   1.6600000000e-01   1.1268765088e+03  -1.1860696818e+06   1.8072851145e-01   2.7107965082e-01   1.8981950080e+06   7.2285925616e-04   4.4384511634e-08   1.8711900623e-08   5.3734847399e-02   1.1150421831e-07   8.4206120074e-02   1.8977128819e-05   3.5374294785e-09   1.0373848625e-10   3.1361437268e-04   1.2532141754e-01   2.5511516060e-02   7.0288016061e-02   2.8402536851e-08   2.0442532120e-04   1.3901148558e-10   6.3967800000e-01
   1.7000000000e-01   1.7000000000e-01   1.1257053751e+03  -1.2027824040e+06   1.8126983310e-01   2.7058219296e-01   1.8718214349e+06   7.2936178651e-04   4.4085932264e-08   1.7631398455e-08   5.2397958513e-02   1.0749083900e-07   8.4452567649e-02   1.8542201373e-05   3.5693985257e-09   1.0235440117e-10   3.1682925631e-04   1.2918368568e-01   2.5655435840e-02   7.0432467824e-02   2.8564636118e-08   2.0294966372e-04   1.3937317652e-10   6.3661000000e-01
   1.7400000000e-01   1.7400000000e-01   1.1242335226e+03  -1.2195107909e+06   1.8174906458e-01   2.7016226979e-01   1.8451646743e+06   7.3552036668e-04   4.3750274970e-08   1.6605111517e-08   5.1109002231e-02   1.0351396487e-07   8.4670135224e-02   1.8112510162e-05   3.5938591095e-09   1.0078699187e-10   3.1985475406e-04   1.3306034636e-01   2.5788875175e-02   7.0554533814e-02   2.8682733110e-08   2.0142318337e-04   1.3947186095e-10   6.3354200000e-01
   1.7800000000e-01   1.7800000000e-01   1.1224846169e+03  -1.2362496746e+06   1.8216892063e-01   2.6981402592e-01   1.8183533346e+06   7.4134503990e-04   4.3381558332e-08   1.5632176092e-08   4.9865863281e-02   9.9588115615e-08   8.4860095776e-02   1.7688823893e-05   3.6110965399e-09   9.9056982889e-11   3.2269740878e-04   1.3695078550e-01   2.5912224443e-02   7.0655255367e-02   2.8759933029e-08   1.9985314952e-04   1.3933015804e-10   6.3047400000e-01
   1.8200000000e-01   1.8200000000e-01   1.1204802173e+03  -1.2529948814e+06   1.8253197074e-01   2.6953222310e-01   1.7914994407e+06   7.4684555051e-04   4.2983452673e-08   1.4711327530e-08   4.8666540604e-02   9.5725497836e-08   8.5023653798e-02   1.7271757038e-05   3.6214167104e-09   9.7184144822e-11   3.2536369110e-04   1.4085442099e-01   2.6025856579e-02   7.0735614812e-02   2.8799192561e-08   1.9824614208e-04   1.3896995531e-10   6.2740600000e-01
   1.8600000000e-01   1.8600000000e-01   1.1182400929e+03  -1.2697429127e+06   1.8284064888e-01   2.6931213939e-01   1.7647018776e+06   7.5203135210e-04   4.2559372132e-08   1.3841086437e-08   4.7509139660e-02   9.1936452300e-08   8.5161949870e-02   1.6861792308e-05   3.6251499495e-09   9.5187385001e-11   3.2785996925e-04   1.4477070059e-01   2.6130128047e-02   7.0796539613e-02   2.8803344137e-08   1.9660811037e-04   1.3841260180e-10   6.2433800000e-01
   1.9000000000e-01   1.9000000000e-01   1.1157824557e+03  -1.2864907455e+06   1.8309726242e-01   2.6914949343e-01   1.7380532505e+06   7.5691161560e-04   4.2112627590e-08   1.3020036587e-08   4.6391865352e-02   8.8230198733e-08   8.5276064887e-02   1.6459300041e-05   3.6226680277e-09   9.3085070954e-11   3.3019248380e-04   1.4869910002e-01   2.6225379741e-02   7.0838906179e-02   2.8775156243e-08   1.9494442750e-04   1.3767971506e-10   6.2127000000e-01
   1.9400000000e-01   1.9400000000e-01   1.1131241258e+03  -1.3032357268e+06   1.8330400034e-01   2.6904038848e-01   1.7116589795e+06   7.6149523679e-04   4.1646731663e-08   1.2247457989e-08   4.5313015527e-02   8.4617125780e-08   8.5367023926e-02   1.6064554720e-05   3.6144358019e-09   9.0896326666e-11   3.3236732381e-04   1.5263912125e-01   2.6311937835e-02   7.0863543339e-02   2.8717485656e-08   1.9325994048e-04   1.3679569922e-10   6.1820200000e-01
   1.9800000000e-01   1.9800000000e-01   1.1102806498e+03  -1.3199755361e+06   1.8346294074e-01   2.6898127097e-01   1.6857044622e+06   7.6579084321e-04   4.1166049557e-08   1.1525139974e-08   4.4270975001e-02   8.1118519308e-08   8.5435799802e-02   1.5677748595e-05   3.6011211632e-09   8.8646520322e-11   3.3439039472e-04   1.5659029083e-01   2.6390114561e-02   7.0871235534e-02   2.8633632030e-08   1.9155901598e-04   1.3579376727e-10   6.1513400000e-01
   2.0800000000e-01   2.0800000000e-01   1.1028270961e+03  -1.3618070137e+06   1.8374573331e-01   2.6893790055e-01   1.6216623866e+06   7.7583073309e-04   3.9943842177e-08   9.8698405077e-09   4.1754062711e-02   7.2853743373e-08   8.5554591029e-02   1.4730882072e-05   3.5573011346e-09   8.3015789541e-11   3.3908276848e-04   1.6649496009e-01   2.6565350519e-02   7.0849961024e-02   2.8369675393e-08   1.8727542931e-04   1.3310778114e-10   6.0746400000e-01
   2.2400000000e-01   2.2400000000e-01   1.0885190769e+03  -1.4285880652e+06   1.8353736385e-01   2.6952968329e-01   1.5240668496e+06   7.8773335823e-04   3.7754530353e-08   7.7077639958e-09   3.8235246136e-02   6.0767566905e-08   8.5438345970e-02   1.3347010482e-05   3.4091125205e-09   7.3226652060e-11   3.4447236274e-04   1.8249707551e-01   2.6727449454e-02   7.0583835073e-02   2.7590607393e-08   1.8035769269e-04   1.2700012228e-10   5.9519200000e-01
   2.4000000000e-01   2.4000000000e-01   1.0725755693e+03  -1.4952019631e+06   1.8276703048e-01   2.7063091971e-01   1.4332771870e+06   7.9593576658e-04   3.5470642704e-08   6.0164665097e-09   3.5148033280e-02   5.0331547277e-08   8.5061975068e-02   1.2089325684e-05   3.2096541748e-09   6.3571223654e-11   3.4805687901e-04   1.9863114705e-01   2.6786819210e-02   7.0122300437e-02   2.6575956163e-08   1.7352119696e-04   1.2011334569e-10   5.8292000000e-01
   2.5600000000e-01   2.5600000000e-01   1.0554384637e+03  -1.5616877750e+06   1.8151664541e-01   2.7215043905e-01   1.3493639179e+06   8.0084612090e-04   3.3155634289e-08   4.6975035316e-09   3.2429036795e-02   4.1454903571e-08   8.4463685191e-02   1.0948734921e-05   2.9766994580e-09   5.4450690346e-11   3.5010642058e-04   2.1487829908e-01   2.6756695103e-02   6.9495418994e-02   2.5398639953e-08   1.6685571309e-04   1.1294234231e-10   5.7064800000e-01
   2.7200000000e-01   2.7200000000e-01   1.0374397217e+03  -1.6280940471e+06   1.7985458751e-01   2.7402166743e-01   1.2717097702e+06   8.0282595548e-04   3.0849968722e-08   3.6684268993e-09   3.0025422934e-02   3.3985289413e-08   8.3675325240e-02   9.9146828045e-06   2.7247285602e-09   4.6098165524e-11   3.5085123319e-04   2.3122271473e-01   2.6648403824e-02   6.8728032489e-02   2.4110836160e-08   1.6041342046e-04   1.0579006049e-10   5.5837600000e-01
   2.8800000000e-01   2.8800000000e-01   1.0188375368e+03  -1.6944569812e+06   1.7783832015e-01   2.7619360787e-01   1.1994013977e+06   8.0219574734e-04   2.8580435749e-08   2.8644300675e-09   2.7892855299e-02   2.7753172579e-08   8.2723622885e-02   8.9765551398e-06   2.4653982623e-09   3.8629848636e-11   3.5048653350e-04   2.4765105568e-01   2.6471685395e-02   6.7840816120e-02   2.2750561863e-08   1.5422123493e-04   9.8828700623e-11   5.4610400000e-01
   3.0400000000e-01   3.0400000000e-01   9.9983551032e+02  -1.7607982367e+06   1.7551641680e-01   2.7862624806e-01   1.1314150582e+06   7.9923982847e-04   2.6364631533e-08   2.2352308553e-09   2.5993906737e-02   2.2589753760e-08   8.1631140616e-02   8.1243578777e-06   2.2077449968e-09   3.2079043271e-11   3.4917715873e-04   2.6415201079e-01   2.6234951259e-02   6.6851085100e-02   2.1345716018e-08   1.4828928605e-04   9.2136757733e-11   5.3383200000e-01
   3.2000000000e-01   3.2000000000e-01   9.8058578184e+02  -1.8271292583e+06   1.7293014862e-01   2.8129042715e-01   1.0667497550e+06   7.9421069853e-04   2.4213704052e-08   1.7419536082e-09   2.4296816864e-02   1.8335646508e-08   8.0417024216e-02   7.3490085186e-06   1.9583968480e-09   2.6421366488e-11   3.4706171611e-04   2.8071594077e-01   2.5945493212e-02   6.5773420494e-02   1.9916769463e-08   1.4261673888e-04   8.5728365710e-11   5.2156000000e-01
   3.3600000000e-01   3.3600000000e-01   9.6120748273e+02  -1.8934556486e+06   1.7011474309e-01   2.8416353960e-01   1.0044787440e+06   7.8733280569e-04   2.2134745777e-08   1.3546546509e-09   2.2774508610e-02   1.4847122107e-08   7.9097595458e-02   6.6424261067e-06   1.7220344414e-09   2.1598316196e-11   3.4425619504e-04   2.9733459526e-01   2.5609654121e-02   6.4620160705e-02   1.8479503551e-08   1.3719578450e-04   7.9579829851e-11   5.0928800000e-01
   3.5200000000e-01   3.5200000000e-01   9.4180147690e+02  -1.9597800071e+06   1.6710039104e-01   2.8722579350e-01   9.4378394591e+05   7.7880584700e-04   2.0132732930e-08   1.0502945332e-09   2.1403802646e-02   1.1998236671e-08   7.7686825701e-02   5.9975194646e-06   1.5018007159e-09   1.7533447632e-11   3.4085704487e-04   3.1400088556e-01   2.5232968286e-02   6.3401791205e-02   1.7047088375e-08   1.3201436836e-04   7.3649945442e-11   4.9701600000e-01
   3.6800000000e-01   3.6800000000e-01   9.2244663260e+02  -2.0261034956e+06   1.6391305924e-01   2.9046168312e-01   8.8400479393e+05   7.6880764648e-04   1.8211481513e-08   8.1106878947e-10   2.0164784365e-02   9.6798715082e-09   7.6196717597e-02   5.4081233588e-06   1.2995419379e-09   1.4141417534e-11   3.3694379583e-04   3.3070870072e-01   2.4820277577e-02   6.2127256417e-02   1.5630993470e-08   1.2705804728e-04   6.7893679781e-11   4.8474400000e-01
   3.8400000000e-01   3.8400000000e-01   9.0320398794e+02  -2.0924266181e+06   1.6057515288e-01   2.9385926960e-01   8.2465496487e+05   7.5749668005e-04   1.6374423536e-08   6.2317056004e-10   1.9040288539e-02   7.7988394712e-09   7.4637615887e-02   4.8689107021e-06   1.1160932102e-09   1.1335548129e-11   3.3258133287e-04   3.4745275687e-01   2.4375828450e-02   6.0804211864e-02   1.4241775369e-08   1.2231124108e-04   6.2272754192e-11   4.7247200000e-01
   4.0000000000e-01   4.0000000000e-01   8.8412013311e+02  -2.1587495882e+06   1.5710605848e-01   2.9740962048e-01   7.6543193257e+05   7.4501428278e-04   1.4625125266e-08   4.7584762810e-10   1.8015477559e-02   6.2764781667e-09   7.3018461782e-02   4.3752962224e-06   9.5152801571e-10   9.0327140715e-12   3.2782189418e-04   3.6422847342e-01   2.3903353193e-02   5.9439229222e-02   1.2889527691e-08   1.1775806654e-04   5.6762578746e-11   4.6020000000e-01
   4.1600000000e-01   4.1600000000e-01   8.6522994794e+02  -2.2250724950e+06   1.5352259223e-01   3.0110637498e-01   7.0621996089e+05   7.3148658647e-04   1.2967565802e-08   3.6068384964e-10   1.7077493542e-02   5.0470044001e-09   7.1347002810e-02   3.9233388919e-06   8.0536519981e-10   7.1562220055e-12   3.2270685867e-04   3.8103187032e-01   2.3406138442e-02   5.8037964394e-02   1.1584030943e-08   1.1338288154e-04   5.1355904038e-11   4.4792800000e-01
   4.3200000000e-01   4.3200000000e-01   8.4655881714e+02  -2.2913953751e+06   1.4983937278e-01   3.0494540772e-01   6.4708617711e+05   7.1702622562e-04   1.1406194349e-08   2.7105277852e-10   1.6215169462e-02   4.0558235457e-09   6.9629967064e-02   3.5096469525e-06   6.7673591353e-10   5.6372641383e-12   3.1726837283e-04   3.9785948231e-01   2.2887083282e-02   5.6605296213e-02   1.0334663277e-08   1.0917062846e-04   4.6063628573e-11   4.3565600000e-01
   4.4800000000e-01   4.4800000000e-01   8.2812442505e+02  -2.3577182436e+06   1.4606913265e-01   3.0892457027e-01   5.8826854336e+05   7.0173384098e-04   9.9457844176e-09   2.0170331473e-10   1.5418788073e-02   3.2579103207e-09   6.7873208621e-02   3.1312878327e-06   5.6451528382e-10   4.4154025785e-12   3.1153085321e-04   4.1470828693e-01   2.2348748688e-02   5.5145441504e-02   9.1501419738e-09   1.0510703980e-04   4.0913202092e-11   4.2338400000e-01
   4.6400000000e-01   4.6400000000e-01   8.0993821374e+02  -2.4240411069e+06   1.4222297983e-01   3.1304349413e-01   5.3015444087e+05   6.8569940786e-04   8.5911126737e-09   1.4844656618e-10   1.4679879657e-02   2.6163247035e-09   6.6081829556e-02   2.7857044324e-06   4.6742421417e-10   3.4384280702e-12   3.0551238851e-04   4.3157564377e-01   2.1793399793e-02   5.3662051068e-02   8.0381713512e-09   1.0117874927e-04   3.5945099116e-11   4.1111200000e-01
   4.8000000000e-01   4.8000000000e-01   7.9200657132e+02  -2.4903639677e+06   1.3831061878e-01   3.1730344284e-01   4.7324925083e+05   6.6900341447e-04   7.3465068392e-09   1.0792025091e-10   1.3991051300e-02   2.1008921915e-09   6.4260282921e-02   2.4706388589e-06   3.8410659364e-10   2.6618424914e-12   2.9922605378e-04   4.4845924291e-01   2.1223042214e-02   5.2158290226e-02   7.0050732107e-09   9.7373338293e-05   3.1207909019e-11   3.9884000000e-01
   4.9600000000e-01   4.9600000000e-01   7.7433180218e+02  -2.5566868273e+06   1.3434053788e-01   3.2170720456e-01   4.1813567914e+05   6.5171790683e-04   6.2153262542e-09   7.7412291478e-11   1.3345842295e-02   1.6870559015e-09   6.2412459966e-02   2.1840647778e-06   3.1318673366e-10   2.0481399292e-12   2.9268113543e-04   4.6535706090e-01   2.0639453359e-02   5.0636906652e-02   6.0554685258e-09   9.3679339699e-05   2.6752677996e-11   3.8656800000e-01
   5.1200000000e-01   5.1200000000e-01   7.5691292008e+02  -2.6230096862e+06   1.3032016889e-01   3.2625901903e-01   3.6542631235e+05   6.3390741467e-04   5.1994532887e-09   5.4729107795e-11   1.2738601220e-02   1.3548947708e-09   6.0541764291e-02   1.9241293414e-06   2.5331121799e-10   1.5660044888e-12   2.8588425707e-04   4.8226732321e-01   2.0044209462e-02   4.9100287726e-02   5.1920636453e-09   9.0086213624e-05   2.2627203803e-11   3.7429600000e-01
   5.2800000000e-01   5.2800000000e-01   7.3974629867e+02  -2.6893325449e+06   1.2625602356e-01   3.3096453354e-01   3.1571350796e+05   6.1562977653e-04   4.2988763080e-09   3.8096976367e-11   1.2164380705e-02   1.0882945114e-09   5.8651175310e-02   1.6891051157e-06   2.0317860903e-10   1.1895011248e-12   2.7884039188e-04   4.9918847187e-01   1.9438709129e-02   4.7550509346e-02   4.4155721066e-09   8.6584305088e-05   1.8870976382e-11   3.6202400000e-01
   5.4400000000e-01   5.4400000000e-01   7.2282620385e+02  -2.7556554033e+06   1.2215381067e-01   3.3583078576e-01   2.6952185004e+05   5.9693686841e-04   3.5114338534e-09   2.6087213228e-11   1.1618847389e-02   8.7425453582e-10   5.6743302551e-02   1.4773526086e-06   1.6155987771e-10   8.9730584771e-13   2.7155374033e-04   5.1611913774e-01   1.8824193778e-02   4.5989377473e-02   3.7247795066e-09   8.3164791736e-05   1.5511356600e-11   3.4975200000e-01
   5.6000000000e-01   5.6000000000e-01   7.0614523030e+02  -2.8219782618e+06   1.1801853680e-01   3.4086621100e-01   2.2726844197e+05   5.7787524863e-04   2.8327626400e-09   1.7557892858e-11   1.1098204444e-02   7.0231271772e-10   5.4820432382e-02   1.2872930910e-06   1.2731175915e-10   6.7200087934e-13   2.6402845771e-04   5.3305811657e-01   1.8201765493e-02   4.4418463675e-02   3.1167363278e-09   7.9819626264e-05   1.2561379253e-11   3.3748000000e-01
   5.7600000000e-01   5.7600000000e-01   6.8969465977e+02  -2.8883011201e+06   1.1385459347e-01   3.4608067258e-01   1.8923530632e+05   5.5848672822e-04   2.2564568419e-09   1.1606687545e-11   1.0599124616e-02   5.6407038911e-10   5.2884568371e-02   1.1173909795e-06   9.9384741239e-11   4.9944637593e-13   2.5626922124e-04   5.5000434830e-01   1.7572402690e-02   4.2839135682e-02   2.5870472567e-09   7.6541476817e-05   1.0019299057e-11   3.2520800000e-01
   5.9200000000e-01   5.9200000000e-01   6.7346475477e+02  -2.9546239785e+06   1.0966583255e-01   3.5148551523e-01   1.5555631498e+05   5.3880887212e-04   1.7744110340e-09   7.5311093172e-12   1.0118692327e-02   4.5280148127e-10   5.0937466186e-02   9.6614477572e-07   7.6827000076e-11   3.6823135784e-13   2.4828163299e-04   5.6695689923e-01   1.6936973843e-02   4.1252583650e-02   2.1302173128e-09   7.3323668269e-05   7.8697276970e-12   3.1293600000e-01
   6.0800000000e-01   6.0800000000e-01   6.5744499931e+02  -3.0209468370e+06   1.0545563173e-01   3.5709364187e-01   1.2621877213e+05   5.1887543960e-04   1.3772913345e-09   4.7938683236e-12   9.6543534302e-03   3.6313162735e-10   4.8980663881e-02   8.3208500486e-07   5.8785237910e-11   2.6920099501e-13   2.4007246563e-04   5.8391494661e-01   1.6296249572e-02   3.9659842841e-02   1.7400143317e-09   7.0160125792e-05   6.0859897983e-12   3.0066400000e-01
   6.2400000000e-01   6.2400000000e-01   6.4162429688e+02  -3.0872696954e+06   1.0122695162e-01   3.6291961439e-01   1.0107765329e+05   4.9871677166e-04   1.0550654874e-09   2.9921839778e-12   9.2038714256e-03   2.9077517298e-10   4.7015508268e-02   7.1377735726e-07   4.4503128916e-11   1.9505432126e-13   2.3164976780e-04   6.0087776528e-01   1.5650913318e-02   3.8061813258e-02   1.4098131098e-09   6.7045321534e-05   4.6332035409e-12   2.8839200000e-01
   6.4000000000e-01   6.4000000000e-01   6.2599113305e+02  -3.1535925539e+06   9.6982385466e-02   3.6897978039e-01   7.9879044555e+04   4.7836013075e-04   7.9752419797e-10   1.8306326454e-12   8.7652893200e-03   2.3232009177e-10   4.5043177896e-02   6.0982935630e-07   3.3317921472e-11   1.4000498945e-13   2.2302285007e-04   6.1784471611e-01   1.5001570765e-02   3.6459276674e-02   1.1328964333e-09   6.3974225286e-05   3.4715810201e-12   2.7612000000e-01
   6.5600000000e-01   6.5600000000e-01   6.1053370959e+02  -3.2199154124e+06   9.2724202741e-02   3.7529242790e-01   6.2288654322e+04   4.5782999965e-04   5.9473883153e-10   1.0974899416e-12   8.3368962818e-03   1.8505253992e-10   4.3064703132e-02   5.1889885378e-07   2.4655604453e-11   9.9497254633e-14   2.1420217807e-04   6.3481523593e-01   1.4348758187e-02   3.4852911423e-02   9.0269870919e-10   6.0942259263e-05   2.5595190980e-12   2.6384800000e-01
   6.7200000000e-01   6.7200000000e-01   5.9524005604e+02  -3.2862382710e+06   8.8454387269e-02   3.8187797104e-01   4.7921440998e+04   4.3714834583e-04   4.3742048835e-10   6.4462657582e-13   7.9171984113e-03   1.4681426186e-10   4.1080983763e-02   4.3970290072e-07   1.8024973526e-11   6.9969596905e-14   2.0519920064e-04   6.5178882884e-01   1.3692949861e-02   3.3243305299e-02   7.1298767790e-10   5.7945256887e-05   1.8561837745e-12   2.5157600000e-01
   6.8800000000e-01   6.8800000000e-01   5.8009812307e+02  -3.3525611296e+06   8.4174670741e-02   3.8875917034e-01   3.6369180730e+04   4.1633485555e-04   3.1716656068e-10   3.7093855173e-13   7.5048931076e-03   1.1588724665e-10   3.9092804427e-02   3.7102595904e-07   1.3010899963e-11   4.8658986887e-14   1.9602613768e-04   6.6876505856e-01   1.3034564653e-02   3.1630966806e-02   5.5798728544e-10   5.4979425620e-05   1.3234385294e-12   2.3930400000e-01
   7.0400000000e-01   7.0400000000e-01   5.6509586244e+02  -3.4188839883e+06   7.9886562235e-02   3.9596139218e-01   2.7223828696e+04   3.9540714328e-04   2.2659815543e-10   2.0913552991e-13   7.0988465002e-03   9.0900944796e-11   3.7100848199e-02   3.1172663063e-07   9.2670643887e-12   3.3439556188e-14   1.8669575081e-04   6.8574354171e-01   1.2373971890e-02   3.0016335003e-02   4.3244928670e-10   5.2041313367e-05   9.2709342980e-13   2.2703200000e-01
   7.2000000000e-01   7.2000000000e-01   5.5022129664e+02  -3.4852068470e+06   7.5591374197e-02   4.0351291306e-01   2.0095624188e+04   3.7438093913e-04   1.5940404044e-10   1.1556137323e-13   6.6980735937e-03   7.0758119019e-11   3.5105708544e-02   2.6074255448e-07   6.5084163104e-12   2.2690247285e-14   1.7722111353e-04   7.0272394201e-01   1.1711496596e-02   2.8399788118e-02   3.3168364699e-10   4.9127778371e-05   6.3754545850e-13   2.1476000000e-01
   7.3600000000e-01   7.3600000000e-01   5.3546258205e+02  -3.5515297058e+06   7.1290245375e-02   4.1144527516e-01   1.4625765108e+04   3.5327025788e-04   1.1031260523e-10   6.2614270474e-14   6.3017207598e-03   5.4575998682e-11   3.3107899854e-02   2.1709330019e-07   4.5035927087e-12   1.5186790160e-14   1.6761539399e-04   7.1970596499e-01   1.1047424162e-02   2.6781651101e-02   2.5155798088e-10   4.6235962217e-05   4.2993058128e-13   2.0248800000e-01
   7.5200000000e-01   7.5200000000e-01   5.2080806837e+02  -3.6178525646e+06   6.6984161103e-02   4.1979370137e-01   1.0494107666e+04   3.3208755228e-04   7.5014473075e-11   3.3289989831e-14   5.9090502673e-03   4.1639925049e-11   3.1107866759e-02   1.7988129610e-07   3.0675087119e-12   1.0014051611e-14   1.5789165940e-04   7.3668935351e-01   1.0382004534e-02   2.5162202258e-02   1.8847539665e-10   4.3363265561e-05   2.8392461386e-13   1.9021600000e-01
   7.6800000000e-01   7.6800000000e-01   5.0624635757e+02  -3.6841754234e+06   6.2673971263e-02   4.2859757922e-01   7.4227045062e+03   3.1084385279e-04   5.0056176061e-11   1.7382026228e-14   5.5194265931e-03   3.1367117955e-11   2.9105992365e-02   1.4829098792e-07   2.0543051943e-12   6.4954069765e-15   1.4806270670e-04   7.5367388360e-01   9.7154559539e-03   2.3541679092e-02   1.3933859241e-10   4.0507326279e-05   1.8332171386e-13   1.7794400000e-01
   7.8400000000e-01   7.8400000000e-01   4.9176636498e+02  -3.7504982823e+06   5.8360406195e-02   4.3790102515e-01   5.1761275897e+03   2.8954889509e-04   3.2721329495e-11   8.9208273015e-15   5.1323043099e-03   2.3278581055e-11   2.7102605544e-02   1.2158653044e-07   1.3508034171e-12   4.1362934145e-15   1.3814092121e-04   7.7065936083e-01   9.0479683279e-03   2.1920283428e-02   1.0150634518e-10   3.7665999825e-05   1.1549727286e-13   1.6567200000e-01
   8.0000000000e-01   8.0000000000e-01   4.7735738532e+02  -3.8168211412e+06   5.4044090817e-02   4.4775354286e-01   3.5594934475e+03   2.6821123699e-04   2.0911237424e-11   4.5030187134e-15   4.7472173487e-03   1.6977493751e-11   2.5097987398e-02   9.9108303816e-08   8.7057474996e-13   2.5795276077e-15   1.2813816283e-04   7.8764561711e-01   8.3797062361e-03   2.0298185946e-02   7.2746848250e-11   3.4837341512e-05   7.0834752401e-14   1.5340000000e-01
   8.1600000000e-01   8.1600000000e-01   4.6300916661e+02  -3.8831440002e+06   4.9725557173e-02   4.5821079184e-01   2.4149952483e+03   2.4683836590e-04   1.3032751385e-11   2.2357945618e-15   4.3637694624e-03   1.2132725805e-11   2.3092376992e-02   8.0268540575e-08   5.4869325615e-13   1.5703239194e-15   1.1806567859e-04   8.0463250775e-01   7.7108116493e-03   1.8675530165e-02   5.1190960932e-11   3.2019590425e-05   4.2170242565e-14   1.4112800000e-01
   8.3200000000e-01   8.3200000000e-01   4.4871199467e+02  -3.9494668592e+06   4.5405255591e-02   4.6933548559e-01   1.6175961128e+03   2.2543679762e-04   7.8978510475e-12   1.0909635940e-15   3.9816257605e-03   8.4663572175e-12   2.1085976455e-02   6.4546362477e-08   3.3720101601e-13   9.2924593858e-16   1.0793403811e-04   8.2161990886e-01   7.0414063687e-03   1.7052435970e-02   3.5287359364e-11   2.9211154861e-05   2.4287060209e-14   1.2885600000e-01
   8.4800000000e-01   8.4800000000e-01   4.3445679101e+02  -4.0157897183e+06   4.1083564610e-02   4.8119844291e-01   1.0703799641e+03   2.0401216723e-04   4.6368893411e-12   5.2199585999e-16   3.6005051845e-03   5.7442886189e-12   1.9078955504e-02   5.1482456191e-08   2.0127975015e-13   5.3157750947e-16   9.7753089015e-05   8.3860771500e-01   6.3715942238e-03   1.5429002715e-02   2.3760712641e-11   2.6410599112e-05   1.3476321720e-14   1.1658400000e-01
   8.6400000000e-01   8.6400000000e-01   4.2023522694e+02  -4.0821125774e+06   3.6760799821e-02   4.9387982001e-01   6.9991728014e+02   1.8256931283e-04   2.6257493097e-12   2.4394159529e-16   3.2201738086e-03   3.7691973534e-12   1.7071455473e-02   4.0673560320e-08   1.1609349794e-13   2.9182039926e-16   8.7531928862e-05   8.5559583711e-01   5.7014630539e-03   1.3805311981e-02   1.5573420597e-11   2.3616631415e-05   7.1682842648e-15   1.0431200000e-01
   8.8000000000e-01   8.8000000000e-01   4.0603985631e+02  -4.1484354366e+06   3.2437221752e-02   5.0747055712e-01   4.5188923113e+02   1.6111235274e-04   1.4261224275e-12   1.1068451132e-16   2.8404388760e-03   2.3752355809e-12   1.5063592904e-02   3.1766908663e-08   6.4245671059e-14   1.5222246363e-16   7.7278890096e-05   8.7258420061e-01   5.0310864972e-03   1.2181429999e-02   9.8910724746e-12   2.0828092984e-05   3.6322904404e-15   9.2040000000e-02
   8.9600000000e-01   8.9600000000e-01   3.9186426929e+02  -4.2147582958e+06   2.8113042906e-02   5.2207408050e-01   2.8712384689e+02   1.3964475638e-04   7.3755667011e-13   4.8362117724e-17   2.4611434852e-03   1.4239814542e-12   1.3055462740e-02   2.4454721029e-08   3.3778922795e-14   7.4417658635e-17   6.7001534123e-05   8.8957274366e-01   4.3605256054e-03   1.0557409804e-02   6.0515369787e-12   1.8043948075e-05   1.7392017413e-15   7.9768000000e-02
   9.1200000000e-01   9.1200000000e-01   3.7770326855e+02  -4.2810811551e+06   2.3788434032e-02   5.3780830915e-01   1.7813077244e+02   1.1816940947e-04   3.5969635511e-13   2.0126130312e-17   2.0821618511e-03   8.0124889376e-13   1.1047141179e-02   1.8468758873e-08   1.6638470827e-14   3.3420781043e-17   5.6706650987e-05   9.0656141572e-01   3.6898303030e-03   8.9332931397e-03   3.5374539164e-12   1.5263274999e-05   7.7835012011e-16   6.7496000000e-02
   9.2800000000e-01   9.2800000000e-01   3.6355306843e+02  -4.3474040144e+06   1.9463529737e-02   5.5480802744e-01   1.0617318415e+02   9.6688673778e-05   1.6312166836e-13   7.8574691572e-18   1.7033950764e-03   4.1444258862e-13   9.0386882131e-03   1.3574906157e-08   7.5183538498e-15   1.3366676848e-17   4.6400260108e-05   9.2355017609e-01   3.0190407078e-03   7.3091121427e-03   1.9518531278e-12   1.2485258109e-05   3.2049435832e-16   5.5224000000e-02
   9.4400000000e-01   9.4400000000e-01   3.4941151607e+02  -4.4137268737e+06   1.5138433505e-02   5.7322769936e-01   5.8881036815e+01   7.5204441481e-05   6.7292896964e-14   2.8134108722e-18   1.3247673750e-03   1.9021419779e-13   7.0301498985e-03   9.5676088195e-09   3.0137314975e-15   4.5153848104e-18   3.6087606066e-05   9.4053899276e-01   2.3481883263e-03   5.6848908383e-03   9.9661791351e-13   9.7091808490e-06   1.1843750862e-16   4.2952000000e-02
   9.6000000000e-01   9.6000000000e-01   3.3527833116e+02  -4.4800497331e+06   1.0813222173e-02   5.9324481959e-01   2.8387411896e+01   5.3718184039e-05   2.4257378484e-14   8.8767026328e-19   9.4622269689e-04   7.2239913764e-14   5.0215603862e-03   6.2637650975e-09   1.0099995223e-15   1.1602446460e-18   2.5773138898e-05   9.5752784131e-01   1.6772971355e-03   4.0606464674e-03   4.5353963464e-13   6.9344200878e-06   3.7544193761e-17   3.0680000000e-02
   9.7600000000e-01   9.7600000000e-01   3.2115535829e+02  -4.5463725926e+06   6.4879499569e-03   6.1506392316e-01   9.9593800319e+00   3.2230994350e-05   6.9447123009e-15   2.2466199621e-19   5.6772170937e-04   1.9001780146e-14   3.0129437340e-03   3.4950393187e-09   2.4957069997e-16   1.7374526420e-19   1.5460453857e-05   9.7451670394e-01   1.0063845636e-03   2.4363906650e-03   1.6773919991e-13   4.1604424270e-06   9.1922878510e-18   1.8408000000e-02
   9.9200000000e-01   9.9200000000e-01   3.0704682247e+02  -4.6126954521e+06   2.1626520381e-03   6.3892141077e-01   1.1055186979e+00   1.0743616634e-05   1.0312079114e-15   2.9394004737e-20   1.8923909486e-04   1.5145738466e-15   1.0043155307e-03   1.0957883871e-09   2.7913951724e-17   4.4489020178e-21   5.1520961478e-06   9.9150556887e-01   3.3546237914e-04   8.1213051155e-04   3.3003190507e-14   1.3868049776e-06   1.0981238412e-18   6.1360000000e-03
   1.0000000000e+00   1.0000000000e+00   3.0000000000e+02  -4.6458568819e+06   0.0000000000e+00   6.5169855213e-01   0.0000000000e+00   0.0000000000e+00   0.0000000000e+00   0.0000000000e+00   0.0000000000e+00   0.0000000000e+00   0.0000000000e+00   0.0000000000e+00   0.0000000000e+00   0.0000000000e+00   0.0000000000e+00   1.0000000000e+00   0.0000000000e+00   0.0000000000e+00   0.0000000000e+00   0.0000000000e+00   0.0000000000e+00   0.0000000000e+00