# L (m)  = 1
# P (Pa) = 101325
#             001_x           002_mixf              003_T              004_h             005_pv        006_density        007_hr             008_H2              009_H              010_O             011_O2             012_OH            013_H2O            014_HO2            015_CH2         016_CH2(S)            017_CH3            018_CH4             019_CO            020_CO2            021_HCO           022_CH2O          023_CH2OH             024_N2
                  0   0.0000000000e+00   3.0000000000e+02   1.9075768848e+03   0.0000000000e+00   1.1719839921e+00   0.0000000000e+00   0.0000000000e+00   0.0000000000e+00   0.0000000000e+00   2.3300000000e-01   0.0000000000e+00   0.0000000000e+00   0.0000000000e+00   0.0000000000e+00   0.0000000000e+00   0.0000000000e+00   0.0000000000e+00   0.0000000000e+00   0.0000000000e+00   0.0000000000e+00   0.0000000000e+00   0.0000000000e+00   7.6700000000e-01
   2.0000000000e-03   2.0000000000e-03   3.5116423690e+02  -5.2410040224e+04   9.6969369355e-03   9.9960701289e-01   5.4645212196e-01   5.6478760231e-07   1.6334793345e-17   7.8549120125e-12   2.2478549773e-01   9.4226046857e-12   4.3723831444e-03   1.6174532610e-07   2.3200487411e-18   1.3805598041e-19   5.0749388714e-09   5.0646602414e-05   3.9113473714e-05   5.2848755297e-03   9.2554569161e-17   7.5189636801e-07   5.8647458622e-22   7.6546600000e-01
   6.0000000000e-03   6.0000000000e-03   4.3115246396e+02  -1.6104527598e+05   2.7058595160e-02   8.1146264707e-01   1.0838162312e+01   4.7953952813e-06   8.8834843233e-16   7.5644320489e-13   2.0999773617e-01   4.4901085404e-11   1.2218488292e-02   8.0812904512e-07   4.9407769398e-17   3.2976347021e-18   2.7899962158e-08   5.3864656768e-04   2.3997509729e-04   1.4595336376e-02   3.8351382881e-15   6.1860313099e-06   4.9954373658e-20   7.6239800000e-01
   1.0000000000e-02   1.0000000000e-02   4.9019730093e+02  -2.6968049994e+05   4.2473572831e-02   7.1133221205e-01   4.0185448380e+01   1.1107998666e-05   8.0490913191e-15   1.0306521951e-13   1.9677589229e-01   1.0714744879e-10   1.9194258381e-02   1.4253956786e-06   2.4108268518e-16   1.6439185265e-17   6.1764264639e-08   1.4053286460e-03   5.0477691454e-04   2.2763429537e-02   2.2665959473e-14   1.3718963118e-05   8.1889842302e-19   7.5933000000e-01
   1.4000000000e-02   1.4000000000e-02   5.3282475385e+02  -3.7831563481e+05   5.6309414456e-02   6.5222349461e-01   9.7050369480e+01   1.8712499671e-05   3.2419315814e-14   1.3030614168e-13   1.8482202526e-01   1.7478438889e-10   2.5461257773e-02   1.9469559328e-06   6.9806764036e-16   4.6611612287e-17   1.1183509311e-07   2.5821747075e-03   8.0318550025e-04   3.0026258683e-02   6.7728053812e-14   2.2326608983e-05   6.2967854722e-18   7.5626200000e-01
   1.8000000000e-02   1.8000000000e-02   5.6220712141e+02  -4.8694974237e+05   6.8824611185e-02   6.1605624432e-01   1.8632657246e+02   2.7148643505e-05   8.5455972709e-14   3.1914168545e-13   1.7392723387e-01   2.3612831000e-10   3.1134069298e-02   2.3644304128e-06   1.5560507875e-15   9.9437551132e-17   1.8211722345e-07   4.0201376989e-03   1.1193643806e-03   3.6544028863e-02   1.4562241286e-13   3.1470464551e-05   2.6564560507e-17   7.5319400000e-01
   2.2000000000e-02   2.2000000000e-02   5.8066156625e+02  -5.9557464744e+05   8.0209960549e-02   5.9447133950e-01   3.0780314332e+02   3.6121077614e-05   1.7853225756e-13   6.1565396903e-13   1.6393759953e-01   2.8522607459e-10   3.6297654717e-02   2.6881765993e-06   2.9430672827e-15   1.7745624368e-16   2.7562472359e-07   5.6826433656e-03   1.4439582757e-03   4.2432226479e-02   2.5794275620e-13   4.0832470009e-05   7.2587394346e-17   7.5012600000e-01
   2.6000000000e-02   2.6000000000e-02   5.8995928226e+02  -7.0415689866e+05   9.0612789403e-02   5.8313968777e-01   4.5630500297e+02   4.5427944818e-05   3.1368313407e-13   9.5913510778e-13   1.5473442445e-01   3.1883930327e-10   4.1017820762e-02   2.9354274869e-06   4.9440213727e-15   2.7849093748e-16   3.9451316413e-07   7.5412427304e-03   1.7710234966e-03   4.7778517200e-02   3.9996549517e-13   5.0213153767e-05   1.4562020683e-16   7.4705800000e-01
   3.0000000000e-02   3.0000000000e-02   5.9152815933e+02  -8.1260404038e+05   1.0015066803e-01   5.7964817435e-01   6.2679729841e+02   5.4925420909e-05   5.1292057792e-13   1.4199940956e-12   1.4622307922e-01   3.3565279442e-10   4.5347203618e-02   3.1259903675e-06   7.5696458688e-15   3.9529960958e-16   5.4013364420e-07   9.5731014911e-03   2.0966106583e-03   5.2651928331e-02   5.6024142428e-13   5.9484796934e-05   2.4552603602e-16   7.4399000000e-01
   3.4000000000e-02   3.4000000000e-02   5.8660761321e+02  -9.2071176275e+05   1.0891975258e-01   5.8256307912e-01   8.2396725499e+02   6.4508040764e-05   8.9334527575e-13   2.3161053649e-12   1.3832623233e-01   3.3615165429e-10   4.9328930837e-02   3.2806076466e-06   1.0748798727e-14   5.1724794202e-16   7.1310601401e-07   1.1759454582e-02   2.4180217223e-03   5.7108291981e-02   7.2376377327e-13   6.8566447348e-05   4.2260194058e-16   7.4092200000e-01
   3.8000000000e-02   3.8000000000e-02   5.7640358322e+02  -1.0280684530e+06   1.1700019073e-01   5.9090932179e-01   1.0865869844e+03   7.4096880388e-05   1.8829741956e-12   4.3211550233e-12   1.3097947007e-01   3.2284197571e-10   5.2999003857e-02   3.4203001304e-06   1.4385893900e-14   6.3531024102e-16   9.1349340993e-07   1.4084596334e-02   2.7333845491e-03   6.1193705440e-02   8.8235904102e-13   7.7408741386e-05   9.3913023743e-16   7.3785400000e-01
   4.2000000000e-02   4.2000000000e-02   5.6231246270e+02  -1.1338548219e+06   1.2445980086e-01   6.0371669944e-01   1.5568127430e+03   8.3632030510e-05   4.8143552155e-12   8.5826924093e-12   1.2412831928e-01   3.0093143147e-10   5.6387924505e-02   3.5660826299e-06   1.8593545197e-14   7.5371395627e-16   1.1411136578e-06   1.6535188717e-02   3.0413929437e-03   6.4946851383e-02   1.0595147034e-12   8.5983630940e-05   2.7765665647e-15   7.3478600000e-01
   4.6000000000e-02   4.6000000000e-02   5.4632892368e+02  -1.2364151167e+06   1.3135668144e-01   6.1933681906e-01   2.6368397243e+03   9.3067581882e-05   1.3068299001e-11   1.6433028876e-11   1.1772613822e-01   2.7959383662e-10   5.9521851245e-02   3.7390409655e-06   2.4328515979e-14   9.1365596610e-16   1.3959516090e-06   1.9099768101e-02   3.3411397635e-03   6.8400622850e-02   1.3572689704e-12   9.4276933502e-05   8.9109876504e-15   7.3171800000e-01
   5.0000000000e-02   5.0000000000e-02   5.3191308277e+02  -1.3322832571e+06   1.3774111567e-01   6.3404139605e-01   5.0779715436e+03   1.0236815545e-04   3.2384809007e-11   2.8214142318e-11   1.1173257774e-01   2.7272317753e-10   6.2423444712e-02   3.9612360745e-06   3.4514639635e-14   1.2241525356e-15   1.6786036705e-06   2.1768383573e-02   3.6320053530e-03   7.1583297451e-02   2.0062383275e-12   1.0228284065e-04   2.5797546834e-14   7.2865000000e-01
   5.4000000000e-02   5.3999999999e-02   5.2662994997e+02  -1.4131152541e+06   1.4365700186e-01   6.3831792524e-01   8.5073728721e+03   1.1150642246e-04   6.0651219529e-11   4.0360714657e-11   1.0611242483e-01   2.9182153341e-10   6.5112503598e-02   4.2581248771e-06   5.2675413452e-14   1.7884853834e-15   1.9907293878e-06   2.4532324107e-02   3.9135804776e-03   7.4519411365e-02   3.2242687681e-12   1.0999995545e-04   5.6191505658e-14   7.2558200000e-01
   5.8000000000e-02   5.7999999999e-02   5.5006366205e+02  -1.4561614267e+06   1.4914294823e-01   6.0914562347e-01   7.2309525661e+03   1.2046131524e-04   5.4126742522e-11   3.9392014557e-11   1.0083471945e-01   3.3318859675e-10   6.7606451994e-02   4.6594239805e-06   6.9334840149e-14   2.2540352339e-15   2.3353210195e-06   2.7383909475e-02   4.1856117421e-03   7.7230423183e-02   4.3759536605e-12   1.1742766715e-04   5.9468346965e-14   7.2251400000e-01
   6.2000000000e-02   6.2000000000e-02   6.0686639988e+02  -1.4547153916e+06   1.5423313235e-01   5.5035090177e-01   4.2451095500e+03   1.2921693415e-04   1.8214337848e-11   1.9141219887e-11   9.5872089156e-02   4.4014263484e-10   6.9920722238e-02   5.1750603636e-06   8.4936350632e-14   2.7061373896e-15   2.7160399159e-06   3.0316329552e-02   4.4479630282e-03   7.9735230154e-02   5.5061695291e-12   1.2455735615e-04   2.2826371280e-14   7.1944600000e-01
   6.6000000000e-02   6.6000000000e-02   6.6804189822e+02  -1.4420073498e+06   1.5895797424e-01   4.9835056049e-01   4.8244772154e+03   1.3776199986e-04   1.6100548423e-11   1.6651859278e-11   9.1200223619e-02   6.1680905820e-10   7.2069052886e-02   5.7832317573e-06   1.2393112975e-13   3.9907955642e-15   3.1411244354e-06   3.3323514822e-02   4.7005855729e-03   8.2050573781e-02   9.6524206201e-12   1.3136230411e-04   2.0561253083e-14   7.1637800000e-01
   7.0000000000e-02   7.0000000000e-02   7.2534565721e+02  -1.4281984570e+06   1.6334467975e-01   4.5751639253e-01   6.6301740771e+03   1.4608908269e-04   3.7937118118e-11   4.2521576073e-11   8.6797407438e-02   8.3588237883e-10   7.4063731206e-02   6.4569509996e-06   1.9137923552e-13   6.1883127502e-15   3.6271318124e-06   3.6400024188e-02   4.9434942413e-03   8.4191365216e-02   1.8643896644e-11   1.3780360870e-04   5.6766264660e-14   7.1331000000e-01
   7.4000000000e-02   7.4000000000e-02   7.7810777893e+02  -1.4146677629e+06   1.6741768945e-01   4.2514005104e-01   9.0987632348e+03   1.5419410296e-04   8.3027980149e-11   1.0109807493e-10   8.2644161180e-02   1.1093765824e-09   7.5915795960e-02   7.1581130438e-06   3.0044313637e-13   9.6478679242e-15   4.1986946054e-06   3.9540955854e-02   5.1767517517e-03   8.6170947633e-02   3.4935487511e-11   1.4383538140e-04   1.4853569053e-13   7.1024200000e-01
   7.8000000000e-02   7.8000000000e-02   8.2663365564e+02  -1.4015869825e+06   1.7119904562e-01   3.9891998871e-01   1.2170605399e+04   1.6207577746e-04   1.5526209259e-10   1.9649095963e-10   7.8722941760e-02   1.4647084953e-09   7.7635202623e-02   7.8392593590e-06   4.7803142455e-13   1.5171640608e-14   4.8857165600e-06   4.2741876916e-02   5.4004564313e-03   8.8001310787e-02   6.2150465015e-11   1.4940884939e-04   3.3167365581e-13   7.0717400000e-01
   8.2000000000e-02   8.2000000000e-02   8.7135116518e+02  -1.3889156227e+06   1.7470869182e-01   3.7725906086e-01   1.5815924916e+04   1.6973483647e-04   2.5406666446e-10   3.2328361264e-10   7.5017890891e-02   1.9280419559e-09   7.9230957549e-02   8.4524029061e-06   7.6369919818e-13   2.3967775912e-14   5.7169389991e-06   4.5998770078e-02   5.6147326784e-03   8.9693266755e-02   1.0448105669e-10   1.5447525887e-04   6.4954852669e-13   7.0410600000e-01
   8.6000000000e-02   8.6000000000e-02   9.1266332316e+02  -1.3765813879e+06   1.7796472366e-01   3.5905677683e-01   1.9999959817e+04   1.7717317574e-04   3.7467353853e-10   4.6837755946e-10   7.1514622848e-02   2.5178657366e-09   8.0711230336e-02   8.9584706775e-06   1.2110381147e-12   3.7670311932e-14   6.7126484035e-06   4.9307991217e-02   5.8197238429e-03   9.1256596306e-02   1.6608602523e-10   1.5898762601e-04   1.1478246949e-12   7.0103800000e-01
   9.0000000000e-02   9.0000000000e-02   9.5092030020e+02  -1.3645219219e+06   1.8098360349e-01   3.4353988088e-01   2.4669864270e+04   1.8439314692e-04   5.1125311619e-10   6.1783538687e-10   6.8200045142e-02   3.2442365194e-09   8.2083450863e-02   9.3329023685e-06   1.8892250201e-12   5.8348902124e-14   7.8795767253e-06   5.2666231971e-02   6.0155868507e-03   9.2700172632e-02   2.5041630187e-10   1.6290228674e-04   1.8681157680e-12   6.9797000000e-01
   9.4000000000e-02   9.4000000000e-02   9.8636069089e+02  -1.3527782882e+06   1.8378034562e-01   3.3017159692e-01   2.9725367894e+04   1.9139705097e-04   6.5863649283e-10   7.6070290969e-10   6.5062207036e-02   4.1079444174e-09   8.3354394165e-02   9.5666175162e-06   2.8835065640e-12   8.8445413873e-14   9.2088324592e-06   5.6070484913e-02   6.2024878856e-03   9.4032066518e-02   3.5936423000e-10   1.6618108959e-04   2.8389273363e-12   6.9490200000e-01
   9.8000000000e-02   9.8000000000e-02   1.0185745746e+03  -1.3423114530e+06   1.8636868025e-01   3.1874499285e-01   3.4971823363e+04   1.9818677379e-04   8.1156714340e-10   8.8775703089e-10   6.2090167247e-02   5.0859130649e-09   8.4530256614e-02   9.6643697268e-06   4.2804026617e-12   1.3016734671e-13   1.0675998550e-05   5.9518010380e-02   6.3805989843e-03   9.5259637877e-02   4.9146879784e-10   1.6879447147e-04   4.0497973851e-12   6.9183400000e-01
   1.0200000000e-01   1.0200000000e-01   1.0461123042e+03  -1.3356825328e+06   1.8876120292e-01   3.0940341200e-01   4.0094740931e+04   2.0476351949e-04   9.6403658990e-10   9.9012505476e-10   5.9273873818e-02   6.1063269056e-09   8.5616726662e-02   9.6420274829e-06   6.1236950899e-12   1.8390080858e-13   1.2243640185e-05   6.3006303260e-02   6.5500958234e-03   9.6389616916e-02   6.3992048282e-10   1.7072562065e-04   5.4058298433e-12   6.8876600000e-01
   1.0600000000e-01   1.0600000000e-01   1.0684162289e+03  -1.3341870899e+06   1.9096951961e-01   3.0202057857e-01   4.4802315110e+04   2.1112774605e-04   1.1115974556e-09   1.0641548114e-09   5.6604049478e-02   7.0889229059e-09   8.6619054817e-02   9.5217845717e-06   8.4051829804e-12   2.4813311845e-13   1.3868232978e-05   6.6533055924e-02   6.7111572258e-03   9.7428179818e-02   7.9633896624e-10   1.7197489847e-04   6.7758692936e-12   6.8569800000e-01
   1.1000000000e-01   1.1000000000e-01   1.0861845740e+03  -1.3371958692e+06   1.9300437454e-01   2.9617834782e-01   4.8919589482e+04   2.1727933982e-04   1.2514867134e-09   1.1112913271e-09   5.4072094145e-02   7.9845741028e-09   8.7542114022e-02   9.3265510051e-06   1.1089379484e-11   3.2062849043e-13   1.5507722483e-05   7.0096125047e-02   6.8639658438e-03   9.8381015330e-02   9.5420657352e-10   1.7256067742e-04   8.0668299845e-12   6.8263000000e-01
   1.1400000000e-01   1.1400000000e-01   1.1003633017e+03  -1.3436057078e+06   1.9487575142e-01   2.9147882748e-01   5.2359856239e+04   2.2321786966e-04   1.3815826586e-09   1.1347104521e-09   5.1670009087e-02   8.7681077164e-09   8.8390445137e-02   9.0766261967e-06   1.4120361031e-11   3.9881006803e-13   1.7125537252e-05   7.3693508258e-02   7.0087094687e-03   9.9253378943e-02   1.1085090499e-09   1.7251665805e-04   9.2268514785e-12   6.7956200000e-01
   1.1800000000e-01   1.1800000000e-01   1.1117384779e+03  -1.3524721374e+06   1.9659295362e-01   2.8762910051e-01   5.5092650568e+04   2.2894282951e-04   1.5002058402e-09   1.1379379382e-09   4.9390336543e-02   9.4278047570e-09   8.9168291417e-02   8.7886360237e-06   1.7424236725e-11   4.7990132549e-13   1.8691871201e-05   7.7323327956e-02   7.1455824682e-03   1.0005013690e-01   1.2552190515e-09   1.7188802637e-04   1.0230397494e-11   6.7649400000e-01
   1.2200000000e-01   1.2200000000e-01   1.1208952590e+03  -1.3630994205e+06   1.9816467006e-01   2.8442572401e-01   5.7125377957e+04   2.3445384831e-04   1.6061716716e-09   1.1244687317e-09   4.7226109651e-02   9.9601281505e-09   8.9879626044e-02   8.4756424936e-06   2.0914504550e-11   5.6111129627e-13   2.0183653259e-05   8.0983819254e-02   7.2747868730e-03   1.0077580329e-01   1.3911585801e-09   1.7072762826e-04   1.1067823615e-11   6.7342600000e-01
   1.2600000000e-01   1.2600000000e-01   1.1282614867e+03  -1.3749938887e+06   1.9959903033e-01   2.8172708365e-01   5.8491609200e+04   2.3975085956e-04   1.6988046040e-09   1.0976171483e-09   4.5170810199e-02   1.0367072991e-08   9.0528174756e-02   8.1476827222e-06   2.4498599666e-11   6.3982090498e-13   2.1583961366e-05   8.4673320530e-02   7.3965328310e-03   1.0143457189e-01   1.5139739225e-09   1.6909257923e-04   1.1739382108e-11   6.7035800000e-01
   1.3000000000e-01   1.3000000000e-01   1.1341534422e+03  -1.3878062984e+06   2.0090365166e-01   2.7943251345e-01   5.9242429086e+04   2.4483422760e-04   1.7778940734e-09   1.0604228659e-09   4.3218332390e-02   1.0654506646e-08   9.1117434961e-02   7.8123800648e-06   2.8084497078e-11   7.1373698544e-13   2.2881226490e-05   8.8390265735e-02   7.5110383939e-03   1.0203034407e-01   1.6220985463e-09   1.6704145547e-04   1.2251684847e-11   6.6729000000e-01
   1.3400000000e-01   1.3400000000e-01   1.1388096030e+03  -1.4012876815e+06   2.0208567928e-01   2.7746861340e-01   5.9439654608e+04   2.4970483111e-04   1.8436194748e-09   1.0155906940e-09   4.1362951379e-02   1.0830935008e-08   9.1650692203e-02   7.4754869058e-06   3.1586149647e-11   7.8099041688e-13   2.4068388753e-05   9.2133177923e-02   7.6185287215e-03   1.0256675352e-01   1.7146803094e-09   1.6463209532e-04   1.2615414443e-11   6.6422200000e-01
   1.3800000000e-01   1.3800000000e-01   1.1424136605e+03  -1.4152588118e+06   2.0315182180e-01   2.7578051762e-01   5.9150523004e+04   2.5436410743e-04   1.8964658626e-09   9.6546146299e-10   3.9599295551e-02   1.0906524593e-08   9.2131034635e-02   7.1413209614e-06   3.4927580615e-11   8.4018240651e-13   2.5142085103e-05   9.5900663661e-02   7.7192348559e-03   1.0304718820e-01   1.7914812884e-09   1.6191997715e-04   1.2843761472e-11   6.6115400000e-01
   1.4200000000e-01   1.4200000000e-01   1.1451100242e+03  -1.4295895300e+06   2.0410838214e-01   2.7432627128e-01   5.8443636353e+04   2.5881406314e-04   1.9371428529e-09   9.1200937251e-10   3.7922321981e-02   1.0892327538e-08   9.2561365847e-02   6.8130996474e-06   3.8045318582e-11   8.9038319697e-13   2.6101906939e-05   9.9691408126e-02   7.8133922033e-03   1.0347481002e-01   1.8527646606e-09   1.5895710433e-04   1.2951250511e-11   6.5808600000e-01
   1.4600000000e-01   1.4600000000e-01   1.1470143806e+03  -1.4441846614e+06   2.0496128570e-01   2.7307313053e-01   5.7385989939e+04   2.6305725881e-04   1.9665127417e-09   8.5685887028e-10   3.6327293912e-02   1.0799682752e-08   9.2944416735e-02   6.4931911363e-06   4.0889539776e-11   9.3109885459e-13   2.6949745221e-05   1.0350417056e-01   7.9012389115e-03   1.0385257279e-01   1.8991808823e-09   1.5579131465e-04   1.2952893065e-11   6.5501800000e-01
   1.5000000000e-01   1.5000000000e-01   1.1482210142e+03  -1.4589742775e+06   2.0571610531e-01   2.7199506854e-01   5.6040906392e+04   2.6709677291e-04   1.9855300461e-09   8.0131412351e-10   3.4809760611e-02   1.0639768845e-08   9.3282756159e-02   6.1833023924e-06   4.3424137689e-11   9.6221723681e-13   2.7689226306e-05   1.0733778021e-01   7.9830141942e-03   1.0418323819e-01   1.9316614867e-09   1.5246592480e-04   1.2863550181e-11   6.5195000000e-01
   1.5400000000e-01   1.5400000000e-01   1.1488079907e+03  -1.4739068384e+06   2.0637808438e-01   2.7107105192e-01   5.4466710601e+04   2.7093615266e-04   1.9951926980e-09   7.4639528576e-10   3.3365538577e-02   1.0423286657e-08   9.3578800996e-02   5.8846212892e-06   4.5625920711e-11   9.8394213944e-13   2.8325236655e-05   1.1119113238e-01   8.0589567458e-03   1.0446939048e-01   1.9513256543e-09   1.4901963121e-04   1.2697473518e-11   6.4888200000e-01
   1.5800000000e-01   1.5800000000e-01   1.1488408996e+03  -1.4889442792e+06   2.0695215794e-01   2.7028382277e-01   5.2715980798e+04   2.7457935628e-04   1.9965042728e-09   6.9287725156e-10   3.1990694264e-02   1.0160244840e-08   9.3834825463e-02   5.5979258308e-06   4.7483371360e-11   9.9672611724e-13   2.8863529257e-05   1.1506318488e-01   8.1293032727e-03   1.0471344985e-01   1.9594014646e-09   1.4548659571e-04   1.2467997997e-11   6.4581400000e-01
   1.6200000000e-01   1.6200000000e-01   1.1483756040e+03  -1.5040584311e+06   2.0744297204e-01   2.6961902016e-01   5.0835243532e+04   2.7803069075e-04   1.9904454483e-09   6.4132774156e-10   3.0681528206e-02   9.8598297917e-09   9.4052969752e-02   5.3236697850e-06   4.8994968881e-11   1.0012039426e-12   2.9310403019e-05   1.1895295452e-01   8.1942871714e-03   1.0491768442e-01   1.9571625251e-09   1.4189665761e-04   1.2187349736e-11   6.4274600000e-01
   1.6600000000e-01   1.6600000000e-01   1.1474603052e+03  -1.5192283687e+06   2.0785490211e-01   2.6906453223e-01   4.8864993028e+04   2.8129475014e-04   1.9779537825e-09   5.9214303391e-10   2.9434559828e-02   9.5303397142e-09   9.4235248378e-02   5.0620509634e-06   5.0167539854e-11   9.9813465206e-13   2.9672446903e-05   1.2285951383e-01   8.2541374222e-03   1.0508422156e-01   1.9458787140e-09   1.3827562681e-04   1.1866539495e-11   6.3967800000e-01
   1.7000000000e-01   1.7000000000e-01   1.1461371077e+03  -1.5344384224e+06   2.0819206972e-01   2.6861001208e-01   4.6839932671e+04   2.8437635461e-04   1.9599100655e-09   5.4558015145e-10   2.8246513644e-02   9.1791659438e-09   9.4383557817e-02   4.8130666336e-06   5.1014516785e-11   9.8835025591e-13   2.9956338522e-05   1.2678198793e-01   8.3090776335e-03   1.0521505792e-01   1.9267797074e-09   1.3464562113e-04   1.1515318440e-11   6.3661000000e-01
   1.7400000000e-01   1.7400000000e-01   1.1444432260e+03  -1.5496766724e+06   2.0845835840e-01   2.6824650928e-01   4.4789356646e+04   2.8728049370e-04   1.9371296131e-09   5.0178501075e-10   2.7114306163e-02   8.8128073237e-09   9.4499683809e-02   4.5765588735e-06   5.1554320839e-11   9.7271333284e-13   3.0168689602e-05   1.3071955155e-01   8.3593252850e-03   1.0531206881e-01   1.9010292836e-09   1.3102542256e-04   1.1142213456e-11   6.3354200000e-01
   1.7800000000e-01   1.7800000000e-01   1.1424119137e+03  -1.5649338169e+06   2.0865742841e-01   2.6796618839e-01   4.2737628364e+04   2.9001227425e-04   1.9103581816e-09   4.6081666102e-10   2.6035033684e-02   8.4369103745e-09   9.4585308216e-02   4.3522519738e-06   5.1808954038e-11   9.5208434368e-13   3.0315930187e-05   1.3467142615e-01   8.4050911350e-03   1.0537701678e-01   1.8697085620e-09   1.2743083329e-04   1.0754576139e-11   6.3047400000e-01
   1.8200000000e-01   1.8200000000e-01   1.1400731724e+03  -1.5802023428e+06   2.0879273062e-01   2.6776211451e-01   4.0704687246e+04   2.9257687346e-04   1.8802705785e-09   4.2266758626e-10   2.5005960883e-02   8.0563216475e-09   9.4642015464e-02   4.1397833286e-06   5.1802708077e-11   9.2729558209e-13   3.0404224812e-05   1.3863687722e-01   8.4465787812e-03   1.0541155950e-01   1.8338062654e-09   1.2387501908e-04   1.0358660315e-11   6.2740600000e-01
   1.8600000000e-01   1.8600000000e-01   1.1374542799e+03  -1.5954759529e+06   2.0886751938e-01   2.6762809216e-01   3.8706569226e+04   2.9497949765e-04   1.8474716736e-09   3.8728052493e-10   2.4024510162e-02   7.6751497871e-09   9.4671298596e-02   3.9387289022e-06   5.1561094293e-11   8.9913263855e-13   3.0439414700e-05   1.4261521172e-01   8.4839843559e-03   1.0541725693e-01   1.7942144744e-09   1.2036883197e-04   9.9597154290e-12   6.2433800000e-01
   1.9000000000e-01   1.9000000000e-01   1.1345801717e+03  -1.6107492056e+06   2.0888486476e-01   2.6755854676e-01   3.6755910096e+04   2.9722534653e-04   1.8124991721e-09   3.5456220122e-10   2.3088251644e-02   7.2968308641e-09   9.4674564975e-02   3.7486240997e-06   5.1109974970e-11   8.6832187659e-13   3.0426980974e-05   1.4660577560e-01   8.5174963438e-03   1.0539557810e-01   1.7517285036e-09   1.1692110756e-04   9.5620834633e-12   6.2127000000e-01
   1.9400000000e-01   1.9400000000e-01   1.1314737074e+03  -1.6260173257e+06   2.0884766390e-01   2.6754843932e-01   3.4862419464e+04   2.9931958284e-04   1.7758275026e-09   3.2439445338e-10   2.2194893837e-02   6.9241946426e-09   9.4653141639e-02   3.5689807154e-06   5.0474860795e-11   8.3552262444e-13   3.0372024505e-05   1.5060795153e-01   8.5472955001e-03   1.0534790718e-01   1.7070497201e-09   1.1353893478e-04   9.1693016741e-12   6.1820200000e-01
   1.9800000000e-01   1.9800000000e-01   1.1281558543e+03  -1.6412761362e+06   2.0875865168e-01   2.6759320543e-01   3.3033604086e+04   3.0126730685e-04   1.7378878134e-09   2.9665555159e-10   2.1342274899e-02   6.5595884708e-09   9.4608280315e-02   3.3993005161e-06   4.9680959880e-11   8.0132882212e-13   3.0279258536e-05   1.5462115665e-01   8.5735548533e-03   1.0527554920e-01   1.6607946493e-09   1.1022789790e-04   8.7843133642e-12   6.1513400000e-01
   2.0800000000e-01   2.0800000000e-01   1.1194762838e+03  -1.6793906802e+06   2.0841304918e-01   2.6781788603e-01   2.8732752807e+04   3.0578287189e-04   1.6440371574e-09   2.3679802050e-10   1.9307473956e-02   5.7147491399e-09   9.4440484742e-02   2.9987620035e-06   4.7495679847e-11   7.1759962004e-13   2.9963549089e-05   1.6468036647e-01   8.6307671584e-03   1.0503601441e-01   1.5439327259e-09   1.0213888224e-04   7.8831555611e-12   6.0746400000e-01
   2.2400000000e-01   2.2400000000e-01   1.1029923838e+03  -1.7401051879e+06   2.0716644025e-01   2.6887807322e-01   2.2876373397e+04   3.1093318666e-04   1.4841255323e-09   1.6492281141e-10   1.6596733831e-02   4.4882530436e-09   9.3858860436e-02   2.4879437598e-06   4.2375341114e-11   5.7777554384e-13   2.9065622165e-05   1.8092273554e-01   8.6743872353e-03   1.0432225939e-01   1.3535831418e-09   9.0529274347e-05   6.5869860008e-12   5.9519200000e-01
   2.4000000000e-01   2.4000000000e-01   1.0848433854e+03  -1.8005188190e+06   2.0535120204e-01   2.7045639398e-01   1.8162152058e+04   3.1429179716e-04   1.3309592048e-09   1.1513685860e-10   1.4332387313e-02   3.4797834969e-09   9.3021048630e-02   2.0794259233e-06   3.6816929220e-11   4.5326448001e-13   2.7946203830e-05   1.9728610999e-01   8.6784057592e-03   1.0333745585e-01   1.1769329901e-09   8.0268880300e-05   5.5186748706e-12   5.8292000000e-01
   2.5600000000e-01   2.5600000000e-01   1.0655580333e+03  -1.8607018957e+06   2.0306780334e-01   2.7244772634e-01   1.4434250246e+04   3.1610553517e-04   1.1894871888e-09   8.0777812801e-11   1.2435330981e-02   2.6733130171e-09   9.1972709024e-02   1.7507620347e-06   3.1387694111e-11   3.4901345482e-13   2.6715011543e-05   2.1374911175e-01   8.6495980971e-03   1.0212939068e-01   1.0197888745e-09   7.1283152800e-05   4.6582983446e-12   5.7064800000e-01
   2.7200000000e-01   2.7200000000e-01   1.0455158130e+03  -1.9207418004e+06   2.0039747863e-01   2.7477826101e-01   1.1513435859e+04   3.1658683276e-04   1.0614115769e-09   5.7034338288e-11   1.0841661019e-02   2.0398391076e-09   9.0750674210e-02   1.4844770402e-06   2.6387519149e-11   2.6502321350e-13   2.5440488442e-05   2.3029447292e-01   8.5934720158e-03   1.0073674557e-01   8.8327752224e-10   6.3458401238e-05   3.9726004186e-12   5.5837600000e-01
   2.8800000000e-01   2.8800000000e-01   1.0250026984e+03  -1.9807036997e+06   1.9740629036e-01   2.7739255089e-01   9.2339664072e+03   3.1591745002e-04   9.4674681819e-10   4.0558880650e-11   9.4994433039e-03   1.5483384340e-09   8.9384835139e-02   1.2671732021e-06   2.1948354075e-11   1.9908932003e-13   2.4164639074e-05   2.4690816244e-01   8.5145121974e-03   9.9191025574e-02   7.6626591382e-10   5.6668753087e-05   3.4273619279e-12   5.4610400000e-01
   3.0400000000e-01   3.0400000000e-01   1.0042385077e+03  -2.0406265712e+06   1.9414824891e-01   2.8024745422e-01   7.4557631972e+03   3.1425268694e-04   8.4469857289e-10   2.9060989517e-11   8.3662412421e-03   1.1703656020e-09   8.7899583179e-02   1.0886179396e-06   1.8103048618e-11   1.4827849095e-13   2.2912886192e-05   2.6357871588e-01   8.4163838255e-03   9.7518029223e-02   6.6667840222e-10   5.0789731103e-05   2.9921621277e-12   5.3383200000e-01
   3.2000000000e-01   3.2000000000e-01   9.8338533739e+02  -2.1005310250e+06   1.9066772483e-01   2.8331104354e-01   6.0657706645e+03   3.1172538331e-04   7.5414170066e-10   2.0983217488e-11   7.4072087900e-03   8.8159355459e-10   8.6314921091e-02   9.4096912161e-07   1.4829191596e-11   1.0965244158e-13   2.1700344860e-05   2.8029671810e-01   8.3020967956e-03   9.5738981560e-02   5.8217676819e-10   4.5704713193e-05   2.6417191389e-12   5.2156000000e-01
   3.3600000000e-01   3.3600000000e-01   9.6255952898e+02  -2.1604271425e+06   1.8700132801e-01   2.8656061247e-01   4.9750736273e+03   3.0844944835e-04   6.7386424075e-10   1.5267238644e-11   6.5936072635e-03   6.6206625719e-10   8.4647325832e-02   8.1816187205e-07   1.2076843212e-11   8.0594097284e-14   2.0535737405e-05   2.9705440131e-01   8.1741361368e-03   9.3871416595e-02   5.1048950691e-10   4.1307641682e-05   2.3558290422e-12   5.0928800000e-01
   3.5200000000e-01   3.5200000000e-01   9.4185997624e+02  -2.2203196028e+06   1.8317938181e-01   2.8997542844e-01   4.1147425198e+03   3.0452285882e-04   6.0268728659e-10   1.1192418454e-11   5.9016431128e-03   4.9590054769e-10   8.2910423593e-02   7.1544914476e-07   9.7859211923e-12   5.8922955213e-14   1.9423802819e-05   3.1384533047e-01   8.0345648241e-03   9.1929870537e-02   4.4955345058e-10   3.7503786307e-05   2.1187510259e-12   4.9701600000e-01
   3.6800000000e-01   3.6800000000e-01   9.2136073188e+02  -2.2802104969e+06   1.7922708768e-01   2.9353941622e-01   3.4318246670e+03   3.0003015516e-04   5.3952432966e-10   8.2655885021e-12   5.3115503159e-03   3.7058199250e-10   8.1115521934e-02   6.2907510308e-07   7.8941748703e-12   4.2877143802e-14   1.8366750207e-05   3.3066415533e-01   7.8851046554e-03   8.9926430935e-02   3.9756030018e-10   3.4209519277e-05   1.9184288847e-12   4.8474400000e-01
   3.8400000000e-01   3.8400000000e-01   9.0111570349e+02  -2.3401007323e+06   1.7516545295e-01   2.9724048680e-01   2.8858338147e+03   2.9504451101e-04   4.8339896639e-10   6.1473464919e-12   4.8068597434e-03   2.7636393960e-10   7.9272032840e-02   5.5603639399e-07   6.3421933211e-12   3.1068819095e-14   1.7365153541e-05   3.4750641338e-01   7.7272000806e-03   8.7871175518e-02   3.5295783542e-10   3.1351605930e-05   1.7457842125e-12   4.7247200000e-01
   4.0000000000e-01   4.0000000000e-01   8.8116286084e+02  -2.3999906935e+06   1.7101203400e-01   3.0106989234e-01   2.4458767731e+03   2.8962944106e-04   4.3344540191e-10   4.6026746481e-12   4.3738141305e-03   2.0572167423e-10   7.7387810990e-02   4.9390893916e-07   5.0759079246e-12   2.2424755813e-14   1.6418509289e-05   3.6436837220e-01   7.5620686909e-03   8.5772524878e-02   3.1443097087e-10   2.8866290317e-05   1.5940823803e-12   4.6020000000e-01
   4.1600000000e-01   4.1600000000e-01   8.6152761288e+02  -2.4598805407e+06   1.6678153560e-01   3.0502171671e-01   2.0883802012e+03   2.8384021402e-04   3.8890120512e-10   3.4677874566e-12   4.0008963812e-03   1.5288505596e-10   7.5469426113e-02   4.4072186717e-07   4.0475915409e-12   1.6126498511e-14   1.5525590345e-05   3.8124690256e-01   7.3907413776e-03   8.3637527892e-02   2.8087593907e-10   2.6698320184e-05   1.4583947394e-12   4.4792800000e-01
   4.3200000000e-01   4.3200000000e-01   8.4222550348e+02  -2.5197703397e+06   1.6248629717e-01   3.0909247592e-01   1.7953286133e+03   2.7772502610e-04   3.4909709897e-10   2.6277901910e-12   3.6784469459e-03   1.1345322334e-10   7.3522383630e-02   3.9486475348e-07   3.2159955769e-12   1.1556657170e-14   1.4684676319e-05   3.9813937564e-01   7.2140944592e-03   8.1472094052e-02   2.5137417030e-10   2.4799987956e-05   1.3351585794e-12   4.3565600000e-01
   4.4800000000e-01   4.4800000000e-01   8.2326435780e+02  -2.5796601180e+06   1.5813668932e-01   3.1328080666e-01   1.5529162505e+03   2.7132597979e-04   3.1344616734e-10   2.0015484187e-12   3.3983518892e-03   8.4084541945e-11   7.1551304307e-02   3.5501827691e-07   2.5460165903e-12   8.2536043611e-15   1.3893708056e-05   4.1504357921e-01   7.0328755299e-03   7.9281183501e-02   2.2516882647e-10   2.3130227604e-05   1.2218263889e-12   4.2338400000e-01
   4.6400000000e-01   4.6400000000e-01   8.0464599031e+02  -2.6395498868e+06   1.5374143876e-01   3.1758722550e-01   1.3505240757e+03   2.6467990492e-04   2.8143359658e-10   1.5313841274e-12   3.1537873167e-03   6.2251183243e-11   6.9560071268e-02   3.2010136239e-07   2.0081294349e-12   5.8746938609e-15   1.3150394680e-05   4.3195764910e-01   6.8477243859e-03   7.7068963198e-02   2.0164494264e-10   2.1653785340e-05   1.1165921407e-12   4.1111200000e-01
   4.8000000000e-01   4.8000000000e-01   7.8636756471e+02  -2.6994396512e+06   1.4930789596e-01   3.2201394471e-01   1.1799473621e+03   2.5781905214e-04   2.5260742179e-10   1.1760178902e-12   2.9390089055e-03   4.6047152826e-11   6.7551950936e-02   2.8922999536e-07   1.5777282826e-12   4.1671638273e-15   1.2452289829e-05   4.4888001267e-01   6.6591900874e-03   7.4838935880e-02   1.8031297157e-10   2.0340469931e-05   1.0181818001e-12   3.9884000000e-01
   4.9600000000e-01   4.9600000000e-01   7.6842267608e+02  -2.7593294133e+06   1.4484225640e-01   3.2656473483e-01   1.0348141367e+03   2.5077168167e-04   2.2657044258e-10   9.0570603416e-13   2.7491779532e-03   3.4039462393e-11   6.5529692870e-02   2.6168439561e-07   1.2344577129e-12   2.9455490507e-15   1.1796847274e-05   4.6580934221e-01   6.4677449458e-03   7.2594046901e-02   1.6079483885e-10   1.9164483321e-05   9.2569618779e-13   3.8656800000e-01
   5.1200000000e-01   5.1200000000e-01   7.5080221154e+02  -2.8192191744e+06   1.4034974415e-01   3.3124482646e-01   9.1014776076e+02   2.4356256544e-04   2.0297334082e-10   6.9887046941e-13   2.5802170981e-03   2.5153550258e-11   6.3495612493e-02   2.3688223010e-07   9.6157941105e-13   2.0743959745e-15   1.1181462089e-05   4.8274451621e-01   6.2737960568e-03   7.0336773034e-02   1.4281122480e-10   1.8103828175e-05   8.3849582169e-13   3.7429600000e-01
   5.2800000000e-01   5.2800000000e-01   7.3349503485e+02  -2.8791089349e+06   1.3583476491e-01   3.3606084540e-01   8.0203781848e+02   2.3621341931e-04   1.8150899125e-10   5.3974933893e-13   2.4286900503e-03   1.8585560999e-11   6.1451659981e-02   2.1435623126e-07   7.4539738061e-13   1.4551844049e-15   1.0603500758e-05   4.9968458707e-01   6.0776948856e-03   6.8069196622e-02   1.2616870715e-10   1.7139785839e-05   7.5611902530e-13   3.6202400000e-01
   5.4400000000e-01   5.4400000000e-01   7.1648852915e+02  -2.9389986951e+06   1.3130103377e-01   3.4102077760e-01   7.0739263687e+02   2.2874327510e-04   1.6190798341e-10   4.1674995051e-13   2.2917012328e-03   1.3735499924e-11   5.9399477687e-02   1.9373518202e-07   5.7475093168e-13   1.0165227577e-15   1.0060323062e-05   5.1662875419e-01   5.8797452551e-03   6.5793067550e-02   1.1074569649e-10   1.6256459918e-05   6.7822627882e-13   3.4975200000e-01
   5.6000000000e-01   5.6000000000e-01   6.9976902666e+02  -2.9988884551e+06   1.2675168229e-01   3.4613396105e-01   6.2375371195e+02   2.2116880310e-04   1.4393539383e-10   3.2128740736e-13   2.1668116950e-03   1.0156493042e-11   5.7340448219e-02   1.7472759354e-07   4.4057647464e-13   7.0685310274e-16   9.5492971341e-06   5.3357634136e-01   5.6802100491e-03   6.3509855223e-02   9.6476707721e-11   1.5440378274e-05   6.0456527308e-13   3.3748000000e-01
   5.7600000000e-01   5.7600000000e-01   6.8332214796e+02  -3.0587782152e+06   1.2218934854e-01   3.5141110282e-01   5.4915794043e+02   2.1350459318e-04   1.2738887048e-10   2.4696098641e-13   2.0519684464e-03   7.5164018221e-12   5.5275734796e-02   1.5710772787e-07   3.3553458298e-13   4.8905823529e-16   9.0678087682e-06   5.5052677773e-01   5.4793168708e-03   6.1220792283e-02   8.3335366252e-11   1.4680146965e-05   5.3495232684e-13   3.2520800000e-01
   5.9200000000e-01   5.9200000000e-01   6.6713306873e+02  -3.1186679752e+06   1.1761625284e-01   3.5686432030e-01   4.8203770778e+02   2.0576339987e-04   1.1209806862e-10   1.8896657537e-13   1.9454449945e-03   5.5688704758e-12   5.3206315181e-02   1.4070383133e-07   2.5369644351e-13   3.3649665210e-16   8.6132663094e-06   5.6747958186e-01   5.2772628337e-03   5.8926911423e-02   7.1317364450e-11   1.3966150587e-05   4.6926656885e-13   3.1293600000e-01
   6.0800000000e-01   6.0800000000e-01   6.5118672874e+02  -3.1785577353e+06   1.1303426172e-01   3.6250720673e-01   4.2115150624e+02   1.9795635723e-04   9.7925361489e-11   1.4367480535e-13   1.8457911847e-03   4.1315448715e-12   5.1133010285e-02   1.2538849941e-07   1.9028279228e-13   2.3010108481e-16   8.1831023093e-06   5.8443434815e-01   5.0742186387e-03   5.6629076437e-02   6.0425055961e-11   1.3290293274e-05   4.0745339908e-13   3.0066400000e-01
   6.2400000000e-01   6.2400000000e-01   6.3546799492e+02  -3.2384474954e+06   1.0844494203e-01   3.6835492104e-01   3.6553897315e+02   1.9009316784e-04   8.4767507620e-11   1.0832592627e-13   1.7517907826e-03   3.0697247095e-12   4.9056508322e-02   1.1107103086e-07   1.4144827665e-13   1.5626403164e-16   7.7747735033e-06   6.0139073542e-01   4.8703320620e-03   5.4328008482e-02   5.0655309975e-11   1.2645775174e-05   3.4953314912e-13   2.8839200000e-01
   6.4000000000e-01   6.4000000000e-01   6.1996178816e+02  -3.2983372557e+06   1.0384960675e-01   3.7442430341e-01   3.1449403187e+02   1.8218226938e-04   7.2557561909e-11   8.0807192724e-14   1.6624255836e-03   2.2841188718e-12   4.6977385246e-02   9.7691466883e-08   1.0410450922e-13   1.0530240782e-16   7.3857614148e-06   6.1834845720e-01   4.6657309454e-03   5.2024308284e-02   4.1991649383e-11   1.2026900083e-05   2.9560961152e-13   2.7612000000e-01
   6.5600000000e-01   6.5600000000e-01   6.0465318171e+02  -3.3582270159e+06   9.9249353762e-02   3.8073401819e-01   2.6754831356e+02   1.7423098194e-04   6.1265796251e-11   5.9488743385e-14   1.5768449886e-03   1.7016900952e-12   4.4896122047e-02   8.5215778513e-08   7.5775630103e-14   7.0346292121e-17   7.0135761870e-06   6.3530727345e-01   4.4605257714e-03   4.9718474962e-02   3.4400789573e-11   1.1428910083e-05   2.4587156202e-13   2.6384800000e-01
   6.7200000000e-01   6.7200000000e-01   5.8952747772e+02  -3.4181167763e+06   9.4645098936e-02   3.8730472642e-01   2.2445500079e+02   1.6624563909e-04   5.0897913440e-11   4.3101229549e-14   1.4943401735e-03   1.2688195388e-12   4.2813119434e-02   7.3631476196e-08   5.4480885538e-14   4.6536973618e-17   6.6557665125e-06   6.5226698357e-01   4.2548118887e-03   4.7410921973e-02   2.7832822894e-11   1.0847843518e-05   2.0057951580e-13   2.5157600000e-01
   6.8800000000e-01   6.8800000000e-01   5.7457026724e+02  -3.4780065367e+06   9.0037604097e-02   3.9415929125e-01   1.8516201918e+02   1.5823170473e-04   4.1488720131e-11   3.0643770331e-14   1.4143221532e-03   9.4621005451e-13   4.0728710292e-02   6.2942864971e-08   3.8639462326e-14   3.0449783176e-17   6.3099383659e-06   6.6922742039e-01   4.0486714410e-03   4.5101990660e-02   2.2223749540e-11   1.0280413249e-05   1.6003123595e-13   2.3930400000e-01
   7.0400000000e-01   7.0400000000e-01   5.5976747843e+02  -3.5378962973e+06   8.5427500924e-02   4.0132301983e-01   1.4976508377e+02   1.5019387780e-04   3.3090091239e-11   2.1314774706e-14   1.3363031235e-03   7.0509162176e-13   3.8643170267e-02   5.3165321404e-08   2.6993522748e-14   1.9679788661e-17   5.9737839441e-06   6.8618844505e-01   3.8421750444e-03   4.2791961735e-02   1.7498976162e-11   9.7239023037e-06   1.2450442699e-13   2.2703200000e-01
   7.2000000000e-01   7.2000000000e-01   5.4510541654e+02  -3.5977860579e+06   8.0815311245e-02   4.0882394679e-01   1.1843726098e+02   1.4213618631e-04   2.5753758961e-11   1.4461010348e-14   1.2598805975e-03   5.2440323808e-13   3.6556726768e-02   4.4318390667e-08   1.8546055488e-14   1.2545177982e-17   5.6451203262e-06   7.0314994260e-01   3.6353832491e-03   4.0481065042e-02   1.3576748093e-11   9.1760745877e-06   9.4183748579e-14   2.1476000000e-01
   7.3600000000e-01   7.3600000000e-01   5.3057079929e+02  -3.6576758186e+06   7.6201464335e-02   4.1669316471e-01   9.1341984369e+01   1.3406207176e-04   1.9511840264e-11   9.5419389259e-15   1.1847239100e-03   3.8870893231e-13   3.4469566616e-02   3.6418084912e-08   1.2510735508e-14   7.8754673684e-18   5.3219345110e-06   7.2011181827e-01   3.4283478155e-03   3.8169487831e-02   1.0371047637e-11   8.6350985199e-06   6.9089015868e-14   2.0248800000e-01
   7.5200000000e-01   7.5200000000e-01   5.1615079074e+02  -3.7175655793e+06   7.1586311642e-02   4.2496520863e-01   6.8547064588e+01   1.2597446472e-04   1.4359969754e-11   6.1067485532e-15   1.1105627312e-03   2.8666658086e-13   3.2381842551e-02   2.9469341029e-08   8.2714713287e-15   4.8606812501e-18   5.0024289068e-06   7.3707399422e-01   3.2211128324e-03   3.5857381794e-02   7.7940130786e-12   8.0994817583e-06   4.9026794096e-14   1.9021600000e-01
   7.6800000000e-01   7.6800000000e-01   5.0183303619e+02  -3.7774553402e+06   6.6970139336e-02   4.3367850284e-01   4.9962007692e+01   1.1787585204e-04   1.0248056564e-11   3.7810066020e-15   1.0371772906e-03   2.0991144835e-13   3.0293678765e-02   2.3459914479e-08   5.3497050557e-15   2.9442145414e-18   4.6850599694e-06   7.5403640682e-01   3.0137156980e-03   3.3544869021e-02   5.7581863658e-12   7.5680154661e-06   3.3583529217e-14   1.7794400000e-01
   7.8400000000e-01   7.8400000000e-01   4.8760570098e+02  -3.8373451011e+06   6.2353178985e-02   4.4287587953e-01   3.5315667567e+01   1.0976833611e-04   7.0814658119e-12   2.2591923204e-15   9.6439006210e-04   1.5224717922e-13   2.8205175609e-02   1.8356867657e-08   3.3778465643e-15   1.7468726844e-18   4.3685632771e-06   7.7099900429e-01   2.8061879821e-03   3.1232047057e-02   4.1788222127e-12   7.0397268235e-06   2.2164834682e-14   1.6567200000e-01
   8.0000000000e-01   8.0000000000e-01   4.7345751557e+02  -3.8972348621e+06   5.7735616641e-02   4.5260518123e-01   2.4177619030e+01   1.0165368652e-04   4.7317784938e-12   1.2993745567e-15   8.9205869337e-04   1.0906066376e-13   2.6116413588e-02   1.4106254547e-08   2.0775066388e-15   1.0130843098e-18   4.0519608734e-06   7.8796174475e-01   2.5985561846e-03   2.8918993182e-02   2.9762220496e-12   6.5138386455e-06   1.4069005213e-14   1.5340000000e-01
   8.1600000000e-01   8.1600000000e-01   4.5937782930e+02  -3.9571246232e+06   5.3117600563e-02   4.6291996062e-01   1.6011907627e+01   9.3533384918e-05   3.0531498073e-12   7.1729960874e-16   8.2006999557e-04   7.6897392479e-14   2.4027456754e-02   1.0635842758e-08   1.2414749886e-15   5.7284772568e-19   3.7345503909e-06   8.0492459452e-01   2.3908424044e-03   2.6605768020e-02   2.0778193767e-12   5.9897351391e-06   8.5721179754e-15   1.4112800000e-01
   8.3200000000e-01   8.3200000000e-01   4.4535667515e+02  -4.0170143844e+06   4.8499247774e-02   4.7388029426e-01   1.0243560655e+01   8.5408663861e-05   1.8991905593e-12   3.7874927146e-16   7.4833484395e-04   5.3151518492e-14   2.1938355581e-02   7.8600627148e-09   7.1866691117e-16   3.1484591692e-19   3.4158788892e-06   8.2188752671e-01   2.1830649304e-03   2.4292418599e-02   1.4196918333e-12   5.4669329772e-06   5.0020387101e-15   1.2885600000e-01
   8.4800000000e-01   8.4800000000e-01   4.3138484787e+02  -4.0769041457e+06   4.3880649621e-02   4.8555372987e-01   6.3190966258e+00   7.7280540419e-05   1.1363555231e-12   1.9047038466e-16   6.7678385714e-04   3.5839064830e-14   1.9849149404e-02   5.6860322237e-09   4.0151121855e-16   1.6751324984e-19   3.0957064622e-06   8.3885052007e-01   1.9752387618e-03   2.1978980915e-02   9.4730551772e-13   4.9450569555e-06   2.7872308120e-15   1.1658400000e-01
   8.6400000000e-01   8.6400000000e-01   4.1745399734e+02  -4.1367939070e+06   3.9261876477e-02   4.9801639051e-01   3.7494348177e+00   6.9149845602e-05   6.5198375717e-13   9.0741353317e-17   6.0536374328e-04   2.3432804526e-14   1.7759868471e-02   4.0195319826e-09   2.1544328414e-16   8.5788036591e-20   2.7739651825e-06   8.5581355797e-01   1.7673760696e-03   1.9665482091e-02   6.1549746223e-13   4.4238195779e-06   1.4773708813e-15   1.0431200000e-01
   8.8000000000e-01   8.8000000000e-01   4.0355673943e+02  -4.1966836684e+06   3.4642981718e-02   5.1135426366e-01   2.1320760017e+00   6.1017250244e-05   3.5714909981e-13   4.0681926640e-17   5.3403421833e-04   1.4743621203e-14   1.5670535681e-02   2.7701008758e-09   1.1028416910e-16   4.1943145786e-20   2.4507181569e-06   8.7277662757e-01   1.5594866041e-03   1.7351942183e-02   3.8785897268e-13   3.9030040130e-06   7.4104872870e-16   9.2040000000e-02
   8.9600000000e-01   8.9600000000e-01   3.8968678542e+02  -4.2565734299e+06   3.0024005066e-02   5.2566470887e-01   1.1555408146e+00   5.2883287983e-05   1.8565122929e-13   1.7023089346e-17   4.6276541535e-04   8.8367912604e-15   1.3581168043e-02   1.8548028573e-09   5.3334465231e-17   1.9338351029e-20   2.1261220065e-06   8.8973971909e-01   1.3515780556e-03   1.5038375680e-02   2.3574647564e-13   3.3824499283e-06   3.4928999685e-16   7.9768000000e-02
   9.1200000000e-01   9.1200000000e-01   3.7583909120e+02  -4.3164631915e+06   2.5404975400e-02   5.4105822475e-01   5.9175651402e-01   4.4748375781e-05   9.0776972797e-14   6.5794693810e-18   3.9153571355e-04   4.9738752951e-15   1.1491777894e-02   1.2005581041e-09   2.4010693036e-17   8.2504820806e-21   1.8003945519e-06   9.0670282525e-01   1.1436563744e-03   1.2724792756e-02   1.3713087439e-13   2.8620417811e-06   1.5319742409e-16   6.7496000000e-02
   9.2800000000e-01   9.2800000000e-01   3.6201002587e+02  -4.3763529532e+06   2.0785913105e-02   5.5766052527e-01   2.8213937278e-01   3.6612832318e-05   4.1208760607e-14   2.3163878005e-18   3.2032992692e-04   2.5726144597e-15   9.4023739236e-03   7.4517269948e-10   9.8288391826e-18   3.1592054165e-21   1.4737881803e-06   9.2366594074e-01   9.3572605299e-04   1.0411200296e-02   7.5440462379e-14   2.3416992163e-06   6.1637332218e-17   5.5224000000e-02
   9.4400000000e-01   9.4400000000e-01   3.4819755827e+02  -4.4362427150e+06   1.6166832032e-02   5.7561498687e-01   1.2182357099e-01   2.8476894466e-05   1.7002628325e-14   7.2757709365e-19   2.4913780014e-04   1.1787721857e-15   7.3129620188e-03   4.3731915003e-10   3.5159954380e-18   1.0295828833e-21   1.1465684170e-06   9.4062906179e-01   7.2779037799e-04   8.0976027404e-03   3.8490522817e-14   1.8213692896e-06   2.2241748710e-17   4.2952000000e-02
   9.6000000000e-01   9.6000000000e-01   3.3440145791e+02  -4.4961324768e+06   1.1547741115e-02   5.9508554370e-01   4.4876423962e-02   2.0340732025e-05   6.1287825928e-15   1.9638799646e-19   1.7795276664e-04   4.4531926574e-16   5.2235459648e-03   2.3573829000e-10   1.0212264219e-18   2.5710524244e-22   8.1899646488e-07   9.5759218587e-01   5.1985165242e-04   5.7840027659e-03   1.7543502581e-14   1.3010203145e-06   6.9087056565e-18   3.0680000000e-02
   9.7600000000e-01   9.7600000000e-01   3.2062350428e+02  -4.5560222387e+06   6.9286457099e-03   6.1626012920e-01   1.1966531447e-02   1.2204460773e-05   1.7548421744e-15   4.1464042975e-20   1.0677092970e-04   1.1569196037e-16   3.1341280209e-03   1.0785314582e-10   2.0567155706e-19   3.7782668095e-23   4.9131340058e-07   9.7455531130e-01   3.1191139427e-04   3.4704018340e-03   6.5117106133e-15   7.8063725562e-07   1.6767639723e-18   1.8408000000e-02
   9.9200000000e-01   9.9200000000e-01   3.0686769547e+02  -4.6159120008e+06   2.3095486833e-03   6.3935479112e-01   1.0165876624e-03   4.0681536651e-06   2.6159998893e-16   4.1750021335e-21   3.5590231820e-05   9.0108009321e-18   1.0447093901e-03   2.7699714935e-11   1.7426162840e-20   1.0071315695e-24   1.6371964284e-07   9.9151843712e-01   1.0397051437e-04   1.1568006252e-03   1.2960204462e-15   2.6021894462e-07   2.0785111989e-19   6.1360000000e-03
   1.0000000000e+00   1.0000000000e+00   3.0000000000e+02  -4.6458568819e+06   0.0000000000e+00   6.5169855213e-01   0.0000000000e+00   0.0000000000e+00   0.0000000000e+00   0.0000000000e+00   0.0000000000e+00   0.0000000000e+00   0.0000000000e+00   0.0000000000e+00   0.0000000000e+00   0.0000000000e+00   0.0000000000e+00   1.0000000000e+00   0.0000000000e+00   0.0000000000e+00   0.0000000000e+00   0.0000000000e+00   0.0000000000e+00   0.0000000000e+00