2.800000000000000266e-01 1.512000000000000011e-01 1.112444000000000072e-01 5.560000000000000497e+00 5.970644317417306519e+10
2.800000000000000266e-01 1.512000000000000011e-01 1.224388000000000143e-01 6.120000000000000995e+00 5.666371150531761932e+10
2.800000000000000266e-01 1.512000000000000011e-01 1.112444000000000072e-01 5.560000000000000497e+00 5.970644317417306519e+10
2.800000000000000266e-01 1.512000000000000011e-01 1.802179407553718415e-01 4.569603255450126689e+00 3.818047262834204102e+10
2.800000000000000266e-01 1.512000000000000011e-01 1.690235407553718483e-01 4.009603255450127079e+00 3.047459855277659225e+10
2.800000000000000266e-01 1.512000000000000011e-01 1.578291407553718551e-01 3.449603255450127026e+00 2.282685521965105438e+10
2.800000000000000266e-01 1.512000000000000011e-01 1.466347407553718618e-01 2.889603255450126973e+00 1.620830301461960602e+10
2.800000000000000266e-01 1.512000000000000011e-01 1.354403407553718686e-01 2.329603255450126920e+00 1.054042570252451515e+10
2.800000000000000266e-01 1.512000000000000011e-01 1.242459407553718614e-01 1.769603255450126866e+00 6.026699352024237633e+09
2.800000000000000266e-01 1.512000000000000011e-01 1.130515407553718543e-01 1.209603255450126813e+00 2.915269227964266777e+09
2.800000000000000266e-01 1.512000000000000011e-01 1.018571407553718472e-01 6.496032554501267597e-01 9.610588545522630215e+08
2.800000000000000266e-01 1.512000000000000011e-01 9.066274075537184007e-02 8.960325545012670645e-02 5.748563814941956103e+07
2.800000000000000266e-01 1.512000000000000011e-01 7.946834075537183295e-02 9.999999999999999547e-07 9.337893459585053846e+06
2.800000000000000266e-01 1.512000000000000011e-01 6.827394075537182583e-02 7.567255521656429429e-07 4.792053346699200571e+06
2.800000000000000266e-01 1.512000000000000011e-01 5.707954075537181871e-02 5.344101196124578536e-07 1.748637083943584934e+06
2.800000000000000266e-01 1.512000000000000011e-01 4.588514075537181158e-02 3.117986150606105324e-07 2.076162662678336783e+05
2.800000000000000266e-01 1.512000000000000011e-01 3.999999983374185469e-02 1.066027803916513467e-07 1.219273125362118806e-06
2.800000000000000266e-01 1.512000000000000011e-01 4.000000013929041337e-02 9.999999999999999547e-07 1.096576612881017759e-04
