1.900000000000000022e-01 7.695000000000000451e-02 1.076461999999999974e-01 4.848163878621305933e+00 1.333486245116725206e+09
1.900000000000000022e-01 7.695000000000000451e-02 1.152423999999999948e-01 5.228163878621305827e+00 8.819871225026491880e+08
1.900000000000000022e-01 7.695000000000000451e-02 1.228385999999999922e-01 4.872064596847904383e+00 7.943677691295385361e+07
1.900000000000000022e-01 7.695000000000000451e-02 1.304347999999999896e-01 5.070932897215307378e+00 1.939529201480540335e+08
1.900000000000000022e-01 7.695000000000000451e-02 1.380309999999999870e-01 5.138565672006893514e+00 1.377865800728965700e+08
1.900000000000000022e-01 7.695000000000000451e-02 1.456271999999999844e-01 5.518565672006893408e+00 2.245933652569363713e+08
1.900000000000000022e-01 7.695000000000000451e-02 1.434038798351546240e-01 5.138565672006893514e+00 9.083628436860750616e+07
1.900000000000000022e-01 7.695000000000000451e-02 1.358076798351546266e-01 4.758565672006893621e+00 2.486794938868738338e+07
1.900000000000000022e-01 7.695000000000000451e-02 1.434038798351546240e-01 5.077676609496271531e+00 7.287626767801211774e+07
1.900000000000000022e-01 7.695000000000000451e-02 1.510000798351546214e-01 5.457676609496271425e+00 1.462661570604621470e+08
1.900000000000000022e-01 7.695000000000000451e-02 1.521428828692316659e-01 5.077676609496271531e+00 2.344678274109508097e+07
1.900000000000000022e-01 7.695000000000000451e-02 1.564758412792283671e-01 4.910769907503548914e+00 2.713671435532924160e+07
1.900000000000000022e-01 7.695000000000000451e-02 1.601299794956855260e-01 5.003073961863099051e+00 2.552242422859606563e+01
1.900000000000000022e-01 7.695000000000000451e-02 1.599976305806122545e-01 4.999946803093537895e+00 9.542317325965237629e+00
