# time = 0.05
# Grid points = 160
# Pressure (Pa) = 101325
#             1_pos             2_posf             3_rho             4_dvisc             5_uvel             6_vvel             7_wvel             8_temp             9_mixf            10_chi            11_hr            12_y_H2            13_y_H            14_y_O            15_y_O2            16_y_OH            17_y_H2O            18_y_HO2            19_y_CH2            20_y_CH2(S)            21_y_CH3            22_y_CH4            23_y_CO            24_y_CO2            25_y_HCO            26_y_CH2O            27_y_CH2OH            28_y_N2            29_enth
  -7.2527304077e-01  -7.5000000000e-01   1.1719839921e+00   1.8630700790e-05  -4.9695239756e-17  -3.7284025787e-92  -5.9758966580e-94   3.0000000000e+02  -2.1502453731e-05   1.2527039180e-35  -6.1636514402e-69   1.1686701119e-59   2.1256526822e-87   2.4003884947e-64   2.3300000000e-01   2.5673206045e-64   1.0026150263e-51   1.5657412088e-55  3.7892202492e-111 -1.6941135528e-110   1.1548880679e-81   1.7352244201e-79   4.5313463687e-69   7.0929224851e-53  8.0661060802e-102   4.4700160851e-74  2.3363587582e-142   7.6700000000e-01   1.9075768848e+03
  -6.7557486727e-01  -7.0054608155e-01   1.1719839921e+00   1.8630700790e-05  -6.8860112626e-17  -1.7842510589e-87  -6.4057638093e-89   3.0000000000e+02  -2.1502453731e-05   7.0344608301e-36  -6.1003025774e-69   1.1797370106e-55   4.8107111399e-86   1.8378856590e-62   2.3300000000e-01   2.1642752441e-61   2.0261518746e-47   3.5435371516e-54 -4.2908766571e-100  4.8062349072e-109   3.9847673109e-77   6.0387590190e-75   1.7114931134e-64   1.9392392226e-48   2.2206946724e-97   1.2306378269e-69  1.4561445942e-136   7.6700000000e-01   1.9075768848e+03
  -6.2563243871e-01  -6.5060365299e-01   1.1719839921e+00   1.8630700790e-05  -6.8862070057e-17  -8.0087763022e-83  -4.1125131717e-84   3.0000000000e+02  -2.1502453731e-05   3.1012015062e-36   2.0124628062e-66   1.0732640281e-51   5.2773607378e-85   2.7950643393e-58   2.3300000000e-01   4.6389792217e-57   4.1512618169e-43   3.8872639842e-53  2.1856781743e-102  1.1491895809e-109   1.2697187743e-72   1.9397620889e-70   5.9828060913e-60   5.7060085527e-44   6.5895802909e-93   3.6517658415e-65  8.1670371780e-131   7.6700000000e-01   1.9075768848e+03
  -5.7569001014e-01  -6.0066122443e-01   1.1719839921e+00   1.8630700790e-05  -6.3755161085e-17  -3.1408221784e-78  -2.1009369079e-79   3.0000000000e+02  -2.1502453731e-05   6.9771040200e-36   5.6222829683e-62   8.5402461956e-48   8.2429988894e-87   5.3245746483e-54   2.3300000000e-01   8.9171723617e-53   7.2351147765e-39   2.6088678071e-55  -2.5544375356e-91   1.7678768303e-97   3.5364239817e-68   5.4469626615e-66   1.8284842633e-55   1.4273291503e-39   1.6623474315e-88   9.2122202874e-61  1.7887089434e-122   7.6700000000e-01   1.9075768848e+03
  -5.2574758158e-01  -5.5071879586e-01   1.1719839921e+00   1.8630700790e-05  -4.4452894222e-18  -1.0619895108e-73  -8.7710802637e-75   3.0000000000e+02  -2.1502453731e-05   9.4977792554e-36   1.3507157732e-57   5.8674556250e-44   4.2265469342e-83   8.7523108649e-50   2.3300000000e-01   1.4795012097e-48   1.0541460942e-34   7.3407152089e-52   8.7797898746e-94  -1.4418844148e-95   8.4960204888e-64   1.3194836697e-61   4.8212938506e-51   2.9822731579e-35   3.5027450545e-84   1.9411258900e-56  6.9805330754e-114   7.6700000000e-01   1.9075768848e+03
  -4.7580515302e-01  -5.0077636730e-01   1.1719839921e+00   1.8630700790e-05   5.0811643803e-18  -3.0372598047e-69  -2.9930462671e-70   3.0000000000e+02  -2.1502453731e-05   1.7445756959e-36   2.7461553789e-53   3.4165185095e-40   4.0792132447e-79   1.2177146357e-45   2.3300000000e-01   2.0785072183e-44   1.2505425373e-30   1.6192508286e-47  -2.4354336422e-85   1.0739087001e-94   1.7273354488e-59   2.7052926392e-57   1.0760464823e-46   5.0674411094e-31   6.0021864108e-80   3.3262481601e-52  1.9601692933e-105   7.6700000000e-01   1.9075768848e+03
  -4.2586272446e-01  -4.5083393874e-01   1.1719839921e+00   1.8630700790e-05  -6.0490423842e-17  -7.1477767263e-65  -8.2130316849e-66   3.0000000000e+02  -2.1502453731e-05   6.9783027837e-36   4.5973734154e-49   1.6420872015e-36   4.9080386780e-75   1.3954076973e-41   2.3300000000e-01   2.4055404430e-40   1.1602148961e-26   2.9413191012e-43   3.2354614405e-84   5.5211088552e-94   2.8917540985e-55   4.5678257737e-53   1.9779332224e-42   6.7207251818e-27   8.0275753670e-76   4.4486636298e-48   3.7475592085e-97   7.6700000000e-01   1.9075768848e+03
  -3.7592029590e-01  -4.0089151018e-01   1.1719839921e+00   1.8630700790e-05  -4.7576691569e-18  -1.3287112836e-60  -1.7532334357e-61   3.0000000000e+02  -2.1502453731e-05   0.0000000000e+00   6.0858859578e-45   6.2679982254e-33   4.2294469913e-70   1.2649492050e-37   2.3300000000e-01   2.2023649221e-36   7.8933266596e-23   4.2240649075e-39  -1.1997371776e-80  -2.3644763588e-84   3.8280305011e-51   6.0999509545e-49   2.8756667441e-38   6.5118946592e-23   7.8432792874e-72   4.3465311460e-44   4.4968920023e-89   7.6700000000e-01   1.9075768848e+03
  -3.2597786734e-01  -3.5094908162e-01   1.1719839921e+00   1.8630700790e-05   1.8780336384e-17  -1.8281864385e-56  -2.7482473728e-57   3.0000000000e+02  -2.1502453731e-05   5.0412123840e-34   5.9750124283e-41   1.7903367305e-29   7.7338703086e-63   8.5120001963e-34   2.3300000000e-01   1.4962166302e-32   3.5171637002e-19   4.4972995772e-35  -2.4417499459e-71   2.6870175916e-75   3.7582898902e-47   6.0439397272e-45   3.1022270993e-34   4.0966510549e-19   4.9794810480e-68   2.7569023801e-40   2.9789680775e-81   7.6700000000e-01   1.9075768848e+03
  -2.7603543878e-01  -3.0100665306e-01   1.1719839921e+00   1.8630700790e-05   3.0616237297e-14  -1.6560275844e-52  -2.8489384023e-53   3.0000000000e+02  -2.1502453730e-05   2.6346267299e-28   3.8834454132e-37   3.4611098134e-26   8.7103272969e-56   3.7989211975e-30   2.3300000000e-01   6.7332218151e-29   8.1097125010e-16   3.1649708808e-31  -1.8238269647e-68   5.1069400823e-71   2.4415209185e-43   3.9666829342e-41   2.2172343944e-30   1.2950994958e-15   8.8159495349e-64   8.7823308246e-37   8.6748035089e-74   7.6700000000e-01   1.9075768848e+03
  -2.2609301022e-01  -2.5106422450e-01   1.1719839920e+00   1.8630700790e-05   1.8490910414e-11  -7.5221544021e-49  -1.5672044809e-49   3.0000000001e+02  -2.1502453488e-05   7.9857323316e-24   2.0147952735e-33   3.7311032645e-23   3.2691681350e-49   8.7657822022e-27   2.3300000000e-01   1.5582539088e-25   4.7455528464e-13   1.1361385012e-27   7.6113630154e-63   3.9356458592e-64   8.1253675325e-40   1.3399364307e-37   8.1686024907e-27   8.0408069638e-13   1.0401447658e-57   5.4594454722e-34   6.6721131210e-67   7.6700000000e-01   1.9075768820e+03
  -1.7615058166e-01  -2.0112179594e-01   1.1719839848e+00   1.8630700875e-05   3.2209107555e-09  -3.0426879885e-46  -2.6973980523e-46   3.0000000185e+02  -2.1502411534e-05   1.4504171098e-20   1.1838249840e-28   1.5291666914e-20   5.3011953586e-44   3.7042499984e-24   2.3299999982e-01   5.9896987763e-23   8.1925201001e-11   6.0464384426e-25   1.5726858002e-57   8.1102807590e-59   4.3558969436e-37   8.0796068480e-35   5.6460000576e-24   1.4117362322e-10   7.0222225312e-53   9.5886588556e-32   1.3755496744e-61   7.6699999996e-01   1.9075763895e+03
  -1.2620815313e-01  -1.5117936738e-01   1.1719836837e+00   1.8630704432e-05   1.3723892443e-07  -5.8729360006e-43  -1.7449319123e-42   3.0000007873e+02  -2.1500655199e-05   2.0208220758e-17   1.6110569702e-22   1.1256002825e-17   7.0744234763e-38   4.9916247909e-21   2.3299999241e-01   6.9723708952e-20   3.4898438786e-09   1.6065760187e-21   4.5209945312e-51   2.3320023004e-52   1.0759568040e-33   2.2667208645e-31   1.9379043576e-20   6.0203599338e-09   3.4933416819e-48   4.0941131049e-30   3.9550418363e-55   7.6699999808e-01   1.9075557308e+03
  -8.8791867574e-02  -1.0123693888e-01   1.1719762903e+00   1.8630791752e-05   3.4132811077e-06  -8.0471305623e-40  -5.8855417440e-39   3.0000196604e+02  -2.1457659046e-05   3.3157212367e-14   1.8747386397e-16   6.6603755078e-15   7.9400551145e-32   5.7551867058e-18   2.3299981088e-01   7.6305257296e-17   8.7188799372e-08   3.1768851768e-18   8.9332230910e-45   4.6172416327e-46   1.9466642112e-30   4.3834469003e-28   4.3657609810e-17   1.4941999640e-07   1.1313897839e-43   1.1580227423e-28   7.8285014990e-49   7.6699995251e-01   1.9070563988e+03
  -7.0124255908e-02  -7.6346796272e-02   1.1718465751e+00   1.8632323853e-05   6.0611397980e-05  -4.6389595207e-38  -4.8378353650e-36   3.0003507963e+02  -2.0706692677e-05   4.4545065637e-12   1.4967756295e-11   1.0771764980e-12   6.0378838021e-27   1.6702794042e-15   2.3299664035e-01   2.1176997489e-14   1.5568655496e-06   1.5323384210e-15   1.0882006895e-39   5.6283159486e-41   8.5506900660e-28   2.0650008573e-25   2.4171107525e-14   2.6383653166e-06   3.6170386043e-39   1.1546519873e-26   9.5481937170e-44   7.6699916441e-01   1.8985219549e+03
  -5.7679146915e-02  -6.3901715545e-02   1.1707733711e+00   1.8645009452e-05   5.3331664298e-04   6.4580951684e-35  -8.5806002719e-34   3.0030931904e+02  -1.4496833546e-05   2.1904644262e-10   4.7209441534e-08   4.3309642629e-11   1.7883641591e-23   9.4511666391e-14   2.3297042305e-01   1.1314810424e-12   1.3727988993e-05   1.3973285944e-13  -1.1854556078e-34  -8.0151660987e-34   6.9877840324e-26   1.8875086864e-23   2.7593363738e-12   2.3167097964e-05   4.3146636523e-35   1.2379457866e-24  -1.3620448580e-37   7.6699268182e-01   1.8286069846e+03
  -4.7723727291e-02  -5.1456578285e-02   1.1646467968e+00   1.8717760670e-05   3.2417426378e-03   3.9147366843e-33  -5.7865687584e-32   3.0188447026e+02   2.1141117421e-05   1.1394572711e-08   2.5619811001e-05   8.4781048956e-10   9.0600916312e-21   2.1650124807e-12   2.3281996824e-01   2.5245076645e-11   8.3660955587e-05   5.0048264741e-12   3.2647620035e-33   1.7014704981e-34   2.1739249266e-24   6.7381054683e-22   1.2942313413e-10   1.4071085835e-04   8.8821308881e-32   5.6210016843e-23   2.9933518885e-37   7.6695565894e-01   1.4302284068e+03
  -4.2123885167e-02  -4.3990876298e-02   1.1431952610e+00   1.8977048307e-05   1.2921412107e-02  -1.2967357165e-31  -1.1528844714e-30   3.0753194645e+02   1.4875364183e-04   1.5747955856e-07   2.0559562946e-03   8.0105061251e-09   7.0590848502e-19   1.8730178346e-11   2.3228125391e-01   2.2745153624e-10   3.3522100869e-04   6.3347429935e-11   3.0666596079e-31   1.6342216309e-32   2.3353119131e-23   8.4483321774e-21   2.2964340555e-09   5.5984494195e-04   1.0037187638e-28   8.3801688948e-22   3.2046027863e-35   7.6682366952e-01   1.4958798233e+01
  -3.8387321620e-02  -4.0256894036e-02   1.0942396542e+00   1.9596614444e-05   3.5647220635e-02  -2.0040153202e-29  -2.4557490151e-29   3.2123889372e+02   4.5386246825e-04   2.8825841302e-06   1.0994693034e-01   5.6183354024e-08   3.5350825917e-17   1.2099358900e-10   2.3099351020e-01   1.7069564194e-09   9.6275438548e-04   7.6167572809e-10   1.9512861230e-29   1.0935964304e-30   2.1199555602e-22   9.8946909020e-20   4.7915545907e-08   1.5298557314e-03   1.0629003067e-25   1.3323836509e-20   2.7494201433e-33   7.6651377299e-01  -3.2013255925e+03
  -3.5689555767e-02  -3.6517749204e-02   9.6127278031e-01   2.1508822872e-05   1.0457346184e-01  -7.5243491557e-28  -3.4563468874e-28   3.6541832084e+02   1.4076178519e-03   4.9904776463e-05   4.9346358590e+00   2.6913599390e-07   2.1933277139e-15   8.4155735604e-10   2.2696889578e-01   1.2985075912e-08   3.1343638646e-03   7.9975378795e-09  -3.6156446732e-25   1.0871398599e-28   1.7621990023e-21   9.5923730608e-19   7.5457211462e-07   4.3637459443e-03   1.1198242959e-22   1.7606526468e-19   5.7318492125e-31   7.6553194888e-01  -1.2698834404e+04
  -3.4439069097e-02  -3.4861362331e-02   8.0742519614e-01   2.4282136155e-05   2.0139310185e-01  -7.9071529786e-27  -9.3193740111e-28   4.3439202539e+02   2.8365364117e-03   2.6405673802e-04   4.7727651590e+01   4.6186494458e-07   4.7661555831e-14   4.1122823837e-09   2.2093931014e-01   4.7840154600e-08   6.8914033593e-03   3.2169892903e-08  -1.1431665768e-24   7.0562220615e-28   5.4937894259e-21   2.6625158489e-18   3.7810127497e-06   8.1510881050e-03   1.2805934554e-20   7.0836058099e-19  -2.6867751895e-27   7.6401387140e-01  -2.5857653276e+04
  -3.3742483495e-02  -3.4016775863e-02   6.9512008840e-01   2.6870151759e-05   2.9437247309e-01  -2.6427525531e-26   1.3811202873e-27   5.0374521543e+02   4.3118098272e-03   7.0851275266e-04   1.8948613243e+02   5.7234845682e-07   3.8681568674e-13   1.2424389745e-08   2.1471389742e-01   1.1616343555e-07   1.0825876322e-02   7.2858053038e-08   3.6543813901e-26   2.9640335970e-27   1.0026046695e-20   3.4287818658e-18   7.7979742764e-06   1.1893619104e-02   2.1516669671e-19   1.2176191345e-18   6.2201275752e-29   7.6255803538e-01  -3.9333726937e+04
  -3.3239820943e-02  -3.3468191127e-02   6.1492218877e-01   2.9146826397e-05   3.7718298333e-01  -5.0862321978e-26   7.4788604323e-27   5.6853882187e+02   5.7501515356e-03   1.4172578610e-03   5.3280365764e+02   6.4802654660e-07   1.9126342548e-12   2.8724271125e-08   2.0864407745e-01   2.3620235409e-07   1.4601913428e-02   1.3100515904e-07   1.0516840800e-25  -1.9974306604e-24   1.5062774833e-20   3.6138423871e-18   1.1798397478e-05   1.5474098332e-02   1.5862579457e-18   1.7408744657e-18  -3.6535122854e-28   7.6126706843e-01  -5.2697048608e+04
  -3.2814081550e-02  -3.3011450760e-02   5.5006317269e-01   3.1354583664e-05   4.5976096766e-01  -7.8979340676e-26   1.7282001283e-26   6.3456461802e+02   7.2742571427e-03   2.4973798980e-03   1.3502389293e+03   7.0792049506e-07   7.9672286664e-12   6.0669734222e-08   2.0221202069e-01   4.5854004132e-07   1.8468980372e-02   2.1679727503e-07   2.6318226894e-25  -5.4467979454e-24   2.0664392006e-20   3.4598221826e-18   1.5907775710e-05   1.9301968385e-02   8.7080788124e-18   2.5416926703e-18  -2.4040863731e-27   7.5999967884e-01  -6.6722556285e+04
  -3.2441024528e-02  -3.2616712341e-02   4.9759996725e-01   3.3461996634e-05   5.4088288142e-01  -1.1319795357e-25   2.9309198120e-26   7.0038593630e+02   8.8547420504e-03   3.9498657247e-03   3.1821409588e+03   7.5742004922e-07   2.9045559912e-11   1.2042845024e-07   1.9554169081e-01   8.6059494977e-07   2.2336917218e-02   3.3630903276e-07   6.0008714180e-25  -1.2957387721e-23   2.6181478385e-20   3.1031006469e-18   1.9975222333e-05   2.3337557420e-02   3.8876905321e-17   3.9614733716e-18  -9.1104352524e-27   7.5876178455e-01  -8.1249561761e+04
  -3.2109955119e-02  -3.2265336715e-02   4.5516247910e-01   3.5440956215e-05   6.1882784073e-01  -1.4375601292e-25   3.9718186357e-26   7.6457104995e+02   1.0452298172e-02   5.7354996232e-03   7.0595226211e+03   8.0023559645e-07   9.4335256691e-11   2.2886438454e-07   1.8879893692e-01   1.5710281565e-06   2.6117349488e-02   4.9253838047e-07   1.1842455542e-24   1.0811830295e-25   3.0710770268e-20   2.6425559742e-18   2.3907407534e-05   2.7489548705e-02   1.4747270214e-16   6.5384119257e-18   1.1392410216e-26   7.5756716472e-01  -9.5835995269e+04
  -3.1808743088e-02  -3.1954573522e-02   4.2022605540e-01   3.7303290781e-05   6.9354796411e-01  -1.8046383779e-25   5.1386166346e-26   8.2699568405e+02   1.2060969934e-02   7.8459430866e-03   1.4806827615e+04   8.4056757375e-07   2.7680287608e-10   4.2215876648e-07   1.8200882683e-01   2.8044910050e-06   2.9812140355e-02   6.8446110404e-07   2.4016422713e-24  -5.1675327668e-23   3.3537925078e-20   2.1430971922e-18   2.7750221673e-05   3.1742397026e-02   4.9067232759e-16   1.1115195825e-17  -9.5933745308e-27   7.5640413361e-01  -1.1056299496e+05
  -3.1524232525e-02  -3.1662912654e-02   3.9028846174e-01   3.9106873440e-05   7.6691201099e-01  -2.2114590778e-25   6.3931010459e-26   8.8924863916e+02   1.3715725586e-02   1.0349979798e-02   2.9926273660e+04   8.8379221953e-07   7.5973401434e-10   7.7411487690e-07   1.7502359881e-01   4.9890580802e-06   3.3508811005e-02   9.1033514893e-07   4.3063505601e-24  -9.4076660078e-23   3.3874797949e-20   1.6391732493e-18   3.1681981218e-05   3.6191504546e-02   1.5008119230e-15   1.9201516868e-17   8.9564220452e-26   7.5523684560e-01  -1.2564636514e+05
  -3.1252662919e-02  -3.1385552395e-02   3.6434351123e-01   4.0858694785e-05   8.3892369906e-01  -2.6808615475e-25   7.5034318662e-26   9.5135170392e+02   1.5415503339e-02   1.3266166053e-02   5.7902941878e+04   9.3651542192e-07   1.9488109527e-09   1.4083350575e-06   1.6784744255e-01   8.8187787655e-06   3.7208608191e-02   1.1570955163e-06   7.1156051797e-24  -1.6348437074e-22   3.1343404604e-20   1.1712982334e-18   3.5863398847e-05   4.0837928209e-02   4.2411163938e-15   3.2915712750e-17   2.5663717704e-25   7.5405783498e-01  -1.4110579252e+05
  -3.0991790898e-02  -3.1119773443e-02   3.4167689387e-01   4.2561422306e-05   9.0946657135e-01  -3.2034666421e-25   8.5626727076e-26   1.0132127757e+03   1.7156571510e-02   1.6620941542e-02   1.0681340530e+05   1.0095330707e-06   4.6789347729e-09   2.5238313225e-06   1.6049566037e-01   1.5378271794e-05   4.0906421531e-02   1.4101518436e-06  -1.3733109878e-21   9.1475137795e-25   2.6310604769e-20   7.7515560047e-19   4.0563459793e-05   4.5674357855e-02   1.1144271191e-14   5.5350564062e-17  -6.6925978389e-26   7.5286267032e-01  -1.5698850972e+05
  -3.0739911148e-02  -3.0863808352e-02   3.2173168499e-01   4.4217310451e-05   9.7845522366e-01  -3.8043971101e-25   9.7461023883e-26   1.0747495543e+03   1.8935887267e-02   2.0427831591e-02   1.8814588807e+05   1.1210087174e-06   1.0581367305e-08   4.4242232299e-06   1.5298047420e-01   2.6246721481e-05   4.4598292908e-02   1.6626546548e-06   1.2818786107e-23   1.1092230112e-24   1.9997092294e-20   4.7574019596e-19   4.6236725791e-05   5.0694009939e-02   2.7555616104e-14   9.2081965640e-17   2.2893966172e-24   7.5164752103e-01  -1.7338242929e+05
  -3.0496291940e-02  -3.0616013944e-02   3.0410652006e-01   4.5824608090e-05   1.0456702716e+00  -4.3566417010e-25   1.0930243815e-25   1.1357465915e+03   2.0746552366e-02   2.4671792163e-02   3.1790334637e+05   1.3006791853e-06   2.2705171870e-08   7.5472621461e-06   1.4533025489e-01   4.3533260373e-05   4.8271789491e-02   1.9173927061e-06   1.5869209967e-23   1.3448436696e-24   1.4639156377e-20   2.8434765059e-19   5.3615902094e-05   5.5877799751e-02   6.5023934532e-14   1.5538068711e-16   7.1396990634e-24   7.5041221867e-01  -1.9026004946e+05
  -3.0260334430e-02  -3.0376569937e-02   2.8847551297e-01   4.7381255221e-05   1.1109263751e+00  -4.7598786695e-25   1.2044839293e-25   1.1959835757e+03   2.2582029728e-02   2.9336732286e-02   5.1748321844e+05   1.5953152160e-06   4.6495594248e-08   1.2489086529e-05   1.3757185387e-01   6.9840883190e-05   5.1915374829e-02   2.1812227009e-06   2.2477466016e-23   1.8617927181e-24   1.2608650276e-20   2.0134051733e-19   6.3862413696e-05   6.1205423113e-02   1.4846550712e-13   2.7379570936e-16   2.3156357351e-23   7.4915733277e-01  -2.0759681039e+05
  -3.0029951874e-02  -3.0144098923e-02   2.7447539224e-01   4.8895806165e-05   1.1745244315e+00  -4.8944431529e-25   1.3089720530e-25   1.2556671864e+03   2.4449514275e-02   3.4443168379e-02   8.1672356154e+05   2.0799885055e-06   9.1684687048e-08   2.0083665400e-05   1.2967425907e-01   1.0850775180e-04   5.5543533755e-02   2.4613625829e-06  -6.7280886717e-21   4.7565322492e-24   1.8374939220e-20   2.4109107069e-19   7.8903511000e-05   6.6695138936e-02   3.3388031318e-13   5.1622429904e-16   7.9149753738e-23   7.4787494027e-01  -2.2549938145e+05
  -2.9803384630e-02  -2.9915804825e-02   2.6182910545e-01   5.0375220011e-05   1.2367371965e+00  -5.1949873470e-25   1.4003735645e-25   1.3149719486e+03   2.6356690543e-02   4.0008243694e-02   1.2557474795e+06   2.8733114362e-06   1.7530702730e-07   3.1452127116e-05   1.2160484413e-01   1.6364295798e-04   5.9168593382e-02   2.7615410619e-06  -2.5931032114e-20   1.8416092500e-23   4.5752168412e-20   5.1293004258e-19   1.0188592705e-04   7.2366415129e-02   7.5036522060e-13   1.0520202009e-15   2.8635426728e-22   7.4655735619e-01  -2.4407457203e+05
  -2.9579918268e-02  -2.9690964435e-02   2.5037152929e-01   5.1818582986e-05   1.2975711571e+00  -5.9073821879e-25   1.4929328659e-25   1.3737754886e+03   2.8304010603e-02   4.6011479070e-02   1.8816183954e+06   4.1526412645e-06   3.2548063746e-07   4.7933415127e-05   1.1336272609e-01   2.3968966664e-04   6.2786735448e-02   3.0779188235e-06   1.0466309114e-21   8.0526673084e-23   1.5466343416e-19   1.5341726133e-18   1.3774862834e-04   7.8215299556e-02   1.6932652609e-12   2.2974932506e-15   1.0860431732e-21   7.4520231116e-01  -2.6339355777e+05
  -2.9358824825e-02  -2.9468872101e-02   2.3996849699e-01   5.3224029288e-05   1.3570613656e+00  -6.8476316346e-25   1.5737087801e-25   1.4319206011e+03   3.0292703857e-02   5.2415119232e-02   2.7460800638e+06   6.1797658249e-06   5.8703574567e-07   7.1026030683e-05   1.0494594881e-01   3.4120812143e-04   6.6393544297e-02   3.4006721049e-06   6.8630898313e-21   5.1319050723e-22   6.8088322254e-19   5.8422750470e-18   1.9426018977e-04   8.4236582146e-02   3.8333004839e-12   5.2805049543e-15   4.2931747080e-21   7.4380726293e-01  -2.8356417993e+05
  -2.9139311192e-02  -2.9248777549e-02   2.3051113589e-01   5.4588603411e-05   1.4152786696e+00  -1.0892840686e-24   1.6328897670e-25   1.4892073250e+03   3.2324986043e-02   5.9152903515e-02   3.8993692242e+06   9.3319288721e-06   1.0285227391e-06   1.0221762376e-04   9.6352131301e-02   4.7236105238e-04   6.9984040124e-02   3.7144635402e-06  -7.1808074632e-18   5.2617299154e-21   3.8966490045e-18   2.8017998248e-17   2.8344884984e-04   9.0422745216e-02   8.6615958409e-12   1.2512008948e-14   1.8055064595e-20   7.4236898091e-01  -3.0474252620e+05
  -2.8920464065e-02  -2.9029844835e-02   2.2191148603e-01   5.5908107947e-05   1.4723377711e+00  -1.1181585760e-24   1.6863005661e-25   1.5453847066e+03   3.4404326329e-02   6.6120742307e-02   5.3807801309e+06   1.4141551647e-05   1.7505146672e-06   1.4270673070e-04   8.7579458336e-02   6.3621081204e-04   7.3552780788e-02   3.9993652090e-06  -7.4021287160e-17   5.3212383505e-20   2.6877736771e-17   1.6966325041e-16   4.2357897393e-04   9.6762337417e-02   1.9398709990e-11   3.0012343711e-14  -1.0038280235e-19   7.4088303549e-01  -3.2714514656e+05
  -2.8701165065e-02  -2.8811083295e-02   2.1409841867e-01   5.7177047629e-05   1.5284113201e+00  -1.3596483502e-24   1.7296076633e-25   1.6001471578e+03   3.6536024714e-02   7.3168735236e-02   7.2067049087e+06   2.1348948922e-05   2.8949287211e-06   1.9301637189e-04   7.8627085497e-02   8.3386404714e-04   7.7094365551e-02   4.2319862385e-06   6.6629856826e-18   4.5555371623e-19   2.2858919163e-16   1.3065995646e-15   6.4188671587e-04   1.0323827141e-01   4.2784402079e-11   7.2036966164e-14   5.5919801625e-19   7.3934303450e-01  -3.5106423063e+05
  -2.8479942144e-02  -2.8591246834e-02   2.0701346363e-01   5.8388732822e-05   1.5837570323e+00  -1.6304266991e-24   1.7589984271e-25   1.6531388428e+03   3.8728452337e-02   8.0097091022e-02   9.3570714593e+06   3.1982597443e-05   4.6554870217e-06   2.5250777001e-04   6.9493814433e-02   1.0634967784e-03   8.0604670943e-02   4.3865266413e-06  -1.6555666757e-14   1.1516132094e-17   2.7654816400e-15   1.2797935502e-14   9.7851506039e-04   1.0982663326e-01   9.2524155922e-11   1.7497390278e-13  -1.3324764322e-16   7.3773933688e-01  -3.7689045775e+05
  -2.8254767318e-02  -2.8368637454e-02   2.0060818962e-01   5.9535232116e-05   1.6387525302e+00  -1.8669034511e-24   1.7843574339e-25   1.7039534046e+03   4.0994862838e-02   8.6655136891e-02   1.1757107113e+07   4.7494880856e-05   7.2895481432e-06   3.1876453890e-04   6.0176319541e-02   1.3191361570e-03   8.4082195691e-02   4.4351884424e-06   1.7690037208e-15   1.1686731855e-16   3.4632441921e-14   1.5920704959e-13   1.4926665644e-03   1.1649446279e-01   1.9591181607e-10   4.6435908207e-13   1.0251371622e-16   7.3605723490e-01  -4.0514319051e+05
  -2.8022731696e-02  -2.8140897181e-02   1.9484301877e-01   6.0607035295e-05   1.6939497616e+00  -2.0804029934e-24   1.8315896215e-25   1.7521234692e+03   4.3356355848e-02   9.2542750598e-02   1.4256592972e+07   7.0018038580e-05   1.1131296125e-05   3.8674718985e-04   5.0666554730e-02   1.5889289494e-03   8.7529646764e-02   4.3472086456e-06   4.2384088058e-14   2.7175397070e-15   6.3851555915e-13   2.5545784435e-12   2.2733213809e-03   1.2319515484e-01   4.0689059733e-10   2.2198555235e-12   2.4111611499e-15   7.3427414919e-01  -4.3651602803e+05
  -2.7779383539e-02  -2.7904566211e-02   1.8968527740e-01   6.1592613201e-05   1.7501917149e+00  -2.3016413921e-24   1.9296185151e-25   1.7971104157e+03   4.5847984176e-02   9.7413893008e-02   1.6583529110e+07   1.0290290462e-04   1.6600457580e-05   4.4738150368e-04   4.0945774887e-02   1.8518499489e-03   9.0957347982e-02   4.0859847360e-06   1.3151477188e-12   8.1392895662e-14   1.5527483818e-11   5.3184690889e-11   3.4611190714e-03   1.2985871547e-01   8.3417574914e-10   3.3398235745e-11   7.3434416560e-14   7.3235422086e-01  -4.7194973724e+05
  -2.7517419907e-02  -2.7654200868e-02   1.8510811374e-01   6.2477070595e-05   1.8088387470e+00  -2.5243575971e-24   2.0360220895e-25   1.8382648509e+03   4.8530644191e-02   1.0085723994e-01   1.8259149350e+07   1.5199521165e-04   2.4167291469e-05   4.8466089333e-04   3.0980382784e-02   2.0699018517e-03   9.4388497405e-02   3.6030818400e-06   5.4101484284e-11   3.2074763634e-12   5.1152856639e-10   1.4617404778e-09   5.3002118127e-03   1.3635769257e-01   1.7427445947e-09   9.7546059643e-10   2.9100397023e-12   7.3023888235e-01  -5.1270233277e+05
  -2.7223832577e-02  -2.7380638947e-02   1.8108706702e-01   6.3238877345e-05   1.8722500954e+00  -2.7220827669e-24   1.9116847140e-25   1.8747298548e+03   5.1515846122e-02   1.0216610748e-01   1.8502342490e+07   2.2928641928e-04   3.4019724799e-05   4.6850806541e-04   2.0746838523e-02   2.1643289324e-03   9.7866476891e-02   2.8310609955e-06   2.9642692460e-09   1.6724536487e-10   2.3490028393e-08   5.4476427156e-08   8.2862164498e-03   1.4236923513e-01   5.4299308999e-09   3.8488061972e-08   1.5011056296e-10   7.2783213364e-01  -5.6012614917e+05
  -2.6866601541e-02  -2.7067026207e-02   1.7751749840e-01   6.3852095272e-05   1.9462134413e+00  -2.9571131694e-24   1.5287087826e-25   1.9057512226e+03   5.5079672369e-02   9.9825911440e-02   1.9394207414e+07   3.6999606709e-04   4.3688797014e-05   3.3408745422e-04   1.0309509285e-02   1.9159544563e-03   1.0149525982e-01   1.6950742622e-06   1.9779195384e-07   1.0600804776e-08   1.5293467132e-06   2.9165843286e-06   1.3790179545e-02   1.4679129344e-01   8.6483199678e-08   1.7624536820e-06   9.2109914912e-09   7.2494182358e-01  -6.1380455523e+05
  -2.6308543166e-02  -2.6666176875e-02   1.7423349624e-01   6.4160695339e-05   2.0555784585e+00  -4.1133964579e-24   3.6710821811e-25   1.9265334560e+03   6.0388518044e-02   1.2141356234e-01   2.5720362503e+07   7.7456240688e-04   1.9557843711e-05   1.7307178554e-05   1.5559167036e-03   4.2643977377e-04   1.0482491894e-01   3.5838110473e-07   5.9762918722e-06   2.7406416641e-07   1.3555188265e-04   2.6733485976e-04   2.7786943139e-02   1.4320145240e-01   5.7561116401e-07   5.0986359100e-05   2.1305017304e-07   7.2093163111e-01  -6.4806027357e+05
  -2.5577214880e-02  -2.5950909457e-02   1.7881630602e-01   6.2377300343e-05   2.1862185439e+00  -4.3188915132e-24   3.3837880607e-25   1.8602445386e+03   6.9245001475e-02   1.8369773825e-01   2.0576186049e+06   1.0008020448e-03   2.3817494171e-06   1.8363042555e-07   5.9544185103e-04   3.3044574234e-05   1.0327067182e-01   9.9749812502e-08   2.6094397979e-06   1.0691234139e-07   6.1675461639e-04   7.4692028158e-03   3.4830154299e-02   1.3765296766e-01   1.3426509296e-07   8.7141164431e-05   8.7524684625e-08   7.1443821588e-01  -6.9523909208e+05
  -2.4932188753e-02  -2.5203520303e-02   1.8411920947e-01   6.0544716658e-05   2.2917608386e+00  -4.1960554192e-24   2.8180735920e-25   1.7927289315e+03   7.8698420543e-02   2.3387102288e-01  -8.7608905013e+05   1.0799356034e-03   1.1709521818e-06   3.6198185611e-08   3.8344519401e-04   1.2818724568e-05   1.0129288180e-01   5.2823160201e-08   1.2553679578e-06   4.6790463856e-08   6.6422423262e-04   1.6822660030e-02   3.7653103292e-02   1.3475058886e-01   6.2452048765e-08   6.4785212042e-05   4.1615031800e-08   7.0727289085e-01  -7.5350524563e+05
  -2.4412685271e-02  -2.4660857204e-02   1.8852975279e-01   5.9058647539e-05   2.3724512760e+00  -4.0830501400e-24   2.7671963019e-25   1.7393437692e+03   8.7284516594e-02   2.7363372455e-01  -6.8128944568e+05   1.1140538215e-03   7.6873502875e-07   1.4552897250e-08   3.1238242202e-04   7.1084751770e-06   9.9655283698e-02   3.9171058432e-08   7.6338330727e-07   2.6324046637e-08   6.5212502092e-04   2.5637052312e-02   3.9072286346e-02   1.3278856183e-01   3.8061394723e-08   4.9757405108e-05   2.5314299867e-08   7.0070971313e-01  -8.0311230803e+05
  -2.3914360427e-02  -2.4164513338e-02   1.9284146522e-01   5.7626813630e-05   2.4463626245e+00  -3.9867918836e-24   2.8844867867e-25   1.6890279145e+03   9.6413963007e-02   3.1653119320e-01  -3.2976609992e+05   1.1304576558e-03   5.1444486226e-07   6.6924531164e-09   2.8122665873e-04   4.0847878032e-06   9.8060071555e-02   3.1945188085e-08   4.4614845441e-07   1.4242255994e-08   5.9561443718e-04   3.5184990415e-02   3.9984777879e-02   1.3101293802e-01   2.2823296330e-08   3.7200958259e-05   1.4892971961e-08   6.9370758645e-01  -8.5277406552e+05
  -2.3409239698e-02  -2.3664207515e-02   1.9731948428e-01   5.6159837638e-05   2.5181442776e+00  -3.8827496458e-24   3.1176509492e-25   1.6384906698e+03   1.0663171559e-01   3.6455663511e-01  -7.5173886120e+04   1.1369784736e-03   3.3721994926e-07   3.1937789031e-09   2.6730970814e-04   2.2965941654e-06   9.6412969876e-02   2.7101933708e-08   2.4070032124e-07   7.0806060808e-09   5.1080783965e-04   4.5972748584e-02   4.0630159486e-02   1.2918195128e-01   1.2911653006e-08   2.6781179051e-05   8.1417668905e-09   6.8585736063e-01  -9.0545837048e+05
  -2.2898163279e-02  -2.3154271880e-02   2.0200043742e-01   5.4650665569e-05   2.5880958726e+00  -3.7548334296e-24   3.4522502991e-25   1.5874286831e+03   1.1802978247e-01   4.1767983681e-01   6.4090242138e+04   1.1377130679e-03   2.1684119250e-07   1.5651883174e-09   2.6268075569e-04   1.2574051476e-06   9.4704641150e-02   2.3547273353e-08   1.2102468597e-07   3.2620808202e-09   4.1657691816e-04   5.8056545867e-02   4.1101475953e-02   1.2721256321e-01   6.9857170567e-09   1.8801351240e-05   4.1794857797e-09   6.7708736692e-01  -9.6163233545e+05
  -2.2386936474e-02  -2.2642054678e-02   2.0687226758e-01   5.3110261073e-05   2.6560340665e+00  -3.6058484638e-24   3.8613808850e-25   1.5361591962e+03   1.3057483541e-01   4.7557830301e-01   1.1782752983e+05   1.1352946455e-03   1.3837724333e-07   7.9527954133e-10   2.6424273654e-04   6.7642396512e-07   9.2942166238e-02   2.0907959781e-08   5.8164960539e-08   1.4282369727e-09   3.2836984514e-04   7.1374511612e-02   4.1442096735e-02   1.2508319019e-01   3.7332283712e-09   1.3147751181e-05   2.0683213086e-09   6.6741607835e-01  -1.0213073683e+06
  -2.1878770756e-02  -2.2131818270e-02   2.1193415439e-01   5.1545952989e-05   2.7222675138e+00  -3.4386036695e-24   4.3048382846e-25   1.4848816937e+03   1.4426531197e-01   5.3821581631e-01   1.2181880638e+05   1.1311830701e-03   8.8689333827e-08   4.2281075396e-10   2.7091751194e-04   3.6118172129e-07   9.1126548421e-02   1.9026807812e-08   2.7441134020e-08   6.1014994674e-10   2.5428391740e-04   8.5911950471e-02   4.1669169136e-02   1.2279117213e-01   2.0410203331e-09   9.3614480137e-06   1.0144759821e-09   6.5683491347e-01  -1.0847351955e+06
  -2.1375017585e-02  -2.1625723241e-02   2.1719348699e-01   4.9962254261e-05   2.7874342260e+00  -3.2749454414e-24   4.7316339473e-25   1.4337096489e+03   1.5913209206e-01   6.0559040138e-01   1.0360403903e+05   1.1260430166e-03   5.7679734020e-08   2.3622803998e-10   2.8218156370e-04   1.9313776126e-07   8.9254915682e-02   1.7827868445e-08   1.3008888218e-08   2.6023298823e-10   1.9618024742e-04   1.0169802480e-01   4.1786108367e-02   1.2033873435e-01   1.1777175325e-09   6.9210278684e-06   5.0544300803e-10   6.4531060711e-01  -1.1523347450e+06
  -2.0875720842e-02  -2.1124311928e-02   2.2266624274e-01   4.8361097182e-05   2.8523932120e+00  -3.0881558992e-24   5.0835282704e-25   1.3826777065e+03   1.7523989870e-01   6.7775169019e-01   7.9895080737e+04   1.1200927692e-03   3.8325229719e-08   1.3846909463e-10   2.9746334231e-04   1.0400033226e-07   8.7321319771e-02   1.7296503088e-08   6.2982103928e-09   1.1254921228e-10   1.5231045366e-04   1.1880276153e-01   4.1790537947e-02   1.1772444182e-01   7.3303559488e-10   5.3918761946e-06   2.6037733963e-10   6.3278551332e-01  -1.2246541050e+06
  -2.0380177343e-02  -2.0627129755e-02   2.2837664284e-01   4.6742573922e-05   2.9181386655e+00  -2.9154951386e-24   5.3037868251e-25   1.3317641528e+03   1.9268308518e-01   7.5473031656e-01   5.8604532798e+04   1.1133325540e-03   2.6088574054e-08   8.4619491853e-11   3.1602036280e-04   5.6464253782e-08   8.5317490964e-02   1.7488234373e-08   3.1378775799e-09   4.9694565773e-11   1.1964460374e-04   1.3732942456e-01   4.1677795263e-02   1.1494070195e-01   4.9700179532e-10   4.4627063086e-06   1.4002968930e-10   6.1918102309e-01  -1.3023351119e+06
  -1.9887340836e-02  -2.0133224931e-02   2.3435668925e-01   4.5105752585e-05   2.9857435167e+00  -2.7446564517e-24   5.3496561936e-25   1.2809155426e+03   2.1157995657e-01   8.3641201140e-01   4.2158596517e+04   1.1056658415e-03   1.8180798862e-08   5.3440561537e-11   3.3699515695e-04   3.0831562580e-08   8.3233308067e-02   1.8535780624e-08   1.6089621118e-09   2.2379338561e-11   9.5229376704e-05   1.5740685074e-01   4.1442086880e-02   1.1197419184e-01   3.6655640310e-10   3.9267417181e-06   7.8867694108e-11   6.0440167568e-01  -1.3860859494e+06
  -1.9396050593e-02  -1.9641456740e-02   2.4064594861e-01   4.3449364641e-05   3.0563247639e+00  -2.5702136318e-24   5.2034813485e-25   1.2300672067e+03   2.3206765867e-01   9.2236723118e-01   3.0344771307e+04   1.0969525327e-03   1.2934768542e-08   3.4553907570e-11   3.5948045669e-04   1.6847395353e-08   8.1056911907e-02   2.0649483642e-08   8.4508497464e-10   1.0217797974e-11   7.6714069012e-05   1.7918343953e-01   4.1076699793e-02   1.0880713767e-01   2.9142493970e-10   3.6497879092e-06   4.6537939753e-11   5.8833896259e-01  -1.4766586475e+06
  -1.8905131087e-02  -1.9150644447e-02   2.4729163802e-01   4.1772342689e-05   3.1310179517e+00  -2.4007569013e-24   4.8774474775e-25   1.1791590095e+03   2.5429778502e-01   1.0116475625e+00   2.2096149871e+04   1.0870250843e-03   9.3614539048e-09   2.2675109970e-11   3.8253633963e-04   9.1556501428e-09   7.8774518938e-02   2.4106457469e-08   4.5155368299e-10   4.6903410146e-12   6.2403261729e-05   2.0282244943e-01   4.0573897964e-02   1.0541861560e-01   2.4668638455e-10   3.5431351505e-06   2.8835188263e-11   5.7087496687e-01  -1.5748250743e+06
  -1.8413410288e-02  -1.8659617728e-02   2.5434909126e-01   4.0074224761e-05   3.2109474319e+00  -2.2272230449e-24   4.4087852363e-25   1.1281467696e+03   2.7843227771e-01   1.1025773287e+00   1.6336913146e+04   1.0756861011e-03   6.8684510895e-09   1.4985179002e-11   4.0516299985e-04   4.9158230131e-09   7.6370005697e-02   2.9210195917e-08   2.4366786814e-10   2.1452465870e-12   5.1128648483e-05   2.2849780833e-01   3.9924742238e-02   1.0178569640e-01   2.1969051755e-10   3.5450864031e-06   1.8929558034e-11   5.5188618301e-01  -1.6813475794e+06
  -1.7919681602e-02  -1.8167202847e-02   2.6188300839e-01   3.8355388791e-05   3.2971855147e+00  -2.0478484637e-24   3.8477438803e-25   1.0770081742e+03   3.0463985471e-01   1.1925315395e+00   1.2250736043e+04   1.0626967516e-03   5.0931396930e-09   9.9052409523e-12   4.2625430861e-04   2.5903555398e-09   7.3824291779e-02   3.6192637751e-08   1.3187343804e-10   9.6901597563e-13   4.2095594762e-05   2.5639051648e-01   3.9118906916e-02   9.7884383670e-02   2.0393108223e-10   3.6096140239e-06   1.3403400736e-11   5.3124720065e-01  -1.7969472829e+06
  -1.7421885455e-02  -1.7672160357e-02   2.6998347967e-01   3.6614441933e-05   3.3908543061e+00  -1.8581966523e-24   3.2438788924e-25   1.0256632521e+03   3.3313618503e-01   1.2782944426e+00   9.2833010593e+03   1.0477378502e-03   3.8054458783e-09   6.5037937041e-12   4.4458376162e-04   1.3292157925e-09   7.1110536599e-02   4.5068363470e-08   7.1052129804e-11   4.2802696871e-13   3.4748323576e-05   2.8673160053e-01   3.8143062936e-02   9.3683952357e-02   1.9615413018e-10   3.6998952291e-06   1.0407337760e-11   5.0880002726e-01  -1.9224752006e+06
  -1.6918408087e-02  -1.7171610553e-02   2.7874774224e-01   3.4852926164e-05   3.4928532703e+00  -1.6529866271e-24   2.6394746023e-25   9.7411740323e+02   3.6411724145e-01   1.3571590409e+00   7.0843047409e+03   1.0304213907e-03   2.8585307101e-09   4.2160770674e-12   4.5870305412e-04   6.5942423834e-10   6.8200015874e-02   5.5463408522e-08   3.7880011701e-11   1.8327847427e-13   2.8712523869e-05   3.1973135543e-01   3.6982454695e-02   8.9156963137e-02   1.9505849021e-10   3.7843245685e-06   8.7736195837e-12   4.8440753035e-01  -2.0585313199e+06
  -1.6408132503e-02  -1.6665205621e-02   2.8828697811e-01   3.3075332090e-05   3.6037823512e+00  -1.4316615361e-24   2.0670830002e-25   9.2244913488e+02   3.9772822020e-01   1.4227699175e+00   5.4301538207e+03   1.0102958326e-03   2.1547409802e-09   2.6831353667e-12   4.6698226698e-04   3.1412164855e-10   6.5064057973e-02   6.6572632233e-08   1.9876514792e-11   7.5467861201e-14   2.3724147952e-05   3.5554619506e-01   3.5623141398e-02   8.4283030370e-02   2.0061434009e-10   3.8345537061e-06   7.6541820111e-12   4.5797866912e-01  -2.2052862867e+06
  -1.5888977748e-02  -1.6151059386e-02   2.9875913227e-01   3.1283862807e-05   3.7242083619e+00  -1.1993246818e-24   1.5487468928e-25   8.7066021298e+02   4.3415276046e-01   1.4677959862e+00   4.1717673774e+03   9.8677879883e-04   1.6258403154e-09   1.6656152770e-12   4.6768939409e-04   1.4247008228e-10   6.1665656298e-02   7.7355274903e-08   1.0198169859e-11   2.9584878206e-14   1.9581447791e-05   3.9437373269e-01   3.4048834514e-02   7.9035246077e-02   2.1379868508e-10   3.8252349677e-06   6.5585696604e-12   4.2939857619e-01  -2.3632367887e+06
  -1.5358365872e-02  -1.5626896111e-02   3.1037561687e-01   2.9480245891e-05   3.8545215215e+00  -9.6537543505e-25   1.0977364067e-25   8.1872930187e+02   4.7357789949e-01   1.4862153248e+00   3.2060652613e+03   9.5914805058e-04   1.2237810585e-09   1.0020343026e-12   4.5904431025e-04   6.0958286184e-11   5.7962254061e-02   8.6730244530e-08   5.0768948801e-12   1.0911426794e-14   1.6130392824e-05   4.3641552620e-01   3.2242356021e-02   7.3385242371e-02   2.3629630146e-10   3.7340498651e-06   5.3811284872e-12   3.9855647628e-01  -2.5328243390e+06
  -1.4812957918e-02  -1.5089835633e-02   3.2342501706e-01   2.7665475168e-05   3.9948413678e+00  -7.4027682496e-25   7.2045313610e-26   7.6660532570e+02   5.1618964041e-01   1.4709381252e+00   2.4562732539e+03   9.2649548349e-04   9.1365547022e-10   5.8109462823e-13   4.3933728620e-04   2.4381634310e-11   5.3904675911e-02   9.3557715895e-08   2.4282364136e-12   3.7307793907e-15   1.3250021939e-05   4.8187250078e-01   3.0185785088e-02   6.7304559894e-02   2.6935259350e-10   3.5425451089e-06   4.2015825245e-12   3.6534975822e-01  -2.7143521263e+06
  -1.4248179733e-02  -1.4536080203e-02   3.3830974558e-01   2.5839581053e-05   4.1448865807e+00  -5.3311283156e-25   4.1906439689e-26   7.1420187381e+02   5.6216093198e-01   1.4137192780e+00   1.8599669444e+03   8.8764925920e-04   6.6916581824e-10   3.2466604860e-13   4.0711499722e-04   9.0632679605e-12   4.9435980152e-02   9.6244475683e-08   1.1012820184e-12   1.1605584576e-15   1.0843873650e-05   5.3093239939e-01   2.7860713236e-02   6.0767679076e-02   3.0987524746e-10   3.2378678092e-06   3.0999376248e-12   3.2969428491e-01  -2.9079242264e+06
  -1.3660349841e-02  -1.3960279263e-02   3.5550163224e-01   2.4010803478e-05   4.3029792251e+00  -3.5361829973e-25   1.9555759387e-26   6.6166977597e+02   6.1138401368e-01   1.3065615380e+00   1.3632325967e+03   8.4128279110e-04   4.7059730245e-10   1.7689080717e-13   3.6170866291e-04   3.1597366493e-12   4.4516027487e-02   9.2253420321e-08   4.6690330104e-13   3.2250183743e-16   8.8396782541e-06   5.8348445765e-01   2.5261910669e-02   5.3791541315e-02   3.4135711704e-10   2.8179513520e-06   2.1163171641e-12   2.9173132072e-01  -3.1122906919e+06
  -1.3045756466e-02  -1.3360420418e-02   3.7558129824e-01   2.2193161746e-05   4.4659432247e+00  -2.1206944134e-25   4.9762557480e-27   6.0932535428e+02   6.6338572890e-01   1.1459930750e+00   9.2067848569e+02   7.8596110030e-04   3.0394654508e-10   9.5076084324e-14   3.0405054944e-04   1.0548428700e-12   3.9134803381e-02   7.8912139019e-08   1.8125476278e-13   7.8252152206e-17   7.1639169819e-06   6.3902887905e-01   2.2404503235e-02   4.6448713943e-02   3.2934753472e-10   2.2990641686e-06   1.2742575705e-12   2.5188354621e-01  -3.3247765136e+06
  -1.2389422421e-02  -1.2731092513e-02   3.9968714814e-01   2.0375897097e-05   4.6319231686e+00  -1.2282633373e-25  -6.2264124477e-27   5.5678045851e+02   7.1812479564e-01   9.3529225622e-01   5.1545352793e+02   7.1916279915e-04   1.6441595046e-10   4.7187628792e-14   2.3634830070e-04   3.2487776359e-13   3.3237962141e-02   5.6519843751e-08   6.0754021671e-14   1.5459466857e-17   5.6942004724e-06   6.9752885410e-01   1.9280060581e-02   3.8754395226e-02   2.4886327886e-10   1.7121615778e-06   6.1141098206e-13   2.1023575356e-01  -3.5448122998e+06
  -1.1655892634e-02  -1.2047752330e-02   4.3005756827e-01   1.8517501028e-05   4.8011651976e+00  -7.5332322561e-26  -3.4562342963e-27   5.0280862155e+02   7.7633355870e-01   6.8486610530e-01   1.9803918224e+02   6.3593742890e-04   6.3733853955e-11   1.7515197859e-14   1.6204361123e-04   7.7148250936e-14   2.6686199217e-02   3.1339260658e-08   1.5240233683e-14   2.0747207387e-18   4.2517459843e-06   7.5977923051e-01   1.5826597849e-02   3.0618011835e-02   1.3045868025e-10   1.1020839668e-06   1.9574614226e-13   1.6628659419e-01  -3.7750464606e+06
  -1.0769564146e-02  -1.1264032939e-02   4.7120341770e-01   1.6543801746e-05   4.9759230499e+00  -3.1909204242e-26  -5.0428741850e-27   4.4532980636e+02   8.3950589483e-01   4.1663571131e-01   3.8814363386e+01   5.2666659569e-04   1.4264114774e-11   3.6906002133e-15   8.7713951138e-05   1.0372888786e-14   1.9255281632e-02   1.2623255079e-08   2.1675052066e-15   1.2961512006e-19   2.6632188943e-06   8.2740170568e-01   1.1906755122e-02   2.1847068192e-02   4.2030853448e-11   5.4112369350e-07   3.2185050752e-14   1.1897159180e-01  -4.0214678610e+06
  -9.4261099925e-03  -1.0275095354e-02   5.4003188931e-01   1.4139027933e-05   5.1747673192e+00  -7.0280273984e-27  -1.0421411605e-27   3.7543874722e+02   9.1506744408e-01   1.3783572919e-01   1.6577167177e+00   3.5744111538e-04   1.0272850177e-12   2.7893541158e-16   2.3571798437e-05   3.1709530855e-16   1.0016612857e-02   3.0931167752e-09   8.1848743640e-17   7.4037563930e-22   8.9337570143e-07   9.0841620935e-01   6.8871266323e-03   1.1497398612e-02   6.2016308857e-12   1.2765440603e-07   1.4320332574e-15   6.2800615507e-02  -4.3168293265e+06
  -7.5013242230e-03  -8.5771246313e-03   5.9885606666e-01   1.2593553713e-05   5.2955994833e+00  -9.6078749100e-28  -1.5551003008e-28   3.3150700122e+02   9.6363496715e-01   1.4215709988e-02   4.5177060895e-02   1.8304231428e-04   7.4358947558e-14   1.8649978093e-17   3.8859069653e-06   6.2115339732e-18   4.0830807828e-03   6.0728667251e-10   7.8200655733e-18   2.2815004359e-24   1.8119861170e-07   9.6068298919e-01   3.2499579736e-03   4.9859696619e-03   1.3803876782e-12   2.0142847768e-08   1.8019320274e-15   2.6810872225e-02  -4.5052153642e+06
  -5.3547298080e-03  -6.4255238147e-03   6.1368719398e-01   1.2258661482e-05   5.3204645733e+00  -1.9228791171e-28  -3.5729660693e-29   3.2211080791e+02   9.7391743647e-01   1.0692107962e-03   6.6227206495e-03   1.2979081500e-04   2.1231033799e-14   3.5974987986e-18   1.0135589140e-06   6.2468145015e-19   2.8297055564e-03   2.0999242011e-10   3.0555292071e-18   1.1982722807e-25   6.1567298567e-08   9.7178582747e-01   2.4491699873e-03   3.6393874129e-03   2.4253617573e-12   5.6272820569e-09   8.5091668126e-15   1.9165037792e-02  -4.5457021701e+06
  -2.1418900063e-03  -4.2839358012e-03   6.3125946219e-01   1.1877330078e-05   5.3518645436e+00  -1.7328664790e-29  -4.3361397905e-30   3.1154665562e+02   9.8599593403e-01   2.4325428448e-04   1.1314221181e-03   7.4917785958e-05   4.7594302000e-15   3.3308691392e-19   1.1623846140e-07   2.0694758875e-20   1.4460356282e-03   3.0352623897e-11   6.2134642362e-19   1.5735055336e-27   9.5504783912e-09   9.8482672074e-01   1.4143860967e-03   1.9854872444e-03   8.4916679523e-12   8.3734368684e-10   1.9312124463e-14   1.0252325838e-02  -4.5923673383e+06
   2.1421251612e-03   1.5578867072e-07   6.3125894979e-01   1.1877340820e-05   5.3518638541e+00   1.5632219972e-30   3.3159604547e-30   3.1154695246e+02   9.8599559696e-01   2.4327872281e-04   1.1316816083e-03   7.4919471405e-05   4.7630381089e-15   3.3363164464e-19   1.1626734093e-07   2.0713685863e-20   1.4460746617e-03   3.0359062304e-11   6.2156475236e-19   1.5742243494e-27   9.5522093644e-09   9.8482635654e-01   1.4144147218e-03   1.9855327851e-03   8.4912440318e-12   8.3749473063e-10   1.9311146001e-14   1.0252575121e-02  -4.5923660290e+06
   5.3548504656e-03   4.2840945337e-03   6.1368727497e-01   1.2258659622e-05   5.3204639160e+00   1.4639923078e-29   2.8065952354e-29   3.2211075601e+02   9.7391749657e-01   1.0693760817e-03   6.6225780343e-03   1.2979109895e-04   2.1231383045e-14   3.5976078870e-18   1.0135404449e-06   6.2468688430e-19   2.8296982107e-03   2.0999258910e-10   3.0558841087e-18   1.1982705473e-25   6.1567117362e-08   9.7178589101e-01   2.4491665275e-03   3.6393781376e-03   2.4251542815e-12   5.6271613977e-09   8.5078476984e-15   1.9164994066e-02  -4.5457023855e+06
   7.5013685681e-03   6.4256063975e-03   5.9885499913e-01   1.2593578622e-05   5.2955961773e+00   1.0790706170e-28   3.7696828269e-29   3.3150770129e+02   9.6363419407e-01   1.4216344355e-02   4.5181655975e-02   1.8304557701e-04   7.4362501134e-14   1.8651103169e-17   3.8860962729e-06   6.2122007161e-18   4.0831734450e-03   6.0732496161e-10   7.8202920508e-18   2.2818721728e-24   1.8120900530e-07   9.6068215574e-01   3.2500192681e-03   4.9860732697e-03   1.3803578906e-12   2.0143805924e-08   1.8014272330e-15   2.6811444641e-02  -4.5052123454e+06
   9.4261152806e-03   8.5771307388e-03   5.4003161625e-01   1.4139036214e-05   5.1747637882e+00   1.4842087271e-27  -3.9313872316e-28   3.7543898341e+02   9.1506717236e-01   1.3783562036e-01   1.6577510423e+00   3.5744156025e-04   1.0272967264e-12   2.7893290983e-16   2.3571943719e-05   3.1709921913e-16   1.0016644968e-02   3.0930843218e-09   8.1880864344e-17   7.4040721200e-22   8.9339025876e-07   9.0841591814e-01   6.8871458811e-03   1.1497437688e-02   6.2016673054e-12   1.2765534966e-07   1.4320538541e-15   6.2800815668e-02  -4.3168283058e+06
   1.0769568160e-02   1.0275099822e-02   4.7120327999e-01   1.6543807718e-05   4.9759224891e+00   1.1322186393e-26  -6.4135963363e-27   4.4532997809e+02   8.3950569254e-01   4.1663681063e-01   3.8814402139e+01   5.2666708379e-04   1.4264025810e-11   3.6904592814e-15   8.7714109746e-05   1.0373484104e-14   1.9255306165e-02   1.2622877010e-08   2.1716017266e-15   1.2963775587e-19   2.6632458189e-06   8.2740148865e-01   1.1906768909e-02   2.1847095457e-02   4.2031090416e-11   5.4112479309e-07   3.2185564534e-14   1.1897174257e-01  -4.0214671031e+06
   1.1655893554e-02   1.1264036497e-02   4.3005751974e-01   1.8517503394e-05   4.8011655993e+00   1.1922228020e-26  -8.0613090465e-27   5.0280869335e+02   7.7633349588e-01   6.8486761652e-01   1.9794762330e+02   6.3593758868e-04   6.3702451247e-11   1.7527727632e-14   1.6204364991e-04   7.7124620729e-14   2.6686206482e-02   3.1339126291e-08   1.5574470426e-14  -5.3403616177e-16   4.2517654425e-06   7.5977916309e-01   1.5826602055e-02   3.0618020293e-02   1.3039790331e-10   1.1020843026e-06   1.9569770204e-13   1.6628664146e-01  -3.7750461766e+06
   1.2389421307e-02   1.2047750612e-02   3.9968717872e-01   2.0375895188e-05   4.6319217687e+00  -7.6322286423e-27  -2.2206692632e-26   5.5678040128e+02   7.1812484785e-01   9.3529310412e-01   5.1527360951e+02   7.1916277070e-04   1.6435723431e-10   4.7192714306e-14   2.3634818990e-04   3.2487975756e-13   3.3237956165e-02   5.6520951237e-08   6.1932297779e-14  -2.9595052191e-15   5.6941975868e-06   6.9752890977e-01   1.9280057922e-02   3.8754388553e-02   2.4884734776e-10   1.7121607280e-06   6.1134750258e-13   2.1023571334e-01  -3.5448125320e+06
   1.3045756235e-02   1.2731092002e-02   3.7558128085e-01   2.2193163220e-05   4.4659419864e+00  -1.8338858922e-26  -3.8860656656e-26   6.0932539652e+02   6.6338568517e-01   1.1459936365e+00   9.2067436862e+02   7.8596117070e-04   3.0394597705e-10   9.5076438790e-14   3.0405057425e-04   1.0548426032e-12   3.9134807292e-02   7.8912818682e-08   1.8125902355e-13   7.8251962184e-17   7.1638951092e-06   6.3902883228e-01   2.2404505828e-02   4.6448720780e-02   3.2934743692e-10   2.2990645373e-06   1.2742578093e-12   2.5188357956e-01  -3.3247763355e+06
   1.3660349757e-02   1.3360420468e-02   3.5550160951e-01   2.4010805600e-05   4.3029776924e+00  -3.9915789342e-26  -7.9540191169e-26   6.6166983809e+02   6.1138395828e-01   1.3065613706e+00   1.3632153118e+03   8.4128287409e-04   4.7059457673e-10   1.7689008624e-13   3.6170870920e-04   3.1597184788e-12   4.4516032406e-02   9.2253777121e-08   4.6689677305e-13   3.2249749414e-16   8.8396134730e-06   5.8348439847e-01   2.5261913782e-02   5.3791549757e-02   3.4135517796e-10   2.8179520053e-06   2.1163051644e-12   2.9173136336e-01  -3.1122904485e+06
   1.4248179654e-02   1.3960279047e-02   3.3830973011e-01   2.5839582768e-05   4.1448854148e+00  -7.2686708750e-26  -1.4032520768e-25   7.1420192347e+02   5.6216088865e-01   1.4137185826e+00   1.8599525004e+03   8.8764934605e-04   6.6916337636e-10   3.2466509067e-13   4.0711504115e-04   9.0632373434e-12   4.9435984104e-02   9.6244641556e-08   1.1012730646e-12   1.1605494576e-15   1.0843827272e-05   5.3093235305e-01   2.7860715776e-02   6.0767685535e-02   3.0987405375e-10   3.2378683320e-06   3.0999264220e-12   3.2969431822e-01  -2.9079240400e+06
   1.4812958137e-02   1.4536080262e-02   3.2342500062e-01   2.7665477287e-05   3.9948404732e+00  -1.2627579945e-25  -2.1914889220e-25   7.6660538658e+02   5.1618958914e-01   1.4709372466e+00   2.4562651191e+03   9.2649559295e-04   9.1365415187e-10   5.8109406186e-13   4.3933733601e-04   2.4381613629e-11   5.3904681017e-02   9.3557780376e-08   2.4282288998e-12   3.7307693969e-15   1.3249998577e-05   4.8187244590e-01   3.0185788122e-02   6.7304567089e-02   2.6935208339e-10   3.5425455758e-06   4.2015762950e-12   3.6534979763e-01  -2.7143519106e+06
   1.5358366392e-02   1.5089836011e-02   3.1037559925e-01   2.9480248472e-05   3.8545207991e+00  -2.1170171807e-25  -3.1253974456e-25   8.1872937580e+02   4.7357784036e-01   1.4862144859e+00   3.2060617978e+03   9.5914817800e-04   1.2237807059e-09   1.0020344474e-12   4.5904435651e-04   6.0958313945e-11   5.7962260272e-02   8.6730263661e-08   5.0768916999e-12   1.0911424910e-14   1.6130384032e-05   4.3641546289e-01   3.2242359483e-02   7.3385250327e-02   2.3629610041e-10   3.7340502187e-06   5.3811262597e-12   3.9855652179e-01  -2.5328240936e+06
   1.5888978509e-02   1.5626896773e-02   2.9875911411e-01   3.1283865777e-05   3.7242077532e+00  -3.4173739678e-25  -4.1616887317e-25   8.7066029804e+02   4.3415269668e-01   1.4677953019e+00   4.1717669535e+03   9.8677893662e-04   1.6258407052e-09   1.6656163817e-12   4.6768943067e-04   1.4247022954e-10   6.1665663170e-02   7.7355274555e-08   1.0198174423e-11   2.9584905322e-14   1.9581447412e-05   3.9437366440e-01   3.4048838160e-02   7.9035254474e-02   2.1379860695e-10   3.8252351736e-06   6.5585697446e-12   4.2939862539e-01  -2.3632365249e+06
   1.6408133414e-02   1.6151060244e-02   2.8828696027e-01   3.3075335292e-05   3.6037818280e+00  -5.2829080999e-25  -5.2491438408e-25   9.2244922692e+02   3.9772815602e-01   1.4227694167e+00   5.4301555232e+03   1.0102959739e-03   2.1547419986e-09   2.6831377320e-12   4.6698229419e-04   3.1412204050e-10   6.5064064940e-02   6.6572623897e-08   1.9876532455e-11   7.5467962757e-14   2.3724152708e-05   3.5554612635e-01   3.5623144960e-02   8.4283038756e-02   2.0061431452e-10   3.8345537832e-06   7.6541832096e-12   4.5797871875e-01  -2.2052860205e+06
   1.6918409064e-02   1.6665206584e-02   2.7874772538e-01   3.4852929440e-05   3.4928528183e+00  -7.7745251784e-25  -6.3324258078e-25   9.7411749794e+02   3.6411718038e-01   1.3571586957e+00   7.0843081125e+03   1.0304215317e-03   2.8585323275e-09   4.2160811124e-12   4.5870307752e-04   6.5942508197e-10   6.8200022477e-02   5.5463398187e-08   3.7880050949e-11   1.8327874222e-13   2.8712531992e-05   3.1973129004e-01   3.6982457991e-02   8.9156971119e-02   1.9505849093e-10   3.7843245798e-06   8.7736216406e-12   4.8440757768e-01  -2.0585310642e+06
   1.7421886433e-02   1.7171611544e-02   2.6998346424e-01   3.6614445145e-05   3.3908539176e+00  -1.0860389943e-24  -7.3559031266e-25   1.0256633456e+03   3.3313612942e-01   1.2782942104e+00   9.2833058140e+03   1.0477379895e-03   3.8054481054e-09   6.5038000124e-12   4.4458378867e-04   1.3292174018e-09   7.1110542555e-02   4.5068354598e-08   7.1052203052e-11   4.2802757371e-13   3.4748333846e-05   2.8673154097e-01   3.8143065889e-02   9.3683959633e-02   1.9615414655e-10   3.6998952508e-06   1.0407341294e-11   5.0880007045e-01  -1.9224749649e+06
   1.7919682512e-02   1.7672161322e-02   2.6188299497e-01   3.8355391750e-05   3.2971851894e+00  -1.4358989683e-24  -8.2678528493e-25   1.0770082611e+03   3.0463980715e-01   1.1925313816e+00   1.2250741769e+04   1.0626968896e-03   5.0931424867e-09   9.9052501329e-12   4.2625434610e-04   2.5903582779e-09   7.3824296834e-02   3.6192632299e-08   1.3187355827e-10   9.6901717405e-13   4.2095605723e-05   2.5639046551e-01   3.9118909488e-02   9.7884389834e-02   2.0393110893e-10   3.6096141170e-06   1.3403406370e-11   5.3124723764e-01  -1.7969470784e+06
   1.8413411103e-02   1.8167203702e-02   2.5434907991e-01   4.0074227399e-05   3.2109471651e+00  -1.8032600416e-24  -9.0277809728e-25   1.1281468478e+03   2.7843223821e-01   1.1025772188e+00   1.6336919404e+04   1.0756862403e-03   6.8684544255e-09   1.4985191953e-11   4.0516304992e-04   4.9158273349e-09   7.6370009865e-02   2.9210193719e-08   2.4366804950e-10   2.1452487584e-12   5.1128658820e-05   2.2849776592e-01   3.9924744509e-02   1.0178570139e-01   2.1969055053e-10   3.5450865793e-06   1.8929565968e-11   5.5188621378e-01  -1.6813474072e+06
   1.8905131822e-02   1.8659618504e-02   2.4729162825e-01   4.1772345063e-05   3.1310177350e+00  -2.1655083880e-24  -9.6057636279e-25   1.1791590806e+03   2.5429775191e-01   1.0116474789e+00   2.2096156537e+04   1.0870252287e-03   9.3614579617e-09   2.2675128392e-11   3.8253639750e-04   9.1556568628e-09   7.8774522402e-02   2.4106457430e-08   4.5155395389e-10   4.6903448794e-12   6.2403271009e-05   2.0282241381e-01   4.0573900051e-02   1.0541861962e-01   2.4668642278e-10   3.5431353780e-06   2.8835199072e-11   5.7087499271e-01  -1.5748249271e+06
   1.9396051250e-02   1.9150645140e-02   2.4064594018e-01   4.3449366767e-05   3.0563245923e+00  -2.5037499494e-24  -9.9776552971e-25   1.2300672709e+03   2.3206763101e-01   9.2236716963e-01   3.0344778167e+04   1.0969526863e-03   1.2934773605e-08   3.4553933558e-11   3.5948051290e-04   1.6847405637e-08   8.1056914774e-02   2.0649484761e-08   8.4508537699e-10   1.0217804749e-11   7.6714076870e-05   1.7918340967e-01   4.1076701774e-02   1.0880714083e-01   2.9142498207e-10   3.6497881308e-06   4.6537954342e-11   5.8833898422e-01  -1.4766585218e+06
   1.9887341428e-02   1.9641457360e-02   2.3435668183e-01   4.5105754518e-05   2.9857433849e+00  -2.7885745744e-24  -1.0121097391e-24   1.2809156016e+03   2.1157993310e-01   8.3641196648e-01   4.2158603305e+04   1.1056660103e-03   1.8180805636e-08   5.3440597782e-11   3.3699519681e-04   3.0831578672e-08   8.3233310466e-02   1.8535781840e-08   1.6089627418e-09   2.2379350869e-11   9.5229383376e-05   1.5740682529e-01   4.1442088823e-02   1.1197419433e-01   3.6655644904e-10   3.9267418594e-06   7.8867715365e-11   6.0440169408e-01  -1.3860858399e+06
   2.0380177894e-02   2.0133225496e-02   2.2837663603e-01   4.6742575743e-05   2.9181385683e+00  -3.0021493948e-24  -1.0008464221e-24   1.3317642091e+03   1.9268306453e-01   7.5473028201e-01   5.8604536794e+04   1.1133327468e-03   2.6088583688e-08   8.4619539468e-11   3.1602036662e-04   5.6464279791e-08   8.5317493023e-02   1.7488234349e-08   3.1378786028e-09   4.9694588901e-11   1.1964460868e-04   1.3732940204e-01   4.1677797223e-02   1.1494070401e-01   4.9700183108e-10   4.4627062079e-06   1.4002972168e-10   6.1918103933e-01  -1.3023350130e+06
   2.0875721376e-02   2.0627130291e-02   2.2266623620e-01   4.8361098973e-05   2.8523931451e+00  -3.1137825427e-24  -9.6017629575e-25   1.3826777624e+03   1.7523987970e-01   6.7775166047e-01   7.9895072787e+04   1.1200929970e-03   3.8325244193e-08   1.3846914546e-10   2.9746328227e-04   1.0400037554e-07   8.7321321586e-02   1.7296499679e-08   6.2982120424e-09   1.1254925618e-10   1.5231045445e-04   1.1880274066e-01   4.1790539982e-02   1.1772444370e-01   7.3303555078e-10   5.3918753531e-06   2.6037738761e-10   6.3278552830e-01  -1.2246540119e+06
   2.1375018124e-02   2.1124312460e-02   2.1719348052e-01   4.9962256085e-05   2.7874341916e+00  -3.0577412078e-24  -8.8515958617e-25   1.4337097064e+03   1.5913207387e-01   6.0559037342e-01   1.0360397470e+05   1.1260432899e-03   5.7679752936e-08   2.3622802602e-10   2.8218138929e-04   1.9313782176e-07   8.9254917265e-02   1.7827856670e-08   1.3008888952e-08   2.6023303438e-10   1.9618022597e-04   1.0169800466e-01   4.1786110589e-02   1.2033873628e-01   1.1777169362e-09   6.9210240872e-06   5.0544300311e-10   6.4531062144e-01  -1.1523346550e+06
   2.1878771314e-02   2.1625723789e-02   2.1193414796e-01   5.1545954870e-05   2.7222675297e+00  -2.7697164655e-24  -7.7074629250e-25   1.4848817534e+03   1.4426529420e-01   5.3821578909e-01   1.2181854459e+05   1.1311834010e-03   8.8689348759e-08   4.2281037324e-10   2.7091713170e-04   3.6118175418e-07   9.1126549667e-02   1.9026777319e-08   2.7441123104e-08   6.1014977435e-10   2.5428382728e-04   8.5911930617e-02   4.1669171769e-02   1.2279117440e-01   2.0410172148e-09   9.3614348897e-06   1.0144755196e-09   6.5683492732e-01  -1.0847351094e+06
   2.2386937053e-02   2.2131818839e-02   2.0687226130e-01   5.3110263004e-05   2.6560341629e+00  -2.2187316641e-24  -6.1424824669e-25   1.5361592578e+03   1.3057481799e-01   4.7557825097e-01   1.1782742949e+05   1.1352950205e-03   1.3837724953e-07   7.9527819062e-10   2.6424205596e-04   6.7642398498e-07   9.2942167031e-02   2.0907899082e-08   5.8164922926e-08   1.4282364095e-09   3.2836961437e-04   7.1374492023e-02   4.1442099991e-02   1.2508319311e-01   3.7332174680e-09   1.3147714853e-05   2.0683197402e-09   6.6741609154e-01  -1.0213072899e+06
   2.2898163879e-02   2.2642055268e-02   2.0200043103e-01   5.4650667546e-05   2.5880958808e+00  -1.4050266990e-24  -4.1897578020e-25   1.5874287479e+03   1.1802976616e-01   4.1767976028e-01   6.4089754286e+04   1.1377133703e-03   2.1684129741e-07   1.5651876084e-09   2.6268036553e-04   1.2574056808e-06   9.4704642542e-02   2.3547238055e-08   1.2102470956e-07   3.2620818130e-09   4.1657687715e-04   5.8056527632e-02   4.1101478144e-02   1.2721256533e-01   6.9857150657e-09   1.8801345425e-05   4.1794864350e-09   6.7708737958e-01  -9.6163225432e+05
   2.3409240298e-02   2.3154272490e-02   1.9731947805e-01   5.6159839591e-05   2.5181442342e+00  -4.1554736652e-25  -1.9750354750e-25   1.6384907352e+03   1.0663170085e-01   3.6455656159e-01  -7.5174269690e+04   1.1369786952e-03   3.3722016011e-07   3.1937802982e-09   2.6730953153e-04   2.2965956143e-06   9.6412971643e-02   2.7101918799e-08   2.4070045745e-07   7.0806108451e-09   5.1080787655e-04   4.5972732264e-02   4.0630160866e-02   1.2918195280e-01   1.2911658454e-08   2.6781184780e-05   8.1417712849e-09   6.8585737219e-01  -9.0545829198e+05
   2.3914361019e-02   2.3664208106e-02   1.9284145933e-01   5.7626815510e-05   2.4463625545e+00   5.6811097224e-25   2.7998122035e-26   1.6890279788e+03   9.6413949909e-02   3.1653112547e-01  -3.2976643280e+05   1.1304578184e-03   5.1444518689e-07   6.6924599159e-09   2.8122668068e-04   4.0847905670e-06   9.8060073504e-02   3.1945194815e-08   4.4614872807e-07   1.4242266178e-08   5.9561448189e-04   3.5184976073e-02   3.9984778686e-02   1.3101293909e-01   2.2823309413e-08   3.7200969574e-05   1.4892980888e-08   6.9370759671e-01  -8.5277399213e+05
   2.4412685957e-02   2.4164513931e-02   1.8852974640e-01   5.9058649619e-05   2.3724511747e+00   1.3196665495e-24   2.3407916619e-25   1.7393438417e+03   8.7284503209e-02   2.7363364325e-01  -6.8128939898e+05   1.1140539450e-03   7.6873559198e-07   1.4552923257e-08   3.1238273068e-04   7.1084810655e-06   9.9655286087e-02   3.9171103959e-08   7.6338385722e-07   2.6324068547e-08   6.5212505602e-04   2.5637037901e-02   3.9072286613e-02   1.3278856272e-01   3.8061424062e-08   4.9757424634e-05   2.5314318034e-08   7.0070972349e-01  -8.0311222943e+05
   2.4932189323e-02   2.4660857982e-02   1.8411920412e-01   6.0544718355e-05   2.2917607385e+00   1.6660043152e-24   4.1192445045e-25   1.7927289922e+03   7.8698410833e-02   2.3387096173e-01  -8.7608717613e+05   1.0799357108e-03   1.1709530766e-06   3.6198265406e-08   3.8344584107e-04   1.2818735289e-05   1.0129288403e-01   5.2823261824e-08   1.2553688715e-06   4.6790502245e-08   6.6422425595e-04   1.6822649602e-02   3.7653103771e-02   1.3475058831e-01   6.2452104656e-08   6.4785238747e-05   4.1615062467e-08   7.0727289831e-01  -7.5350517605e+05
   2.5577215288e-02   2.5203520664e-02   1.7881630185e-01   6.2377301600e-05   2.1862184588e+00   1.4034912080e-24   5.7230555510e-25   1.8602445846e+03   6.9244995131e-02   1.8369770016e-01   2.0576312886e+06   1.0008021659e-03   2.3817525834e-06   1.8363089995e-07   5.9544240135e-04   3.3044618060e-05   1.0327067385e-01   9.9749960346e-08   2.6094433588e-06   1.0691249475e-07   6.1675471059e-04   7.4691955704e-03   3.4830156558e-02   1.3765296442e-01   1.3426529875e-07   8.7141210309e-05   8.7524805625e-08   7.1443822121e-01  -6.9523902657e+05
   2.6308543341e-02   2.5950909913e-02   1.7423349721e-01   6.4160695274e-05   2.0555783988e+00   5.2437557889e-25   8.2287144614e-25   1.9265334490e+03   6.0388515893e-02   1.2141353418e-01   2.5720386452e+07   7.7456231768e-04   1.9557890271e-05   1.7307256399e-05   1.5559166150e-03   4.2644084658e-04   1.0482491824e-01   3.5838108769e-07   5.9762896344e-06   2.7406407769e-07   1.3555151186e-04   2.6733383917e-04   2.7786938410e-02   1.4320145605e-01   5.7561156195e-07   5.0986273068e-05   2.1305011185e-07   7.2093163336e-01  -6.4806028134e+05
   2.6866601389e-02   2.6666176770e-02   1.7751749797e-01   6.3852095231e-05   1.9462134435e+00   1.0209036943e-24   7.8943717900e-25   1.9057512218e+03   5.5079673569e-02   9.9825902037e-02   1.9394200395e+07   3.6999616795e-04   4.3688810600e-05   3.3408747681e-04   1.0309506751e-02   1.9159545336e-03   1.0149526063e-01   1.6950739923e-06   1.9779145954e-07   1.0600777726e-08   1.5293426471e-06   2.9165754130e-06   1.3790182591e-02   1.4679129247e-01   8.6483004349e-08   1.7624491466e-06   9.2109677954e-09   7.2494182304e-01  -6.1380456239e+05
   2.7223832373e-02   2.7067026007e-02   1.8108706476e-01   6.3238877725e-05   1.8722501089e+00   6.1376594394e-25   7.8916894523e-25   1.8747298732e+03   5.1515848003e-02   1.0216609990e-01   1.8502344841e+07   2.2928649828e-04   3.4019736328e-05   4.6850808686e-04   2.0746832819e-02   2.1643290520e-03   9.7866479067e-02   2.8310606256e-06   2.9642618296e-09   1.6724494020e-10   2.3489966008e-08   5.4476270307e-08   8.2862192420e-03   1.4236923703e-01   5.4299279447e-09   3.8487960369e-08   1.5011017957e-10   7.2783213224e-01  -5.6012616930e+05
   2.7517419822e-02   2.7380638738e-02   1.8510811167e-01   6.2477070999e-05   1.8088387369e+00   5.3169414717e-25   6.9779626692e-25   1.8382648693e+03   4.8530644999e-02   1.0085723308e-01   1.8259152658e+07   1.5199523384e-04   2.4167293871e-05   4.8466090914e-04   3.0980379881e-02   2.0699019320e-03   9.4388498930e-02   3.6030816085e-06   5.4101239683e-11   3.2074618145e-12   5.1152620714e-10   1.4617335373e-09   5.3002124580e-03   1.3635769376e-01   1.7427446833e-09   9.7545611374e-10   2.9100262815e-12   7.3023888177e-01  -5.1270233547e+05
   2.7779383608e-02   2.7654200905e-02   1.8968527721e-01   6.1592613265e-05   1.7501916732e+00   4.6067983275e-25   6.0706946284e-25   1.7971104180e+03   4.5847983510e-02   9.7413887561e-02   1.6583524963e+07   1.0290288405e-04   1.6600453022e-05   4.4738143501e-04   4.0945777186e-02   1.8518498192e-03   9.0957347874e-02   4.0859844232e-06   1.3151416146e-12   8.1392517077e-14   1.5527413436e-11   5.3184446592e-11   3.4611182918e-03   1.2985871363e-01   8.3417534255e-10   3.3398091769e-11   7.3434065877e-14   7.3235422151e-01  -4.7194971678e+05
   2.8022731686e-02   2.7904566312e-02   1.9484301589e-01   6.0607035902e-05   1.6939497433e+00   3.5549197289e-25   5.2795524502e-25   1.7521234960e+03   4.3356356037e-02   9.2542752879e-02   1.4256586774e+07   7.0018013119e-05   1.1131289368e-05   3.8674702720e-04   5.0666553422e-02   1.5889287160e-03   8.7529647971e-02   4.3472070930e-06   4.2383773660e-14   2.7175194895e-15   6.3851086652e-13   2.5545591493e-12   2.2733204521e-03   1.2319515634e-01   4.0689016445e-10   2.2198447494e-12   2.4111430674e-15   7.3427414915e-01  -4.3651601972e+05
   2.8254767175e-02   2.8140897060e-02   2.0060817951e-01   5.9535234171e-05   1.6387525541e+00   1.9507881844e-25   4.5593565927e-25   1.7039534962e+03   4.0994864333e-02   8.6655141606e-02   1.1757054934e+07   4.7494791026e-05   7.2895200011e-06   3.1876371010e-04   6.0176312416e-02   1.3191345234e-03   8.4082200259e-02   4.4351794608e-06   1.7689375048e-15   1.1686275257e-16   3.4631101927e-14   1.5920056432e-13   1.4926639738e-03   1.1649447150e-01   1.9591071113e-10   4.6435469559e-13   1.0250974808e-16   7.3605723393e-01  -4.0514321053e+05
   2.8479942015e-02   2.8368637290e-02   2.0701343781e-01   5.8388737817e-05   1.5837570901e+00   7.9037707646e-27   3.8906287288e-25   1.6531390630e+03   3.8728453796e-02   8.0097103211e-02   9.3566396338e+06   3.1982420917e-05   4.6554230420e-06   2.5250547728e-04   6.9493810034e-02   1.0634894450e-03   8.0604681019e-02   4.3865111228e-06  -1.6697857391e-14   1.1560656053e-17   2.7676393246e-15   1.2792943760e-14   9.7851138369e-04   1.0982664466e-01   9.2522495565e-11   1.7498299352e-13  -1.3412237307e-16   7.3773933360e-01  -3.7689043881e+05
   2.8701164999e-02   2.8591246740e-02   2.1409840883e-01   5.7177049454e-05   1.5284113310e+00  -1.1832208270e-25   3.2795540200e-25   1.6001472376e+03   3.6536025559e-02   7.3168739165e-02   7.2066509257e+06   2.1348875018e-05   2.8949058309e-06   1.9301540468e-04   7.8627081456e-02   8.3386191743e-04   7.7094369106e-02   4.2319688169e-06   6.6631485295e-18   4.5540694988e-19   2.2848944488e-16   1.3054861716e-15   6.4188375938e-04   1.0323827866e-01   4.2783867245e-11   7.2036179643e-14   5.5906104244e-19   7.3934303390e-01  -3.5106424583e+05
   2.8920464042e-02   2.8811083257e-02   2.2191148108e-01   5.5908108791e-05   1.4723377622e+00  -2.3387991320e-25   2.7264918847e-25   1.5453847426e+03   3.4404326791e-02   6.6120743490e-02   5.3807670350e+06   1.4141522050e-05   1.7505094677e-06   1.4270647373e-04   8.7579455845e-02   6.3621031204e-04   7.3552782456e-02   3.9993581551e-06  -7.4005154024e-17   5.3203609925e-20   2.6873407612e-17   1.6962150103e-16   4.2357763948e-04   9.6762340670e-02   1.9398590724e-11   3.0012181184e-14  -1.0276147609e-19   7.4088303519e-01  -3.2714514889e+05
   2.9139311190e-02   2.9029844828e-02   2.3051113275e-01   5.4588603905e-05   1.4152786501e+00  -3.9943732472e-25   2.2288895737e-25   1.4892073459e+03   3.2324986300e-02   5.9152906210e-02   3.8993601098e+06   9.3319167820e-06   1.0285204530e-06   1.0221747198e-04   9.6352129922e-02   4.7236073326e-04   6.9984041245e-02   3.7144585536e-06  -7.1766212555e-18   5.2590440809e-21   3.8947416613e-18   2.8005082893e-17   2.8344800277e-04   9.0422746850e-02   8.6615506485e-12   1.2511944015e-14   1.8053556255e-20   7.4236898087e-01  -3.0474252720e+05
   2.9358824830e-02   2.9248777553e-02   2.3996849503e-01   5.3224029573e-05   1.3570613410e+00  -5.5813679548e-25   1.7866008122e-25   1.4319206130e+03   3.0292704002e-02   5.2415122109e-02   2.7460735005e+06   6.1797582376e-06   5.8703439774e-07   7.1025920626e-05   1.0494594807e-01   3.4120786916e-04   6.6393545069e-02   3.4006674532e-06   6.8591307582e-21   5.1289441805e-22   6.8049086195e-19   5.8389396231e-18   1.9425968587e-04   8.4236582935e-02   3.8332817695e-12   5.2804799319e-15   4.2929686323e-21   7.4380726299e-01  -2.8356418156e+05
   2.9579918271e-02   2.9468872106e-02   2.5037152783e-01   5.1818583180e-05   1.2975711314e+00  -6.5744950932e-25   1.4418185084e-25   1.3737754966e+03   2.8304010729e-02   4.6011480789e-02   1.8816139615e+06   4.1526362560e-06   3.2547988767e-07   4.7933339889e-05   1.1336272553e-01   2.3968948415e-04   6.2786736052e-02   3.0779145780e-06   1.0461966190e-21   8.0493254650e-23   1.5459977238e-19   1.5335516766e-18   1.3774837502e-04   7.8215299989e-02   1.6932582637e-12   2.2974839660e-15   1.0860186697e-21   7.4520231120e-01  -2.6339355952e+05
   2.9803384629e-02   2.9690964436e-02   2.6182910395e-01   5.0375220192e-05   1.2367371717e+00  -7.1058367428e-25   1.0123379261e-25   1.3149719560e+03   2.6356690687e-02   4.0008244995e-02   1.2557448373e+06   2.8733080082e-06   1.7530665938e-07   3.1452082056e-05   1.2160484352e-01   1.6364284612e-04   5.9168593950e-02   2.7615374841e-06  -2.5923542507e-20   1.8410863042e-23   4.5739326923e-20   5.1278736432e-19   1.0188581525e-04   7.2366415470e-02   7.5036282616e-13   1.0520167509e-15   2.8635058050e-22   7.4655735616e-01  -2.4407457327e+05
   3.0029951868e-02   2.9915804821e-02   2.7447539053e-01   4.8895806357e-05   1.1745244079e+00  -6.8632107540e-25   6.6453214772e-26   1.2556671940e+03   2.4449514433e-02   3.4443169645e-02   8.1672229324e+05   2.0799860740e-06   9.1684538442e-08   2.0083643867e-05   1.2967425840e-01   1.0850770002e-04   5.5543534322e-02   2.4613600181e-06  -6.7261399657e-21   4.7552100975e-24   1.8369869658e-20   2.4102491949e-19   7.8903459225e-05   6.6695139267e-02   3.3387955233e-13   5.1622301396e-16   7.9148940270e-23   7.4787494017e-01  -2.2549938209e+05
   3.0260334422e-02   3.0144098916e-02   2.8847551112e-01   4.7381255411e-05   1.1109263527e+00  -7.1947417131e-25   3.5230346039e-26   1.1959835831e+03   2.2582029881e-02   2.9336733438e-02   5.1748275452e+05   1.5953136642e-06   4.6495548750e-08   1.2489078906e-05   1.3757185321e-01   6.9840867149e-05   5.1915375370e-02   2.1812212573e-06   2.2473812976e-23   1.8614904640e-24   1.2606606358e-20   2.0130903583e-19   6.3862386565e-05   6.1205423427e-02   1.4846529792e-13   2.7379527355e-16   2.3156190164e-23   7.4915733263e-01  -2.0759681070e+05
   3.0496291931e-02   3.0376569928e-02   3.0410651824e-01   4.5824608262e-05   1.0456702500e+00  -6.8228329745e-25   7.4575247412e-27   1.1357465980e+03   2.0746552499e-02   2.4671793076e-02   3.1790323074e+05   1.3006783707e-06   2.2705162217e-08   7.5472604066e-06   1.4533025432e-01   4.3533258315e-05   4.8271789966e-02   1.9173921267e-06   1.5868444660e-23   1.3447788679e-24   1.4638451785e-20   2.8433489697e-19   5.3615890580e-05   5.5877800015e-02   6.5023892544e-14   1.5538057565e-16   7.1396712367e-24   7.5041221851e-01  -1.9026004963e+05
   3.0739911140e-02   3.0616013935e-02   3.2173168330e-01   4.4217310597e-05   9.7845520246e-01  -6.2587118123e-25  -1.6095547994e-26   1.0747495597e+03   1.8935887373e-02   2.0427832244e-02   1.8814587785e+05   1.1210084042e-06   1.0581366448e-08   4.4242231544e-06   1.5298047376e-01   2.6246722363e-05   4.4598293297e-02   1.6626545444e-06   1.2818602135e-23   1.1092070997e-24   1.9996804822e-20   4.7573371925e-19   4.6236727411e-05   5.0694010139e-02   2.7555614703e-14   9.2081958178e-17   2.2893920958e-24   7.5164752089e-01  -1.7338242933e+05
   3.0991790890e-02   3.0863808344e-02   3.4167689235e-01   4.2561422425e-05   9.0946655022e-01  -5.5287414043e-25  -3.5795746142e-26   1.0132127801e+03   1.7156571589e-02   1.6620941984e-02   1.0681341046e+05   1.0095330038e-06   4.6789350147e-09   2.5238314277e-06   1.6049566004e-01   1.5378272316e-05   4.0906421835e-02   1.4101518824e-06  -1.3732957434e-21   9.1474193001e-25   2.6310330231e-20   7.7514741979e-19   4.0563470678e-05   4.5674357998e-02   1.1144274721e-14   5.5350576059e-17  -6.6909497376e-26   7.5286267019e-01  -1.5698850963e+05
   3.1252662913e-02   3.1119773436e-02   3.6434350990e-01   4.0858694879e-05   8.3892367754e-01  -4.6532391841e-25  -4.8903412569e-26   9.5135170728e+02   1.5415503396e-02   1.3266166331e-02   5.7902943582e+04   9.3651543663e-07   1.9488110552e-09   1.4083350691e-06   1.6784744232e-01   8.8187787249e-06   3.7208608416e-02   1.1570955526e-06   7.1155201250e-24  -1.6348241725e-22   3.1343030164e-20   1.1712838175e-18   3.5863413920e-05   4.0837928307e-02   4.2411183895e-15   3.2915722239e-17   2.5663593978e-25   7.5405783487e-01  -1.4110579233e+05
   3.1524232520e-02   3.1385552390e-02   3.9028846064e-01   3.9106873510e-05   7.6691198841e-01  -3.7540275648e-25  -5.9804212198e-26   8.8924864160e+02   1.3715725624e-02   1.0349979953e-02   2.9926273104e+04   8.8379225278e-07   7.5973402121e-10   7.7411483984e-07   1.7502359866e-01   4.9890578311e-06   3.3508811159e-02   9.1033516762e-07   4.3062904919e-24  -9.4075316761e-23   3.3874327769e-20   1.6391497053e-18   3.1681996289e-05   3.6191504611e-02   1.5008126482e-15   1.9201523365e-17   8.9563479313e-26   7.5523684552e-01  -1.2564636490e+05
   3.1808743084e-02   3.1662912650e-02   4.2022605457e-01   3.7303290829e-05   6.9354793961e-01  -2.9032287195e-25  -6.5093118978e-26   8.2699568566e+02   1.2060969957e-02   7.8459431568e-03   1.4806827067e+04   8.4056762611e-07   2.7680287023e-10   4.2215873590e-07   1.8200882674e-01   2.8044907521e-06   2.9812140447e-02   6.8446113737e-07   2.4016042695e-24  -5.1674501036e-23   3.3537397774e-20   2.1430621276e-18   2.7750234416e-05   3.1742397065e-02   4.9067254198e-16   1.1115200570e-17  -9.5928073169e-27   7.5640413356e-01  -1.1056299472e+05
   3.2109955117e-02   3.1954573519e-02   4.5516247862e-01   3.5440956240e-05   6.1882781304e-01  -2.1347223547e-25  -6.3885985353e-26   7.6457105074e+02   1.0452298183e-02   5.7354996368e-03   7.0595224759e+03   8.0023568690e-07   9.4335254399e-11   2.2886437490e-07   1.8879893688e-01   1.5710279546e-06   2.6117349523e-02   4.9253843743e-07   1.1842245928e-24   1.0811638928e-25   3.0710230648e-20   2.6425074099e-18   2.3907417203e-05   2.7489548720e-02   1.4747275811e-16   6.5384139248e-18   1.1392236392e-26   7.5756716470e-01  -9.5835995007e+04
   3.2441024528e-02   3.2265336715e-02   4.9759996710e-01   3.3461996641e-05   5.4088284891e-01  -1.4009579878e-25  -5.6472933966e-26   7.0038593652e+02   8.8547420555e-03   3.9498657109e-03   3.1821409707e+03   7.5742018513e-07   2.9045559563e-11   1.2042845421e-07   1.9554169079e-01   8.6059480614e-07   2.2336917213e-02   3.3630909409e-07   6.0007536548e-25  -1.2957133620e-23   2.6180968781e-20   3.1030374588e-18   1.9975229036e-05   2.3337557420e-02   3.8876917884e-17   3.9614712078e-18  -9.1102437447e-27   7.5876178457e-01  -8.1249561482e+04
   3.2814081551e-02   3.2616712341e-02   5.5006317272e-01   3.1354583664e-05   4.5976092766e-01  -8.3271752120e-26  -4.5397855663e-26   6.3456461800e+02   7.2742571493e-03   2.4973798804e-03   1.3502389344e+03   7.0792065892e-07   7.9672285811e-12   6.0669740858e-08   2.0221202067e-01   4.5853994783e-07   1.8468980351e-02   2.1679732119e-07   2.6317657761e-25  -5.4466801338e-24   2.0663949349e-20   3.4597459517e-18   1.5907780037e-05   1.9301968383e-02   8.7080810870e-18   2.5416854642e-18  -2.4040318064e-27   7.5999967888e-01  -6.6722556030e+04
   3.3239820944e-02   3.3011450760e-02   6.1492218887e-01   2.9146826394e-05   3.7718293097e-01  -3.7130591727e-26  -3.0648399545e-26   5.6853882178e+02   5.7501515468e-03   1.4172578486e-03   5.3280365020e+02   6.4802670490e-07   1.9126342108e-12   2.8724275886e-08   2.0864407740e-01   2.3620229920e-07   1.4601913406e-02   1.3100518732e-07   1.0516592635e-25  -1.9973834910e-24   1.5062422904e-20   3.6137594662e-18   1.1798400212e-05   1.5474098330e-02   1.5862582767e-18   1.7408619340e-18  -3.6534218729e-28   7.6126706850e-01  -5.2697048394e+04
   3.3742483496e-02   3.3468191128e-02   6.9512008849e-01   2.6870151757e-05   2.9437239880e-01  -1.0767272064e-26  -1.6670156191e-26   5.0374521536e+02   4.3118098436e-03   7.0851274697e-04   1.8948612961e+02   5.7234858254e-07   3.8681568146e-13   1.2424392654e-08   2.1471389735e-01   1.1616340753e-07   1.0825876307e-02   7.2858068672e-08   3.6542889023e-26   2.9639603084e-27   1.0025788770e-20   3.4287035797e-18   7.7979760262e-06   1.1893619102e-02   2.1516674206e-19   1.2176022596e-18   6.2199670159e-29   7.6255803547e-01  -3.9333726786e+04
   3.4439069098e-02   3.4016775864e-02   8.0742519613e-01   2.4282136155e-05   2.0139297909e-01   3.8368184672e-28  -5.2885422823e-27   4.3439202539e+02   2.8365364322e-03   2.6405673806e-04   4.7727653832e+01   4.6186502400e-07   4.7661560424e-14   4.1122842698e-09   2.2093931005e-01   4.7840143471e-08   6.8914033549e-03   3.2169900451e-08  -1.1431315534e-24   7.0560077179e-28   5.4936147173e-21   2.6624580332e-18   3.7810136532e-06   8.1510881048e-03   1.2805938840e-20   7.0834315572e-19  -2.6866891045e-27   7.6401387149e-01  -2.5857653217e+04
   3.5689555769e-02   3.4861362332e-02   9.6127278035e-01   2.1508822871e-05   1.0457318484e-01   5.2938966029e-28  -5.7371837432e-28   3.6541832082e+02   1.4076178581e-03   4.9904777403e-05   4.9346381648e+00   2.6913603025e-07   2.1933298930e-15   8.4155875672e-10   2.2696889575e-01   1.2985074141e-08   3.1343638633e-03   7.9975398142e-09  -3.6154409914e-25   1.0870786739e-28   1.7621000161e-21   9.5921854269e-19   7.5457229391e-07   4.3637459431e-03   1.1198256598e-22   1.7605888908e-19   5.7315265112e-31   7.6553194891e-01  -1.2698834394e+04
   3.8387321621e-02   3.6517749205e-02   1.0942396542e+00   1.9596614444e-05   3.5646143953e-02   3.4200316579e-29  -1.8819920071e-29   3.2123889372e+02   4.5386246877e-04   2.8825841608e-06   1.0995298924e-01   5.6183361777e-08   3.5353657636e-17   1.2100232993e-10   2.3099351020e-01   1.7069885363e-09   9.6275438563e-04   7.6168264365e-10  -5.7900397086e-27   1.7853621117e-30   2.1198895262e-22   9.8945213645e-20   4.7915558616e-08   1.5298557318e-03   1.0639550413e-25   1.3323330112e-20   4.8156396024e-33   7.6651377299e-01  -3.2013255927e+03
   4.2123885168e-02   4.0256894037e-02   1.1431952609e+00   1.8977048308e-05   1.2921236673e-02   9.9754077787e-31  -2.7616039575e-31   3.0753194646e+02   1.4875364188e-04   1.5747955902e-07   2.0560411556e-03   8.0105071261e-09   7.0595338583e-19   1.8731263031e-11   2.3228125391e-01   2.2745383727e-10   3.3522100876e-04   6.3346429783e-11   3.0665637958e-31   1.6341414463e-32   2.3351742360e-23   8.4482209586e-21   2.2964345974e-09   5.5984494207e-04   1.0037805436e-28   8.3798600452e-22   3.2044368399e-35   7.6682366952e-01   1.4958797716e+01
   4.7723727292e-02   4.3990876299e-02   1.1646467968e+00   1.8717760670e-05   3.2417686535e-03   2.1558155751e-32  -1.4382724629e-33   3.0188447026e+02   2.1141117435e-05   1.1394572720e-08   2.5620487249e-05   8.4781059573e-10   9.0604453547e-21   2.1650895919e-12   2.3281996824e-01   2.5245211402e-11   8.3660955615e-05   5.0047317075e-12   3.2646160691e-33   1.7013944418e-34   2.1738161268e-24   6.7380364027e-22   1.2942316149e-10   1.4071085839e-04   8.8823594889e-32   5.6208535027e-23   2.9932180805e-37   7.6695565894e-01   1.4302284067e+03
   5.7679146915e-02   5.1456578285e-02   1.1707733711e+00   1.8645009452e-05   5.3332983026e-04  -2.6501508674e-34   9.3793420760e-35   3.0030931904e+02  -1.4496833544e-05   2.1904644279e-10   4.7209670836e-08   4.3309648551e-11   1.7883959967e-23   9.4513248038e-14   2.3297042305e-01   1.1314832893e-12   1.3727988998e-05   1.3972412118e-13   4.7438577650e-36   2.4565810621e-37   6.9877261307e-26   1.8874947060e-23   2.7593368587e-12   2.3167097972e-05   2.2743644544e-35   1.2379352220e-24   4.1900639412e-40   7.6699268182e-01   1.8286069846e+03
   7.0124255909e-02   6.3901715545e-02   1.1718465751e+00   1.8632323853e-05   6.0612442232e-05  -6.5320477004e-36   1.0052932161e-36   3.0003507963e+02  -2.0706692676e-05   4.4545065666e-12   1.4967782715e-11   1.0771766569e-12   6.0379415891e-27   1.6702952249e-15   2.3299664035e-01   2.1177013995e-14   1.5568655504e-06   1.5322404015e-15   1.0881883625e-39   5.6285143380e-41   8.5509911345e-28   2.0649901234e-25   2.4171110976e-14   2.6383653179e-06   3.6170733781e-39   1.1546405750e-26   9.5484477681e-44   7.6699916441e-01   1.8985219549e+03
   8.8791867574e-02   7.6346796272e-02   1.1719762903e+00   1.8630791752e-05   3.4132811581e-06  -1.3642913493e-38   1.3496180373e-39   3.0000196604e+02  -2.1457659046e-05   3.3157212397e-14   1.8747457835e-16   6.6603765342e-15   7.9401075911e-32   5.7552271917e-18   2.3299981088e-01   7.6305288578e-17   8.7188799449e-08   3.1767669526e-18   8.9337388510e-45   4.6175074449e-46   1.9467754765e-30   4.3834293172e-28   4.3657615219e-17   1.4941999654e-07   1.1313490768e-43   1.1579754985e-28   7.8289521901e-49   7.6699995251e-01   1.9070563988e+03
   1.2620815313e-01   1.0123693888e-01   1.1719836837e+00   1.8630704432e-05   1.3723860271e-07  -6.2035939457e-42   3.2781259876e-43   3.0000007873e+02  -2.1500655199e-05   2.0208220779e-17   1.6110642951e-22   1.1256004622e-17   7.0744562701e-38   4.9916525309e-21   2.3299999241e-01   6.9723723507e-20   3.4898438806e-09   1.6065801401e-21   4.5213156077e-51   2.3321678459e-52   1.0760330034e-33   2.2667139638e-31   1.9379045663e-20   6.0203599373e-09   3.4933080391e-48   4.0940725517e-30   3.9553227328e-55   7.6699999808e-01   1.9075557308e+03
   1.7615058166e-01   1.5117936738e-01   1.1719839848e+00   1.8630700875e-05   3.2209039004e-09  -2.0940346267e-45  -8.1274111334e-47   3.0000000185e+02  -2.1502411534e-05   1.4504171840e-20   1.1838298748e-28   1.5291669523e-20   5.3012086837e-44   3.7042634835e-24   2.3299999982e-01   5.9896987955e-23   8.1925201047e-11   6.0469500492e-25   1.5728212181e-57   8.1109024674e-59   4.3562088816e-37   8.0795931751e-35   5.6460005332e-24   1.4117362329e-10   7.0221861516e-53   9.5886091000e-32   1.3756481853e-61   7.6699999996e-01   1.9075763895e+03
   2.2609301022e-01   2.0112179594e-01   1.1719839920e+00   1.8630700790e-05   1.8491029737e-11  -4.2020501806e-48  -4.5496156173e-49   3.0000000001e+02  -2.1502453488e-05   7.9857323316e-24   2.0148808546e-33   3.7311039330e-23   3.2691736472e-49   8.7658048048e-27   2.3300000000e-01   1.5582537820e-25   4.7455528487e-13   1.1363092388e-27   7.6090080845e-63  -2.2832063749e-64   8.1258901551e-40   1.3399357618e-37   8.1686029735e-27   8.0408069678e-13   1.0401406999e-57   5.4594245702e-34   6.6725417291e-67   7.6700000000e-01   1.9075768820e+03
   2.7603543878e-01   2.5106422450e-01   1.1719839921e+00   1.8630700790e-05   3.0595906764e-14  -9.1333978586e-52  -1.0515563514e-52   3.0000000000e+02  -2.1502453730e-05   2.6347696339e-28   3.8836875622e-37   3.4611104401e-26   8.7103377540e-56   3.7989305883e-30   2.3300000000e-01   6.7332212242e-29   8.1097125043e-16   3.1654586325e-31  -1.8452683768e-68   5.1089408022e-71   2.4416732282e-43   3.9666812706e-41   2.2172345215e-30   1.2950994964e-15   8.8159424074e-64   8.7823247072e-37   8.6753439327e-74   7.6700000000e-01   1.9075768848e+03
   3.2597786734e-01   3.0100665306e-01   1.1719839921e+00   1.8630700790e-05  -4.1709306621e-17  -1.0006010572e-55  -1.2006110671e-56   3.0000000000e+02  -2.1502453731e-05   6.0781311850e-34   5.9753760293e-41   1.7903370566e-29   7.7338763038e-63   8.5120207416e-34   2.3300000000e-01   1.4962164945e-32   3.5171637016e-19   4.4979994201e-35   1.0213325153e-74   1.7459357425e-78   3.7585185957e-47   6.0439373786e-45   3.1022272750e-34   4.0966510565e-19   4.9798622180e-68   2.7569014833e-40   2.9791491128e-81   7.6700000000e-01   1.9075768848e+03
   3.7592029590e-01   3.5094908162e-01   1.1719839921e+00   1.8630700790e-05  -6.5132143207e-17  -7.2257640747e-60  -8.9839479461e-61   3.0000000000e+02  -2.1502453731e-05   7.7510059549e-37   6.0862478487e-45   6.2679993723e-33   4.2295380809e-70   1.2649521989e-37   2.3300000000e-01   2.2023647180e-36   7.8933266627e-23   4.2247264389e-39  -1.2637062236e-75   9.1194940882e-82   3.8282581310e-51   6.0999487123e-49   2.8756669056e-38   6.5118946617e-23   7.8432820762e-72   4.3465302772e-44   4.4971590645e-89   7.6700000000e-01   1.9075768848e+03
   4.2586272446e-01   4.0089151018e-01   1.1719839921e+00   1.8630700790e-05  -2.8710456058e-17  -3.8643181515e-64  -4.9642122594e-65   3.0000000000e+02  -2.1502453731e-05   6.9783027837e-36   4.5976407355e-49   1.6420875033e-36   4.9086672311e-75   1.3954109409e-41   2.3300000000e-01   2.4055402160e-40   1.1602148965e-26   2.9417820570e-43  -3.3560857416e-85   2.1916238065e-93   2.8919222432e-55   4.5678241751e-53   1.9779333327e-42   6.7207251844e-27   8.0275742192e-76   4.4486630050e-48   3.7477768708e-97   7.6700000000e-01   1.9075768848e+03
   4.7580515302e-01   4.5083393874e-01   1.1719839921e+00   1.8630700790e-05  -3.8254845420e-17  -1.6329674605e-68  -2.1634396107e-69   3.0000000000e+02  -2.1502453731e-05   3.1012015062e-36   2.7463115673e-53   3.4165191399e-40   4.0795610794e-79   1.2177174180e-45   2.3300000000e-01   2.0785070192e-44   1.2505425378e-30   1.6195067584e-47   2.7961140042e-88  -1.6439556654e-95   1.7274336916e-59   2.7052917354e-57   1.0760465419e-46   5.0674411113e-31   6.0021856730e-80   3.3262478046e-52  1.9602806796e-105   7.6700000000e-01   1.9075768848e+03
   5.2574758158e-01   5.0077636730e-01   1.1719839921e+00   1.8630700790e-05   6.4601460941e-17  -5.6796437859e-73  -7.7495859252e-74   3.0000000000e+02  -2.1502453731e-05   6.9783027837e-36   1.3507909289e-57   5.8674567119e-44   4.2267182466e-83   8.7523305306e-50   2.3300000000e-01   1.4795010662e-48   1.0541460946e-34   7.3419774176e-52  2.5117808510e-107  3.1563600616e-106   8.4964932192e-64   1.3194832484e-61   4.8212941159e-51   2.9822731590e-35   3.5027442166e-84   1.9411257238e-56  6.9809212613e-114   7.6700000000e-01   1.9075768848e+03
   5.7569001014e-01   5.5071879586e-01   1.1719839921e+00   1.8630700790e-05  -6.2421742571e-17  -1.6712828045e-77  -2.3458868436e-78   3.0000000000e+02  -2.1502453731e-05   1.7445756959e-36   5.6225890555e-62   8.5402477835e-48   5.8863783112e-87   5.3245864170e-54   2.3300000000e-01   8.9171714886e-53   7.2351147792e-39   8.7299834911e-56   8.5510245393e-93  1.9551925166e-103   3.5366165110e-68   5.4469609988e-66   1.8284843634e-55   1.4273291508e-39   1.6623853885e-88   9.2122196314e-61  1.7888057754e-122   7.6700000000e-01   1.9075768848e+03
   6.2563243871e-01   6.0066122443e-01   1.1719839921e+00   1.8630700790e-05  -6.8828711711e-17  -4.2410998407e-82  -6.1179753417e-83   3.0000000000e+02  -2.1502453731e-05   1.7439763398e-36   2.0125703542e-66   1.0732642284e-51   1.2886534678e-85   2.7947080641e-58   2.3300000000e-01   4.6389325014e-57   4.1512618184e-43   9.4920910380e-54  1.6318182146e-114  1.6548652908e-117   1.2697864221e-72   1.9397615225e-70   5.9828064167e-60   5.7060085548e-44   6.5895798887e-93   3.6517656194e-65  4.5860553502e-131   7.6700000000e-01   1.9075768848e+03
   6.7557486727e-01   6.5060365299e-01   1.1719839921e+00   1.8630700790e-05  -4.4966000854e-17  -9.4054488289e-87  -1.3931258764e-87   3.0000000000e+02  -2.1502453731e-05   9.5847764037e-36  -6.1002992763e-69   1.1797372316e-55   7.6020885812e-87   1.4050066390e-62   2.3300000000e-01   2.1201395262e-61   2.0261518754e-47   5.5996465748e-55  8.0993665728e-102 -3.0374113756e-111   3.9849751293e-77   6.0387573314e-75   1.7114932059e-64   1.9392392233e-48   2.2207207309e-97   1.2306377616e-69  2.3053935116e-137   7.6700000000e-01   1.9075768848e+03
   7.2527304077e-01   7.0054608155e-01   1.1719839921e+00   1.8630700790e-05  -1.3201008118e-18  -1.9548170092e-91  -2.9917003421e-92   3.0000000000e+02  -2.1502453731e-05   1.9572489918e-35  -6.1636514405e-69   1.1686703315e-59   3.0311573409e-88   1.7492836653e-65   2.3300000000e-01   5.8896037638e-65   1.0026150261e-51   2.2327297057e-56  1.6183241916e-107 -1.4051942092e-119   1.1549468194e-81   1.7352239590e-79   4.5313466114e-69   7.0929224822e-53  8.0661147037e-102   4.4700158824e-74  3.3316776142e-143   7.6700000000e-01   1.9075768848e+03