# time = 0.025
# Grid points = 162
# Pressure (Pa) = 101325
#             1_pos             2_posf             3_rho             4_dvisc             5_uvel             6_vvel             7_wvel             8_temp             9_mixf            10_chi            11_hr            12_y_H2            13_y_H            14_y_O            15_y_O2            16_y_OH            17_y_H2O            18_y_HO2            19_y_CH2            20_y_CH2(S)            21_y_CH3            22_y_CH4            23_y_CO            24_y_CO2            25_y_HCO            26_y_CH2O            27_y_CH2OH            28_y_N2            29_enth
  -7.2518245983e-01  -7.5000000000e-01   1.1719839921e+00   1.8630700790e-05  -5.4367274134e-17  5.3304397389e-105 -1.5366858814e-103   3.0000000000e+02  -2.1502453731e-05   3.1289305543e-36  -6.1636532766e-69   3.6403991015e-70   9.1892504185e-88   1.5778284531e-64   2.3300000000e-01   1.3531712981e-64   1.8033348732e-60   6.7687392293e-56 -3.5725221446e-125  3.8368758881e-133   1.6277386434e-93   2.0338444115e-91   5.0220345749e-81   6.6326368498e-62  7.4065872999e-111   4.1045286877e-83  9.2744976391e-152   7.6700000000e-01   1.9075768848e+03
  -6.7545541589e-01  -7.0036491966e-01   1.1719839921e+00   1.8630700790e-05  -2.1957187409e-17  -3.0180221963e-99  -1.9443018374e-98   3.0000000000e+02  -2.1502453731e-05   3.1223594962e-36  -6.1636532770e-69   8.8661997159e-66   1.4153823202e-86   2.3798717220e-63   2.3300000000e-01   2.1529484885e-63   7.0282621937e-56   1.0425610733e-54 -2.7994746581e-112 -4.8995072503e-113   1.5987664129e-88   2.0816112492e-86   5.2700732240e-76   3.4020869810e-57  3.8264748180e-106   2.1205281658e-78  7.3790562714e-146   7.6700000000e-01   1.9075768848e+03
  -6.2563640836e-01  -6.5054591212e-01   1.1719839921e+00   1.8630700790e-05  -6.1712652992e-17  -7.5305728801e-94  -2.4087990168e-93   3.0000000000e+02  -2.1502453731e-05   7.7934737323e-37  -6.1636532524e-69   2.1224092523e-61   1.3152318677e-87   1.8864685847e-64   2.3300000000e-01   1.1882416543e-64   2.9817805146e-51   9.6879076361e-56 -1.8955038779e-107 -5.5607186524e-110   1.5043839466e-83   2.0218745043e-81   5.3557397854e-71   2.0512786283e-52  2.3267404976e-101   1.2894162728e-73  4.1701735237e-142   7.6700000000e-01   1.9075768848e+03
  -5.7581740083e-01  -6.0072690459e-01   1.1719839921e+00   1.8630700790e-05  -5.2267737786e-17  -1.2388360773e-88  -2.8456264864e-88   3.0000000000e+02  -2.1502453731e-05   3.1165863008e-36  -6.1615464105e-69   4.8984759397e-57   2.2418676449e-86   3.8673464217e-63   2.3300000000e-01   2.0427179576e-62   1.1489609832e-46   1.6513445910e-54 -6.9973768269e-103  5.0438403081e-108   1.3252220648e-78   1.8259759395e-76   5.1373537284e-66   1.1337676673e-47   1.2971424679e-96   7.1884089585e-69  3.9621115786e-136   7.6700000000e-01   1.9075768848e+03
  -5.2599839330e-01  -5.5090789706e-01   1.1719839921e+00   1.8630700790e-05   2.8160139345e-17  -1.6523844417e-83  -3.1351352939e-83   3.0000000000e+02  -2.1502453731e-05   1.7526280568e-36   1.6444098514e-67   1.0661972430e-52   7.2183218557e-88   3.2617085761e-59   2.3300000000e-01   7.9485989979e-58   3.8894282435e-42   5.3165333253e-56  6.1832694328e-100  7.7437060141e-111   1.0731054859e-73   1.5090944516e-71   4.5581574400e-61   5.5032197110e-43   6.3506410756e-92   3.5193521240e-64  1.4908699081e-132   7.6700000000e-01   1.9075768848e+03
  -4.7617938577e-01  -5.0108888953e-01   1.1719839921e+00   1.8630700790e-05  -6.1513386278e-17  -1.8763708175e-78  -3.1486765959e-78   3.0000000000e+02  -2.1502453731e-05   4.8694151169e-36   1.2469479746e-62   2.1343693067e-48   1.3825570720e-86   1.5030735954e-54   2.3300000000e-01   3.2944061795e-53   1.1369004383e-37   9.3183439391e-55   2.6056166623e-96 -6.5909010300e-102   7.8433235139e-69   1.1229399296e-66   3.6676078729e-56   2.3054528020e-38   2.6834351663e-87   1.4870866241e-59  2.2824809316e-123   7.6700000000e-01   1.9075768848e+03
  -4.2636037824e-01  -4.5126988200e-01   1.1719839921e+00   1.8630700790e-05  -5.9454298087e-17  -1.8318389762e-73  -2.8154688501e-73   3.0000000000e+02  -2.1502453731e-05   1.9493726173e-37   8.0668787674e-58   3.8276457161e-44   2.7309606424e-83   6.2900032001e-50   2.3300000000e-01   1.2794275881e-48   2.8056380485e-33   4.5940590914e-52  -1.0173121783e-91   1.5507126331e-95   5.0740776605e-64   7.3884277214e-62   2.6217373405e-51   8.1485164372e-34   9.5663108752e-83   5.3013887858e-55  5.0322066798e-114   7.6700000000e-01   1.9075768848e+03
  -3.7654137071e-01  -4.0145087447e-01   1.1719839921e+00   1.8630700790e-05  -1.8740944131e-17  -1.5252773925e-68  -2.1841791999e-68   3.0000000000e+02  -2.1502453731e-05   0.0000000000e+00   4.5146328873e-53   5.9786829275e-40   7.0252067268e-79   2.3126492687e-45   2.3300000000e-01   4.4864611026e-44   5.6686214787e-29   2.7495344211e-47  -1.1850736376e-82  -3.6896640769e-82   2.8397101946e-59   4.2054765054e-57   1.6264873403e-46   2.3556920847e-29   2.7893935294e-78   1.5458135187e-50  8.7980813322e-105   7.6700000000e-01   1.9075768848e+03
  -3.2672236318e-01  -3.5163186694e-01   1.1719839921e+00   1.8630700790e-05  -6.1081167729e-17  -1.0605818911e-63  -1.4250162537e-63   3.0000000000e+02  -2.1502453731e-05   4.8694151169e-36   2.1230782584e-48   7.8724811841e-36   2.4969944749e-74   7.2002305615e-41   2.3300000000e-01   1.3577300365e-39   8.9680263036e-25   1.3904568966e-42  -8.2230574883e-81   6.9740503910e-89   1.3354190971e-54   2.0128883854e-52   8.5045735268e-42   5.3246433130e-25   6.3592481271e-74   3.5241220288e-46   1.1370926189e-95   7.6700000000e-01   1.9075768848e+03
  -2.7690335565e-01  -3.0181285941e-01   1.1719839921e+00   1.8630700790e-05  -6.1583436586e-17  -5.9388403228e-59  -7.4989993987e-59   3.0000000000e+02  -2.1502453731e-05   7.7934737323e-37   8.0565112352e-44   8.3752853183e-32   2.1313875333e-67   1.8134747206e-36   2.3300000000e-01   3.3603577655e-35   1.0337578851e-20   5.6854174587e-38   8.0192646497e-83   5.3448397609e-84   5.0675564449e-50   7.7831664053e-48   3.5988044023e-37   8.7473210743e-21   1.0536606620e-69   5.8390866247e-42   9.9016560474e-87   7.6700000000e-01   1.9075768848e+03
  -2.2708434812e-01  -2.5199385188e-01   1.1719839921e+00   1.8630700790e-05   1.2707568623e-15  -2.5140088974e-54  -2.9819648654e-54   3.0000000000e+02  -2.1502453731e-05   6.6454799532e-29   2.3123884199e-39   6.7470362225e-28   2.0593280471e-59   3.4541782835e-32   2.3300000000e-01   6.3218145320e-31   7.5522151439e-17   1.7595952239e-33  -6.1723862856e-71  -4.8896570113e-75   1.4544722924e-45   2.2788559025e-43   1.1546866595e-32   9.0570994275e-17   1.1478586675e-65   6.0972169189e-38   5.0575854181e-78   7.6700000000e-01   1.9075768848e+03
  -1.7726534059e-01  -2.0217484435e-01   1.1719839921e+00   1.8630700790e-05   4.9633132707e-12  -7.0268753606e-50  -7.8374843329e-50   3.0000000001e+02  -2.1502453609e-05   1.9982537793e-23   4.6419073471e-35   3.6128571681e-24   1.2457227733e-51   4.3534480633e-28   2.3300000000e-01   7.8875703091e-27   2.4249378273e-13   3.6030505073e-29  -1.8064944177e-65   6.7386738592e-67   2.7609714231e-41   4.4150447172e-39   2.4529407459e-28   4.0247951943e-13   2.6401367073e-59   2.7313570510e-34   1.1565464037e-69   7.6700000000e-01   1.9075768835e+03
  -1.2744633306e-01  -1.5235583682e-01   1.1719839806e+00   1.8630700925e-05   2.6984457676e-09  -8.2837977131e-46  -8.6953941905e-46   3.0000000292e+02  -2.1502387148e-05   8.5692474456e-19   4.9576912006e-29   8.4453621398e-21   2.2202106778e-44   2.3349076600e-24   2.3299999972e-01   4.1887023157e-23   1.2946115663e-10   3.1231941580e-25   5.5893930690e-58   2.8906294647e-59   2.2201340479e-37   3.6250910596e-35   2.2079683608e-24   2.2235346860e-10   7.7329674768e-53   1.5101042220e-31   4.9003830256e-62   7.6699999993e-01   1.9075761084e+03
  -9.0083974383e-02  -1.0253682929e-01   1.1719824383e+00   1.8630719140e-05   3.6818232220e-07  -2.1081420265e-43  -2.0494241401e-43   3.0000039666e+02  -2.1493376633e-05   4.6699263881e-16   2.3726676445e-24   1.8385488130e-18   1.0676215298e-39   5.1921402995e-22   2.3299996168e-01   9.0805780681e-21   1.7579463022e-08   7.3745206714e-23   2.8769473123e-53   1.4859827327e-54   5.2645011233e-35   8.8520360086e-33   5.5636599493e-22   3.0451335425e-08   2.2963418719e-48   2.0684876331e-29   2.5196658639e-57   7.6699999029e-01   1.9074692960e+03
  -7.1404691884e-02  -7.7631119475e-02   1.1719673282e+00   1.8630897603e-05   3.9458823159e-06  -2.8394962246e-40  -2.0210352179e-40   3.0000425415e+02  -2.1405117126e-05   5.3482540064e-14   2.7121948000e-19   3.5938028692e-16   1.1941823162e-34   2.0039684028e-19   2.3299958905e-01   3.0399342060e-18   1.8854825787e-07   5.7035925640e-20   7.0439251956e-48   3.6249460350e-49   3.8359080501e-32   7.3946483414e-30   5.7237205841e-19   3.2646733219e-07   8.2524433965e-45   2.2190678921e-28   6.1507128960e-52   7.6699989593e-01   1.9064239787e+03
  -5.8951834746e-02  -6.5178264293e-02   1.1718509727e+00   1.8632271946e-05   3.1386942666e-05  -3.4551398352e-37  -2.1709143862e-37   3.0003396084e+02  -2.0726826998e-05   8.7627724008e-12   4.6859898087e-14   7.6240397909e-14   1.9851738974e-29   8.9667085271e-17   2.3299672535e-01   1.2691497375e-15   1.5058358763e-06   4.6048146573e-17   2.1735964559e-42   1.1239618996e-43   2.8491167519e-29   5.9387314153e-27   5.3958766008e-16   2.5950118010e-06   3.1532912476e-41   1.9521570228e-27   1.9071448299e-46   7.6699917380e-01   1.8984644660e+03
  -4.8180815412e-02  -5.2725405199e-02   1.1704098465e+00   1.8649310591e-05   3.6972184713e-04  -1.9637578763e-34  -1.1037463801e-34   3.0040235849e+02  -1.2346045546e-05   2.7148395990e-09   1.4092662662e-09   8.8091245679e-12   4.4775875855e-25   1.9128497763e-14   2.3296134228e-01   2.5203790550e-13   1.7851482960e-05   1.7332039563e-14   2.4224883698e-37  -2.0250849070e-36   9.7909201647e-27   2.2286916173e-24   2.4098573333e-13   3.0480207938e-05  -5.0562141935e-36   1.2823677165e-25  -1.9456470326e-40   7.6699032602e-01   1.8018513178e+03
  -4.1363786104e-02  -4.3636225625e-02   1.1563065550e+00   1.8817730684e-05   3.7318549503e-03  -3.8055484905e-32  -1.8896108142e-32   3.0405602856e+02   7.0903564252e-05   8.8532586991e-08   1.0941935563e-05   4.5166080878e-10   4.3388376366e-21   1.4774841742e-12   2.3260987105e-01   1.8073999311e-11   1.7982019853e-04   2.2234004376e-12   1.2080534020e-33   6.3502366563e-35   1.1366276014e-24   2.8888886444e-22   3.8329942313e-11   3.0782855167e-04   1.5051504380e-32   1.9952737175e-23   1.1653309279e-37   7.6690247969e-01   8.3979151797e+02
  -3.6818436974e-02  -3.9091346584e-02   1.1087547412e+00   1.9409027674e-05   1.5677399176e-02  -2.1972276481e-30  -9.0504719680e-31   3.1705773202e+02   3.6708332789e-04   1.5344765958e-06   5.0499378158e-03   8.0590533170e-09   2.1470382051e-18   3.4906949692e-11   2.3135947944e-01   3.9396717491e-10   7.5601808809e-04   8.2603552008e-11   8.1395422132e-31   4.4945779157e-32   3.7543246632e-23   1.1068845490e-20   1.9439419418e-09   1.2917495316e-03   2.6383337315e-28   9.9603478422e-22   1.0496013584e-34   7.6659274243e-01  -2.5352749772e+03
  -3.3554248837e-02  -3.4545527364e-02   9.9168953437e-01   2.1041840182e-05   4.9104226773e-02  -6.1261895899e-29  -2.2267383988e-29   3.5434817875e+02   1.2054832220e-03   3.1814008954e-05   6.5400318254e-01   9.7844020411e-08   3.8681743859e-16   4.9085861536e-10   2.2782054310e-01   5.1241055798e-09   2.4167183213e-03   1.6228489442e-09   3.5804335501e-28  -2.4270220695e-27   6.5881470265e-22   2.2431008799e-19   5.0770244952e-08   4.0101765156e-03   1.3077458188e-24   2.4396033347e-20   6.8314552001e-32   7.6575240621e-01  -1.1224071053e+04
  -3.2074307632e-02  -3.2562970310e-02   8.3870807464e-01   2.3673952430e-05   1.0474453170e-01  -1.6941859941e-27  -5.5761220418e-28   4.1864518087e+02   2.6074461765e-03   1.4866025069e-04   2.2838529467e+01   3.7625228459e-07   2.0903798812e-14   3.9409651427e-09   2.2190427745e-01   3.0629344845e-08   5.3517522955e-03   2.0773013519e-08  -1.4426735231e-25   5.9729551869e-28   7.1727568338e-21   2.8939694255e-18   1.0240435338e-06   8.3800406898e-03   1.5003479671e-21   5.3031989608e-19  -9.3592373390e-29   7.6436247393e-01  -2.3655393740e+04
  -3.1263755032e-02  -3.1585644953e-02   7.3302876683e-01   2.5958092229e-05   1.5348781077e-01  -7.7798670420e-27  -2.6938947093e-27   4.7853129682e+02   3.9063741390e-03   4.1330224599e-04   1.1445170134e+02   5.9929181905e-07   1.8647180564e-13   1.2762707544e-08   2.1642368673e-01   7.2455733509e-08   8.3241095258e-03   6.1984591952e-08  -2.3743899844e-25   3.4305205121e-27   1.8258303425e-20   6.7814683381e-18   3.9861675883e-06   1.2182086043e-02   5.2480720361e-20   2.0063297582e-18   5.8350344947e-29   7.6306538504e-01  -3.5136407041e+04
  -3.0702603573e-02  -3.0941865110e-02   6.5044665816e-01   2.8124208586e-05   1.9986086643e-01  -1.5577179665e-26  -6.6916229749e-27   5.3867016079e+02   5.2176244541e-03   9.5396465549e-04   3.9018284452e+02   7.7362988797e-07   1.0983378095e-12   3.0870550939e-08   2.1089162516e-01   1.5483963729e-07   1.1474606354e-02   1.2889441600e-07   1.2949321375e-25  -8.0433064801e-26   3.2650235755e-20   9.6918420933e-18   8.6760988092e-06   1.5830084719e-02   6.6483111875e-19   4.1772673530e-18   3.2044858027e-28   7.6179391943e-01  -4.6348899266e+04
  -3.0270060221e-02  -3.0463342037e-02   5.8327217795e-01   3.0225098974e-05   2.4541606341e-01  -2.1580280014e-26  -1.2099832731e-26   5.9996154357e+02   6.5788423302e-03   1.9089686592e-03   1.1143956234e+03   9.1151966332e-07   5.1616924892e-12   6.5255794679e-08   2.0514890138e-01   3.1359699981e-07   1.4778538859e-02   2.2918689310e-07   3.7720732575e-25  -3.4207823309e-25   5.0115093810e-20   1.1060609839e-17   1.4527585151e-05   1.9513110977e-02   5.1197646821e-18   7.0055651103e-18   1.4613894607e-27   7.6054340163e-01  -5.7539375226e+04
  -2.9911475542e-02  -3.0076778406e-02   5.2750963445e-01   3.2277965780e-05   2.9123628081e-01  -2.1233505212e-26  -1.6497765260e-26   6.6253739492e+02   8.0079585833e-03   3.3370786253e-03   2.8561772452e+03   1.0245867957e-06   2.0757476105e-11   1.2831431507e-07   1.9911959976e-01   6.0818305467e-07   1.8188488172e-02   3.7404052155e-07   1.6383119850e-24  -1.9812255783e-23   6.9683287139e-20   1.1114748921e-17   2.1091290051e-05   2.3365123447e-02   2.9122969558e-17   1.1082295695e-17   5.7234809109e-27   7.5930356219e-01  -6.8945296593e+04
  -2.9605623698e-02  -2.9746172679e-02   4.8208068075e-01   3.4220091822e-05   3.3573710656e-01  -1.2941114073e-26  -1.9358836669e-26   7.2407300887e+02   9.4524879246e-03   5.1248337682e-03   6.7222901316e+03   1.1193074393e-06   7.2713485293e-11   2.4029114911e-07   1.9302497611e-01   1.1339676135e-06   2.1562221369e-02   5.6898206501e-07   2.1828524083e-24  -2.2512675973e-24   8.8094342160e-20   1.0286627010e-17   2.7813403911e-05   2.7273724646e-02   1.3101546096e-16   1.7516597647e-17   1.8594322000e-26   7.5810820185e-01  -8.0101534649e+04
  -2.9336068097e-02  -2.9465074716e-02   4.4494667705e-01   3.6035345346e-05   3.7785971521e-01   3.0480821361e-27  -2.1261640575e-26   7.8356510156e+02   1.0887987283e-02   7.2462812644e-03   1.4748955323e+04   1.2025393346e-06   2.2597736973e-10   4.3524117246e-07   1.8696803477e-01   2.0458544516e-06   2.4855911698e-02   8.1625554379e-07   4.5044553831e-24  -4.7790971356e-24   1.0358722228e-19   9.0056814546e-18   3.4450209256e-05   3.1165518019e-02   4.9179102157e-16   2.8195779968e-17   5.6327174323e-26   7.5697158519e-01  -9.0911821469e+04
  -2.9086338254e-02  -2.9207061478e-02   4.1310592932e-01   3.7794395804e-05   4.1911735680e-01   2.6605066943e-26  -2.2213701874e-26   8.4296654585e+02   1.2358089724e-02   9.8504392994e-03   3.1201074519e+04   1.2821418084e-06   6.5603696940e-10   7.8685851798e-07   1.8076449629e-01   3.6685238255e-06   2.8164222486e-02   1.1234375402e-06   8.7769639694e-24  -9.7893484420e-24   1.1451382012e-19   7.5112673612e-18   4.1185263379e-05   3.5175593130e-02   1.6644909839e-15   4.6962035926e-17   1.7011144803e-25   7.5584764121e-01  -1.0164608310e+05
  -2.8851423944e-02  -2.8965615030e-02   3.8542488823e-01   3.9508911258e-05   4.5981220087e-01   5.9399468644e-26  -2.2297117421e-26   9.0246621057e+02   1.3868315618e-02   1.2997009704e-02   6.3305517627e+04   1.3643946443e-06   1.7785261753e-09   1.4220309396e-06   1.7439079238e-01   6.5404975965e-06   3.1491801249e-02   1.4800061925e-06  -9.1817703022e-23   1.7071114103e-24   1.1926832081e-19   6.0010056212e-18   4.8119714410e-05   3.9336149647e-02   5.1346238828e-15   7.9497129882e-17   5.8859895895e-25   7.5472232830e-01  -1.1241657343e+05
  -2.8628417745e-02  -2.8737232859e-02   3.6115292128e-01   4.1182827663e-05   4.9998709879e-01   9.9388408989e-26  -2.0731375656e-26   9.6203466713e+02   1.5418349256e-02   1.6724294444e-02   1.2216890188e+05   1.4584058555e-06   4.4863435846e-09   2.5522686559e-06   1.6784784027e-01   1.1536268373e-05   3.4834563249e-02   1.8618792566e-06  -1.4923649300e-22   2.9441993050e-24   1.1739077752e-19   4.6172913326e-18   5.5446644516e-05   4.3655624647e-02   1.4486500399e-14   1.3339674556e-16   1.8663074187e-24   7.5358911188e-01  -1.2328983357e+05
  -2.8417271621e-02  -2.8519602631e-02   3.3991187477e-01   4.2803086432e-05   5.3921383500e-01   1.4676909754e-25  -1.9819389115e-26   1.0210431663e+03   1.6990948838e-02   2.1006394242e-02   2.2247663266e+05   1.5778013552e-06   1.0479380375e-08   4.4870125017e-06   1.6120783814e-01   1.9901037616e-05   3.8155602739e-02   2.2402896320e-06   5.2363310319e-23   4.7151240135e-24   1.1028566138e-19   3.4701317317e-18   6.3440844193e-05   4.8089219662e-02   3.7376867899e-14   2.1755690614e-16   5.7807881856e-24   7.5245568200e-01  -1.3421075296e+05
  -2.8216086235e-02  -2.8314940611e-02   3.2122041180e-01   4.4369626452e-05   5.7740628838e-01   1.9791718680e-25  -1.5306492269e-26   1.0793262715e+03   1.8582485174e-02   2.5830975683e-02   3.8204312657e+05   1.7446735127e-06   2.2736277121e-08   7.6482389793e-06   1.5448543184e-01   3.3283144739e-05   4.1450163015e-02   2.5986796790e-06   7.3611687776e-23  -1.3430151073e-22   1.0320612667e-19   2.6263260239e-18   7.2644939475e-05   5.2626206637e-02   8.8962066225e-14   3.4483578982e-16   1.7125081855e-23   7.5132025609e-01  -1.4532858383e+05
  -2.8020855753e-02  -2.8117231859e-02   3.0445090898e-01   4.5905423154e-05   6.1504878298e-01   2.3737592141e-25  -1.2574670154e-26   1.1376117507e+03   2.0212942983e-02   3.1279355654e-02   6.2732731587e+05   1.9976454604e-06   4.6748597794e-08   1.2685391217e-05   1.4759538519e-01   5.4133029277e-05   4.4759576179e-02   2.9407303526e-06  -5.2248289298e-22   1.2166295297e-23   1.0294298796e-19   2.1525478015e-18   8.4096548935e-05   5.7324007229e-02   2.0076181264e-13   5.4411560274e-16   4.9379450771e-23   7.5016513131e-01  -1.5681215686e+05
  -2.7830232194e-02  -2.7924479646e-02   2.8931275796e-01   4.7413735313e-05   6.5218672833e-01   2.4274515013e-25  -6.5660997700e-27   1.1959347232e+03   2.1885438385e-02   3.7378752276e-02   9.9069075497e+05   2.3956733672e-06   9.1791807000e-08   2.0441964051e-05   1.4052369732e-01   8.5443124721e-05   4.8087740958e-02   3.2715577291e-06   2.6621413835e-22   2.2797205659e-23   1.2476353901e-19   2.1900313585e-18   9.9316154547e-05   6.2192379406e-02   4.3598619652e-13   8.7690003243e-16   1.4194814979e-22   7.4898522205e-01  -1.6873477832e+05
  -2.7643445189e-02  -2.7735984742e-02   2.7560450318e-01   4.8893614924e-05   6.8879328196e-01   2.0183939097e-25   5.5462979665e-27   1.2541790085e+03   2.3599982207e-02   4.4143926366e-02   1.5100969681e+06   3.0271066965e-06   1.7289675054e-07   3.1964141573e-05   1.3326979465e-01   1.3069164441e-04   5.1430931183e-02   3.5946721950e-06   7.0011492867e-22   5.8799438123e-23   2.0945006847e-19   3.1095709325e-18   1.2064355250e-04   6.7231100514e-02   9.2203410888e-13   1.4778204080e-15   4.1631305603e-22   7.4777807964e-01  -1.8117042724e+05
  -2.7459716351e-02  -2.7550905637e-02   2.6315229979e-01   5.0344419278e-05   7.2487550748e-01   1.5816887930e-25   2.2949396970e-26   1.3122439306e+03   2.5358013349e-02   5.1587271998e-02   2.2285404047e+06   4.0214757897e-06   3.1366340076e-07   4.8498963764e-05   1.2582779549e-01   1.9378695124e-04   5.4786804682e-02   3.9100425668e-06   2.4470152566e-21   2.0143522369e-22   4.8028936561e-19   6.1127083717e-18   1.5169120157e-04   7.2442522652e-02   1.9189585382e-12   2.6444591947e-15   1.2677955446e-21   7.4654065487e-01  -1.9421718678e+05
  -2.7278836319e-02  -2.7368527066e-02   2.5184294513e-01   5.1760942264e-05   7.6035392876e-01   1.4030364872e-25   3.6259434511e-26   1.3698457809e+03   2.7156399376e-02   5.9670174806e-02   3.1884965262e+06   5.5584841075e-06   5.4906119383e-07   7.1366808957e-05   1.1821254285e-01   2.7860731135e-04   5.8142938185e-02   4.2125830977e-06   1.0676640802e-20   8.6123178927e-22   1.4131478797e-18   1.5570866989e-17   1.9780807994e-04   7.7813048067e-02   3.9513151349e-12   5.0298719168e-15   4.0495950347e-21   7.4527336857e-01  -2.0795338629e+05
  -2.7099824426e-02  -2.7189145572e-02   2.4153923382e-01   5.3142915124e-05   7.9530970181e-01   2.1411790153e-25   4.0254564710e-26   1.4269000435e+03   2.8999840258e-02   6.8364619868e-02   4.4292334679e+06   7.8872446794e-06   9.2987426798e-07   1.0192141617e-04   1.1040796788e-01   3.8904980703e-04   6.1500654577e-02   4.4929573004e-06   5.6380556055e-20   4.4561245556e-21   5.1638048485e-18   4.9566194436e-17   2.6700233545e-04   8.3348927617e-02   8.0723194132e-12   1.0074797155e-14   1.3803393494e-20   7.4397116628e-01  -2.2256136055e+05
  -2.6920867922e-02  -2.7010503280e-02   2.3208430020e-01   5.4495865359e-05   8.3000665712e-01   2.3477487405e-25   4.3395847047e-26   1.4835723503e+03   3.0903280150e-02   7.7668243781e-02   5.9929272861e+06   1.1371749319e-05   1.5319488328e-06   1.4164392145e-04   1.0235810859e-01   5.2945627935e-04   6.4876760814e-02   4.7418198422e-06   3.6357214974e-19   2.8152136747e-20   2.3558717099e-17   1.9729286308e-16   3.7180456869e-04   8.9083109514e-02   1.6427527486e-11   2.1039702945e-14   5.3198793355e-20   7.4262147078e-01  -2.3832096759e+05
  -2.6740677713e-02  -2.6831232564e-02   2.2338559870e-01   5.5819113801e-05   8.6460769318e-01   2.6784832148e-25   5.0788242156e-26   1.5397836169e+03   3.2877412273e-02   8.7501748987e-02   7.9064804698e+06   1.6514117246e-05   2.4619202734e-06   1.9168594837e-04   9.4030485362e-02   7.0330852632e-04   6.8276658427e-02   4.9457407066e-06   2.9199339651e-18   2.2058103574e-19   1.3605028374e-16   9.8881529971e-16   5.3079882752e-04   9.5029038169e-02   3.3266879339e-11   4.5268444923e-14   2.6210587370e-19   7.4121410293e-01  -2.5553383519e+05
  -2.6557873662e-02  -2.6650122862e-02   2.1537329909e-01   5.7109949944e-05   8.9929094483e-01   3.3079112925e-25   6.2129817326e-26   1.5953741345e+03   3.4934415253e-02   9.7730736337e-02   1.0174774003e+07   2.4013655900e-05   3.8678067736e-06   2.5259788492e-04   8.5394636206e-02   9.1277140186e-04   7.1704497073e-02   5.0887414634e-06  -9.5625563191e-17   2.7096236798e-18   1.0579366074e-15   6.2968133222e-15   7.7162581268e-04   1.0119395519e-01   6.6899612932e-11   1.0019400226e-13   2.0738133471e-18   7.3973694616e-01  -2.7457483677e+05
  -2.6370621875e-02  -2.6465624462e-02   2.0798577644e-01   5.8365191419e-05   9.3431236897e-01   3.0754851628e-25   7.6208058341e-26   1.6501692013e+03   3.7091805491e-02   1.0816505987e-01   1.2772539094e+07   3.4871001965e-05   5.9551483678e-06   3.2396665922e-04   7.6410266174e-02   1.1581093941e-03   7.5168370100e-02   5.1525736219e-06   3.5366205939e-16   2.5680661568e-17   9.1055005373e-15   5.1368297683e-14   1.1359250827e-03   1.0758455355e-01   1.3350842866e-10   2.3488038958e-13   2.0954666901e-17   7.3817283018e-01  -2.9593960552e+05
  -2.6176358529e-02  -2.6275619287e-02   2.0116781501e-01   5.9581036109e-05   9.7004472102e-01   2.5929192639e-25   9.3241857191e-26   1.7039765216e+03   3.9375564129e-02   1.1854646425e-01   1.5629694243e+07   5.0572831607e-05   9.0112487981e-06   4.0380465481e-04   6.7021706023e-02   1.4366069506e-03   7.8682616904e-02   5.1152462479e-06   5.6993468778e-15   4.0380162305e-16   1.1139336693e-13   5.4688453441e-13   1.6878825485e-03   1.1420595546e-01   2.6484734914e-10   7.2765480576e-13   3.3104281758e-16   7.3649672786e-01  -3.2030085462e+05
  -2.5971327688e-02  -2.6077097770e-02   1.9487030944e-01   6.0752443873e-05   1.0070420364e+00   2.0179703577e-25   1.1460372683e-25   1.7565663593e+03   4.1825383909e-02   1.2852916412e-01   1.8602633871e+07   7.3458130414e-05   1.3443339832e-05   4.8745429318e-04   5.7150359528e-02   1.7405107849e-03   8.2270970158e-02   4.9478756469e-06   1.2184699430e-13   8.3878475664e-15   1.8293640599e-12   7.7317156802e-12   2.5305543961e-03   1.2105725418e-01   5.2483160979e-10   5.2094278770e-12   7.0681189754e-15   7.3467104678e-01  -3.4860059215e+05
  -2.5749718992e-02  -2.5865557607e-02   1.8905170369e-01   6.1871581323e-05   1.0461584039e+00   1.3086315344e-25   1.4230070213e-25   1.8076169142e+03   4.4504303215e-02   1.3763332523e-01   2.1410026301e+07   1.0751289779e-04   1.9833393041e-05   5.6529949658e-04   4.6685252473e-02   2.0523234724e-03   8.5971354333e-02   4.6085436768e-06   3.5954712276e-12   2.3879390334e-13   4.1847615322e-11   1.4934760974e-10   3.8408364235e-03   1.2811577793e-01   1.0514668475e-09   9.4308695227e-11   2.0571775392e-13   7.3263719969e-01  -3.8219691492e+05
  -2.5500382150e-02  -2.5633880378e-02   1.8364984802e-01   6.2930600596e-05   1.0890462905e+00   9.3750165782e-26   1.7522249600e-25   1.8568834225e+03   4.7536348020e-02   1.4515326061e-01   2.3488986602e+07   1.6067501372e-04   2.9028230065e-05   6.1742160756e-04   3.5409867732e-02   2.3336029424e-03   8.9867280335e-02   4.0260916362e-06   1.5453052380e-10   9.8089026084e-12   1.4099221612e-09   4.1274447983e-09   5.9676885089e-03   1.3532499535e-01   2.3000774138e-09   2.8553217702e-09   8.5139021135e-12   7.3028540332e-01  -4.2330080659e+05
  -2.5196613721e-02  -2.5366883923e-02   1.7852506163e-01   6.3924544986e-05   1.1396676265e+00   1.5858070528e-25   1.9071099686e-25   1.9044979247e+03   5.1222125487e-02   1.4949140520e-01   2.3858883154e+07   2.5383623326e-04   4.2082124087e-05   5.9499847071e-04   2.2837773370e-02   2.4786593363e-03   9.4168361406e-02   3.0569892361e-06   1.0251013638e-08   6.1758890463e-10   7.6439540762e-08   1.7964271417e-07   9.8018894627e-03   1.4245347375e-01   1.2031665416e-08   1.2640978507e-07   5.2792859401e-10   7.2736546294e-01  -4.7587356569e+05
  -2.4740082502e-02  -2.5026343519e-02   1.7314879739e-01   6.4861944612e-05   1.2125047759e+00   5.8558328932e-25   5.7294221453e-26   1.9524331965e+03   5.6648336501e-02   1.5820834209e-01   3.2904180179e+07   4.8425522764e-04   5.5725417293e-05   3.2989170971e-04   7.7544460569e-03   1.9909393650e-03   9.9504777027e-02   1.3537512327e-06   1.0446642374e-06   5.7992995181e-08   7.7033896445e-06   1.5679110788e-05   1.9064691584e-02   1.4774393469e-01   3.6847905887e-07   7.6679911739e-06   4.6671329388e-08   7.2303741688e-01  -5.4571618902e+05
  -2.4050234527e-02  -2.4453821484e-02   1.7193273069e-01   6.4340035618e-05   1.3154630778e+00   1.6609578543e-24  -6.6387689552e-26   1.9413836441e+03   6.5146607801e-02   2.3081579423e-01   1.7709888388e+07   1.0389297927e-03   7.0879337624e-06   1.8704075113e-06   1.5299240716e-03   1.1153891136e-04   1.0154648283e-01   3.4343273089e-07   7.3478827770e-06   3.3703981882e-07   5.9143316230e-04   2.7672970112e-03   3.8553416906e-02   1.3652743493e-01   4.7605316969e-07   1.2124557449e-04   2.4562408111e-07   7.1719458844e-01  -5.6089593140e+05
  -2.3410075514e-02  -2.3646647571e-02   1.7735439002e-01   6.2273512495e-05   1.4020881880e+00   3.6849618255e-24  -3.0982089160e-25   1.8645155241e+03   7.5759974685e-02   3.3084343235e-01  -6.5663913693e+05   1.1945813509e-03   2.2308715304e-06   1.2993567346e-07   7.2246721086e-04   2.5282378658e-05   9.9342792901e-02   1.1772553029e-07   2.8294886605e-06   1.1644033340e-07   8.3638092643e-04   1.2577643052e-02   4.3392023513e-02   1.3271947436e-01   1.4491476176e-07   9.2371468239e-05   9.0715712736e-08   7.0909132275e-01  -6.2248708910e+05
  -2.2949008598e-02  -2.3173503457e-02   1.8157016648e-01   6.0736333035e-05   1.4636980683e+00   4.6059422389e-24  -3.5289830957e-25   1.8087476774e+03   8.4536403545e-02   3.9799284202e-01  -1.5698095718e+06   1.2532952203e-03   1.4269763207e-06   4.1664287714e-08   4.6191143360e-04   1.3467576426e-05   9.7587181612e-02   6.8121441217e-08   1.7973332267e-06   6.8450413597e-08   8.8665023575e-04   2.1375838470e-02   4.5263048061e-02   1.3072023843e-01   8.7966125827e-08   7.2972469607e-05   5.6866767272e-08   7.0236184911e-01  -6.7114414854e+05
  -2.2501444144e-02  -2.2724513739e-02   1.8574549538e-01   5.9229864731e-05   1.5234264739e+00   4.4059296046e-24  -2.1518426196e-25   1.7555287816e+03   9.4165839503e-02   4.7631067529e-01  -1.0640665028e+06   1.2802406361e-03   9.5583859627e-07   1.6436359460e-08   3.3759277919e-04   7.7040030447e-06   9.5846163944e-02   4.5503794439e-08   1.1205127413e-06   3.9515842565e-08   8.6358888680e-04   3.1372160928e-02   4.6223386491e-02   1.2902094395e-01   5.4453311313e-08   5.6004469788e-05   3.5272738999e-08   6.9498994638e-01  -7.2047437136e+05
  -2.2053489742e-02  -2.2278374548e-02   1.9005312402e-01   5.7693087800e-05   1.5838702784e+00   3.0811532990e-24   5.9173234512e-26   1.7024340473e+03   1.0496941377e-01   5.6158544544e-01  -4.8233500816e+05   1.2877803188e-03   6.2927122448e-07   7.0825355320e-09   2.8182051603e-04   4.3643244284e-06   9.4081620881e-02   3.4098534235e-08   6.4157013411e-07   2.0878034256e-08   7.7859542889e-04   4.2796622085e-02   4.6676920901e-02   1.2732468188e-01   3.1856861849e-08   4.1130448562e-05   2.0238121000e-08   6.8672507822e-01  -7.7302058677e+05
  -2.1604565792e-02  -2.1828604937e-02   1.9457228728e-01   5.6108986578e-05   1.6456594992e+00   2.6350097869e-24   3.6345049592e-25   1.6486766094e+03   1.1702739704e-01   6.5215555657e-01  -7.3379119432e+04   1.2834873271e-03   4.0458724596e-07   3.2926068244e-09   2.6750075678e-04   2.4082384160e-06   9.2284151698e-02   2.8614874544e-08   3.3717276106e-07   1.0070699984e-08   6.5823744478e-04   5.5658057088e-02   4.6827778288e-02   1.2549934861e-01   1.7593496442e-08   2.9142293587e-05   1.0741349597e-08   6.7748907618e-01  -8.2997203268e+05
  -2.1159517315e-02  -2.1380526648e-02   1.9931093376e-01   5.4488192803e-05   1.7086625374e+00   2.0599473766e-24   5.9835003346e-25   1.5944769422e+03   1.3025018134e-01   7.4603234993e-01   1.4276584824e+05   1.2726434798e-03   2.5671612146e-07   1.6626453091e-09   2.7902145654e-04   1.3012933466e-06   9.0461486022e-02   2.6232380706e-08   1.6655924501e-07   4.5396187572e-09   5.3112742725e-04   6.9804584279e-02   4.6786639245e-02   1.2350647050e-01   9.4321334560e-09   2.0342340972e-05   5.4054295153e-09   6.6733591341e-01  -8.9152140134e+05
  -2.0721334523e-02  -2.0938507983e-02   2.0426556910e-01   5.2842989582e-05   1.7730673027e+00   1.6846949627e-24   7.2961842700e-25   1.5401642333e+03   1.4456476351e-01   8.4300175952e-01   2.1747948915e+05   1.2584932158e-03   1.6296601326e-07   9.0709138340e-10   3.0586819424e-04   6.9600903476e-07   8.8617059747e-02   2.5350839135e-08   7.9722989453e-08   1.9709057630e-09   4.1698098508e-04   8.5123885133e-02   4.6607341660e-02   1.2134203401e-01   5.0930512380e-09   1.4337618873e-05   2.6611711230e-09   6.5631302475e-01  -9.5769824365e+05
  -2.0290697900e-02  -2.0504161063e-02   2.0943928291e-01   5.1180921092e-05   1.8394815517e+00   1.5011559915e-24   7.7013113849e-25   1.4859465725e+03   1.5996305897e-01   9.4390249345e-01   2.1303290462e+05   1.2427211308e-03   1.0476792135e-07   5.2677766908e-10   3.4131176401e-04   3.7227265616e-07   8.6748366009e-02   2.5218791049e-08   3.8022015788e-08   8.4718045304e-10   3.2405103092e-04   1.0159159945e-01   4.6312854564e-02   1.1900698096e-01   2.8687999977e-09   1.0442297022e-05   1.3193082579e-09   6.4442112695e-01  -1.0286804785e+06
  -1.9866927679e-02  -2.0077234737e-02   2.1484619161e-01   4.9504947661e-05   1.9087655612e+00   1.3597607793e-24   7.4558645385e-25   1.4318988870e+03   1.7649555099e-01   1.0496718875e+00   1.7652757551e+05   1.2260684851e-03   6.8787394076e-08   3.2076051296e-10   3.8141667265e-04   2.0047583030e-07   8.4848415485e-02   2.5634538301e-08   1.8438923112e-08   3.6770057063e-10   2.5248356942e-04   1.1925753702e-01   4.5911764788e-02   1.1649796602e-01   1.7311474646e-09   8.0047397162e-06   6.7290779860e-10   6.3161602680e-01  -1.1048585509e+06
  -1.9448749639e-02  -1.9656620621e-02   2.2051105021e-01   4.7815138305e-05   1.9818779277e+00   1.1642351306e-24   6.8263296099e-25   1.3780083690e+03   1.9425402401e-01   1.1608806416e+00   1.3480621324e+05   1.2087862314e-03   4.6301160860e-08   2.0233613691e-10   4.2392243723e-04   1.0892896074e-07   8.2906785407e-02   2.6721191076e-08   9.1881354929e-09   1.6270147756e-10   1.9868445357e-04   1.3822103218e-01   4.5405820967e-02   1.1380704601e-01   1.1353242626e-09   6.5314075421e-06   3.5732123841e-10   6.1782119791e-01  -1.1867919415e+06
  -1.9034697190e-02  -1.9240878656e-02   2.2646797652e-01   4.6110093207e-05   2.0598040765e+00   8.9131900213e-25   6.0780446672e-25   1.3242168993e+03   2.1335945710e-01   1.2777675535e+00   9.9211079596e+04   1.1908900125e-03   3.1938849402e-08   1.3089845849e-10   4.6732465304e-04   5.9583647580e-08   8.0910193677e-02   2.8787395808e-08   4.7111598437e-09   7.3420192478e-11   1.5829648080e-04   1.5861422261e-01   4.4792689768e-02   1.1092284846e-01   8.1059886334e-10   5.6865970283e-06   1.9820056475e-10   6.0293772151e-01  -1.2751501662e+06
  -1.8623302524e-02  -1.8828515724e-02   2.3276009831e-01   4.4387768191e-05   2.1435525506e+00   5.6477878107e-25   5.4028760396e-25   1.2704461676e+03   2.3395644901e-01   1.4004002201e+00   7.2314661387e+04   1.1722858297e-03   2.2509174373e-08   8.6056743745e-11   5.1029710040e-04   3.2636214371e-08   7.8842974815e-02   3.2244642017e-08   2.4738961120e-09   3.3584839723e-11   1.2757926908e-04   1.8059433058e-01   4.4067000916e-02   1.0783094126e-01   6.2501027597e-10   5.2507481873e-06   1.1463353852e-10   5.8684924876e-01  -1.3706781810e+06
  -1.8213151542e-02  -1.8418089324e-02   2.3944107598e-01   4.2645752812e-05   2.2341933183e+00   2.5401802751e-25   4.8421664996e-25   1.2166054387e+03   2.5621313904e-01   1.5284226635e+00   5.3017403670e+04   1.1528255790e-03   1.6141151125e-08   5.7010794904e-11   5.5140833112e-04   1.7777248529e-08   7.6687412183e-02   3.7542123607e-08   1.3203854058e-09   1.5431324575e-11   1.0376392035e-04   2.0434299995e-01   4.3220905479e-02   1.0451322014e-01   5.1366255528e-10   5.0786849666e-06   6.8968204052e-11   5.6942231230e-01  -1.4741950686e+06
  -1.7802863852e-02  -1.8008213760e-02   2.4657707837e-01   4.0881574672e-05   2.3328996526e+00   2.5670457704e-26   4.3356510886e-25   1.1625999702e+03   2.8032048311e-01   1.6597973323e+00   3.9337838467e+04   1.1323240207e-03   1.1729805133e-08   3.7767221357e-11   5.8901492557e-04   9.5578775305e-09   7.4423939157e-02   4.5069451688e-08   7.1042236088e-10   7.0502708064e-12   8.4932190831e-05   2.3006551671e-01   4.2244598921e-02   1.0094740107e-01   4.4384049576e-10   5.0690147553e-06   4.3240548818e-11   5.5050713639e-01  -1.5865897985e+06
  -1.7391028885e-02  -1.7597513944e-02   2.5424589322e-01   3.9093741070e-05   2.4409030916e+00  -1.2410004788e-25   3.8226546754e-25   1.1083625185e+03   3.0648109502e-01   1.7885181586e+00   2.9537666012e+04   1.1105473043e-03   8.6082179807e-09   2.4845261243e-11   6.2123134867e-04   5.0339605072e-09   7.2030959301e-02   5.4982801567e-08   3.8234388615e-10   3.1712518097e-12   6.9784705657e-05   2.5797913946e-01   4.1126995909e-02   9.7108628292e-02   3.9865058304e-10   5.1452743306e-06   2.8547619770e-11   5.2994749894e-01  -1.7087446246e+06
  -1.6975793577e-02  -1.7184543827e-02   2.6253742432e-01   3.7282282709e-05   2.5593309866e+00  -2.2497594751e-25   3.2817401373e-25   1.0538698593e+03   3.3490282744e-01   1.9035442200e+00   2.2368775185e+04   1.0871587950e-03   6.3601569591e-09   1.6123085450e-11   6.4593532444e-04   2.5773854979e-09   6.9481819801e-02   6.6970793832e-08   2.0432802903e-10   1.3906817465e-12   5.7429746647e-05   2.8830665186e-01   3.9855473968e-02   9.2971968337e-02   3.6927742191e-10   5.2453002045e-06   2.0208752624e-11   5.0758824035e-01  -1.8414454879e+06
  -1.6554877463e-02  -1.6767043328e-02   2.7154587675e-01   3.5450660854e-05   2.6888183920e+00  -2.9015886623e-25   2.7194487831e-25   9.9920093441e+02   3.6576786875e-01   1.9920537443e+00   1.7012220927e+04   1.0616806673e-03   4.7187404002e-09   1.0254234191e-11   6.6073481230e-04   1.2735724198e-09   6.6743395504e-02   8.0073080191e-08   1.0773646892e-10   5.8929247605e-13   4.7254568667e-05   3.2124380905e-01   3.8416123898e-02   8.8519422730e-02   3.5130924553e-10   5.3156997557e-06   1.5482457743e-11   4.8330217652e-01  -1.9851579803e+06
  -1.6126230590e-02  -1.6342711599e-02   2.8136581527e-01   3.3606915342e-05   2.8293628302e+00  -3.1574452833e-25   2.1566442443e-25   9.4456049964e+02   3.9918384550e-01   2.0498855785e+00   1.2948640113e+04   1.0335429628e-03   3.5083616664e-09   6.3522848712e-12   6.6307204925e-04   6.0365762494e-10   6.3781199908e-02   9.2739062225e-08   5.5776833006e-11   2.3956124196e-13   3.8837185711e-05   3.5690715680e-01   3.6796821712e-02   8.3745026031e-02   3.4292805037e-10   5.3101378256e-06   1.2548290094e-11   4.5702893594e-01  -2.1396799271e+06
  -1.5687550570e-02  -1.5909749581e-02   2.9213719401e-01   3.1756641914e-05   2.9811482786e+00  -2.9626777860e-25   1.6207478157e-25   8.9005728142e+02   4.3526692393e-01   2.0687461104e+00   9.8318928369e+03   1.0021219981e-03   2.6065548623e-09   3.8042750284e-12   6.5057562437e-04   2.7240046205e-10   6.0558990125e-02   1.0323712043e-07   2.8183943651e-11   9.2587609897e-14   3.1849324388e-05   3.9542220290e-01   3.4986420022e-02   7.8635981834e-02   3.4391103190e-10   5.1912169070e-06   1.0279171703e-11   4.2870656046e-01  -2.3049681242e+06
  -1.5240428477e-02  -1.5465351558e-02   3.0393997027e-01   2.9919509921e-05   3.1429240358e+00  -2.4345133312e-25   1.1470549470e-25   8.3620737295e+02   4.7381256340e-01   2.0477201840e+00   7.4356703390e+03   9.6708132652e-04   1.9316412163e-09   2.1930258408e-12   6.2154920211e-04   1.1685882728e-10   5.7068426676e-02   1.0996447634e-07   1.3877398229e-11   3.3925308599e-14   2.6071761686e-05   4.3657191875e-01   3.2991906542e-02   7.3219637572e-02   3.5456858667e-10   4.9342282456e-06   8.2282200698e-12   3.9852836155e-01  -2.4795914924e+06
  -1.4796047968e-02  -1.5015505396e-02   3.1657738474e-01   2.8152104402e-05   3.3090366043e+00  -1.7723516132e-25   7.7188055579e-26   7.8459366419e+02   5.1363512170e-01   1.9834277017e+00   5.6108845213e+03   9.2899557988e-04   1.4306834845e-09   1.2274917229e-12   5.7672699741e-04   4.8585531025e-11   5.3387244253e-02   1.1177474546e-07   6.7432708668e-12   1.2010392880e-14   2.1389166831e-05   4.7909176003e-01   3.0874900155e-02   6.7657959258e-02   3.7338446795e-10   4.5419242365e-06   6.3757891872e-12   3.6745636899e-01  -2.6576274437e+06
  -1.4359132467e-02  -1.4576590540e-02   3.3001919195e-01   2.6478072319e-05   3.4756773305e+00  -1.1513633724e-25   5.0118353420e-26   7.3578945524e+02   5.5389039941e-01   1.8755607655e+00   4.1980280568e+03   8.8823447056e-04   1.0530129003e-09   6.7041454545e-13   5.1895765043e-04   1.9784944204e-11   4.9569093743e-02   1.0835432627e-07   3.2372560434e-12   4.1260343471e-15   1.7587356656e-05   5.2208123440e-01   2.8685501869e-02   6.2060452899e-02   3.9519994407e-10   4.0402494079e-06   4.7621595747e-12   3.3617478753e-01  -2.8352403137e+06
  -1.3922606848e-02  -1.4141674393e-02   3.4455673972e-01   2.4877205367e-05   3.6430329292e+00  -6.5562697866e-26   3.2019087078e-26   6.8913608519e+02   5.9474812054e-01   1.7249902755e+00   3.0540750568e+03   8.4412463604e-04   7.5660418372e-10   3.5513319582e-13   4.5055182615e-04   7.8248086242e-12   4.5576756727e-02   9.9508255681e-08   1.5086066928e-12   1.3446893093e-15   1.4418493458e-05   5.6572270440e-01   2.6419627120e-02   5.6394932022e-02   4.0949638362e-10   3.4531890795e-06   3.3784703818e-12   3.0457333090e-01  -3.0128936434e+06
  -1.3478756078e-02  -1.3703539303e-02   3.6055984613e-01   2.3331955790e-05   3.8112354983e+00  -2.4846317487e-26   2.0879114608e-26   6.4407016853e+02   6.3636413664e-01   1.5331625189e+00   2.0945421567e+03   7.9582727033e-04   5.1702478586e-10   1.8196168451e-13   3.7426718579e-04   2.9776449189e-12   4.1374408754e-02   8.5292403476e-08   6.6739313336e-13   4.0378523195e-16   1.1701802238e-05   6.1018432011e-01   2.4072543558e-02   5.0632099253e-02   4.0018018475e-10   2.8098947552e-06   2.2195275105e-12   2.7255193595e-01  -3.1909964092e+06
  -1.3018348373e-02  -1.3253972853e-02   3.7851852447e-01   2.1826257456e-05   3.9803849492e+00   2.9157845354e-26   1.3745247740e-26   6.0008637981e+02   6.7887944366e-01   1.3049446352e+00   1.2903618066e+03   7.4228876056e-04   3.2335508918e-10   8.9638883252e-14   2.9354898406e-04   1.0686210014e-12   3.6927997126e-02   6.6749753447e-08   2.7249939749e-13   9.2877400424e-17   9.2936647704e-06   6.5561915749e-01   2.1638923249e-02   4.4745456291e-02   3.5310033149e-10   2.1456447592e-06   1.2975181319e-12   2.4002112136e-01  -3.3699332468e+06
  -1.2529263803e-02  -1.2782723893e-02   3.9910492302e-01   2.0344555761e-05   4.1505863302e+00  -4.8679520056e-26   3.2771891557e-27   5.5671151249e+02   7.2241790162e-01   1.0498754865e+00   6.6728330764e+02   6.8216671060e-04   1.7609108636e-10   4.1325393052e-14   2.1278904125e-04   3.4549622978e-13   3.2206791546e-02   4.6508078176e-08   9.8164050773e-14  -2.3407604889e-16   7.0790238066e-06   7.0216311773e-01   1.9112193678e-02   3.8711578786e-02   2.6993385467e-10   1.5027421240e-06   6.3896149551e-13   2.0690273379e-01  -3.5500890882e+06
  -1.1994081880e-02  -1.2275803713e-02   4.2326172221e-01   1.8871337015e-05   4.3219652721e+00   3.3712222915e-26  -4.6711837745e-28   5.1349968874e+02   7.6707156951e-01   7.8312498686e-01   2.6438288195e+02   6.1373023351e-04   7.8550879685e-11   1.6762404764e-14   1.3755572496e-04   9.2432381065e-14   2.7188241990e-02   2.8207107000e-08   2.8274489711e-14  -5.2411730199e-17   4.9930270091e-06   7.4991987477e-01   1.6482910960e-02   3.2512529608e-02   1.7434666425e-10   9.3016448033e-07   2.4815739241e-13   1.7313920507e-01  -3.7318321110e+06
  -1.1385385353e-02  -1.1712360047e-02   4.5230547236e-01   1.7392008281e-05   4.4946584300e+00   1.7576432002e-27  -5.3593265049e-28   4.7007887615e+02   8.1285670780e-01   5.2579492855e-01   7.2239945285e+01   5.3477624474e-04   2.7168998064e-11   5.5491590061e-15   7.4546966779e-05   1.8194577917e-14   2.1870409494e-02   1.4605960705e-08   5.9218525713e-15  -7.3854971936e-18   3.0732285952e-06   7.9891498569e-01   1.3734779355e-02   2.6142776597e-02   9.5309203240e-11   4.7898645953e-07   7.1312535900e-14   1.3872415871e-01  -3.9153743167e+06
  -1.0654303214e-02  -1.1058410658e-02   4.8800056581e-01   1.5895581378e-05   4.6689913403e+00   9.3353527490e-29  -1.6324415464e-27   4.2626944216e+02   8.5967020642e-01   3.0424873471e-01   1.1854660679e+01   4.4259863901e-04   6.8665338892e-12   1.3738911190e-15   3.0418817581e-05   2.2510947382e-15   1.6292866534e-02   6.1731201766e-09   8.1411373984e-16  -4.6113194928e-19   1.4975613555e-06   8.4905146637e-01   1.0830993622e-02   1.9614782647e-02   4.5612176333e-11   1.8708550860e-07   1.4804236919e-14   1.0373518250e-01  -4.1005534475e+06
  -9.6430340104e-03  -1.0250195770e-02   5.3542113767e-01   1.4293879410e-05   4.8560167524e+00  -5.8209246670e-29  -3.6250326910e-28   3.7976904865e+02   9.0974855285e-01   1.2796368775e-01   8.2617201261e-01   3.2826688774e-04   1.0628051176e-12   1.9546117171e-16   7.0954384876e-06   1.1737722053e-16   1.0268461935e-02   1.6776782496e-09   8.5931784593e-17  -7.0826590035e-21   4.5509550120e-07   9.0275091055e-01   7.5170082182e-03   1.2606001132e-02   2.1428197275e-11   4.4925636521e-08   1.7751682760e-14   6.6521754121e-02  -4.2967887596e+06
  -7.6131170125e-03  -9.0358722511e-03   5.9734534459e-01   1.2642146013e-05   5.0479796926e+00  -8.2561013097e-30  -2.6425483862e-29   3.3275275813e+02   9.6140097745e-01   2.2206296449e-02   2.3446432746e-02   1.6775843816e-04   8.4590835942e-14   1.0755356366e-17   5.2884529344e-07   1.3121255617e-18   4.1601013718e-03   1.5774893677e-10   6.1985212365e-18  -2.6082588645e-24   5.1227122726e-08   9.5829698072e-01   3.6080302288e-03   5.4559642606e-03   2.6315929489e-11   4.5328215597e-09   1.0276943034e-13   2.8310580193e-02  -4.4980557706e+06
  -3.0951901104e-03  -6.1903617739e-03   6.3470226609e-01   1.1805654827e-05   5.1498998786e+00  -2.1114259235e-31  -7.7228937999e-31   3.0957183718e+02   9.8826215061e-01   6.1590116256e-04   3.6452337467e-04   5.9314531422e-05   6.5873978314e-15   2.3396021675e-19   1.5187057151e-08   5.1960054051e-21   1.1864206941e-03   5.6836684738e-12   2.3978845552e-19   3.1695279774e-28   2.6381014244e-09   9.8728488083e-01   1.2146400703e-03   1.6864896984e-03   1.0949723373e-11   2.7131785336e-10   1.9749809453e-14   8.5682360646e-03  -4.6012416558e+06
   3.0951532104e-03  -1.8446987094e-08   6.3470244318e-01   1.1805651092e-05   5.1499003430e+00   5.3635507087e-31  -2.4639712485e-31   3.0957173473e+02   9.8826227190e-01   6.1587813057e-04   3.6452029137e-04   5.9314020966e-05   6.5883614876e-15   2.3403645903e-19   1.5186390410e-08   5.1965552408e-21   1.1864076610e-03   5.6834080742e-12   2.3982439061e-19   3.1645449668e-28   2.6379904561e-09   9.8728501185e-01   1.2146286773e-03   1.6864724978e-03   1.0949832140e-11   2.7130925835e-10   1.9749868590e-14   8.5681471831e-03  -4.6012421190e+06
   7.6130866286e-03   6.1903248677e-03   5.9734592732e-01   1.2642132230e-05   5.0479803601e+00   1.8798631051e-29  -1.4534059686e-29   3.3275237124e+02   9.6140140918e-01   2.2205786739e-02   2.3445439511e-02   1.6775694695e-04   8.4593654997e-14   1.0756563214e-17   5.2882017005e-07   1.3121544992e-18   4.1600511270e-03   1.5774774361e-10   6.1991604018e-18  -2.6080147512e-24   5.1224417166e-08   9.5829744554e-01   3.6079958191e-03   5.4559044506e-03   2.6315720582e-11   4.5326493974e-09   1.0276212455e-13   2.8310261354e-02  -4.4980574456e+06
   9.6430175879e-03   9.0358483894e-03   5.3542171563e-01   1.4293862046e-05   4.8560164133e+00   2.8798942361e-28  -2.8992665207e-28   3.7976854741e+02   9.0974908986e-01   1.2796195700e-01   8.2610955107e-01   3.2826552445e-04   1.0627792148e-12   1.9546497373e-16   7.0952796720e-06   1.1737478792e-16   1.0268397116e-02   1.6777068729e-09   8.5927727640e-17  -7.0818204784e-21   4.5507546625e-07   9.0275148686e-01   7.5169714727e-03   1.2605926419e-02   2.1424435552e-11   4.4924713136e-08   1.7704715857e-14   6.6521355624e-02  -4.2967908696e+06
   1.0654297888e-02   1.0250186787e-02   4.8800072923e-01   1.5895575198e-05   4.6689919845e+00   1.6313985306e-27  -1.3666427640e-27   4.2626926165e+02   8.5967039967e-01   3.0424694694e-01   1.1854162606e+01   4.4259819196e-04   6.8664682306e-12   1.3739229434e-15   3.0418670305e-05   2.2510708441e-15   1.6292842953e-02   6.1732489014e-09   8.1404310659e-16  -4.6117974809e-19   1.4975038245e-06   8.4905167355e-01   1.0830981414e-02   1.9614756024e-02   4.5612359840e-11   1.8708467895e-07   1.4803258962e-14   1.0373503838e-01  -4.1005542087e+06
   1.1385385284e-02   1.1058408990e-02   4.5230544039e-01   1.7392009770e-05   4.4946590958e+00   2.6439049275e-27  -1.9922757926e-27   4.7007891980e+02   8.1285666171e-01   5.2579349952e-01   7.2237580410e+01   5.3477631652e-04   2.7169006505e-11   5.5491153440e-15   7.4547020588e-05   1.8193557777e-14   2.1870414460e-02   1.4606359175e-08   5.9213705054e-15  -7.6488740911e-18   3.0731175552e-06   7.9891493648e-01   1.3734782106e-02   2.6142783320e-02   9.5309987592e-11   4.7898706912e-07   7.1312053634e-14   1.3872419346e-01  -3.9153741307e+06
   1.1994084641e-02   1.1712361579e-02   4.2326160509e-01   1.8871343636e-05   4.3219658634e+00   2.0555508499e-26  -6.3142150404e-27   5.1349988224e+02   7.6707136337e-01   7.8312464284e-01   2.6451351606e+02   6.1373060920e-04   7.8595376506e-11   1.6762046831e-14   1.3755603646e-04   9.2573308985e-14   2.7188265367e-02   2.8207643292e-08   2.8296066890e-14  -7.2282044700e-17   4.9928736872e-06   7.4991965430e-01   1.6482923220e-02   3.2512558347e-02   1.7439165593e-10   9.3016709183e-07   2.4812703560e-13   1.7313936062e-01  -3.7318312881e+06
   1.2529268349e-02   1.2275807703e-02   3.9910474719e-01   2.0344567461e-05   4.1505866529e+00   1.0107748950e-26  -1.2600890817e-26   5.5671185502e+02   7.2241755059e-01   1.0498775958e+00   6.6641823544e+02   6.8216729615e-04   1.7584686857e-10   4.1250778441e-14   2.1278966817e-04   3.4595886469e-13   3.2206830754e-02   4.6507748166e-08   9.8062805983e-14  -3.3927521949e-16   7.0788723615e-06   7.0216274237e-01   1.9112214401e-02   3.8711626870e-02   2.6985609638e-10   1.5027474064e-06   6.3863116080e-13   2.0690300007e-01  -3.5500876549e+06
   1.3018353346e-02   1.2782728995e-02   3.7851832914e-01   2.1826272534e-05   3.9803857691e+00  -1.8774855947e-27  -4.8404085878e-27   6.0008682201e+02   6.7887901294e-01   1.3049484624e+00   1.2902793694e+03   7.4228937526e-04   3.2333770488e-10   8.9611546572e-14   2.9354980785e-04   1.0690398547e-12   3.6928043010e-02   6.6749705091e-08   2.7223086690e-13   1.0087320901e-16   9.2935178587e-06   6.5561869717e-01   2.1638948203e-02   4.4745515820e-02   3.5302412289e-10   2.1456518573e-06   1.2974309511e-12   2.4002145002e-01  -3.3699314366e+06
   1.3478760461e-02   1.3253977697e-02   3.6055967719e-01   2.3331970835e-05   3.8112361294e+00   3.7175587696e-26  -1.3899532219e-26   6.4407060945e+02   6.3636372695e-01   1.5331656663e+00   2.0944988961e+03   7.9582779394e-04   5.1702008121e-10   1.8196084530e-13   3.7426796358e-04   2.9776364522e-12   4.1374450422e-02   8.5292661754e-08   6.6738074573e-13   4.0377990545e-16   1.1701678320e-05   6.1018388244e-01   2.4072566898e-02   5.0632156157e-02   4.0017680125e-10   2.8099017164e-06   2.2195160478e-12   2.7255225053e-01  -3.1909946482e+06
   1.3922610236e-02   1.3703543225e-02   3.4455661637e-01   2.4877217930e-05   3.6430335583e+00   6.6277674163e-26  -2.8099659800e-26   6.8913645304e+02   5.9474779541e-01   1.7249919208e+00   3.0540385129e+03   8.4412503896e-04   7.5660110558e-10   3.5513288322e-13   4.5055240399e-04   7.8248042036e-12   4.5576788707e-02   9.9508486209e-08   1.5085911000e-12   1.3446793970e-15   1.4418396373e-05   5.6572235709e-01   2.6419645445e-02   5.6394977116e-02   4.0949381427e-10   3.4531944133e-06   3.3784578121e-12   3.0457358192e-01  -3.0128922214e+06
   1.4359134817e-02   1.4141677248e-02   3.3001911242e-01   2.6478081503e-05   3.4756780037e+00   8.5546058471e-26  -4.1850526213e-26   7.3578972407e+02   5.5389017467e-01   1.8755614261e+00   4.1979953259e+03   8.8823476345e-04   1.0530099615e-09   6.7041404928e-13   5.1895799914e-04   1.9784943413e-11   4.9569115236e-02   1.0835445642e-07   3.2372358037e-12   4.1260165435e-15   1.7587283855e-05   5.2208099431e-01   2.8685514465e-02   6.2060483995e-02   3.9519813433e-10   4.0402527677e-06   4.7621465029e-12   3.3617496187e-01  -2.8352393157e+06
   1.4796049376e-02   1.4576592386e-02   3.1657734029e-01   2.8152110165e-05   3.3090373095e+00   7.1123628971e-26  -3.4332547947e-26   7.8459383307e+02   5.1363498925e-01   1.9834278882e+00   5.6108571892e+03   9.2899578499e-04   1.4306808721e-09   1.2274908386e-12   5.7672715487e-04   4.8585522809e-11   5.3387256566e-02   1.1177479672e-07   6.7432446613e-12   1.2010359272e-14   2.1389113075e-05   4.7909161846e-01   3.0874907647e-02   6.7657977525e-02   3.7338337026e-10   4.5419259162e-06   6.3757769922e-12   3.6745647218e-01  -2.6576268460e+06
   1.5240429078e-02   1.5015506366e-02   3.0393995195e-01   2.9919512540e-05   3.1429247540e+00   2.7177866427e-26  -2.3409571089e-26   8.3620745002e+02   4.7381250753e-01   2.0477201677e+00   7.4356479115e+03   9.6708146740e-04   1.9316388399e-09   2.1930240507e-12   6.2154922791e-04   1.1685875712e-10   5.7068431687e-02   1.0996448695e-07   1.3877361194e-11   3.3925233014e-14   2.6071720720e-05   4.3657185889e-01   3.2991909990e-02   7.3219645138e-02   3.5456797691e-10   4.9342287587e-06   8.2282090049e-12   3.9852840526e-01  -2.4795912337e+06
   1.5687550724e-02   1.5465351791e-02   2.9213718953e-01   3.1756642638e-05   2.9811489262e+00  -5.5456655555e-26  -1.5434312931e-26   8.9005730234e+02   4.3526690887e-01   2.0687460127e+00   9.8318745310e+03   1.0021221126e-03   2.6065527156e-09   3.8042721509e-12   6.5057559265e-04   2.7240025331e-10   6.0558991383e-02   1.0323711825e-07   2.8183890246e-11   9.2587444042e-14   3.1849292198e-05   3.9542218653e-01   3.4986421519e-02   7.8635983583e-02   3.4391069518e-10   5.1912169102e-06   1.0279162190e-11   4.2870657227e-01  -2.3049680549e+06
   1.6126230665e-02   1.5909749657e-02   2.8136581351e-01   3.3606915665e-05   2.8293633267e+00  -1.8035618686e-25  -8.2832866170e-27   9.4456050854e+02   3.9918383867e-01   2.0498854548e+00   1.2948625905e+04   1.0335430793e-03   3.5083600143e-09   6.3522816583e-12   6.6307199020e-04   6.0365731004e-10   6.3781200424e-02   9.2739053677e-08   5.5776767118e-11   2.3956096768e-13   3.8837161646e-05   3.5690714916e-01   3.6796823025e-02   8.3745026474e-02   3.4292784894e-10   5.3101376004e-06   1.2548282519e-11   4.5702894128e-01  -2.1396798962e+06
   1.6554877535e-02   1.6342711672e-02   2.7154587545e-01   3.5450661118e-05   2.6888187554e+00  -3.3938141803e-25  -7.7942949400e-28   9.9920094151e+02   3.6576786332e-01   1.9920536577e+00   1.7012209871e+04   1.0616807884e-03   4.7187392350e-09   1.0254230721e-11   6.6073472595e-04   1.2735720210e-09   6.6743395879e-02   8.0073068009e-08   1.0773639088e-10   5.8929206353e-13   4.7254550419e-05   3.2124380284e-01   3.8416125406e-02   8.8519422817e-02   3.5130910992e-10   5.3156993229e-06   1.5482451220e-11   4.8330218074e-01  -1.9851579554e+06
   1.6975793647e-02   1.6767043398e-02   2.6253742331e-01   3.7282282938e-05   2.5593312507e+00  -5.2063838062e-25   6.3819309484e-27   1.0538698653e+03   3.3490282280e-01   1.9035441846e+00   2.2368766028e+04   1.0871589169e-03   6.3601561549e-09   1.6123081035e-11   6.4593520871e-04   2.5773849795e-09   6.9481820072e-02   6.6970779894e-08   2.0432793168e-10   1.3906811079e-12   5.7429731737e-05   2.8830664644e-01   3.9855475725e-02   9.2971968142e-02   3.6927731335e-10   5.2452995655e-06   2.0208746050e-11   5.0758824394e-01  -1.8414454663e+06
   1.7391028954e-02   1.7184543896e-02   2.5424589238e-01   3.9093741287e-05   2.4409032827e+00  -7.0930894421e-25   1.4324869576e-26   1.1083625240e+03   3.0648109071e-01   1.7885181550e+00   2.9537657681e+04   1.1105474232e-03   8.6082174411e-09   2.4845254572e-11   6.2123120263e-04   5.0339598095e-09   7.2030959506e-02   5.4982786645e-08   3.8234375630e-10   3.1712507752e-12   6.9784692358e-05   2.5797913436e-01   4.1126997949e-02   9.7108627870e-02   3.9865047835e-10   5.1452734942e-06   2.8547612228e-11   5.2994750226e-01  -1.7087446046e+06
   1.7802863921e-02   1.7597514012e-02   2.4657707764e-01   4.0881574888e-05   2.3328997910e+00  -8.7952533500e-25   2.2497570359e-26   1.1625999756e+03   2.8032047890e-01   1.6597973411e+00   3.9337829890e+04   1.1323241332e-03   1.1729804762e-08   3.7767210075e-11   5.8901475078e-04   9.5578765451e-09   7.4423939324e-02   4.5069436209e-08   7.1042217398e-10   7.0502690317e-12   8.4932177854e-05   2.3006551167e-01   4.2244601245e-02   1.0094740045e-01   4.4384037880e-10   5.0690137406e-06   4.3240539126e-11   5.5050713963e-01  -1.5865897791e+06
   1.8213151612e-02   1.8008213829e-02   2.3944107533e-01   4.2645753034e-05   2.2341934191e+00  -9.9248763834e-25   2.6042741858e-26   1.2166054441e+03   2.5621313484e-01   1.5284226725e+00   5.3017393499e+04   1.1528256817e-03   1.6141150809e-08   5.7010775149e-11   5.5140813305e-04   1.7777247049e-08   7.6687412339e-02   3.7542107883e-08   1.3203851122e-09   1.5431321303e-11   1.0376390650e-04   2.0434299489e-01   4.3220908052e-02   1.0451321934e-01   5.1366241154e-10   5.0786837970e-06   6.8968190182e-11   5.6942231553e-01  -1.4741950497e+06
   1.8623302594e-02   1.8418089394e-02   2.3276009771e-01   4.4387768422e-05   2.1435526248e+00  -1.0244930837e-24   1.5214224933e-26   1.2704461733e+03   2.3395644482e-01   1.4004002244e+00   7.2314647410e+04   1.1722859202e-03   2.2509173884e-08   8.6056709454e-11   5.1029688946e-04   3.2636211950e-08   7.8842974982e-02   3.2244626317e-08   2.4738956001e-09   3.3584833121e-11   1.2757925291e-04   1.8059432553e-01   4.4067003660e-02   1.0783094032e-01   6.2501008611e-10   5.2507468721e-06   1.1463351610e-10   5.8684925198e-01  -1.3706781626e+06
   1.9034697261e-02   1.8828515794e-02   2.2646797594e-01   4.6110093449e-05   2.0598041319e+00  -9.6235676319e-25  -2.1515464310e-26   1.3242169053e+03   2.1335945297e-01   1.2777675521e+00   9.9211058157e+04   1.1908900887e-03   3.1938848391e-08   1.3089840156e-10   4.6732444454e-04   5.9583643351e-08   8.0910193872e-02   2.8787380500e-08   4.7111588783e-09   7.3420178209e-11   1.5829646070e-04   1.5861421765e-01   4.4792692562e-02   1.1092284740e-01   8.1059859811e-10   5.6865955504e-06   1.9820052504e-10   6.0293772469e-01  -1.2751501484e+06
   1.9448749709e-02   1.9240878727e-02   2.2051104960e-01   4.7815138557e-05   1.9818779696e+00  -7.9666853175e-25  -9.2313758024e-26   1.3780083755e+03   1.9425402003e-01   1.1608806347e+00   1.3480617992e+05   1.2087862919e-03   4.6301159122e-08   2.0233604982e-10   4.2392224943e-04   1.0892895390e-07   8.2906785643e-02   2.6721176860e-08   9.1881337004e-09   1.6270144775e-10   1.9868442926e-04   1.3822102744e-01   4.5405823660e-02   1.1380704490e-01   1.1353238915e-09   6.5314059218e-06   3.5732116874e-10   6.1782120098e-01  -1.1867919245e+06
   1.9866927747e-02   1.9656620691e-02   2.1484619098e-01   4.9504947920e-05   1.9087655934e+00  -5.3052308643e-25  -1.9952694645e-25   1.4318988939e+03   1.7649554730e-01   1.0496718745e+00   1.7652752772e+05   1.2260685308e-03   6.8787392030e-08   3.2076039600e-10   3.8141652318e-04   2.0047582197e-07   8.4848415766e-02   2.5634526219e-08   1.8438920191e-08   3.6770051699e-10   2.5248354302e-04   1.1925753266e-01   4.5911767224e-02   1.1649796493e-01   1.7311469845e-09   8.0047381122e-06   6.7290769054e-10   6.3161602966e-01  -1.1048585349e+06
   2.0290697957e-02   2.0077234802e-02   2.0943928230e-01   5.1180921327e-05   1.8394815776e+00  -1.6072267681e-25  -3.4006188449e-25   1.4859465790e+03   1.5996305593e-01   9.4390247674e-01   2.1303284281e+05   1.2427211706e-03   1.0476792038e-07   5.2677754235e-10   3.4131166573e-04   3.7227264932e-07   8.6748366306e-02   2.5218782299e-08   3.8022011623e-08   8.4718037031e-10   3.2405100571e-04   1.0159159585e-01   4.6312856608e-02   1.1900697991e-01   2.8687994258e-09   1.0442295556e-05   1.3193081096e-09   6.4442112934e-01  -1.0286804645e+06
   2.0721334543e-02   2.0504161111e-02   2.0426556881e-01   5.2842989692e-05   1.7730673283e+00   2.9178398061e-25  -5.0695030294e-25   1.5401642361e+03   1.4456476195e-01   8.4300175597e-01   2.1747943003e+05   1.2584932622e-03   1.6296601339e-07   9.0709125792e-10   3.0586814009e-04   6.9600901648e-07   8.8617059923e-02   2.5350833462e-08   7.9722982238e-08   1.9709055935e-09   4.1698096018e-04   8.5123883162e-02   4.6607343325e-02   1.2134203291e-01   5.0930500630e-09   1.4337616041e-05   2.6611708791e-09   6.5631302602e-01  -9.5769823534e+05
   2.1159517299e-02   2.0938507976e-02   1.9931093392e-01   5.4488192779e-05   1.7086625691e+00   7.9533063030e-25  -6.8932242310e-25   1.5944769405e+03   1.3025018093e-01   7.4603235170e-01   1.4276571128e+05   1.2726435136e-03   2.5671611413e-07   1.6626449637e-09   2.7902140043e-04   1.3012932610e-06   9.0461486036e-02   2.6232374406e-08   1.6655922123e-07   4.5396181605e-09   5.3112740025e-04   6.9804583556e-02   4.6786640844e-02   1.2350646931e-01   9.4321296697e-09   2.0342333498e-05   5.4054287780e-09   6.6733591377e-01  -8.9152139945e+05
   2.1604565791e-02   2.1380526623e-02   1.9457228706e-01   5.6108986642e-05   1.6456595184e+00   1.2764512672e-24  -8.7158245429e-25   1.6486766111e+03   1.1702739629e-01   6.5215554803e-01  -7.3379123594e+04   1.2834873554e-03   4.0458725700e-07   3.2926070414e-09   2.6750076877e-04   2.4082384463e-06   9.2284151909e-02   2.8614875534e-08   3.3717275945e-07   1.0070699967e-08   6.5823743688e-04   5.5658056105e-02   4.6827779225e-02   1.2549934772e-01   1.7593495577e-08   2.9142292034e-05   1.0741349550e-08   6.7748907688e-01  -8.2997202726e+05
   2.2053489769e-02   2.1828604959e-02   1.9005312349e-01   5.7693087976e-05   1.5838702915e+00   1.6574409854e-24  -1.0345534668e-24   1.7024340531e+03   1.0496941239e-01   5.6158543426e-01  -4.8233504790e+05   1.2877803228e-03   6.2927125598e-07   7.0825365855e-09   2.8182054400e-04   4.3643247118e-06   9.4081621269e-02   3.4098537809e-08   6.4157017226e-07   2.0878035695e-08   7.7859543624e-04   4.2796620528e-02   4.6676921501e-02   1.2732468124e-01   3.1856863630e-08   4.1130449770e-05   2.0238122215e-08   6.8672507939e-01  -7.7302057807e+05
   2.2501444172e-02   2.2278374579e-02   1.8574549483e-01   5.9229864917e-05   1.5234264869e+00   1.8512933127e-24  -1.1604451925e-24   1.7555287880e+03   9.4165838210e-02   4.7631066620e-01  -1.0640665740e+06   1.2802406271e-03   9.5583863981e-07   1.6436361536e-08   3.3759279962e-04   7.7040035862e-06   9.5846164349e-02   4.5503797448e-08   1.1205128095e-06   3.9515845352e-08   8.6358889183e-04   3.1372159522e-02   4.6223386877e-02   1.2902094345e-01   5.4453314452e-08   5.6004471608e-05   3.5272741189e-08   6.9498994748e-01  -7.2047436322e+05
   2.2949008622e-02   2.2724513765e-02   1.8157016598e-01   6.0736333209e-05   1.4636980821e+00   1.8236437805e-24  -1.2385975380e-24   1.8087476836e+03   8.4536402478e-02   3.9799283469e-01  -1.5698096219e+06   1.2532952074e-03   1.4269763785e-06   4.1664292020e-08   4.6191144663e-04   1.3467577323e-05   9.7587181988e-02   6.8121443397e-08   1.7973333141e-06   6.8450417522e-08   8.8665023217e-04   2.1375837349e-02   4.5263048227e-02   1.3072023809e-01   8.7966129810e-08   7.2972471365e-05   5.6866770131e-08   7.0236185004e-01  -6.7114414164e+05
   2.3410075540e-02   2.3173503479e-02   1.7735438951e-01   6.2273512677e-05   1.4020882012e+00   1.6016291220e-24  -1.2615219945e-24   1.8645155308e+03   7.5759973692e-02   3.3084342455e-01  -6.5663887910e+05   1.1945813356e-03   2.2308716488e-06   1.2993569081e-07   7.2246723611e-04   2.5282380731e-05   9.9342793264e-02   1.1772553530e-07   2.8294888029e-06   1.1644034032e-07   8.3638091235e-04   1.2577642066e-02   4.3392023409e-02   1.3271947423e-01   1.4491476893e-07   9.2371469830e-05   9.0715717546e-08   7.0909132361e-01  -6.2248708274e+05
   2.4050234552e-02   2.3646647601e-02   1.7193273024e-01   6.4340035784e-05   1.3154630899e+00   1.2128758223e-24  -1.2125329172e-24   1.9413836504e+03   6.5146607018e-02   2.3081578611e-01   1.7709890374e+07   1.0389297718e-03   7.0879346180e-06   1.8704080093e-06   1.5299241614e-03   1.1153892919e-04   1.0154648314e-01   3.4343275364e-07   7.3478830397e-06   3.3703983398e-07   5.9143309926e-04   2.7672963834e-03   3.8553416376e-02   1.3652743509e-01   4.7605320285e-07   1.2124556974e-04   2.4562409113e-07   7.1719458911e-01  -5.6089592660e+05
   2.4740082513e-02   2.4453821503e-02   1.7314879759e-01   6.4861944589e-05   1.2125047879e+00   1.0804624628e-24  -1.0251352605e-24   1.9524331949e+03   5.6648336058e-02   1.5820833869e-01   3.2904178770e+07   4.8425520086e-04   5.5725416738e-05   3.2989173896e-04   7.7544470295e-03   1.9909394492e-03   9.9504776894e-02   1.3537513666e-06   1.0446639943e-06   5.7992982457e-08   7.7033877863e-06   1.5679107257e-05   1.9064690555e-02   1.4774393433e-01   3.6847900111e-07   7.6679896731e-06   4.6671319534e-08   7.2303741734e-01  -5.4571618284e+05
   2.5196613725e-02   2.5026343523e-02   1.7852506183e-01   6.3924544950e-05   1.1396676384e+00   1.0954992274e-24  -9.4856330471e-25   1.9044979227e+03   5.1222125144e-02   1.4949140446e-01   2.3858882505e+07   2.5383622040e-04   4.2082122016e-05   5.9499846962e-04   2.2837774420e-02   2.4786593260e-03   9.4168361302e-02   3.0569893082e-06   1.0251011269e-08   6.1758876522e-10   7.6439524467e-08   1.7964267904e-07   9.8018889639e-03   1.4245347291e-01   1.2031663450e-08   1.2640975998e-07   5.2792847545e-10   7.2736546335e-01  -4.7587355895e+05
   2.5500382151e-02   2.5366883926e-02   1.8364984830e-01   6.2930600543e-05   1.0890463020e+00   1.0643755036e-24  -8.4324879981e-25   1.8568834199e+03   4.7536347712e-02   1.4515326041e-01   2.3488978683e+07   1.6067500169e-04   2.9028227785e-05   6.1742159151e-04   3.5409868769e-02   2.3336028791e-03   8.9867280247e-02   4.0260916406e-06   1.5453048404e-10   9.8089000689e-12   1.4099218363e-09   4.1274439256e-09   5.9676881658e-03   1.3532499444e-01   2.3000771148e-09   2.8553211276e-09   8.5138999223e-12   7.3028540372e-01  -4.2330080128e+05
   2.5749718990e-02   2.5633880377e-02   1.8905170396e-01   6.1871581278e-05   1.0461584152e+00   1.0147743132e-24  -7.6214509284e-25   1.8076169122e+03   4.4504302940e-02   1.3763332630e-01   2.1410022017e+07   1.0751288402e-04   1.9833389367e-05   5.6529943162e-04   4.6685253437e-02   2.0523233429e-03   8.5971354307e-02   4.6085434372e-06   3.5954786321e-12   2.3879440265e-13   4.1847706599e-11   1.4934794744e-10   3.8408361078e-03   1.2811577714e-01   1.0514665942e-09   9.4308907123e-11   2.0571818459e-13   7.3263720008e-01  -3.8219691200e+05
   2.5971327683e-02   2.5865557603e-02   1.9487030916e-01   6.0752443965e-05   1.0070420490e+00   9.4901859349e-25  -6.8976953030e-25   1.7565663635e+03   4.1825383648e-02   1.2852916092e-01   1.8602623365e+07   7.3458095874e-05   1.3443331210e-05   4.8745409351e-04   5.7150360290e-02   1.7405104434e-03   8.2270970361e-02   4.9478742215e-06   1.2184702986e-13   8.3878496318e-15   1.8293648301e-12   7.7317182421e-12   2.5305537686e-03   1.2105725402e-01   5.2483115218e-10   5.2094280100e-12   7.0681206402e-15   7.3467104718e-01  -3.4860059200e+05
   2.6176358521e-02   2.6077097763e-02   2.0116781364e-01   5.9581036403e-05   9.7004473652e-01   8.6932118869e-25  -6.2059543797e-25   1.7039765347e+03   3.9375563975e-02   1.1854645703e-01   1.5629671616e+07   5.0572812600e-05   9.0112405558e-06   4.0380437344e-04   6.7021706520e-02   1.4366064551e-03   7.8682617481e-02   5.1152442898e-06   5.6994098991e-15   4.0380610472e-16   1.1139464415e-13   5.4689068363e-13   1.6878817576e-03   1.1420595572e-01   2.6484698605e-10   7.2765744692e-13   3.3104645453e-16   7.3649672813e-01  -3.2030085109e+05
   2.6370621869e-02   2.6275619280e-02   2.0798577142e-01   5.8365192423e-05   9.3431239434e-01   7.8026784669e-25  -5.5365799496e-25   1.6501692450e+03   3.7091805414e-02   1.0816503730e-01   1.2772502400e+07   3.4870925741e-05   5.9551308881e-06   3.2396605427e-04   7.6410265700e-02   1.1581084205e-03   7.5168371788e-02   5.1525654995e-06   3.5366465150e-16   2.5680822789e-17   9.1055620305e-15   5.1368482761e-14   1.1359231095e-03   1.0758455589e-01   1.3350780210e-10   2.3487978893e-13   2.0954780996e-17   7.3817283028e-01  -2.9593959712e+05
   2.6557873661e-02   2.6465624458e-02   2.1537328955e-01   5.7109951675e-05   8.9929098396e-01   6.8004485451e-25  -4.8930580162e-25   1.5953742085e+03   3.4934415561e-02   9.7730738969e-02   1.0174726805e+07   2.4013613857e-05   3.8677941289e-06   2.5259729156e-04   8.5394633683e-02   9.1277046570e-04   7.1704499686e-02   5.0887320417e-06  -9.6641213102e-17   2.7164152984e-18   1.0591407842e-15   6.2970278749e-15   7.7162260853e-04   1.0119396028e-01   6.6899112321e-11   1.0019729273e-13   2.0763989975e-18   7.3973694578e-01  -2.7457481647e+05
   2.6740677717e-02   2.6650122864e-02   2.2338559282e-01   5.5819114845e-05   8.6460771684e-01   5.8420418816e-25  -4.2751336327e-25   1.5397836614e+03   3.2877412188e-02   8.7501766213e-02   7.9064406351e+06   1.6514031629e-05   2.4619060001e-06   1.9168526671e-04   9.4030485076e-02   7.0330739769e-04   6.8276660191e-02   4.9457242833e-06   2.9212339515e-18   2.2065496411e-19   1.3609236898e-16   9.8885193242e-16   5.3079694149e-04   9.5029040474e-02   3.3266568958e-11   4.5268348552e-14   2.6215354299e-19   7.4121410296e-01  -2.5553382906e+05
   2.6920867929e-02   2.6831232570e-02   2.3208429796e-01   5.4495865730e-05   8.3000667006e-01   5.2210540763e-25  -3.6811929039e-25   1.4835723661e+03   3.0903280049e-02   7.7668246115e-02   5.9929018014e+06   1.1371723727e-05   1.5319430605e-06   1.4164353785e-04   1.0235810907e-01   5.2945558825e-04   6.4876761581e-02   4.7418099221e-06   3.6360718461e-19   2.8154708265e-20   2.3560869184e-17   1.9729310338e-16   3.7180383973e-04   8.9083109976e-02   1.6427434405e-11   2.1039605781e-14   5.3200123978e-20   7.4262147092e-01  -2.3832096719e+05
   2.7099824433e-02   2.7010503288e-02   2.4153923336e-01   5.3142915212e-05   7.9530971007e-01   5.2223907440e-25  -3.1038373424e-25   1.4269000474e+03   2.8999840111e-02   6.8364619240e-02   4.4292193849e+06   7.8872105929e-06   9.2987052446e-07   1.0192117254e-04   1.1040796851e-01   3.8904938047e-04   6.1500654881e-02   4.4929468318e-06   5.6381108661e-20   4.4561650593e-21   5.1638566184e-18   4.9565879328e-17   2.6700208805e-04   8.3348927424e-02   8.0722797181e-12   1.0074752678e-14   1.3803323040e-20   7.4397116651e-01  -2.2256136305e+05
   2.7278836326e-02   2.7189145579e-02   2.5184294510e-01   5.1760942271e-05   7.6035393521e-01   2.6066845296e-25  -2.5508109329e-25   1.3698457814e+03   2.7156399296e-02   5.9670172215e-02   3.1884905507e+06   5.5584757037e-06   5.4906003709e-07   7.1366712488e-05   1.1821254326e-01   2.7860712721e-04   5.8142938358e-02   4.2125782084e-06   1.0676838510e-20   8.6124778562e-22   1.4131750780e-18   1.5571175000e-17   1.9780801497e-04   7.7813047711e-02   3.9513056402e-12   5.0298603618e-15   4.0495875753e-21   7.4527336870e-01  -2.0795338697e+05
   2.7459716358e-02   2.7368527073e-02   2.6315229983e-01   5.0344419271e-05   7.2487551285e-01   1.5531819837e-25  -2.0700706552e-25   1.3122439304e+03   2.5358013293e-02   5.1587271222e-02   2.2285374191e+06   4.0214712149e-06   3.1366294746e-07   4.8498917445e-05   1.2582779577e-01   1.9378686305e-04   5.4786804815e-02   3.9100392648e-06   2.4471061344e-21   2.0144268212e-22   4.8030734916e-19   6.1129373592e-18   1.5169118970e-04   7.2442522315e-02   1.9189556440e-12   2.6444550445e-15   1.2677954468e-21   7.4654065495e-01  -1.9421718681e+05
   2.7643445195e-02   2.7550905643e-02   2.7560450313e-01   4.8893614928e-05   6.8879328639e-01   1.2069328428e-25  -1.7190123835e-25   1.2541790086e+03   2.3599982165e-02   4.4143926044e-02   1.5100957807e+06   3.0271037192e-06   1.7289659044e-07   3.1964123660e-05   1.3326979482e-01   1.3069161282e-04   5.1430931316e-02   3.5946701951e-06   7.0013749849e-22   5.8801332291e-23   2.0945686584e-19   3.1096702326e-18   1.2064353465e-04   6.7231100237e-02   9.2203312367e-13   1.4778188012e-15   4.1631303759e-22   7.4777807968e-01  -1.8117042664e+05
   2.7830232199e-02   2.7735984747e-02   2.8931275786e-01   4.7413735320e-05   6.5218673175e-01   1.4118612355e-25  -1.4456720715e-25   1.1959347235e+03   2.1885438352e-02   3.7378752166e-02   9.9069046832e+05   2.3956719557e-06   9.1791771566e-08   2.0441960027e-05   1.4052369744e-01   8.5443119704e-05   4.8087741088e-02   3.2715569407e-06   2.6621838473e-22   2.2797568571e-23   1.2476553213e-19   2.1900649993e-18   9.9316126591e-05   6.2192379175e-02   4.3598590622e-13   8.7689949227e-16   1.4194814439e-22   7.4898522207e-01  -1.6873477755e+05
   2.8020855757e-02   2.7924479651e-02   3.0445090890e-01   4.5905423158e-05   6.1504878545e-01   6.2061835780e-26  -1.1842419102e-25   1.1376117509e+03   2.0212942955e-02   3.1279355607e-02   6.2732730427e+05   1.9976448801e-06   4.6748594271e-08   1.2685391305e-05   1.4759538528e-01   5.4133030914e-05   4.4759576297e-02   2.9407302210e-06  -5.2248738048e-22   1.2166389031e-23   1.0294377497e-19   2.1525637586e-18   8.4096521060e-05   5.7324007030e-02   2.0076173100e-13   5.4411542987e-16   4.9379460688e-23   7.5016513132e-01  -1.5681215628e+05
   2.8216086239e-02   2.8117231863e-02   3.2122041176e-01   4.4369626452e-05   5.7740629002e-01   2.7772704720e-26  -9.4746586150e-26   1.0793262715e+03   1.8582485152e-02   2.5830975643e-02   3.8204315064e+05   1.7446733715e-06   2.2736278110e-08   7.6482394679e-06   1.5448543192e-01   3.3283146229e-05   4.1450163119e-02   2.5986797442e-06   7.3612202284e-23  -1.3430301640e-22   1.0320679615e-19   2.6263427869e-18   7.2644918251e-05   5.2626206464e-02   8.8962044128e-14   3.4483570927e-16   1.7125091566e-23   7.5132025610e-01  -1.4532858349e+05
   2.8417271625e-02   2.8314940615e-02   3.3991187474e-01   4.2803086431e-05   5.3921383594e-01   1.3368189045e-26  -7.3862676429e-26   1.0210431663e+03   1.6990948821e-02   2.1006394213e-02   2.2247663949e+05   1.5778013173e-06   1.0479380728e-08   4.4870126482e-06   1.6120783820e-01   1.9901038180e-05   3.8155602831e-02   2.2402896350e-06   5.2363572575e-23   4.7151476226e-24   1.1028621061e-19   3.4701478603e-18   6.3440830761e-05   4.8089219515e-02   3.7376861261e-14   2.1755684299e-16   5.7807921492e-24   7.5245568200e-01  -1.3421075278e+05
   2.8628417748e-02   2.8519602635e-02   3.6115292124e-01   4.1182827663e-05   4.9998709910e-01   9.9473851096e-27  -5.0905081506e-26   9.6203466714e+02   1.5418349244e-02   1.6724294426e-02   1.2216889795e+05   1.4584057653e-06   4.4863434910e-09   2.5522685962e-06   1.6784784032e-01   1.1536268521e-05   3.4834563330e-02   1.8618791582e-06  -1.4923677267e-22   2.9442048890e-24   1.1739099866e-19   4.6172972556e-18   5.5446637352e-05   4.3655624525e-02   1.4486498232e-14   1.3339669067e-16   1.8663078635e-24   7.5358911188e-01  -1.2328983349e+05
   2.8851423947e-02   2.8737232862e-02   3.8542488819e-01   3.9508911259e-05   4.5981220051e-01   1.2155525448e-26  -3.7627449986e-26   9.0246621061e+02   1.3868315609e-02   1.2997009693e-02   6.3305512669e+04   1.3643944860e-06   1.7785260557e-09   1.4220308400e-06   1.7439079242e-01   6.5404976518e-06   3.1491801319e-02   1.4800060512e-06  -9.1817553897e-23   1.7071086844e-24   1.1926812943e-19   6.0009917630e-18   4.8119711182e-05   3.9336149547e-02   5.1346231950e-15   7.9497073399e-17   5.8859828976e-25   7.5472232830e-01  -1.1241657339e+05
   2.9086338256e-02   2.8965615033e-02   4.1310592927e-01   3.7794395806e-05   4.1911735570e-01   1.3764256228e-26  -2.3947885019e-26   8.4296654591e+02   1.2358089717e-02   9.8504392930e-03   3.1201071486e+04   1.2821416243e-06   6.5603691073e-10   7.8685843904e-07   1.8076449632e-01   3.6685238659e-06   2.8164222546e-02   1.1234374129e-06   8.7769253393e-24  -9.7893020279e-24   1.1451331610e-19   7.5112304710e-18   4.1185262107e-05   3.5175593051e-02   1.6644907843e-15   4.6961954314e-17   1.7011087387e-25   7.5584764120e-01  -1.0164608309e+05
   2.9336068100e-02   2.9207061480e-02   4.4494667700e-01   3.6035345348e-05   3.7785971318e-01   1.7028930878e-26  -1.3217671504e-26   7.8356510162e+02   1.0887987278e-02   7.2462812600e-03   1.4748953947e+04   1.2025391673e-06   2.2597734914e-10   4.3524112346e-07   1.8696803479e-01   2.0458544781e-06   2.4855911746e-02   8.1625545846e-07   4.5044272801e-24  -4.7790666711e-24   1.0358657527e-19   9.0056257733e-18   3.4450208751e-05   3.1165517958e-02   4.9179096971e-16   2.8195637410e-17   5.6326838719e-26   7.5697158518e-01  -9.0911821490e+04
   2.9605623700e-02   2.9465074719e-02   4.8208068069e-01   3.4220091823e-05   3.3573710328e-01   1.9299018593e-26  -5.2770886446e-27   7.2407300893e+02   9.4524879220e-03   5.1248337662e-03   6.7222896285e+03   1.1193073149e-06   7.2713479613e-11   2.4029112453e-07   1.9302497612e-01   1.1339676247e-06   2.1562221408e-02   5.6898202098e-07   2.1828356125e-24  -2.2512502189e-24   8.8093664020e-20   1.0286561210e-17   2.7813403655e-05   2.7273724602e-02   1.3101544956e-16   1.7516354014e-17   1.8594161152e-26   7.5810820184e-01  -8.0101534694e+04
   2.9911475544e-02   2.9746172681e-02   5.2750963439e-01   3.2277965782e-05   2.9123627566e-01   1.7474173846e-26   6.3891780635e-28   6.6253739498e+02   8.0079585824e-03   3.3370786252e-03   2.8561770605e+03   1.0245867244e-06   2.0757474767e-11   1.2831430496e-07   1.9911959976e-01   6.0818305281e-07   1.8188488201e-02   3.7404049974e-07   1.6382947749e-24  -1.9812047264e-23   6.9682556393e-20   1.1114682450e-17   2.1091289894e-05   2.3365123418e-02   2.9122967467e-17   1.1081922418e-17   5.7234093846e-27   7.5930356218e-01  -6.8945296654e+04
   3.0270060223e-02   3.0076778408e-02   5.8327217792e-01   3.0225098974e-05   2.4541605526e-01   1.2141393407e-26   2.8199207251e-27   5.9996154359e+02   6.5788423304e-03   1.9089686594e-03   1.1143954957e+03   9.1151963767e-07   5.1616920070e-12   6.5255789105e-08   2.0514890138e-01   3.1359698616e-07   1.4778538878e-02   2.2918687331e-07   3.7719996372e-25  -3.4207151435e-25   5.0114116785e-20   1.1060552017e-17   1.4527585067e-05   1.9513110959e-02   5.1197641729e-18   7.0050863325e-18   1.4613574146e-27   7.6054340163e-01  -5.7539375282e+04
   3.0702603575e-02   3.0463342038e-02   6.5044665816e-01   2.8124208586e-05   1.9986085307e-01   4.7781320048e-27   2.5796753332e-27   5.3867016078e+02   5.2176244551e-03   9.5396465538e-04   3.9018272758e+02   7.7362988749e-07   1.0983375374e-12   3.0870545594e-08   2.1089162516e-01   1.5483961237e-07   1.1474606364e-02   1.2889439296e-07   1.2948707899e-25  -8.0429232649e-26   3.2648694973e-20   9.6918001899e-18   8.6760987871e-06   1.5830084708e-02   6.6483095138e-19   4.1767950848e-18   3.2043288531e-28   7.6179391944e-01  -4.6348899309e+04
   3.1263755033e-02   3.0941865111e-02   7.3302876686e-01   2.5958092228e-05   1.5348778568e-01   8.6601772236e-28   1.2945522713e-27   4.7853129680e+02   3.9063741407e-03   4.1330224605e-04   1.1445163607e+02   5.9929182567e-07   1.8647172739e-13   1.2762705951e-08   2.1642368672e-01   7.2455707991e-08   8.3241095293e-03   6.1984570826e-08  -2.3741081074e-25   3.4301139631e-27   1.8256145933e-20   6.7814456562e-18   3.9861676007e-06   1.2182086038e-02   5.2480698186e-20   2.0060160810e-18   5.8343407709e-29   7.6306538505e-01  -3.5136407063e+04
   3.2074307633e-02   3.1585644955e-02   8.3870807478e-01   2.3673952427e-05   1.0474446475e-01  -5.7222246107e-29   2.8620977293e-28   4.1864518080e+02   2.6074461774e-03   1.4866025081e-04   2.2838553701e+01   3.7625229106e-07   2.0903891383e-14   3.9409880409e-09   2.2190427744e-01   3.0629357821e-08   5.3517522935e-03   2.0772969673e-08  -1.4423077332e-25   5.9714420197e-28   7.1709366341e-21   2.8939628511e-18   1.0240435455e-06   8.3800406846e-03   1.5003545870e-21   5.3022881505e-19  -9.3568642585e-29   7.6436247394e-01  -2.3655393735e+04
   3.3554248838e-02   3.2562970312e-02   9.9168953437e-01   2.1041840182e-05   4.9104109705e-02  -5.5948098527e-30   1.0828566615e-29   3.5434817874e+02   1.2054832224e-03   3.1814008991e-05   6.5400364639e-01   9.7844023847e-08   3.8681799586e-16   4.9085945229e-10   2.2782054310e-01   5.1241054304e-09   2.4167183212e-03   1.6228483185e-09   3.5794212134e-28  -2.4263358095e-27   6.5862844932e-22   2.2430974962e-19   5.0770246040e-08   4.0101765153e-03   1.3077476185e-24   2.4392367847e-20   6.8295238213e-32   7.6575240621e-01  -1.1224071053e+04
   3.6818436974e-02   3.4545527364e-02   1.1087547412e+00   1.9409027674e-05   1.5676981514e-02  -1.9016869900e-31   3.7590225236e-31   3.1705773202e+02   3.6708332797e-04   1.5344765974e-06   5.0499921296e-03   8.0590537284e-09   2.1470755941e-18   3.4907505950e-11   2.3135947944e-01   3.9396805392e-10   7.5601808818e-04   8.2602801606e-11   8.1364783913e-31   4.4935525628e-32   3.7534498841e-23   1.1068833508e-20   1.9439420045e-09   1.2917495317e-03   2.6383735404e-28   9.9591446158e-22   1.0492910833e-34   7.6659274243e-01  -2.5352749775e+03
   4.1363786105e-02   3.9091346584e-02   1.1563065550e+00   1.8817730684e-05   3.7318852126e-03  -3.4420568436e-34   6.1364258514e-33   3.0405602857e+02   7.0903564279e-05   8.8532587033e-08   1.0942005153e-05   4.5166083867e-10   4.3388947107e-21   1.4775022242e-12   2.3260987105e-01   1.8074025186e-11   1.7982019858e-04   2.2233405350e-12   1.2078778467e-33   6.3493134003e-35   1.1364607199e-24   2.8888865721e-22   3.8329943895e-11   3.0782855176e-04   1.5051195747e-32   1.9951176306e-23   1.1651615220e-37   7.6690247969e-01   8.3979151761e+02
   4.8180815412e-02   4.3636225625e-02   1.1704098465e+00   1.8649310592e-05   3.6973643130e-04   2.6721602282e-35   3.3148151636e-35   3.0040235849e+02  -1.2346045543e-05   2.7148396009e-09   1.9906432732e-09   8.8091252490e-12   8.0612760848e-25   1.9128636573e-14   2.3296134228e-01   2.5203806515e-13   1.7851482964e-05   1.7330829577e-14   1.4802284045e-37   7.6657676420e-39   9.7902959262e-27   2.2286903692e-24   2.4098574427e-13   3.0480207945e-05   4.9101855911e-37   1.2822835769e-25   1.3099885559e-41   7.6699032602e-01   1.8018513177e+03
   5.8951834747e-02   5.2725405199e-02   1.1718509727e+00   1.8632271946e-05   3.1387244167e-05   1.0563999010e-37   6.4650816957e-38   3.0003396084e+02  -2.0726826997e-05   8.7627724037e-12   4.7029467073e-14   7.6240404515e-14   1.9955624836e-29   8.9667615377e-17   2.3299672535e-01   1.2691502339e-15   1.5058358771e-06   4.6048015650e-17   2.1755914064e-42   1.1239347555e-43   2.8490859968e-29   5.9387285161e-27   5.3958768693e-16   2.5950118025e-06   3.1531719929e-41   1.9519939903e-27   1.9070238141e-46   7.6699917380e-01   1.8984644661e+03
   7.1404691885e-02   6.5178264295e-02   1.1719673282e+00   1.8630897603e-05   3.9458671176e-06   1.4119849367e-40   6.0235616996e-41   3.0000425415e+02  -2.1405117126e-05   5.3482540126e-14   2.7127429777e-19   3.5938032135e-16   1.1945131476e-34   2.0039782453e-19   2.3299958905e-01   3.0399349269e-18   1.8854825799e-07   5.7039452809e-20   7.0442194812e-48   3.6250201851e-49   3.8359855874e-32   7.3946450155e-30   5.7237208938e-19   3.2646733239e-07   8.2523180862e-45   2.2190335887e-28   6.1508455297e-52   7.6699989593e-01   1.9064239787e+03
   9.0083974383e-02   7.7631119475e-02   1.1719824383e+00   1.8630719141e-05   3.6818058535e-07   2.0450793754e-43   5.9125291767e-44   3.0000039666e+02  -2.1493376633e-05   4.6699263910e-16   2.3726763249e-24   1.8385490192e-18   1.0676231435e-39   5.1921581006e-22   2.3299996168e-01   9.0805786137e-21   1.7579463031e-08   7.3755540375e-23   2.8770663850e-53   1.4860440660e-54   5.2647180917e-35   8.8520323070e-33   5.5636602937e-22   3.0451335442e-08   2.2963296070e-48   2.0684764531e-29   2.5197698463e-57   7.6699999029e-01   1.9074692960e+03
   1.2744633306e-01   1.0253682929e-01   1.1719839806e+00   1.8630700925e-05   2.6984286218e-09   9.1374965469e-46   2.4857255469e-46   3.0000000292e+02  -2.1502387147e-05   8.5692473903e-19   4.9577136376e-29   8.4453631146e-21   2.2202157792e-44   2.3349151137e-24   2.3299999972e-01   4.1887024709e-23   1.2946115669e-10   3.1236739383e-25   5.5896267800e-58   2.8907752903e-59   2.2202309164e-37   3.6250895611e-35   2.2079685019e-24   2.2235346871e-10   7.7329369843e-53   1.5100982064e-31   4.9005970197e-62   7.6699999993e-01   1.9075761084e+03
   1.7726534059e-01   1.5235583682e-01   1.1719839921e+00   1.8630700790e-05   4.9632207198e-12   8.3667563911e-50   2.2044864320e-50   3.0000000001e+02  -2.1502453609e-05   1.9982569360e-23   4.6420907620e-35   3.6128575952e-24   1.2457248839e-51   4.3534612939e-28   2.3300000000e-01   7.8875704980e-27   2.4249378283e-13   3.6036155531e-29  -3.8251252429e-65   9.5789073909e-67   2.7610863998e-41   4.4150428863e-39   2.4529409048e-28   4.0247951960e-13   2.6401359209e-59   2.7313559854e-34   1.1565946121e-69   7.6700000000e-01   1.9075768835e+03
   2.2708434812e-01   2.0217484435e-01   1.1719839921e+00   1.8630700790e-05   1.2705579997e-15   3.2241559706e-54   8.2487956043e-55   3.0000000000e+02  -2.1502453731e-05   6.6447604959e-29   2.3124798343e-39   6.7470370386e-28   2.0593306929e-59   3.4541883000e-32   2.3300000000e-01   6.3218146144e-31   7.5522151469e-17   1.7598752333e-33   5.5631063222e-71  -3.1080601557e-75   1.4545297921e-45   2.2788549539e-43   1.1546867353e-32   9.0570994311e-17   1.1478650918e-65   6.0972160231e-38   5.0577858801e-78   7.6700000000e-01   1.9075768848e+03
   2.7690335565e-01   2.5199385188e-01   1.1719839921e+00   1.8630700790e-05  -6.1624039365e-17   8.1920359661e-59   2.0393813956e-59   3.0000000000e+02  -2.1502453731e-05   3.1165863008e-36   8.0568124885e-44   8.3752863536e-32   2.1313910344e-67   1.8134797461e-36   2.3300000000e-01   3.3603577789e-35   1.0337578855e-20   5.6863309724e-38   3.3379556071e-80  -9.6612559276e-79   5.0677459336e-50   7.7831631519e-48   3.5988046415e-37   8.7473210777e-21   1.0536624361e-69   5.8390861201e-42   9.9020284147e-87   7.6700000000e-01   1.9075768848e+03
   3.2672236318e-01   3.0181285941e-01   1.1719839921e+00   1.8630700790e-05  -6.1666295032e-17   1.5686558672e-63   3.8099006094e-64   3.0000000000e+02  -2.1502453731e-05   1.9473645076e-37   2.1231533123e-48   7.8724821777e-36   2.4972991729e-74   7.2002496643e-41   2.3300000000e-01   1.3577300324e-39   8.9680263069e-25   1.3906812166e-42  -2.1929235140e-80   4.8664497973e-88   1.3354663060e-54   2.0128875404e-52   8.5045740985e-42   5.3246433150e-25   6.3592477217e-74   3.5241218168e-46   1.1371332234e-95   7.6700000000e-01   1.9075768848e+03
   3.7654137071e-01   3.5163186694e-01   1.1719839921e+00   1.8630700790e-05  -6.1669413594e-17   2.4164923033e-68   5.7367271827e-69   3.0000000000e+02  -2.1502453731e-05   4.8694151169e-36   4.5147839219e-53   5.9786836979e-40   7.0257733224e-79   2.3126551394e-45   2.3300000000e-01   4.4864610660e-44   5.6686214808e-29   2.7499768399e-47   3.5392198388e-90   1.8521360515e-97   2.8398051956e-59   4.2054747322e-57   1.6264874507e-46   2.3556920855e-29   2.7894071623e-78   1.5458134483e-50  8.7983803070e-105   7.6700000000e-01   1.9075768848e+03
   4.2636037824e-01   4.0145087447e-01   1.1719839921e+00   1.8630700790e-05  -6.1663308647e-17   3.1223459408e-73   7.2472531575e-74   3.0000000000e+02  -2.1502453731e-05   7.0117168344e-36   8.0671345182e-58   3.8276462207e-44   2.7340199212e-83   6.2900183998e-50   2.3300000000e-01   1.2794275735e-48   2.8056380495e-33   4.6165794000e-52  -2.7294868035e-87   2.3147230453e-95   5.0742385281e-64   7.3884245919e-62   2.6217375195e-51   8.1485164400e-34   9.5663363605e-83   5.3013885937e-55  5.0323698821e-114   7.6700000000e-01   1.9075768848e+03
   4.7617938577e-01   4.5126988200e-01   1.1719839921e+00   1.8630700790e-05  -6.1748692832e-17   3.4894567027e-78   7.9023404217e-79   3.0000000000e+02  -2.1502453731e-05   4.8694151169e-36   1.2469854889e-62   2.1343695959e-48   1.2943712652e-86   1.5030770101e-54   2.3300000000e-01   3.2944061379e-53   1.1369004387e-37   8.6687725058e-55   2.2221634338e-95  2.5739658680e-101   7.8435594793e-69   1.1229394516e-66   3.6676081242e-56   2.3054528028e-38   2.6834350975e-87   1.4870865799e-59  2.3583377769e-123   7.6700000000e-01   1.9075768848e+03
   5.2599839330e-01   5.0108888953e-01   1.1719839921e+00   1.8630700790e-05  -5.5191927097e-17   3.4583781799e-83   7.5994337750e-84   3.0000000000e+02  -2.1502453731e-05   4.8694151169e-36   1.6444586025e-67   1.0661973927e-52   3.5625592480e-89   3.2616973221e-59   2.3300000000e-01   7.9485978225e-58   3.8894282447e-42   2.6198264695e-57  9.0018478075e-106  4.7106912003e-113   1.0731361504e-73   1.5090938054e-71   4.5581577520e-61   5.5032197127e-43   6.3506408835e-92   3.5193520364e-64  8.9714248898e-133   7.6700000000e-01   1.9075768848e+03
   5.7581740083e-01   5.5090789706e-01   1.1719839921e+00   1.8630700790e-05  -6.1712563925e-17   3.1080461818e-88   6.5585564711e-89   3.0000000000e+02  -2.1502453731e-05   2.4938331751e-64  -6.1615463528e-69   4.8984766597e-57   4.8298450014e-87   1.0558783245e-63   2.3300000000e-01   1.9175917972e-62   1.1489609835e-46   3.5576312622e-55  3.0643887105e-103  9.9870979363e-104   1.3252580436e-78   1.8259751519e-76   5.1373540772e-66   1.1337676676e-47   1.2971426571e-96   7.1884088063e-69  8.5359325708e-137   7.6700000000e-01   1.9075768848e+03
   6.2563640836e-01   6.0072690459e-01   1.1719839921e+00   1.8630700790e-05  -6.1747495665e-17   2.5872947944e-93   5.1558238334e-94   3.0000000000e+02  -2.1502453731e-05   7.7894580304e-37  -6.1636532527e-69   2.1224095824e-61   2.7078236682e-91   3.5792604124e-68   2.3300000000e-01   4.5262933385e-67   2.9817805155e-51   1.9942218359e-59 -8.4651633947e-111  3.9297540817e-119   1.5044227271e-83   2.0218736235e-81   5.3557401426e-71   2.0512786289e-52  2.3267407300e-101   1.2894162493e-73  1.0149847665e-145   7.6700000000e-01   1.9075768848e+03
   6.7545541589e-01   6.5054591212e-01   1.1719839921e+00   1.8630700790e-05  -3.5406322192e-17   2.0375498602e-98   3.7418714432e-99   3.0000000000e+02  -2.1502453731e-05   1.7623683082e-36  -6.1636532767e-69   8.8662011858e-66   2.8877638601e-87   8.9376648114e-65   2.3300000000e-01   2.5573842625e-64   7.0282621959e-56   2.1271073526e-55  8.3249090676e-114  7.8665157768e-127   1.5988054866e-88   2.0816103301e-86   5.2700735644e-76   3.4020869821e-57  3.8264751805e-106   2.1205281332e-78  1.5055260144e-146   7.6700000000e-01   1.9075768848e+03
   7.2518245983e-01   7.0036491966e-01   1.1719839921e+00   1.8630700790e-05  -1.0608977425e-18  1.5577954343e-103  2.5448606684e-104   3.0000000000e+02  -2.1502453731e-05   7.0364662353e-36  -6.1636532768e-69   3.6403997449e-70   8.2941795224e-87   8.8711527671e-64   2.3300000000e-01   9.7526472772e-64   1.8033348739e-60   6.1094366657e-55  1.0945314190e-123 -3.1810401898e-122   1.6277762747e-93   2.0338434966e-91   5.0220348835e-81   6.6326368528e-62  7.4065872802e-111   4.1045286427e-83  8.3699222919e-151   7.6700000000e-01   1.9075768848e+03